1.226190476190476136e-01 3.011904761904761751e-01 3.666666666666666408e-01 3.880952380952381042e-01 3.904761904761904767e-01 3.928571428571428492e-01 3.952380952380952217e-01 3.964285714285714080e-01 4.000000000000000222e-01 4.011904761904762085e-01
2.380952380952381167e-03 1.071428571428571438e-02 1.785714285714285615e-02 3.095238095238095344e-02 3.214285714285713969e-02 3.452380952380952606e-02 3.809523809523809867e-02 3.928571428571428492e-02 4.047619047619047811e-02 4.404761904761905073e-02
1.190476190476190584e-03 5.952380952380952051e-03 1.309523809523809555e-02 1.547619047619047672e-02 1.547619047619047672e-02 1.666666666666666644e-02 1.666666666666666644e-02 1.666666666666666644e-02 1.666666666666666644e-02 1.666666666666666644e-02
4.761904761904762334e-03 1.071428571428571438e-02 1.190476190476190410e-02 1.428571428571428527e-02 1.428571428571428527e-02 1.666666666666666644e-02 1.666666666666666644e-02 1.666666666666666644e-02 1.666666666666666644e-02 1.666666666666666644e-02
2.380952380952381167e-03 7.142857142857142634e-03 9.523809523809524669e-03 1.309523809523809555e-02 1.309523809523809555e-02 1.309523809523809555e-02 1.428571428571428527e-02 1.428571428571428527e-02 1.428571428571428527e-02 1.428571428571428527e-02
1.513728323699422007e-01 2.362716763005780485e-01 2.557803468208092457e-01 2.590317919075144637e-01 2.604768786127167890e-01 2.608381502890173564e-01 2.615606936416184913e-01 2.630057803468208166e-01 2.640895953757225190e-01 2.648121387283237094e-01
7.865473284513153918e-02 1.239490100352590163e-01 1.347979387035530274e-01 1.361540547870897788e-01 1.366965012205044738e-01 1.372389476539191688e-01 1.375101708706265302e-01 1.380526173040412252e-01 1.388662869541632816e-01 1.391375101708706152e-01
1.183572020357438802e-04 1.420286424428926454e-03 3.550716061072316243e-03 8.758432950645047080e-03 1.337436383003905854e-02 1.621493667889691015e-02 1.668836548703988773e-02 1.680672268907562952e-02 1.680672268907562952e-02 1.739850869925434890e-02
4.749069439096393654e-03 1.091002438711333525e-02 1.322038249261968910e-02 1.411885508920549329e-02 1.437556154537286690e-02 1.463226800154023878e-02 1.476062122962392559e-02 1.488897445770761066e-02 1.501732768579129747e-02 1.501732768579129747e-02
3.028430160692212672e-02 7.292954264524104113e-02 9.981458590852905488e-02 1.149567367119901096e-01 1.161928306551297946e-01 1.192830655129789863e-01 1.195920889987639041e-01 1.202101359703337397e-01 1.217552533992583425e-01 1.223733003708281780e-01
1.343804537521814946e-01 1.954624781849912674e-01 2.094240837696335067e-01 2.129144851657940596e-01 2.129144851657940596e-01 2.129144851657940596e-01 2.129144851657940596e-01 2.146596858638743499e-01 2.146596858638743499e-01 2.146596858638743499e-01
6.870229007633588125e-02 9.287531806615775820e-02 1.055979643765903309e-01 1.106870229007633627e-01 1.106870229007633627e-01 1.106870229007633627e-01 1.106870229007633627e-01 1.106870229007633627e-01 1.106870229007633627e-01 1.106870229007633627e-01
5.060506050605060452e-02 8.470847084708470198e-02 9.460946094609461177e-02 1.001100110011001049e-01 1.001100110011001049e-01 1.001100110011001049e-01 1.012101210121012090e-01 1.012101210121012090e-01 1.012101210121012090e-01 1.012101210121012090e-01
3.236797274275979297e-02 6.388415672913116961e-02 6.984667802385008395e-02 7.240204429301533295e-02 7.240204429301533295e-02 7.240204429301533295e-02 7.240204429301533295e-02 7.240204429301533295e-02 7.240204429301533295e-02 7.240204429301533295e-02
3.130148270181219022e-02 4.777594728171334626e-02 5.024711696869851862e-02 5.354200988467874844e-02 5.354200988467874844e-02 5.354200988467874844e-02 5.354200988467874844e-02 5.354200988467874844e-02 5.354200988467874844e-02 5.354200988467874844e-02
2.304526748971193473e-01 2.993827160493827133e-01 3.076131687242798507e-01 3.086419753086419582e-01 3.096707818930041212e-01 3.106995884773662286e-01 3.137860082304526621e-01 3.148148148148148251e-01 3.148148148148148251e-01 3.179012345679012586e-01
2.260428410372040675e-01 2.835400225479143277e-01 2.925591882750845363e-01 2.948139797068771162e-01 2.948139797068771162e-01 2.959413754227733784e-01 2.965050732807215095e-01 2.970687711386696961e-01 2.993235625704622205e-01 2.998872604284103516e-01
2.449494949494949447e-01 3.207070707070707183e-01 3.289141414141414366e-01 3.301767676767676796e-01 3.301767676767676796e-01 3.314393939393939226e-01 3.320707070707070718e-01 3.320707070707070718e-01 3.327020202020202211e-01 3.327020202020202211e-01
3.355654761904761640e-01 4.241071428571428492e-01 4.360119047619047672e-01 4.375000000000000000e-01 4.382440476190476164e-01 4.389880952380952328e-01 4.419642857142856984e-01 4.434523809523809312e-01 4.449404761904761640e-01 4.456845238095238360e-01
3.528806584362139676e-01 4.434156378600823123e-01 4.485596707818930162e-01 4.516460905349794497e-01 4.516460905349794497e-01 4.516460905349794497e-01 4.557613168724279906e-01 4.578189300411522611e-01 4.578189300411522611e-01 4.578189300411522611e-01
1.523610748760761691e-01 2.554135142186276797e-01 2.833289851291416750e-01 2.961127054526480618e-01 2.995043047221497279e-01 3.010696582311505609e-01 3.042003652491521160e-01 3.057657187581528935e-01 3.091573180276545596e-01 3.107226715366553371e-01
6.052700234803026075e-02 1.158361596660579113e-01 1.411427080615705598e-01 1.510566136185755304e-01 1.544482128880772243e-01 1.565353509000782795e-01 1.570571354030785294e-01 1.578398121575789181e-01 1.588833811635794457e-01 1.601878424210800844e-01
5.922254109052960819e-02 1.085311766240542597e-01 1.309679102530654782e-01 1.398382468040699211e-01 1.453169840855726702e-01 1.489694756065744752e-01 1.505348291155752805e-01 1.513175058700756692e-01 1.536655361335768355e-01 1.570571354030785294e-01
7.565875293503782593e-03 1.565353509000782725e-02 2.139316462301069782e-02 2.452387164101226327e-02 2.530654839551265203e-02 2.635011740151317616e-02 2.791547091051395715e-02 2.791547091051395715e-02 2.921993216801460971e-02 2.921993216801460971e-02
5.478737281502739538e-03 1.330550482650665230e-02 1.826245760500913237e-02 1.982781111400991336e-02 2.139316462301069782e-02 2.243673362901121848e-02 2.295851813201147881e-02 2.348030263501173914e-02 2.400208713801199947e-02 2.478476389251239170e-02
5.208053691275167651e-02 1.387919463087248229e-01 1.834451901565995469e-01 1.935570469798657822e-01 1.976733780760626391e-01 2.007158836689038051e-01 2.031319910514541305e-01 2.052796420581655401e-01 2.065324384787471934e-01 2.076062639821029121e-01
4.668235294117647344e-02 1.014588235294117680e-01 1.245176470588235246e-01 1.308235294117646996e-01 1.329882352941176571e-01 1.352470588235294147e-01 1.364705882352941213e-01 1.376000000000000001e-01 1.386352941176470510e-01 1.396705882352941297e-01
3.275294117647058884e-02 7.058823529411764608e-02 8.545882352941176763e-02 9.016470588235293848e-02 9.204705882352941237e-02 9.364705882352941657e-02 9.430588235294116994e-02 9.496470588235293719e-02 9.552941176470587659e-02 9.618823529411764384e-02
1.082352941176470580e-02 2.418823529411764581e-02 3.134117647058823342e-02 3.284705882352940975e-02 3.331764705882352823e-02 3.407058823529411640e-02 3.444705882352941395e-02 3.482352941176470457e-02 3.510588235294117426e-02 3.557647058823529274e-02
1.976470588235293945e-03 4.235294117647058453e-03 5.458823529411765095e-03 5.647058823529412137e-03 5.741176470588235659e-03 5.929411764705882701e-03 6.023529411764706222e-03 6.023529411764706222e-03 6.023529411764706222e-03 6.117647058823529743e-03
3.667595171773444657e-02 1.044568245125348238e-01 1.364902506963788231e-01 1.414809656453110409e-01 1.428737233054781786e-01 1.443825441039925661e-01 1.451949860724233987e-01 1.460074280408542313e-01 1.472841225626740913e-01 1.479805013927576740e-01
1.444896886903979929e-03 2.495730986470511004e-03 8.406672796532246861e-03 1.401549980296860620e-01 2.964665703402075136e-01 3.425719164586890630e-01 3.446735846578221629e-01 3.471693156442926531e-01 3.497964008932089586e-01 3.541310915539209181e-01
6.567713122290817860e-04 2.233022461578878289e-03 1.431761460659398445e-02 4.269013529489031761e-02 6.213056613687114454e-02 6.515171417312491664e-02 6.580848548535399301e-02 6.804150794693288040e-02 6.896098778405358731e-02 6.961775909628267756e-02
1.707605411795612860e-03 2.364376724024694430e-03 4.071982135820307290e-03 4.426638644424011476e-02 2.116117168002101534e-01 3.631945356626822274e-01 3.726520425587810381e-01 3.756731905950347894e-01 3.790884014186260420e-01 3.826349665046630544e-01
6.137228427642077346e-04 7.364674113170491948e-04 2.086657665398306341e-03 3.179084325518595489e-02 1.022462256045170020e-01 1.518350312998649754e-01 1.553946237878973957e-01 1.566220694734258012e-01 1.584632380017184372e-01 1.595679391186939911e-01
1.719901719901719903e-02 3.439803439803439805e-02 4.115479115479115518e-02 4.361179361179361169e-02 4.545454545454545581e-02 4.545454545454545581e-02 4.729729729729729992e-02 4.729729729729729992e-02 4.791154791154791232e-02 4.791154791154791232e-02
6.326781326781326376e-02 1.117936117936117885e-01 1.283783783783783716e-01 1.320638820638820599e-01 1.351351351351351426e-01 1.388206388206388309e-01 1.412776412776412804e-01 1.425061425061425191e-01 1.449631449631449687e-01 1.455773955773955741e-01
2.764127764127764092e-02 7.125307125307125955e-02 9.029484029484029228e-02 9.398034398034398051e-02 9.643734643734644396e-02 1.013513513513513570e-01 1.025798525798525818e-01 1.025798525798525818e-01 1.025798525798525818e-01 1.025798525798525818e-01
1.289926289926289840e-02 3.009828009828009743e-02 3.685503685503685456e-02 3.869778869778869868e-02 3.869778869778869868e-02 3.992628992628992346e-02 4.054054054054054279e-02 4.115479115479115518e-02 4.299754299754299930e-02 4.361179361179361169e-02
1.842751842751842728e-02 3.132678132678132915e-02 3.685503685503685456e-02 3.931203931203931107e-02 4.176904176904176758e-02 4.422604422604422408e-02 4.484029484029484341e-02 4.484029484029484341e-02 4.545454545454545581e-02 4.852579852579852471e-02
2.367240089753178678e-01 3.216155572176514488e-01 3.418100224382946695e-01 3.489154824233358099e-01 3.515332834704562592e-01 3.534031413612565564e-01 3.541510845175766531e-01 3.548990276738968053e-01 3.563949139865369986e-01 3.567688855646971025e-01
2.427041004802364121e-01 3.191725157000369628e-01 3.354266715921684350e-01 3.420760990025858983e-01 3.450314000738824993e-01 3.476172885112671085e-01 3.479867011451791559e-01 3.487255264130033061e-01 3.487255264130033061e-01 3.494643516808275119e-01
2.523064580826313574e-01 3.381468110709988095e-01 3.578018451664661259e-01 3.638186923385479110e-01 3.666265543521861070e-01 3.682310469314079571e-01 3.690332932210188543e-01 3.694344163658243030e-01 3.702366626554352003e-01 3.702366626554352003e-01
2.669616519174041191e-01 3.426745329400196494e-01 3.633235004916420818e-01 3.697148475909537990e-01 3.741396263520157528e-01 3.761061946902654607e-01 3.761061946902654607e-01 3.765978367748279432e-01 3.765978367748279432e-01 3.785644051130777066e-01
1.602753195673549680e-01 2.158308751229105205e-01 2.320550639134709991e-01 2.345132743362831895e-01 2.374631268436578069e-01 2.409046214355948790e-01 2.428711897738446424e-01 2.438544739429695241e-01 2.438544739429695241e-01 2.443461160275319510e-01
5.396386430678465906e-01 7.173672566371681603e-01 7.446533923303835234e-01 7.505530973451327581e-01 7.525811209439527971e-01 7.542404129793510714e-01 7.551622418879055942e-01 7.553466076696164766e-01 7.557153392330383523e-01 7.558997050147492347e-01
5.382189239332096919e-01 7.115027829313543828e-01 7.413729128014842074e-01 7.463821892393320834e-01 7.474953617810761175e-01 7.495361781076066432e-01 7.497217068645639637e-01 7.500927643784787158e-01 7.504638218923933568e-01 7.513914656771799594e-01
3.388127853881278684e-01 5.046575342465753344e-01 5.417351598173516525e-01 5.550684931506849606e-01 5.578082191780822097e-01 5.603652968036529902e-01 5.620091324200913174e-01 5.623744292237442544e-01 5.625570776255707228e-01 5.627397260273973023e-01
2.373104812129202268e-02 5.104058762595348187e-02 6.582540728882192715e-02 7.269987757792635563e-02 7.448912326961107389e-02 7.637253978717394032e-02 7.693756474244278776e-02 7.693756474244278776e-02 7.712590639419907024e-02 7.712590639419907024e-02
8.944367996854727179e-03 2.191861608020444219e-02 3.027324552781599995e-02 3.459799488893257335e-02 3.558089247100452296e-02 3.626892077845488699e-02 3.666207981128366544e-02 3.695694908590525102e-02 3.695694908590525102e-02 3.705523884411244390e-02
2.126879354602126751e-02 4.253758709204253502e-02 4.913824715804913923e-02 5.390539053905390315e-02 5.427209387605427121e-02 5.500550055005500732e-02 5.647231389805647261e-02 5.720572057205720873e-02 5.720572057205720873e-02 5.793912724605793790e-02
3.722978382706165074e-02 7.766212970376301650e-02 8.887109687750199827e-02 9.367493995196156387e-02 9.647718174539632319e-02 9.887910328262609905e-02 9.967974379503602433e-02 1.000800640512409939e-01 1.008807045636509192e-01 1.012810248198558888e-01
7.117437722419929502e-02 1.368129695531830892e-01 1.672597864768683162e-01 1.779359430604982306e-01 1.807038355081059811e-01 1.842625543693159340e-01 1.858442071965203668e-01 1.866350336101225693e-01 1.874258600237247996e-01 1.897983392645314349e-01
1.046178994687372299e-01 2.263996730690641668e-01 2.811606048222313192e-01 3.007764609726195082e-01 3.089497343686146147e-01 3.130363710666121957e-01 3.142623620760114367e-01 3.171230077646097212e-01 3.195749897834082587e-01 3.220269718022067962e-01
1.229004506349856696e-02 4.137648504711183978e-02 5.571487095452683225e-02 6.145022531749282785e-02 6.267922982384269148e-02 6.431790249897582912e-02 6.513723883654240487e-02 6.554690700532568581e-02 6.595657517410896675e-02 6.718557968045882345e-02
4.962327877370745904e-02 1.065211743309950609e-01 1.328916601714731083e-01 1.423746427643543810e-01 1.452325279293323057e-01 1.482203169654455754e-01 1.492595479345284470e-01 1.501688750324759736e-01 1.510782021304235001e-01 1.521174330995063717e-01
4.598597038191738068e-02 9.807742270719667366e-02 1.237983891919979262e-01 1.293842556508184027e-01 1.327617563003377632e-01 1.352299298519095971e-01 1.362691608209924687e-01 1.366588724343985317e-01 1.374382956612107132e-01 1.383476227591582119e-01
4.793452844894777881e-02 8.924395946999220952e-02 1.082099246557547412e-01 1.141855027279812945e-01 1.175630033775006550e-01 1.199012730579371300e-01 1.209405040270200016e-01 1.221096388672382460e-01 1.232787737074564766e-01 1.240581969342686441e-01
2.870875552091452232e-02 6.326318524292023904e-02 7.924136139256950095e-02 8.313847752663029722e-02 8.443751623798388672e-02 8.547674720706677221e-02 8.599636269160820801e-02 8.612626656274356696e-02 8.625617043387892591e-02 8.677578591842037559e-02
0.000000000000000000e+00 0.000000000000000000e+00 1.299038711353598448e-04 1.299038711353598448e-04 1.299038711353598448e-04 1.299038711353598448e-04 1.299038711353598448e-04 1.299038711353598448e-04 1.299038711353598448e-04 1.299038711353598448e-04
1.848038153045740428e-02 4.639063516150011141e-02 5.831346195534359289e-02 6.096900065033600963e-02 6.167353132451766640e-02 6.270323000216779241e-02 6.351615001083893430e-02 6.438326468675482916e-02 6.465423802297853850e-02 6.508779536093647899e-02
2.413672285591933735e-03 2.542141939502472192e-02 4.391326351851131127e-02 4.983065363802701569e-02 5.053139720481177044e-02 5.119321057344181775e-02 5.166037295129832091e-02 5.251683731070191236e-02 5.290613929224900064e-02 5.352902246272433356e-02
4.031546854133595558e-04 8.541839897195554684e-03 2.494519615995162073e-02 3.429334542797389529e-02 3.572958399475898578e-02 3.615793584801068467e-02 3.651069619774737623e-02 3.701463955451407550e-02 3.741779423992742937e-02 3.787134326101745940e-02
2.307071173145691702e-05 1.591879109470527081e-03 1.082016380205329253e-02 2.992271311569962011e-02 3.289883492905756185e-02 3.354481485753835202e-02 3.396008766870457773e-02 3.430614834467643481e-02 3.462913830891683337e-02 3.490598684969431487e-02
2.297794117647058792e-05 8.272058823529411650e-04 6.548713235294117800e-03 3.481158088235294240e-02 4.122242647058823456e-02 4.214154411764706176e-02 4.264705882352941291e-02 4.292279411764705899e-02 4.335937499999999861e-02 4.363511029411764469e-02
1.964992389649923843e-01 2.926940639269406397e-01 3.146118721461187429e-01 3.197869101978690898e-01 3.232876712328767166e-01 3.254185692541857189e-01 3.277016742770167412e-01 3.292237442922374413e-01 3.312024353120243680e-01 3.321156773211567659e-01
4.109589041095890009e-03 1.202435312024353192e-02 1.552511415525114138e-02 1.704718417047184145e-02 1.765601217656012287e-02 1.811263318112633219e-02 1.811263318112633219e-02 1.841704718417047290e-02 1.841704718417047290e-02 1.887366818873668223e-02
3.957382039573820523e-03 1.263318112633181160e-02 1.582952815829528209e-02 1.719939117199391007e-02 1.811263318112633219e-02 1.841704718417047290e-02 1.887366818873668223e-02 1.887366818873668223e-02 1.902587519025875085e-02 1.917808219178082293e-02
6.088280060882800271e-03 1.369863013698630061e-02 1.719939117199391007e-02 1.826484018264840081e-02 1.887366818873668223e-02 1.887366818873668223e-02 1.933028919330289155e-02 1.963470319634703226e-02 1.993911719939117297e-02 1.993911719939117297e-02
3.939350999008076754e-02 7.326059231968258534e-02 8.587218364744225729e-02 8.969817202777384535e-02 9.054839166784753313e-02 9.125690803457560396e-02 9.239053422134051174e-02 9.267394076803174563e-02 9.309905058806858258e-02 9.352416040810543341e-02
3.680190930787589632e-01 6.472553699284009365e-01 6.711217183770883388e-01 6.739856801909307471e-01 6.778042959427207359e-01 6.806682577565632553e-01 6.835322195704057746e-01 6.854415274463007135e-01 6.897374701670644370e-01 6.935560859188544258e-01
2.544152744630071572e-01 4.811455847255369789e-01 5.097852028639617838e-01 5.145584725536992421e-01 5.169451073985680267e-01 5.198090692124105461e-01 5.217183770883054850e-01 5.264916467780429432e-01 5.312649164677804015e-01 5.331742243436754514e-01
1.508353221957040580e-01 2.868735083532219510e-01 3.064439140811455742e-01 3.102625298329355630e-01 3.126491646778042921e-01 3.164677804295942809e-01 3.193317422434367447e-01 3.212410501193317391e-01 3.236276849642004683e-01 3.269689737470167223e-01
7.684964200477327478e-02 1.847255369928400837e-01 2.071599045346061985e-01 2.100238663484486901e-01 2.138424821002386511e-01 2.167064439140811427e-01 2.186157517899761371e-01 2.200477326968973690e-01 2.229116945107398606e-01 2.238663484486873578e-01
5.393794749403341138e-02 7.923627684964200391e-02 8.639618138424820515e-02 8.926014319809069675e-02 8.973747016706444535e-02 9.069212410501192867e-02 9.260143198090692307e-02 9.355608591885442027e-02 9.355608591885442027e-02 9.451073985680190359e-02
1.770761839396019222e-01 2.807137954701441340e-01 3.157172271791351958e-01 3.266986959505833732e-01 3.287577213452299030e-01 3.308167467398764328e-01 3.321894303363074896e-01 3.342484557309540194e-01 3.363074811256005492e-01 3.390528483184626074e-01
8.073654390934843772e-02 1.260623229461756423e-01 1.515580736543909457e-01 1.558073654390934870e-01 1.579320113314447716e-01 1.607648725212464658e-01 1.614730878186968754e-01 1.621813031161473129e-01 1.621813031161473129e-01 1.621813031161473129e-01
3.164091243561441974e-02 3.899926416482708130e-02 4.930095658572479500e-02 5.298013245033112578e-02 5.371596762325239055e-02 5.371596762325239055e-02 5.371596762325239055e-02 5.445180279617365532e-02 5.518763796909492009e-02 5.518763796909492009e-02
3.237674760853569145e-02 4.120676968359087561e-02 4.709345106696100069e-02 5.150846210448859624e-02 5.224429727740986101e-02 5.371596762325239055e-02 5.371596762325239055e-02 5.371596762325239055e-02 5.371596762325239055e-02 5.445180279617365532e-02
3.090507726269315844e-02 3.973509933774834607e-02 4.120676968359087561e-02 4.194260485651214038e-02 4.267844002943340515e-02 4.267844002943340515e-02 4.341427520235466991e-02 4.341427520235466991e-02 4.415011037527594162e-02 4.415011037527594162e-02
1.761619190404797586e-01 2.466266866566716731e-01 2.631184407796102187e-01 2.668665667166416622e-01 2.676161919040479509e-01 2.683658170914542951e-01 2.683658170914542951e-01 2.683658170914542951e-01 2.691154422788605838e-01 2.698650674662668725e-01
1.139430284857571168e-01 1.559220389805097418e-01 1.634182908545727120e-01 1.634182908545727120e-01 1.641679160419790007e-01 1.641679160419790007e-01 1.649175412293853171e-01 1.649175412293853171e-01 1.649175412293853171e-01 1.649175412293853171e-01
7.721139430284858218e-02 1.079460269865067518e-01 1.124437781109445256e-01 1.124437781109445256e-01 1.131934032983508281e-01 1.139430284857571168e-01 1.139430284857571168e-01 1.146926536731634194e-01 1.146926536731634194e-01 1.146926536731634194e-01
4.797601199400299693e-02 7.496251874062968834e-02 8.170914542728635599e-02 8.545727136431784110e-02 8.620689655172414367e-02 8.620689655172414367e-02 8.620689655172414367e-02 8.620689655172414367e-02 8.620689655172414367e-02 8.695652173913043237e-02
4.197901049475262492e-02 7.046476761619190066e-02 8.095952023988005342e-02 8.245877061469265856e-02 8.320839580209894726e-02 8.320839580209894726e-02 8.320839580209894726e-02 8.320839580209894726e-02 8.320839580209894726e-02 8.320839580209894726e-02
4.946043165467625680e-01 6.978417266187050272e-01 7.338129496402877594e-01 7.374100719424460104e-01 7.428057553956834980e-01 7.446043165467626235e-01 7.464028776978417490e-01 7.482014388489208745e-01 7.482014388489208745e-01 7.482014388489208745e-01
4.165103189493433167e-01 6.060037523452157515e-01 6.641651031894933999e-01 6.772983114446529118e-01 6.810506566604127565e-01 6.829268292682927344e-01 6.829268292682927344e-01 6.829268292682927344e-01 6.829268292682927344e-01 6.866791744840525791e-01
3.931947069943289019e-01 5.765595463137995758e-01 6.351606805293005253e-01 6.502835538752362865e-01 6.597353497164460956e-01 6.597353497164460956e-01 6.597353497164460956e-01 6.597353497164460956e-01 6.616257088846880796e-01 6.672967863894140317e-01
2.885245901639344468e-01 4.590163934426229608e-01 5.196721311475409610e-01 5.377049180327868605e-01 5.377049180327868605e-01 5.426229508196721563e-01 5.426229508196721563e-01 5.459016393442622794e-01 5.459016393442622794e-01 5.491803278688525136e-01
3.282828282828282873e-01 5.101010101010100550e-01 5.774410774410774216e-01 5.942760942760942910e-01 6.010101010101009944e-01 6.043771043771043461e-01 6.060606060606060774e-01 6.060606060606060774e-01 6.077441077441076978e-01 6.111111111111111605e-01
2.863187588152327212e-01 3.935119887165021146e-01 4.294781382228490818e-01 4.344146685472496383e-01 4.365303244005641625e-01 4.386459802538786867e-01 4.407616361071932110e-01 4.428772919605077352e-01 4.435825105782792432e-01 4.435825105782792432e-01
2.370689655172413812e-01 3.570402298850574585e-01 3.972701149425287293e-01 4.030172413793103314e-01 4.073275862068965747e-01 4.073275862068965747e-01 4.087643678160919336e-01 4.109195402298850830e-01 4.109195402298850830e-01 4.116379310344827624e-01
1.781226903178122767e-01 2.882483370288248525e-01 3.207686622320768399e-01 3.362897265336289854e-01 3.385070214338506966e-01 3.399852180339985042e-01 3.414634146341463672e-01 3.429416112342941747e-01 3.444198078344419822e-01 3.458980044345897897e-01
1.783582089552238903e-01 2.798507462686566916e-01 3.171641791044776393e-01 3.298507462686567360e-01 3.335820895522387808e-01 3.388059701492537323e-01 3.402985074626865836e-01 3.417910447761193793e-01 3.440298507462686839e-01 3.485074626865671821e-01
2.186567164179104572e-01 3.238805970149253866e-01 3.604477611940298254e-01 3.679104477611940260e-01 3.716417910447761264e-01 3.761194029850746245e-01 3.791044776119402715e-01 3.805970149253731227e-01 3.820895522388059740e-01 3.843283582089552231e-01
6.890198968312453986e-02 1.285924834193072908e-01 1.440677966101694962e-01 1.481208548268238834e-01 1.488577745025792265e-01 1.499631540162122412e-01 1.503316138540899127e-01 1.518054532056005990e-01 1.529108327192336136e-01 1.529108327192336136e-01
6.462470548636822798e-02 1.400201952204644940e-01 1.669471558397845889e-01 1.719959609559071068e-01 1.746886570178391163e-01 1.753618310333221186e-01 1.756984180410636198e-01 1.763715920565466222e-01 1.777179400875126269e-01 1.777179400875126269e-01
3.679151474975141112e-02 9.512761020881670138e-02 1.179980112694729855e-01 1.249585681140205490e-01 1.279416639045409254e-01 1.292674842558833304e-01 1.295989393437189385e-01 1.305933046072257075e-01 1.309247596950613157e-01 1.319191249585681125e-01
2.322738386308068406e-02 7.151589242053789375e-02 1.029951100244498735e-01 1.078850855745721316e-01 1.094132029339853346e-01 1.115525672371638077e-01 1.127750611246943757e-01 1.127750611246943757e-01 1.130806845965770108e-01 1.136919315403422948e-01
1.309913664781184837e-02 5.061030068472759796e-02 7.293837451622506296e-02 7.978565049121762176e-02 8.157189639773741729e-02 8.425126525751712447e-02 8.484668055969038503e-02 8.544209586186364558e-02 8.603751116403692001e-02 8.663292646621018056e-02
3.199333967649857224e-01 3.972407231208373024e-01 4.043767840152235893e-01 4.060418648905804173e-01 4.069933396764985889e-01 4.077069457659371898e-01 4.079448144624167605e-01 4.086584205518553614e-01 4.096098953377735330e-01 4.105613701236917046e-01
4.032549728752260476e-01 5.053244926662647796e-01 5.191882660237090441e-01 5.232067510548523703e-01 5.252159935704239224e-01 5.258187663250953880e-01 5.266224633313241199e-01 5.274261603375527407e-01 5.290335543500100934e-01 5.300381756077958695e-01
4.323928944618599668e-01 5.354231974921630499e-01 5.487983281086729059e-01 5.531870428422152042e-01 5.548589341692790056e-01 5.563218390804597346e-01 5.579937304075235360e-01 5.596656217345872264e-01 5.600835945663531490e-01 5.613375130616510278e-01
4.388677450047573925e-01 5.501902949571836343e-01 5.630352045670790062e-01 5.682683158896288944e-01 5.699333967649857779e-01 5.706470028544243789e-01 5.715984776403425505e-01 5.732635585156993230e-01 5.732635585156993230e-01 5.754043767840152368e-01
2.423882017126546273e-01 3.132730732635585214e-01 3.239771646051379794e-01 3.263558515699334084e-01 3.284966698382492667e-01 3.292102759276879231e-01 3.313510941960037814e-01 3.330161750713606095e-01 3.342055185537583517e-01 3.349191246431969526e-01
4.417109309477215695e-02 9.071847917249091509e-02 1.059547106513838433e-01 1.116857701984903528e-01 1.135029354207436336e-01 1.144814090019569408e-01 1.153201006429969283e-01 1.157394464635169151e-01 1.158792284036902487e-01 1.165781381045568887e-01
2.524410573946177586e-02 5.310788282924505666e-02 6.430102405334603421e-02 6.763515122648249001e-02 6.954036675398904410e-02 7.025482257680400189e-02 7.061205048821148078e-02 7.096927839961895967e-02 7.120743034055727894e-02 7.144558228149559820e-02
1.348163127738456410e-02 3.134479271991910676e-02 3.595101673969217093e-02 3.831030221323446922e-02 3.875968992248061962e-02 3.954611841366138802e-02 3.977081226828445976e-02 3.988315919559599909e-02 4.022019997753061710e-02 4.044489383215368883e-02
8.893709327548807164e-03 2.039045553145336226e-02 2.624728850325379684e-02 2.744034707158351377e-02 2.776572668112798140e-02 2.819956616052060605e-02 2.852494577006507714e-02 2.852494577006507714e-02 2.863340563991323071e-02 2.874186550976138774e-02
5.329922183136126014e-03 1.694915254237288130e-02 2.121309028888178350e-02 2.174608250719539324e-02 2.259887005649717506e-02 2.281206694382261965e-02 2.291866538748534368e-02 2.323846071847350883e-02 2.345165760579895689e-02 2.377145293678712204e-02
8.440366972477063648e-03 4.000000000000000083e-02 7.816513761467890065e-02 9.027522935779816460e-02 9.100917431192660778e-02 9.321100917431192345e-02 9.431192660550458129e-02 9.467889908256880982e-02 9.504587155963302447e-02 9.541284403669725300e-02
2.560386473429951751e-02 5.990338164251207687e-02 7.584541062801931910e-02 8.164251207729468496e-02 8.454106280193236789e-02 8.647342995169082780e-02 8.792270531400965539e-02 8.888888888888889228e-02 8.937198067632849685e-02 8.985507246376811530e-02
4.830917874396135144e-04 5.314009661835749146e-03 1.207729468599033802e-02 1.739130434782608717e-02 2.173913043478260809e-02 2.318840579710144956e-02 2.367149758454106453e-02 2.463768115942029102e-02 2.463768115942029102e-02 2.512077294685990253e-02
2.415458937198067518e-03 6.763285024154589743e-03 1.449275362318840597e-02 1.980676328502415512e-02 2.318840579710144956e-02 2.657004830917874399e-02 2.705314009661835897e-02 2.705314009661835897e-02 2.753623188405797048e-02 2.801932367149758546e-02
2.294455066921606209e-02 4.168260038240918092e-02 4.894837476099426349e-02 4.933078393881452917e-02 4.971319311663480178e-02 5.047801147227533314e-02 5.124282982791587143e-02 5.200764818355640279e-02 5.200764818355640279e-02 5.239005736137667540e-02
3.602150537634408733e-01 5.145161290322580738e-01 5.446236559139785438e-01 5.483870967741935054e-01 5.505376344086021501e-01 5.510752688172042557e-01 5.532258064516129004e-01 5.553763440860215450e-01 5.591397849462365066e-01 5.618279569892472569e-01
5.981511691136487396e-02 1.114736269711799899e-01 1.288743882544861330e-01 1.375747688961392046e-01 1.397498640565524863e-01 1.413811854268624268e-01 1.413811854268624268e-01 1.424687330070690539e-01 1.435562805872756809e-01 1.446438281674823356e-01
1.957585644371941103e-02 3.860793909733550855e-02 4.187058183795541039e-02 4.350190320826536478e-02 4.458945078847199872e-02 4.458945078847199872e-02 4.458945078847199872e-02 4.622077215878194617e-02 4.676454594888526661e-02 4.730831973898858012e-02
4.730831973898858012e-02 8.482871125611746166e-02 1.011419249592169639e-01 1.092985318107667220e-01 1.136487221315932578e-01 1.141924959216965713e-01 1.147362697117998848e-01 1.174551386623164800e-01 1.174551386623164800e-01 1.185426862425231070e-01
1.413811854268624303e-02 2.392604676454595028e-02 2.610114192495921817e-02 2.773246329526916909e-02 3.099510603588907093e-02 3.153887982599238443e-02 3.208265361609570487e-02 3.262642740619901838e-02 3.317020119630233882e-02 3.425774877650897277e-02
2.349638268005614927e-01 3.401360544217686965e-01 3.634596695821185608e-01 3.689666342727567216e-01 3.717741064679840335e-01 3.741496598639456050e-01 3.752294568621099002e-01 3.762012741604578436e-01 3.770651117589893242e-01 3.781449087571536749e-01
1.563546053341971775e-01 2.441421012849584182e-01 2.653061224489796088e-01 2.689774322427383457e-01 2.713529856386999173e-01 2.729726811359464156e-01 2.735125796350286187e-01 2.743764172335600993e-01 2.751322751322751170e-01 2.756721736313573201e-01
1.139185833063384029e-01 1.914480077745383813e-01 2.119641507396609337e-01 2.163913184321347716e-01 2.186588921282798803e-01 2.201706079257099713e-01 2.215743440233236272e-01 2.226541410214879502e-01 2.228701004211208203e-01 2.238419177194687359e-01
7.061872367994817545e-02 1.338948277723787939e-01 1.506316812439261466e-01 1.538710722384191709e-01 1.557067271352985671e-01 1.572184429327286581e-01 1.575423820321779633e-01 1.585141993305258512e-01 1.599179354281395071e-01 1.604578339272216825e-01
4.081632653061224164e-02 8.530396285498326181e-02 1.000971817298347971e-01 1.037684915235935618e-01 1.051722276212072177e-01 1.062520246193715545e-01 1.073318216175359052e-01 1.080876795162509507e-01 1.086275780153331122e-01 1.091674765144152875e-01
1.546929316338354621e-01 2.786790266512166880e-01 3.505214368482039156e-01 3.725376593279258186e-01 3.736964078794901556e-01 3.760139049826187740e-01 3.765932792584009148e-01 3.777520278099652518e-01 3.789107763615295332e-01 3.800695249130938702e-01
4.658765835717204595e-02 1.548835308541070821e-01 2.202697180220678508e-01 2.423375561912546050e-01 2.464241928892521583e-01 2.472415202288516523e-01 2.488761749080506680e-01 2.496935022476501898e-01 2.509194932570494307e-01 2.513281569268491777e-01
2.154458070931388955e-02 7.557176002651640190e-02 1.242956579383493604e-01 1.418627775936360524e-01 1.441829632084852542e-01 1.465031488233344281e-01 1.474975140868412249e-01 1.481604242625124412e-01 1.481604242625124412e-01 1.484918793503480217e-01
1.213224143160448847e-02 4.306945708219593605e-02 6.885047012435548119e-02 7.734303912647862156e-02 7.855626326963906225e-02 7.916287534121929648e-02 7.946618137700940665e-02 8.067940552016984734e-02 8.098271155595995752e-02 8.098271155595995752e-02
2.128306476132563012e-03 5.472788081483733955e-03 1.489814533292794195e-02 2.310732745515354375e-02 2.493159014898145218e-02 2.614776527820006011e-02 2.797202797202797200e-02 2.918820310124657993e-02 3.070842201276983985e-02 3.162055335968379233e-02
4.428044280442804299e-03 1.697416974169741605e-02 3.173431734317343211e-02 4.206642066420664128e-02 4.944649446494465278e-02 5.608856088560885272e-02 5.977859778597786194e-02 5.977859778597786194e-02 5.977859778597786194e-02 6.051660516605165963e-02
1.067839195979899437e-02 5.087939698492462137e-02 7.977386934673366681e-02 9.359296482412060580e-02 1.023869346733668334e-01 1.080402010050251216e-01 1.111809045226130610e-01 1.118090452261306517e-01 1.124371859296482423e-01 1.136934673366834236e-01
2.214022140221402150e-03 6.642066420664206883e-03 1.549815498154981548e-02 2.730627306273062868e-02 3.542435424354243440e-02 3.911439114391143668e-02 3.985239852398524130e-02 4.280442804428044590e-02 4.354243542435424358e-02 4.428044280442804126e-02
0.000000000000000000e+00 9.558823529411765441e-03 2.352941176470588203e-02 4.264705882352941291e-02 4.558823529411764469e-02 5.073529411764705899e-02 5.220588235294117835e-02 5.367647058823529077e-02 5.808823529411764885e-02 5.955882352941176128e-02
4.569190600522193488e-03 3.002610966057441336e-02 6.462140992167102194e-02 9.007832898172324354e-02 9.791122715404700083e-02 1.044386422976501250e-01 1.077023498694516940e-01 1.083550913838120106e-01 1.103133159268929464e-01 1.129242819843341988e-01
1.575891622891899269e-02 5.225324854852087669e-02 8.238871993364667301e-02 9.510644180259883451e-02 9.814763616256566570e-02 9.842410837710810489e-02 9.870058059165054409e-02 9.870058059165054409e-02 9.952999723527784781e-02 9.952999723527784781e-02
1.386481802426343208e-03 1.455805892547660380e-02 3.639514731369150602e-02 5.025996533795493854e-02 5.303292894280762365e-02 5.407279029462738057e-02 5.511265164644713749e-02 5.545927209705372313e-02 5.580589254766030877e-02 5.684575389948007262e-02
1.607311692404664316e-02 9.706901985502679187e-02 1.739678537661518976e-01 1.944531988654270294e-01 1.991805861960289914e-01 1.994957453514024648e-01 1.998109045067759104e-01 2.007563819728963028e-01 2.010715411282697762e-01 2.023321777497636420e-01
8.659397049390634912e-03 8.017960230917255127e-02 1.619627966645285355e-01 1.885824246311738339e-01 1.905067350865939646e-01 1.921103271327774253e-01 1.924310455420141230e-01 1.927517639512507930e-01 1.927517639512507930e-01 1.940346375881975560e-01
5.712472231037765864e-03 4.919073310060298465e-02 1.034592192954617573e-01 1.282132656299587448e-01 1.317042208822596094e-01 1.320215804506505997e-01 1.323389400190415621e-01 1.323389400190415621e-01 1.326562995874325523e-01 1.332910187242145328e-01
6.711409395973154000e-04 4.250559284116331264e-03 2.035794183445190086e-02 6.666666666666666574e-02 2.275167785234899209e-01 4.259507829977628446e-01 4.474272930648769409e-01 4.498881431767337569e-01 4.516778523489932695e-01 4.523489932885906284e-01
7.743933918430562224e-04 6.840474961280330543e-03 1.923076923076923184e-02 9.124935467217346052e-02 1.742385131646876639e-01 1.863706763035622160e-01 1.880485286525555022e-01 1.893391843056272672e-01 1.899845121321631358e-01 1.915332989158492483e-01
1.305312622373058459e-04 2.480093982508810909e-03 1.527215768176478326e-02 4.555541052081973907e-02 8.719488317452030179e-02 1.400600443806291617e-01 1.599007962406996386e-01 1.612061088630727113e-01 1.614671713875473202e-01 1.619892964364965382e-01
0.000000000000000000e+00 0.000000000000000000e+00 0.000000000000000000e+00 0.000000000000000000e+00 6.327778949588694401e-04 2.531111579835477760e-03 3.163889474794347179e-02 6.053575195106517676e-02 6.496519721577725948e-02 6.623075300569500334e-02
2.490039840637450156e-04 3.984063745019920250e-03 1.618525896414342580e-02 2.664342629482071775e-02 2.813745019920318655e-02 2.963147410358565881e-02 3.000498007968127601e-02 3.037848605577689320e-02 3.050298804780876560e-02 3.075199203187251040e-02
3.113456464379947275e-01 4.766930518909410774e-01 5.364995602462621083e-01 5.479331574318381248e-01 5.576077396657871388e-01 5.611257695690413660e-01 5.628847845206684797e-01 5.637642919964819255e-01 5.655233069481090391e-01 5.672823218997361527e-01
1.725490196078431349e-01 3.117647058823529438e-01 3.656862745098038991e-01 3.823529411764705621e-01 3.901960784313725505e-01 3.921568627450980338e-01 3.941176470588235170e-01 3.941176470588235170e-01 3.980392156862744835e-01 4.009803921568627638e-01
2.254901960784313694e-02 5.000000000000000278e-02 5.980392156862745362e-02 6.568627450980392413e-02 6.666666666666666574e-02 6.862745098039216285e-02 6.960784313725490446e-02 7.058823529411764608e-02 7.254901960784314319e-02 7.745098039215686514e-02
1.553819444444444475e-01 2.560763888888888951e-01 2.960069444444444198e-01 3.151041666666666852e-01 3.185763888888888951e-01 3.246527777777777901e-01 3.272569444444444198e-01 3.272569444444444198e-01 3.289930555555555802e-01 3.307291666666666852e-01
1.313725490196078483e-01 2.166666666666666741e-01 2.686274509803921462e-01 2.862745098039215508e-01 2.941176470588235392e-01 2.970588235294117641e-01 3.009803921568627305e-01 3.019607843137254721e-01 3.049019607843137525e-01 3.058823529411764941e-01
2.498002663115845567e-01 3.882822902796271847e-01 4.311584553928096142e-01 4.426098535286284719e-01 4.476697736351531454e-01 4.519307589880159903e-01 4.548601864181092136e-01 4.559254327563249110e-01 4.569906790945406083e-01 4.588548601864181342e-01
8.122503328894807584e-02 1.475366178428761665e-01 1.720372836218375390e-01 1.789613848202396829e-01 1.821571238348868305e-01 1.832223701731025278e-01 1.853528628495339503e-01 1.864181091877496754e-01 1.864181091877496754e-01 1.866844207723035998e-01
2.157123834886817693e-02 3.941411451398135757e-02 5.059920106524633948e-02 5.326231691078561759e-02 5.352862849533954887e-02 5.459387483355526011e-02 5.512649800266311573e-02 5.619174434087882697e-02 5.645805592543275825e-02 5.699067909454061387e-02
9.587217043941411582e-03 1.864181091877496754e-02 2.210386151797603255e-02 2.370173102529959941e-02 2.476697736351531412e-02 2.476697736351531412e-02 2.529960053262316974e-02 2.556591211717709755e-02 2.556591211717709755e-02 2.583222370173102536e-02
7.856191744340879080e-02 1.432756324900133216e-01 1.656458055925432715e-01 1.752330226364846866e-01 1.776298268974700334e-01 1.792276964047936072e-01 1.808255659121171810e-01 1.821571238348868305e-01 1.829560585885486035e-01 1.845539280958721773e-01
2.891291974957313493e-01 3.494593056346044224e-01 3.602731929425156410e-01 3.636881047239612919e-01 3.659647125782584109e-01 3.676721684689812086e-01 3.705179282868525936e-01 3.722253841775753913e-01 3.756402959590210422e-01 3.756402959590210422e-01
2.405294386125056971e-01 3.071656777727065357e-01 3.199452304883614873e-01 3.217708808763121708e-01 3.245093564582382517e-01 3.272478320401643326e-01 3.286170698311273175e-01 3.304427202190780566e-01 3.327247832040164388e-01 3.327247832040164388e-01
3.083961248654467080e-01 3.832077502691065840e-01 3.982777179763186126e-01 4.020452099031216475e-01 4.085037674919267947e-01 4.106566200215285289e-01 4.122712594187298296e-01 4.138858988159311303e-01 4.144241119483315638e-01 4.149623250807319974e-01
2.402597402597402565e-01 3.266233766233766489e-01 3.474025974025973795e-01 3.545454545454545525e-01 3.590909090909090717e-01 3.597402597402597491e-01 3.616883116883116700e-01 3.616883116883116700e-01 3.629870129870129691e-01 3.629870129870129691e-01
1.772932949403537572e-01 2.159605100781571418e-01 2.188399835458658960e-01 2.204853969559851801e-01 2.225421637186343060e-01 2.241875771287535901e-01 2.241875771287535901e-01 2.258329905388729020e-01 2.262443438914027161e-01 2.266556972439325301e-01
1.027749229188078131e-03 1.585670239318748981e-02 9.073557480546175225e-02 1.590074878872412278e-01 1.823520775216561363e-01 1.907208926736162213e-01 1.949787109088239601e-01 1.968873880487446715e-01 1.989428865071208308e-01 2.007047423285861221e-01
2.527734868698216456e-03 5.055469737396432739e-02 1.694986659177081800e-01 2.359219210785002130e-01 2.515096194354725645e-01 2.596545429012779294e-01 2.634461452043252438e-01 2.654121612133127361e-01 2.682207555118663045e-01 2.707484903805645327e-01
5.285567464395830514e-03 1.306709734253413621e-02 1.644398766700925010e-02 1.893995008075172529e-02 1.967405667302892305e-02 2.011452062839524241e-02 2.040816326530612082e-02 2.114226985758332206e-02 2.114226985758332206e-02 2.187637644986051982e-02
4.551460872118631880e-03 5.520481573924533591e-02 1.591543092056966757e-01 2.034943473792394653e-01 2.174423726325062367e-01 2.247834385552782144e-01 2.272794009690206896e-01 2.300690060196740605e-01 2.330054323887828516e-01 2.355013948025253268e-01
7.047423285861107063e-03 5.960945529290852946e-02 1.231830861841139296e-01 1.528409925121127499e-01 1.590074878872412278e-01 1.634121274409044144e-01 1.656144472177360216e-01 1.678167669945676010e-01 1.695786228160328923e-01 1.707531933636763921e-01
9.307359307359307221e-02 1.731601731601731531e-01 2.121212121212121271e-01 2.402597402597402565e-01 2.554112554112554223e-01 2.705627705627705604e-01 2.792207792207792028e-01 2.835497835497835517e-01 2.965367965367965430e-01 3.051948051948051854e-01
2.935010482180293659e-02 7.127882599580712131e-02 8.385744234800839025e-02 8.595387840670859481e-02 9.224318658280922234e-02 9.224318658280922234e-02 9.643605870020964532e-02 9.853249475890984987e-02 1.006289308176100683e-01 1.048218029350104774e-01
9.057971014492753950e-03 1.811594202898550790e-02 2.536231884057971175e-02 2.717391304347826012e-02 2.717391304347826012e-02 2.717391304347826012e-02 2.717391304347826012e-02 2.717391304347826012e-02 2.717391304347826012e-02 2.717391304347826012e-02
1.757469244288224850e-03 7.029876977152899400e-03 8.787346221441125552e-03 8.787346221441125552e-03 8.787346221441125552e-03 8.787346221441125552e-03 1.054481546572934997e-02 1.054481546572934997e-02 1.054481546572934997e-02 1.054481546572934997e-02
1.831501831501831500e-03 3.663003663003663000e-03 5.494505494505494934e-03 1.098901098901098987e-02 1.098901098901098987e-02 1.098901098901098987e-02 1.098901098901098987e-02 1.098901098901098987e-02 1.098901098901098987e-02 1.098901098901098987e-02
5.510364733665704812e-03 3.962214641826292127e-02 1.327735502492783937e-01 1.944371556022041481e-01 2.020467069010758454e-01 2.058514825505116663e-01 2.079506691157176623e-01 2.100498556809236306e-01 2.113618472841773677e-01 2.133298346890580011e-01
2.350790126681468004e-03 4.335901789212485286e-02 1.146663184014627135e-01 1.469243829175917448e-01 1.511035653650254773e-01 1.542379522006007697e-01 1.558051456183884020e-01 1.564581428757999271e-01 1.585477340995167794e-01 1.590701319054459995e-01
1.071524243236003301e-03 1.593892311813554716e-02 5.946959549959817543e-02 7.246182694883471220e-02 7.366729172247521440e-02 7.460487543530672228e-02 7.554245914813823015e-02 7.648004286096972415e-02 7.755156710420572919e-02 7.822126975622822886e-02
1.607286364854004735e-03 2.223412804714706634e-02 7.433699437449772796e-02 8.987409590141977322e-02 9.148138226627378078e-02 9.255290650950977194e-02 9.322260916153228549e-02 9.442807393517278769e-02 9.509777658719528737e-02 9.603536030002678137e-02
1.295874462161478169e-01 2.675272083016957958e-01 3.185269552012148786e-01 3.285244241964059841e-01 3.335864338142242591e-01 3.361174386231333688e-01 3.381422424702607010e-01 3.404201467982789220e-01 3.421918501645153099e-01 3.432042520880789760e-01
1.108891108891108951e-01 2.387612387612387532e-01 2.847152847152847333e-01 2.987012987012986898e-01 3.056943056943056680e-01 3.186813186813186594e-01 3.226773226773226866e-01 3.276723276723276790e-01 3.316683316683316507e-01 3.356643356643356779e-01
8.412836079791846666e-02 1.838681699913269629e-01 2.116218560277536853e-01 2.246313963573287054e-01 2.333044232437120613e-01 2.411101474414570622e-01 2.463139635732870814e-01 2.497831743278404182e-01 2.523850823937554000e-01 2.567215958369470918e-01
1.658536585365853744e-02 6.048780487804877870e-02 1.102439024390243910e-01 1.434146341463414520e-01 1.551219512195121941e-01 1.629268292682926889e-01 1.658536585365853744e-01 1.668292682926829362e-01 1.687804878048780599e-01 1.717073170731707454e-01
6.854009595613433890e-03 3.358464701850582407e-02 6.168608636052090588e-02 7.402330363262508983e-02 7.607950651130911124e-02 7.813570938999314652e-02 7.882111034955449624e-02 7.950651130911583209e-02 7.950651130911583209e-02 8.019191226867718181e-02
2.164948453608247364e-02 8.247422680412370977e-02 1.422680412371133962e-01 1.577319587628865927e-01 1.618556701030927913e-01 1.628865979381443341e-01 1.670103092783505050e-01 1.690721649484536182e-01 1.701030927835051609e-01 1.721649484536082464e-01
5.630769230769230305e-01 6.994871794871795334e-01 7.148717948717948634e-01 7.220512820512821062e-01 7.251282051282050833e-01 7.312820512820512597e-01 7.312820512820512597e-01 7.333333333333332815e-01 7.333333333333332815e-01 7.343589743589743479e-01
3.323076923076923039e-01 4.974358974358974450e-01 5.292307692307692824e-01 5.364102564102564141e-01 5.405128205128204577e-01 5.425641025641025905e-01 5.435897435897435459e-01 5.456410256410256787e-01 5.476923076923077005e-01 5.497435897435897223e-01
1.476923076923077061e-01 3.538461538461538658e-01 4.010256410256410331e-01 4.123076923076923195e-01 4.164102564102564186e-01 4.215384615384615286e-01 4.246153846153846168e-01 4.256410256410256276e-01 4.266666666666666941e-01 4.297435897435897267e-01
9.538461538461538713e-02 2.933333333333333348e-01 3.651282051282051522e-01 3.682051282051281849e-01 3.702564102564102622e-01 3.753846153846153721e-01 3.753846153846153721e-01 3.764102564102563830e-01 3.794871794871794712e-01 3.805128205128205376e-01
8.205128205128205121e-02 2.574358974358974539e-01 3.035897435897436103e-01 3.107692307692307421e-01 3.128205128205128194e-01 3.169230769230769185e-01 3.179487179487179294e-01 3.179487179487179294e-01 3.189743589743589958e-01 3.200000000000000067e-01
9.011038522189682848e-03 2.906059923406172432e-02 4.167605316512727753e-02 5.113764361342644504e-02 5.384095517008335302e-02 5.879702635728768084e-02 6.195088984005406307e-02 6.352782158143725766e-02 6.510475332282045224e-02 6.600585717503942851e-02
0.000000000000000000e+00 0.000000000000000000e+00 0.000000000000000000e+00 0.000000000000000000e+00 6.849315068493150738e-04 1.369863013698630148e-03 2.054794520547945005e-03 2.283105022831050102e-03 5.022831050228310397e-03 9.360730593607305070e-03
0.000000000000000000e+00 0.000000000000000000e+00 0.000000000000000000e+00 0.000000000000000000e+00 0.000000000000000000e+00 0.000000000000000000e+00 8.239494644328481179e-04 2.197198571820928314e-03 5.218346608074704747e-03 1.977478714638835483e-02
0.000000000000000000e+00 2.989238740534077166e-03 1.155838979673176614e-02 2.331606217616580268e-02 2.510960542048625010e-02 2.770027899561578258e-02 2.949382223993623001e-02 2.989238740534077426e-02 3.068951773614985931e-02 3.168593064966122169e-02
7.648183556405353670e-04 2.294455066921606209e-03 9.560229445506692250e-03 2.619502868068833770e-02 3.040152963671128097e-02 3.346080305927342374e-02 3.575525812619503169e-02 3.652007648183556304e-02 3.785850860420650332e-02 3.919694072657743666e-02
2.237539766702014710e-01 3.149522799575821819e-01 3.446447507953340206e-01 3.594909862142099954e-01 3.626723223753976488e-01 3.679745493107104970e-01 3.743372216330859148e-01 3.743372216330859148e-01 3.785790031813361378e-01 3.806998939554612771e-01
1.662887377173091485e-01 2.229780801209372554e-01 2.380952380952380820e-01 2.418745275888133095e-01 2.433862433862433727e-01 2.456538170823885092e-01 2.456538170823885092e-01 2.471655328798186002e-01 2.479213907785336457e-01 2.479213907785336457e-01
1.827293754818812566e-01 2.459521973785659121e-01 2.698535080956052656e-01 2.752505782575173643e-01 2.791056283731688237e-01 2.798766383962991711e-01 2.821896684656900467e-01 2.829606784888203386e-01 2.829606784888203386e-01 2.837316885119506304e-01
2.268041237113402053e-01 3.015463917525773030e-01 3.221649484536082686e-01 3.290378006872852201e-01 3.341924398625429338e-01 3.350515463917525527e-01 3.367697594501718461e-01 3.393470790378007029e-01 3.410652920962199408e-01 3.445017182130584166e-01
2.415611814345991482e-01 3.185654008438818519e-01 3.438818565400844074e-01 3.544303797468354444e-01 3.607594936708860556e-01 3.649789029535864815e-01 3.691983122362869074e-01 3.744725738396624259e-01 3.765822784810126667e-01 3.786919831223628519e-01
1.199760047990401819e-03 3.599280143971205891e-03 4.799040191961607277e-03 5.998800239952009963e-03 5.998800239952009963e-03 5.998800239952009963e-03 5.998800239952009963e-03 5.998800239952009963e-03 5.998800239952009963e-03 5.998800239952009963e-03
5.998800239952009096e-04 5.998800239952009096e-04 5.998800239952009096e-04 5.998800239952009096e-04 5.998800239952009096e-04 5.998800239952009096e-04 5.998800239952009096e-04 5.998800239952009096e-04 5.998800239952009096e-04 5.998800239952009096e-04
5.998800239952009096e-04 1.199760047990401819e-03 1.199760047990401819e-03 1.799640071985602946e-03 1.799640071985602946e-03 1.799640071985602946e-03 1.799640071985602946e-03 1.799640071985602946e-03 1.799640071985602946e-03 2.399520095980803638e-03
1.199760047990401819e-03 1.799640071985602946e-03 2.399520095980803638e-03 4.799040191961607277e-03 4.799040191961607277e-03 4.799040191961607277e-03 5.398920215956808620e-03 5.398920215956808620e-03 5.398920215956808620e-03 5.398920215956808620e-03
5.998800239952009096e-04 2.399520095980803638e-03 2.999400119976004982e-03 3.599280143971205891e-03 3.599280143971205891e-03 3.599280143971205891e-03 3.599280143971205891e-03 3.599280143971205891e-03 3.599280143971205891e-03 3.599280143971205891e-03
8.653061224489795589e-02 1.828571428571428570e-01 2.220408163265306101e-01 2.416326530612245005e-01 2.579591836734693722e-01 2.587755102040816269e-01 2.628571428571428448e-01 2.710204081632652806e-01 2.791836734693877720e-01 2.840816326530612446e-01
9.369951534733440834e-02 1.906300484652665717e-01 2.326332794830371642e-01 2.600969305331179426e-01 2.730210016155089070e-01 2.802907915993537724e-01 2.891760904684975708e-01 2.940226171243942033e-01 2.964458804523424917e-01 3.004846526655896577e-01
4.979591836734693910e-02 1.167346938775510184e-01 1.453061224489795855e-01 1.575510204081632670e-01 1.648979591836734759e-01 1.665306122448979576e-01 1.714285714285714302e-01 1.771428571428571297e-01 1.804081632653061207e-01 1.820408163265306023e-01
2.693877551020408198e-02 7.020408163265305646e-02 8.979591836734693300e-02 1.028571428571428553e-01 1.085714285714285687e-01 1.102040816326530642e-01 1.102040816326530642e-01 1.110204081632653050e-01 1.118367346938775458e-01 1.134693877551020413e-01
1.742015761094981366e-02 3.276648693488179442e-02 4.313562836997096583e-02 4.562422231439236531e-02 4.603898797179593189e-02 4.645375362919950540e-02 4.645375362919950540e-02 4.686851928660307198e-02 4.728328494400663856e-02 4.769805060141020514e-02
8.436588921282799081e-02 1.576166180758017399e-01 1.767492711370262370e-01 1.822157434402332243e-01 1.851311953352769712e-01 1.867711370262390702e-01 1.882288629737609298e-01 1.891399416909620990e-01 1.896865889212827894e-01 1.904154518950437192e-01
2.590301830776843284e-01 4.059871350816427471e-01 4.376546264225630867e-01 4.448292924294903750e-01 4.477981197427016169e-01 4.497773379515091485e-01 4.515091538842157526e-01 4.522513607125185353e-01 4.532409698169223011e-01 4.537357743691242118e-01
2.696438665912945232e-01 4.115319389485584956e-01 4.352741661955907282e-01 4.429055963821367792e-01 4.460146975692481641e-01 4.477105709440361569e-01 4.502543810062182295e-01 4.505370265686828857e-01 4.508196721311475419e-01 4.513849632560768543e-01
5.789356490759296064e-02 1.338232019594745026e-01 1.658873302159875329e-01 1.718993542640837313e-01 1.754620351814740464e-01 1.776887107548430211e-01 1.788020485415275085e-01 1.799153863282119681e-01 1.801380538855488767e-01 1.808060565575595746e-01
2.261164499717354531e-02 1.141888072357264000e-01 2.394007914075748922e-01 3.027133973996607996e-01 3.131712832108535793e-01 3.174109666478236447e-01 3.208027133973996858e-01 3.213680045223289983e-01 3.227812323346523349e-01 3.233465234595817028e-01
2.484753098563840246e-01 3.755656108597285048e-01 4.094038953373991818e-01 4.273067086366318934e-01 4.341924060594137269e-01 4.387172929372417651e-01 4.412748376942750572e-01 4.461931929962620336e-01 4.491442061774542638e-01 4.507180798740901273e-01
8.577611646665354861e-02 1.398780247885107186e-01 1.613220539051741231e-01 1.697816250245917646e-01 1.731261066299429607e-01 1.766673224473735981e-01 1.796183356285658006e-01 1.827660830218374999e-01 1.845366909305528325e-01 1.859138304151091992e-01
2.400157387369663414e-02 3.915010820381664702e-02 4.583907141451898370e-02 4.918355301987015205e-02 5.016722408026755980e-02 5.134762935274444356e-02 5.213456620106236145e-02 5.272476883730080333e-02 5.292150304938028627e-02 5.311823726145976921e-02
1.381074168797953861e-01 2.299822939209128503e-01 2.592956915207554336e-01 2.728703521542396038e-01 2.775919732441471388e-01 2.815266574857367421e-01 2.848711390910879659e-01 2.866417469998032708e-01 2.878221522722801407e-01 2.891992917568365073e-01
5.311823726145976921e-02 9.994097973637615373e-02 1.235490851859138289e-01 1.322053905174109811e-01 1.377139484556364479e-01 1.398780247885107186e-01 1.420421011213850171e-01 1.430257721817824179e-01 1.442061774542592878e-01 1.463702537871335863e-01
4.568296025582457712e-04 1.096391046139789938e-02 1.098675194152581025e-01 1.914116034719049730e-01 2.291000456829602461e-01 2.366377341251713062e-01 2.386934673366834236e-01 2.412060301507537585e-01 2.441754225673823664e-01 2.473732297852900830e-01
9.047726758651888782e-04 3.845283872427052597e-03 5.044107667948428270e-02 1.540375480660484131e-01 2.047048179144989877e-01 2.205383397421397940e-01 2.268717484731961054e-01 2.286812938249264959e-01 2.309432255145894564e-01 2.325265776973535481e-01
2.284148012791228856e-04 9.136592051164915424e-04 1.301964367291000464e-02 7.651895842850617302e-02 1.256281407035175768e-01 1.477843764275925120e-01 1.516674280493376104e-01 1.544084056646870817e-01 1.585198720877112888e-01 1.608040201005025149e-01
3.928340168357435935e-02 1.258363911072739039e-01 1.649039499244550067e-01 1.726742931146125759e-01 1.759119361105115353e-01 1.769911504424778736e-01 1.780703647744442120e-01 1.795812648391970634e-01 1.815238506367364557e-01 1.821713792359162531e-01
1.598903608953860253e-03 2.672453174965737713e-02 7.400639561443581038e-02 9.844677935130195789e-02 1.068981269986295085e-01 1.091822750114207347e-01 1.126084970306075878e-01 1.130653266331658330e-01 1.151210598446779365e-01 1.164915486523526722e-01
1.352380952380952406e-01 2.190476190476190466e-01 2.461904761904761818e-01 2.538095238095238182e-01 2.542857142857142816e-01 2.547619047619047450e-01 2.552380952380952639e-01 2.557142857142857273e-01 2.557142857142857273e-01 2.557142857142857273e-01
1.565064478311840590e-01 2.672919109026963835e-01 3.007033997655333968e-01 3.083235638921453803e-01 3.100820633059788722e-01 3.124267291910902689e-01 3.130128956623681180e-01 3.141852286049238163e-01 3.141852286049238163e-01 3.141852286049238163e-01
2.139364303178484250e-02 8.129584352078239595e-02 1.161369193154034168e-01 1.283618581907090550e-01 1.326405867970660013e-01 1.332518337408312992e-01 1.338630806845965693e-01 1.344743276283618671e-01 1.350855745721271373e-01 1.350855745721271373e-01
2.225312934631432440e-02 1.186833565136763968e-01 1.849791376912378327e-01 1.951784886416318976e-01 1.984237366713027251e-01 1.993509503940658345e-01 2.002781641168289162e-01 2.012053778395920256e-01 2.021325915623551350e-01 2.025961984237366620e-01
1.663893510815307860e-03 4.242928452579034643e-02 1.081530782029950094e-01 1.613976705490848540e-01 1.663893510815307730e-01 1.680532445923460794e-01 1.713810316139766921e-01 1.713810316139766921e-01 1.722129783693843730e-01 1.755407653910149857e-01
1.848058045241143810e-01 3.269312846777635562e-01 3.696116090482287619e-01 3.772940674349125056e-01 3.819889031156636916e-01 3.871105420401195207e-01 3.900981647460520785e-01 3.909517712334613648e-01 3.922321809645753499e-01 3.930857874519846362e-01
9.859154929577464144e-02 2.082799829278702552e-01 2.445582586427656746e-01 2.548015364916773606e-01 2.607767819035424761e-01 2.624839948783610488e-01 2.654716175842936621e-01 2.676056338028168780e-01 2.688860435339308630e-01 2.714468629961587776e-01
4.481434058898847717e-02 1.310285958173282028e-01 1.856594110115236951e-01 1.967562953478446397e-01 1.997439180537771974e-01 2.027315407597097829e-01 2.065727699530516548e-01 2.082799829278702552e-01 2.099871959026888557e-01 2.108408023900981698e-01
3.072983354673495399e-02 9.987195902688859872e-02 1.357234314980793888e-01 1.425522833973538184e-01 1.451131028595817329e-01 1.468203158344003334e-01 1.489543320529236048e-01 1.506615450277422052e-01 1.515151515151515194e-01 1.527955612462654766e-01
2.176696542893725994e-02 6.658130601792573711e-02 9.432351685872812641e-02 1.024327784891165133e-01 1.041399914639351276e-01 1.049935979513444279e-01 1.084080239009816427e-01 1.109688433632095572e-01 1.118224498506188713e-01 1.135296628254374718e-01
1.776129943502824937e-01 2.810734463276836070e-01 3.167372881355932090e-01 3.283898305084745894e-01 3.315677966101694962e-01 3.350988700564971889e-01 3.379237288135593098e-01 3.407485875706214862e-01 3.414548022598870025e-01 3.425141242937853048e-01
1.614457831325301074e-01 2.588640275387263379e-01 2.895008605851979167e-01 2.991394148020654065e-01 3.043029259896729566e-01 3.080895008605851748e-01 3.111876075731497271e-01 3.125645438898451145e-01 3.135972461273666134e-01 3.146299483648881123e-01
1.430023720772619356e-01 2.222975262622839676e-01 2.548288715689596695e-01 2.622839715350728795e-01 2.649949169772958246e-01 2.670281260589630890e-01 2.690613351406302978e-01 2.710945442222975066e-01 2.714334124025754025e-01 2.721111487631311388e-01
1.297577854671280173e-01 1.944636678200692137e-01 2.211072664359861606e-01 2.311418685121107153e-01 2.342560553633218079e-01 2.352941176470588203e-01 2.377162629757785528e-01 2.401384083044982576e-01 2.408304498269896177e-01 2.422145328719723101e-01
1.095672886065899160e-01 1.802302500992457313e-01 2.020643112346169057e-01 2.147677649861055860e-01 2.199285430726478641e-01 2.211194918618499539e-01 2.231044065105200480e-01 2.238983723699880801e-01 2.246923382294561400e-01 2.270742358078602641e-01
8.509316770186335643e-02 1.981366459627329213e-01 2.515527950310558758e-01 2.670807453416149113e-01 2.757763975155279601e-01 2.819875776397515743e-01 2.869565217391304435e-01 2.875776397515528160e-01 2.894409937888198781e-01 2.906832298136646231e-01
5.155279503105589939e-02 2.521739130434782483e-01 3.782608695652173725e-01 4.024844720496894568e-01 4.130434782608695676e-01 4.167701863354037473e-01 4.211180124223602439e-01 4.236024844720496785e-01 4.279503105590062306e-01 4.291925465838509202e-01
2.776137034849379681e-02 1.376255168340224377e-01 1.940342587123449480e-01 2.037802717070289482e-01 2.055522740696987538e-01 2.076196101594802168e-01 2.085056113408151335e-01 2.093916125221500224e-01 2.102776137034849391e-01 2.111636148848198558e-01
8.147254073627036366e-03 3.560651780325890109e-02 5.431502715751358040e-02 5.974652987326493914e-02 6.065178032589016444e-02 6.095353047676523722e-02 6.155703077851538974e-02 6.185878092939046252e-02 6.185878092939046252e-02 6.216053108026554225e-02
1.041381200328857226e-02 5.919429980816662273e-02 1.063305015072622678e-01 1.142778843518772319e-01 1.170183611948479030e-01 1.186626473006303084e-01 1.203069334064127138e-01 1.216771718278980563e-01 1.219512195121951192e-01 1.227733625650863220e-01
5.510364733665704812e-03 3.962214641826292127e-02 1.327735502492783937e-01 1.944371556022041481e-01 2.020467069010758454e-01 2.058514825505116663e-01 2.079506691157176623e-01 2.100498556809236306e-01 2.113618472841773677e-01 2.133298346890580011e-01
2.350790126681468004e-03 4.335901789212485286e-02 1.146663184014627135e-01 1.469243829175917448e-01 1.511035653650254773e-01 1.542379522006007697e-01 1.558051456183884020e-01 1.564581428757999271e-01 1.585477340995167794e-01 1.590701319054459995e-01
1.071524243236003301e-03 1.593892311813554716e-02 5.946959549959817543e-02 7.246182694883471220e-02 7.366729172247521440e-02 7.460487543530672228e-02 7.554245914813823015e-02 7.648004286096972415e-02 7.755156710420572919e-02 7.822126975622822886e-02
1.607286364854004735e-03 2.223412804714706634e-02 7.433699437449772796e-02 8.987409590141977322e-02 9.148138226627378078e-02 9.255290650950977194e-02 9.322260916153228549e-02 9.442807393517278769e-02 9.509777658719528737e-02 9.603536030002678137e-02
1.295874462161478169e-01 2.675272083016957958e-01 3.185269552012148786e-01 3.285244241964059841e-01 3.335864338142242591e-01 3.361174386231333688e-01 3.381422424702607010e-01 3.404201467982789220e-01 3.421918501645153099e-01 3.432042520880789760e-01
3.597122302158273460e-04 1.438848920863309384e-03 5.395683453237410353e-03 2.482014388489208606e-02 3.345323741007194540e-02 3.417266187050359977e-02 3.417266187050359977e-02 3.453237410071942348e-02 3.453237410071942348e-02 3.489208633093525413e-02
0.000000000000000000e+00 2.517985611510791151e-03 1.294964028776978381e-02 4.100719424460431972e-02 5.755395683453237710e-02 6.690647482014389080e-02 7.086330935251798635e-02 7.194244604316546443e-02 7.374100719424460382e-02 7.410071942446043447e-02
0.000000000000000000e+00 0.000000000000000000e+00 3.237410071942445951e-03 3.057553956834532446e-02 4.532374100719424592e-02 5.071942446043165714e-02 5.143884892086331151e-02 5.179856115107913522e-02 5.287769784172662024e-02 5.323741007194244396e-02
7.194244604316546920e-04 1.798561151079136784e-03 2.050359712230215986e-02 1.061151079136690711e-01 1.568345323741007213e-01 1.701438848920863445e-01 1.712230215827338087e-01 1.726618705035971313e-01 1.741007194244604261e-01 1.744604316546762568e-01
0.000000000000000000e+00 0.000000000000000000e+00 0.000000000000000000e+00 7.194244604316546920e-04 1.294964028776978381e-02 2.733812949640287635e-02 3.669064748201438658e-02 3.920863309352518034e-02 3.920863309352518034e-02 4.064748201438848907e-02
3.359936153232242484e-01 4.964086193136472702e-01 5.442936951316839078e-01 5.570630486831603667e-01 5.602553870710295092e-01 5.658419792498005085e-01 5.690343176376695400e-01 5.714285714285713969e-01 5.722266560255386825e-01 5.722266560255386825e-01
2.363112391930835832e-01 3.587896253602305685e-01 4.027377521613833000e-01 4.236311239193083500e-01 4.315561959654178881e-01 4.329971181556195869e-01 4.337175792507204641e-01 4.337175792507204641e-01 4.344380403458213413e-01 4.402017291066282478e-01
1.270072992700729819e-01 2.211678832116788229e-01 2.532846715328467280e-01 2.627737226277372384e-01 2.656934306569342930e-01 2.671532846715328202e-01 2.686131386861314030e-01 2.693430656934306389e-01 2.715328467153284575e-01 2.737226277372262762e-01
5.241090146750523870e-02 1.194968553459119509e-01 1.411600279524807822e-01 1.502445842068483584e-01 1.537386443046820372e-01 1.558350803633822557e-01 1.558350803633822557e-01 1.565338923829489859e-01 1.565338923829489859e-01 1.565338923829489859e-01
1.785714285714285615e-02 5.527210884353741388e-02 7.142857142857142461e-02 7.738095238095238360e-02 7.738095238095238360e-02 7.738095238095238360e-02 7.738095238095238360e-02 7.738095238095238360e-02 7.823129251700680631e-02 7.823129251700680631e-02
4.107648725212464935e-02 1.218130311614730871e-01 1.600566572237960283e-01 1.756373937677053743e-01 1.813031161473087904e-01 1.869688385269121789e-01 1.898016997167138731e-01 1.898016997167138731e-01 1.898016997167138731e-01 1.912181303116147202e-01
0.000000000000000000e+00 0.000000000000000000e+00 0.000000000000000000e+00 2.974504249291784821e-02 8.498583569405099292e-02 1.288951841359773365e-01 1.359773371104815998e-01 1.416430594900849882e-01 1.444759206798866824e-01 1.473087818696883766e-01
1.375661375661375585e-01 2.772486772486772444e-01 3.354497354497354422e-01 3.439153439153438963e-01 3.523809523809524058e-01 3.597883597883597684e-01 3.619047619047618958e-01 3.619047619047618958e-01 3.640211640211640232e-01 3.661375661375661505e-01
7.730535615681943980e-03 4.638321369409165867e-02 6.460519050248481054e-02 7.067918277194920607e-02 7.067918277194920607e-02 7.067918277194920607e-02 7.123136388735505642e-02 7.178354500276090677e-02 7.288790723357260748e-02 7.288790723357260748e-02
1.333333333333333289e-03 5.066666666666666541e-02 1.439999999999999891e-01 2.373333333333333406e-01 2.493333333333333235e-01 2.560000000000000053e-01 2.560000000000000053e-01 2.586666666666666559e-01 2.586666666666666559e-01 2.626666666666666594e-01
3.392857142857143016e-01 4.896825396825396637e-01 5.384920634920634663e-01 5.523809523809524169e-01 5.599206349206349298e-01 5.638888888888888840e-01 5.662698412698412564e-01 5.690476190476190244e-01 5.694444444444444198e-01 5.702380952380952106e-01
1.325010068465565793e-01 2.243254128070882036e-01 2.513089005235601969e-01 2.641965364478453537e-01 2.698348771647200994e-01 2.734595247684252772e-01 2.762786951268626501e-01 2.782923882400322180e-01 2.799033427305678834e-01 2.811115585984695908e-01
1.341119613370922170e-01 2.444623439387837160e-01 2.766814337494965526e-01 2.919855014095851797e-01 2.960128876359242600e-01 3.044703987112364341e-01 3.072895690696738069e-01 3.097060008054772218e-01 3.113169552960128872e-01 3.137333870318163576e-01
2.496979460330245662e-02 4.631494160289971462e-02 5.879983890455094814e-02 6.564639548932742208e-02 6.846556584776479493e-02 7.088199758356826530e-02 7.289569069673781931e-02 7.370116794200563815e-02 7.450664518727345698e-02 7.611759967780910852e-02
2.094240837696335206e-02 4.067660088602496893e-02 4.792589609343535922e-02 5.396697543294402127e-02 5.517519130084574952e-02 5.759162303664921295e-02 5.920257752718485755e-02 6.081353201772050215e-02 6.081353201772050215e-02 6.202174788562223040e-02
2.519039250146455633e-02 5.565319273579379111e-02 6.912712360867018235e-02 7.322788517867603875e-02 7.557117750439366899e-02 7.557117750439366899e-02 7.615700058582308696e-02 7.732864674868189514e-02 7.850029291154071720e-02 7.967193907439952538e-02
2.167545401288810750e-02 5.682483889865260623e-02 7.029876977152900441e-02 7.439953134153486081e-02 7.615700058582308696e-02 7.967193907439952538e-02 8.025776215582894335e-02 8.025776215582894335e-02 8.142940831868775153e-02 8.201523140011716950e-02
2.226127709431751506e-02 5.155243116578793472e-02 6.795547744581136029e-02 7.088459285295840850e-02 7.147041593438781260e-02 7.322788517867603875e-02 7.439953134153486081e-02 7.439953134153486081e-02 7.557117750439366899e-02 7.557117750439366899e-02
1.384701284198771587e-01 2.406476828587381378e-01 2.774986041317699659e-01 2.897822445561138993e-01 2.936906756002233276e-01 2.981574539363484044e-01 2.998324958123952944e-01 3.003908431044109428e-01 3.015075376884421843e-01 3.015075376884421843e-01
2.226127709431751506e-02 4.686584651435266730e-02 6.209724663151728469e-02 6.912712360867018235e-02 7.205623901581721669e-02 7.439953134153486081e-02 7.557117750439366899e-02 7.557117750439366899e-02 7.732864674868189514e-02 7.850029291154071720e-02
3.348571428571428532e-01 5.165714285714285703e-01 5.600000000000000533e-01 5.708571428571428408e-01 5.754285714285714004e-01 5.811428571428571832e-01 5.845714285714285197e-01 5.897142857142857464e-01 5.931428571428571939e-01 5.971428571428571974e-01
1.708571428571428463e-01 3.097142857142857197e-01 3.588571428571428745e-01 3.714285714285714413e-01 3.765714285714285570e-01 3.822857142857142843e-01 3.897142857142857353e-01 3.931428571428571273e-01 3.954285714285714071e-01 3.971428571428571308e-01
8.171428571428571153e-02 1.462857142857142967e-01 1.680000000000000104e-01 1.828571428571428570e-01 1.914285714285714202e-01 1.971428571428571475e-01 1.994285714285714273e-01 2.017142857142857071e-01 2.045714285714285707e-01 2.079999999999999905e-01
7.657142857142856807e-02 1.382857142857142896e-01 1.817142857142857171e-01 1.965714285714285636e-01 2.068571428571428505e-01 2.102857142857142980e-01 2.148571428571428577e-01 2.217142857142857248e-01 2.262857142857142845e-01 2.308571428571428441e-01
6.004618937644341792e-02 1.233256351039260929e-01 1.588914549653579755e-01 1.736720554272517258e-01 1.792147806004618926e-01 1.838337182448036844e-01 1.879907621247113025e-01 1.921478060046189484e-01 1.930715935334872957e-01 1.958429561200923652e-01
3.014109876913839692e-01 4.746322425697988567e-01 5.229660762533773211e-01 5.370759531672170128e-01 5.409786850795557100e-01 5.463824677274091712e-01 5.484839387571299740e-01 5.499849894926448490e-01 5.544881416991894740e-01 5.577904533173221324e-01
1.318715256331068619e-01 2.177269919703520573e-01 2.532427424336010091e-01 2.686843730697961452e-01 2.742433600988264386e-01 2.779493514515132824e-01 2.810376775787523096e-01 2.844348363187152451e-01 2.903026559604694468e-01 2.940086473131562905e-01
4.354539839407041424e-02 8.060531192093885189e-02 9.388511426806671334e-02 9.851760345892526805e-02 1.016059295861642953e-01 1.037677578752316254e-01 1.059295861642989556e-01 1.084002470660901801e-01 1.096355775169857993e-01 1.111797405806053129e-01
7.103150092649783420e-02 1.241507103150092661e-01 1.525633106856084109e-01 1.596664607782581902e-01 1.624459542927733091e-01 1.639901173563928227e-01 1.661519456454601529e-01 1.670784434836318777e-01 1.676961087090796665e-01 1.704756022235948132e-01
3.026559604694255626e-02 5.867819641754169063e-02 7.566399011735638891e-02 8.431130327362569565e-02 8.647313156269302581e-02 8.894379246448425036e-02 9.048795552810376397e-02 9.141445336627547491e-02 9.234095120444718585e-02 9.326744904261889679e-02
9.763905562224889367e-02 2.296918767507002690e-01 2.779111644657863422e-01 2.875150060024009857e-01 2.895158063225289902e-01 2.905162064825930202e-01 2.911164465786314492e-01 2.913165266106442775e-01 2.913165266106442775e-01 2.915166066426570501e-01
1.465872652313330270e-02 4.993128721942281106e-02 6.962895098488318391e-02 7.573675370285540276e-02 7.665292411055123212e-02 7.726370438234844706e-02 7.726370438234844706e-02 7.726370438234844706e-02 7.726370438234844706e-02 7.741639945029775427e-02
8.465378771434772798e-03 2.930323420881267640e-02 4.276101584545257545e-02 4.688517473410028225e-02 4.818754069893640274e-02 4.905578467549381178e-02 4.927284566963316403e-02 4.927284566963316403e-02 4.927284566963316403e-02 4.948990666377252323e-02
2.546473134708428926e-03 1.247771836007130139e-02 1.680672268907562952e-02 1.782531194295900248e-02 1.807995925642984572e-02 1.858925388337152873e-02 1.909854851031321521e-02 1.960784313725490169e-02 1.960784313725490169e-02 1.960784313725490169e-02
7.639419404125286344e-04 3.310415075120957343e-03 5.602240896358543464e-03 5.602240896358543464e-03 5.856888209829386703e-03 5.856888209829386703e-03 6.111535523300229075e-03 6.111535523300229075e-03 6.111535523300229075e-03 6.111535523300229075e-03
