1.226190476190476136e-01 2.988095238095238027e-01 3.654761904761904545e-01 3.892857142857142905e-01 3.940476190476190355e-01 3.964285714285714080e-01 4.011904761904762085e-01 4.047619047619047672e-01 4.095238095238095122e-01 4.119047619047618847e-01
2.380952380952381167e-03 1.190476190476190410e-02 2.142857142857142877e-02 2.976190476190476025e-02 3.214285714285713969e-02 3.571428571428571230e-02 3.928571428571428492e-02 4.047619047619047811e-02 4.166666666666666435e-02 4.404761904761905073e-02
1.190476190476190584e-03 4.761904761904762334e-03 9.523809523809524669e-03 1.071428571428571438e-02 1.071428571428571438e-02 1.071428571428571438e-02 1.071428571428571438e-02 1.071428571428571438e-02 1.071428571428571438e-02 1.071428571428571438e-02
4.761904761904762334e-03 9.523809523809524669e-03 1.190476190476190410e-02 1.428571428571428527e-02 1.428571428571428527e-02 1.547619047619047672e-02 1.547619047619047672e-02 1.547619047619047672e-02 1.547619047619047672e-02 1.547619047619047672e-02
2.380952380952381167e-03 7.142857142857142634e-03 9.523809523809524669e-03 1.190476190476190410e-02 1.190476190476190410e-02 1.190476190476190410e-02 1.309523809523809555e-02 1.309523809523809555e-02 1.309523809523809555e-02 1.309523809523809555e-02
1.510115606936416055e-01 2.373554913294797786e-01 2.601156069364161660e-01 2.644508670520231419e-01 2.677023121387283044e-01 2.705924855491329550e-01 2.731213872832369827e-01 2.770953757225433356e-01 2.807080924855491211e-01 2.832369942196532042e-01
7.295904529427718610e-02 1.133713045836723665e-01 1.242202332519663638e-01 1.253051261187957677e-01 1.266612422023325191e-01 1.277461350691619091e-01 1.285598047192839655e-01 1.296446975861133832e-01 1.310008136696501346e-01 1.315432601030648296e-01
4.734288081429755208e-04 2.012072434607646045e-03 4.142502071251035617e-03 7.693218132323351860e-03 1.088886258728843578e-02 1.301929222393182622e-02 1.372943543614628913e-02 1.408450704225352144e-02 1.432122144632500850e-02 1.479465025446798435e-02
4.749069439096393654e-03 1.052496470286227656e-02 1.386214863303812141e-02 1.463226800154023878e-02 1.488897445770761066e-02 1.540238737004235615e-02 1.565909382620972803e-02 1.591580028237710165e-02 1.617250673854447526e-02 1.655756642279553395e-02
3.275648949320148634e-02 8.374536464771323296e-02 1.143386897404202740e-01 1.325710754017305204e-01 1.359703337453646577e-01 1.409147095179233700e-01 1.440049443757725478e-01 1.458590852904820823e-01 1.486402966625463562e-01 1.498763906056860273e-01
1.273996509598603888e-01 1.884816753926701616e-01 2.059336823734729538e-01 2.076788830715532164e-01 2.076788830715532164e-01 2.076788830715532164e-01 2.076788830715532164e-01 2.094240837696335067e-01 2.094240837696335067e-01 2.094240837696335067e-01
6.870229007633588125e-02 9.414758269720101269e-02 1.043256997455470764e-01 1.094147582697201082e-01 1.094147582697201082e-01 1.094147582697201082e-01 1.094147582697201082e-01 1.094147582697201082e-01 1.094147582697201082e-01 1.094147582697201082e-01
5.170517051705170175e-02 8.580858085808580615e-02 9.570957095709571594e-02 1.012101210121012090e-01 1.012101210121012090e-01 1.012101210121012090e-01 1.023102310231023132e-01 1.023102310231023132e-01 1.023102310231023132e-01 1.023102310231023132e-01
2.981260647359454743e-02 6.047700170357751120e-02 6.643952299829641861e-02 6.899488926746166761e-02 6.899488926746166761e-02 6.899488926746166761e-02 6.984667802385008395e-02 6.984667802385008395e-02 6.984667802385008395e-02 6.984667802385008395e-02
3.130148270181219022e-02 4.448105436573311644e-02 4.695222405271828880e-02 4.859967051070840371e-02 4.859967051070840371e-02 5.107084019769357608e-02 5.107084019769357608e-02 5.189456342668863353e-02 5.189456342668863353e-02 5.189456342668863353e-02
2.273662551440329138e-01 2.952674897119341724e-01 3.024691358024691468e-01 3.045267489711934172e-01 3.055555555555555802e-01 3.076131687242798507e-01 3.106995884773662286e-01 3.127572016460905546e-01 3.127572016460905546e-01 3.158436213991769326e-01
2.260428410372040675e-01 2.795941375422773545e-01 2.886133032694475631e-01 2.914317925591882741e-01 2.914317925591882741e-01 2.931228861330326674e-01 2.942502818489289851e-01 2.948139797068771162e-01 2.970687711386696961e-01 2.970687711386696961e-01
2.430555555555555525e-01 3.200757575757575690e-01 3.295454545454545303e-01 3.308080808080808288e-01 3.314393939393939226e-01 3.327020202020202211e-01 3.339646464646464641e-01 3.339646464646464641e-01 3.345959595959596133e-01 3.352272727272727071e-01
3.370535714285714524e-01 4.255952380952380820e-01 4.375000000000000000e-01 4.397321428571428492e-01 4.404761904761904656e-01 4.419642857142856984e-01 4.441964285714285476e-01 4.449404761904761640e-01 4.464285714285714524e-01 4.471726190476190688e-01
3.456790123456789932e-01 4.413580246913580418e-01 4.465020576131687458e-01 4.506172839506172867e-01 4.516460905349794497e-01 4.526748971193415572e-01 4.567901234567900981e-01 4.588477366255144241e-01 4.598765432098765316e-01 4.619341563786008020e-01
1.607096269240803621e-01 2.752413253326376208e-01 3.073310722671536710e-01 3.245499608661622792e-01 3.297678058961648895e-01 3.331594051656665556e-01 3.375945734411687771e-01 3.409861727106704987e-01 3.441168797286720538e-01 3.464649099921732200e-01
6.652752413253326669e-02 1.301852334985650894e-01 1.588833811635794457e-01 1.711453169840855826e-01 1.755804852595878041e-01 1.781894077745890814e-01 1.787111922775893591e-01 1.807983302895903865e-01 1.831463605530915806e-01 1.849726063135924969e-01
6.548395512653273909e-02 1.213148969475606603e-01 1.528828593790764467e-01 1.654056874510826947e-01 1.753195930080876652e-01 1.810592225410905254e-01 1.836681450560918305e-01 1.865379598225932745e-01 1.899295590920949683e-01 1.935820506130968011e-01
7.304983042003652428e-03 1.669710409600834791e-02 2.374119488651187104e-02 2.895903991651447781e-02 3.052439342551526227e-02 3.208974693451604326e-02 3.391599269501695962e-02 3.548134620401774408e-02 3.704669971301852160e-02 3.730759196451865350e-02
6.522306287503261066e-03 1.643621184450821948e-02 2.348030263501173914e-02 2.635011740151317616e-02 2.895903991651447781e-02 3.156796243151578640e-02 3.208974693451604326e-02 3.313331594051656392e-02 3.443777719801721648e-02 3.548134620401774408e-02
5.825503355704698266e-02 1.561521252796420622e-01 2.087695749440715842e-01 2.227293064876957607e-01 2.286353467561521302e-01 2.341834451901566028e-01 2.379418344519015627e-01 2.418791946308724850e-01 2.449217002237136509e-01 2.474272930648769575e-01
4.950588235294117734e-02 1.102117647058823563e-01 1.390117647058823624e-01 1.473882352941176532e-01 1.510588235294117732e-01 1.541647058823529537e-01 1.572705882352941065e-01 1.588705882352941245e-01 1.608470588235293985e-01 1.628235294117647003e-01
3.397647058823529548e-02 7.520000000000000295e-02 9.449411764705882566e-02 1.008000000000000007e-01 1.032470588235294140e-01 1.056941176470588273e-01 1.081411764705882406e-01 1.099294117647058866e-01 1.114352941176470629e-01 1.131294117647058811e-01
9.694117647058823548e-03 2.061176470588235374e-02 2.701176470588235318e-02 2.870588235294117482e-02 2.983529411764706055e-02 3.087058823529411841e-02 3.152941176470588219e-02 3.228235294117647036e-02 3.265882352941176792e-02 3.331764705882352823e-02
1.317647058823529513e-03 3.200000000000000153e-03 4.141176470588234931e-03 4.141176470588234931e-03 4.235294117647058453e-03 4.235294117647058453e-03 4.235294117647058453e-03 4.235294117647058453e-03 4.329411764705881974e-03 4.329411764705881974e-03
3.516713091922005902e-02 9.993036211699164728e-02 1.337047353760445756e-01 1.400882079851439310e-01 1.417130919220055685e-01 1.433379758588672337e-01 1.442664809656453162e-01 1.458913649025069537e-01 1.471680594243268414e-01 1.480965645311049239e-01
1.444896886903979929e-03 2.627085248916327144e-03 9.194798371207145438e-03 1.461972941021936201e-01 3.069749113358728465e-01 3.558386969657165166e-01 3.599106791015368456e-01 3.631945356626822274e-01 3.675292263233941870e-01 3.725206882963352228e-01
5.254170497832654288e-04 2.364376724024694430e-03 1.326678050702745360e-02 3.927492447129909275e-02 5.635097858925522396e-02 5.989754367529226409e-02 6.081702351241297794e-02 6.278733744910022785e-02 6.423223433600420973e-02 6.541442269801654719e-02
1.707605411795612860e-03 2.758439511362143718e-03 4.728753448049388859e-03 4.623670038092735773e-02 2.152896361486930366e-01 3.710757914094312548e-01 3.821095494548797933e-01 3.861815315907001223e-01 3.907789307763037123e-01 3.960331012741363232e-01
4.909782742113661660e-04 8.592119798698907634e-04 1.841168528292622987e-03 2.479440284767399014e-02 8.604394255554191628e-02 1.269178838836381440e-01 1.301092426660120371e-01 1.310911992144347671e-01 1.336688351540444297e-01 1.344053025653614841e-01
1.904176904176904314e-02 4.054054054054054279e-02 4.975429975429975643e-02 5.221130221130221294e-02 5.466830466830466945e-02 5.651105651105651356e-02 5.896805896805897007e-02 6.203931203931203897e-02 6.265356265356265830e-02 6.388206388206388309e-02
6.203931203931203897e-02 1.105651105651105637e-01 1.289926289926290048e-01 1.351351351351351426e-01 1.400491400491400418e-01 1.455773955773955741e-01 1.480343980343980237e-01 1.504914004914005010e-01 1.523341523341523451e-01 1.547911547911547947e-01
2.518427518427518441e-02 6.388206388206388309e-02 8.353808353808353515e-02 8.722358722358722338e-02 8.968058968058968683e-02 9.582309582309582463e-02 9.643734643734644396e-02 9.705159705159704941e-02 9.828009828009827420e-02 9.828009828009827420e-02
1.289926289926289840e-02 2.702702702702702853e-02 3.439803439803439805e-02 3.746928746928746695e-02 3.931203931203931107e-02 3.992628992628992346e-02 4.115479115479115518e-02 4.176904176904176758e-02 4.299754299754299930e-02 4.361179361179361169e-02
1.105651105651105602e-02 1.781326781326781489e-02 2.272727272727272790e-02 2.457002457002456855e-02 2.702702702702702853e-02 2.948402948402948504e-02 3.132678132678132915e-02 3.194103194103194154e-02 3.255528255528255394e-02 3.562653562653562977e-02
2.415856394913986627e-01 3.283470456245325408e-01 3.492894540014959137e-01 3.575168287210171991e-01 3.608825729244577452e-01 3.627524308152580423e-01 3.646222887060583395e-01 3.664921465968586367e-01 3.676140613313388372e-01 3.679880329094988856e-01
2.438123383819726653e-01 3.232360546730698170e-01 3.387513852973771944e-01 3.468784632434429027e-01 3.502031769486516621e-01 3.542667159216845163e-01 3.553749538234207694e-01 3.557443664573328168e-01 3.561137790912449197e-01 3.572220169929811728e-01
2.535098275170477589e-01 3.421580425190533514e-01 3.630164460489370137e-01 3.714400320898516017e-01 3.754512635379061436e-01 3.790613718411552369e-01 3.802647412755715828e-01 3.814681107099879842e-01 3.822703569995988815e-01 3.838748495788206760e-01
2.738446411012782633e-01 3.569321533923303646e-01 3.790560471976401336e-01 3.864306784660767047e-01 3.928220255653884219e-01 3.957718780727630392e-01 3.967551622418878932e-01 3.982300884955752296e-01 3.997050147492625105e-01 4.026548672566371834e-01
1.553588987217305872e-01 2.114060963618485667e-01 2.291052114060963540e-01 2.340216322517207348e-01 2.369714847590953799e-01 2.404129793510324520e-01 2.423795476892822154e-01 2.453294001966568327e-01 2.458210422812192597e-01 2.482792527040314778e-01
5.403761061946902311e-01 7.197640117994100750e-01 7.474188790560472029e-01 7.542404129793510714e-01 7.575589970501475090e-01 7.597713864306784304e-01 7.612463126843658223e-01 7.621681415929203451e-01 7.623525073746312275e-01 7.629056047197639856e-01
5.400742115027828971e-01 7.153988868274582247e-01 7.454545454545454808e-01 7.515769944341372799e-01 7.536178107606679166e-01 7.558441558441558739e-01 7.565862708719851559e-01 7.578849721706865106e-01 7.586270871985157926e-01 7.593692022263450747e-01
3.378995433789954150e-01 5.026484018264840703e-01 5.400913242009132142e-01 5.541552511415525073e-01 5.574429223744292727e-01 5.603652968036529902e-01 5.621917808219177859e-01 5.623744292237442544e-01 5.625570776255707228e-01 5.627397260273973023e-01
1.779828609096901701e-02 4.002260099821075556e-02 5.122892927770976434e-02 5.706752048215462531e-02 5.819757039269234100e-02 5.951596195498634612e-02 6.008098691025520049e-02 6.008098691025520049e-02 6.017515773613334867e-02 6.026932856201148991e-02
4.521328877530960896e-03 1.169648122665618156e-02 1.621781010418714419e-02 1.877334381757420761e-02 1.936308236681737877e-02 1.985453115785335010e-02 2.005111067426774279e-02 2.024769019068213202e-02 2.044426970709652125e-02 2.044426970709652125e-02
1.320132013201320148e-02 2.236890355702236821e-02 2.420242024202420156e-02 2.640264026402640296e-02 2.640264026402640296e-02 2.640264026402640296e-02 2.713604693802713561e-02 2.750275027502750366e-02 2.786945361202786825e-02 2.860286028602860436e-02
2.121697357886308949e-02 4.683746997598078193e-02 5.124099279423538489e-02 5.364291433146517463e-02 5.564451561248999478e-02 5.604483586869495743e-02 5.684547638110488271e-02 5.724579663730984536e-02 5.724579663730984536e-02 5.724579663730984536e-02
5.693950177935942769e-02 1.119019375247133213e-01 1.391854487939897245e-01 1.490707789640174086e-01 1.514432582048240439e-01 1.550019770660339968e-01 1.569790431000395448e-01 1.585606959272439775e-01 1.601423487544484103e-01 1.637010676156583633e-01
9.358398038414385278e-02 1.982018798528810688e-01 2.488761749080506680e-01 2.672660400490396437e-01 2.762566407846342442e-01 2.803432774826317697e-01 2.819779321618308132e-01 2.856559051900285917e-01 2.885165508786268762e-01 2.930118512464242042e-01
6.964358869315854031e-03 1.761573125768127815e-02 2.458009012699713391e-02 2.703809913969684384e-02 2.744776730848013171e-02 2.908643998361327282e-02 2.908643998361327282e-02 2.908643998361327282e-02 2.949610815239655723e-02 2.949610815239655723e-02
4.858404780462458050e-02 1.053520394907768304e-01 1.315926214601195188e-01 1.402961808261886101e-01 1.441932969602494063e-01 1.475707976097687668e-01 1.492595479345284470e-01 1.505585866458820365e-01 1.530267601974538705e-01 1.547155105222135507e-01
4.260846973239802715e-02 9.067290205248115798e-02 1.131462717588984090e-01 1.195115614445310531e-01 1.228890620940503997e-01 1.258768511301636694e-01 1.269160820992465688e-01 1.279553130683294404e-01 1.289945440374123120e-01 1.299038711353598385e-01
4.351779683034554674e-02 8.365809301117173302e-02 1.023642504546635468e-01 1.089893478825668949e-01 1.126266562743569732e-01 1.154845414393348979e-01 1.166536762795531285e-01 1.183424266043128087e-01 1.196414653156664121e-01 1.201610808002078479e-01
2.169394647960509390e-02 4.429722005715770045e-02 5.767731878409976948e-02 6.079501169134840510e-02 6.144453104702519985e-02 6.261366588724344429e-02 6.352299298519095694e-02 6.378280072746167484e-02 6.391270459859703379e-02 6.404260846973239274e-02
0.000000000000000000e+00 0.000000000000000000e+00 0.000000000000000000e+00 0.000000000000000000e+00 0.000000000000000000e+00 0.000000000000000000e+00 0.000000000000000000e+00 0.000000000000000000e+00 0.000000000000000000e+00 0.000000000000000000e+00
1.284413613700411891e-02 3.246260567960112392e-02 4.113375243876002396e-02 4.319314979406026211e-02 4.362670713201820955e-02 4.411445913722089607e-02 4.438543247344461234e-02 4.471060047691307465e-02 4.492737914589204490e-02 4.530674181660524630e-02
1.479347529878927191e-03 1.315840697629150867e-02 2.320239810020632842e-02 2.651146494335656148e-02 2.693969712305835720e-02 2.740685950091486037e-02 2.748471989722427525e-02 2.764044068984311195e-02 2.779616148246194518e-02 2.799081247323548932e-02
1.511830070300098402e-04 5.366996749565348772e-03 1.564744122760601541e-02 2.202232469070476359e-02 2.292942273288482366e-02 2.315619724342983868e-02 2.340816892181318831e-02 2.360974626451986871e-02 2.376092927154987641e-02 2.398770378209489143e-02
2.307071173145691702e-05 1.130464874841388863e-03 6.944284231168531586e-03 1.933325643096089549e-02 2.122505479294036282e-02 2.157111546891221643e-02 2.175568116276387076e-02 2.189410543315261151e-02 2.205560041527281079e-02 2.221709539739301006e-02
2.297794117647058792e-05 6.433823529411764617e-04 4.549632352941176787e-03 2.502297794117647189e-02 3.000919117647058917e-02 3.085937500000000139e-02 3.129595588235294101e-02 3.143382352941176405e-02 3.164062499999999861e-02 3.175551470588235115e-02
1.890410958904109595e-01 2.802130898021308880e-01 3.027397260273972379e-01 3.088280060882800382e-01 3.130898021308980428e-01 3.167427701674276896e-01 3.202435312024353165e-01 3.226788432267884144e-01 3.242009132420091144e-01 3.258751902587518900e-01
2.283105022831050102e-03 6.544901065449010465e-03 8.980213089802130053e-03 9.741248097412481821e-03 1.004566210045662079e-02 1.065449010654490047e-02 1.080669710806697083e-02 1.095890410958904118e-02 1.095890410958904118e-02 1.156773211567732086e-02
4.109589041095890009e-03 9.589041095890411467e-03 1.232876712328767090e-02 1.324200913242009128e-02 1.461187214611872100e-02 1.476407914764079135e-02 1.537290715372907103e-02 1.537290715372907103e-02 1.552511415525114138e-02 1.552511415525114138e-02
3.348554033485540409e-03 8.980213089802130053e-03 1.217656012176560054e-02 1.278538812785388196e-02 1.385083713850837096e-02 1.400304414003044132e-02 1.445966514459665064e-02 1.445966514459665064e-02 1.491628614916286170e-02 1.491628614916286170e-02
2.848235794246847113e-02 5.356383732464219810e-02 6.249114354541589894e-02 6.532520901232818922e-02 6.603372537905626005e-02 6.702564829247555089e-02 6.759246138585801866e-02 6.787586793254923867e-02 6.844268102593169256e-02 6.872608757262292645e-02
3.751789976133651505e-01 6.563245823389021183e-01 6.801909307875895205e-01 6.835322195704057746e-01 6.868735083532219177e-01 6.921241050119332217e-01 6.949880668257756300e-01 6.973747016706444146e-01 7.045346062052505465e-01 7.078758949880668006e-01
2.539379474940334225e-01 4.821002386634845038e-01 5.121718377088305685e-01 5.174224343675417614e-01 5.212410501193317502e-01 5.245823389021480043e-01 5.279236276849641474e-01 5.341288782816229208e-01 5.431980906921241026e-01 5.455847255369928872e-01
1.570405727923627759e-01 2.964200477326969230e-01 3.188544152744630100e-01 3.241050119331742030e-01 3.279236276849641918e-01 3.331742243436754403e-01 3.365155131264916388e-01 3.403341288782816276e-01 3.441527446300716164e-01 3.479713603818615497e-01
7.971360381861575251e-02 1.880668257756563377e-01 2.128878281622911817e-01 2.162291169451074080e-01 2.210023866348448662e-01 2.238663484486873578e-01 2.257756563245823522e-01 2.276849642004773189e-01 2.300715990453460758e-01 2.315035799522673077e-01
5.107398568019093366e-02 7.350835322195703458e-02 8.066825775656324971e-02 8.257756563245823023e-02 8.353221957040572743e-02 8.400954653937947603e-02 8.448687350835322463e-02 8.591885441527445655e-02 8.687350835322195375e-02 8.878281622911694815e-02
1.825669183253260108e-01 2.882635552505147802e-01 3.239533287577213705e-01 3.356211393273850208e-01 3.383665065202470790e-01 3.411118737131091372e-01 3.431708991077556670e-01 3.466026080988331981e-01 3.500343170899107847e-01 3.541523678792038443e-01
7.152974504249291765e-02 1.097733711048158589e-01 1.352691218130311623e-01 1.381019830028328566e-01 1.395184135977337037e-01 1.416430594900849882e-01 1.423512747875353979e-01 1.423512747875353979e-01 1.437677053824362727e-01 1.437677053824362727e-01
2.796173657100809590e-02 3.605592347314201529e-02 4.341427520235466991e-02 4.709345106696100069e-02 4.709345106696100069e-02 4.709345106696100069e-02 4.709345106696100069e-02 4.782928623988226546e-02 4.930095658572479500e-02 5.077262693156733148e-02
3.164091243561441974e-02 4.120676968359087561e-02 4.562178072111847116e-02 5.077262693156733148e-02 5.150846210448859624e-02 5.445180279617365532e-02 5.445180279617365532e-02 5.445180279617365532e-02 5.518763796909492009e-02 5.592347314201619179e-02
2.796173657100809590e-02 3.384841795437822098e-02 3.458425312729948575e-02 3.458425312729948575e-02 3.532008830022075052e-02 3.532008830022075052e-02 3.605592347314201529e-02 3.605592347314201529e-02 3.679175864606328006e-02 3.679175864606328006e-02
1.776611694152923637e-01 2.518740629685157217e-01 2.698650674662668725e-01 2.743628185907046602e-01 2.773613193403298149e-01 2.781109445277361591e-01 2.781109445277361591e-01 2.781109445277361591e-01 2.796101949025487365e-01 2.803598200899550252e-01
1.116941529235382369e-01 1.521739130434782705e-01 1.604197901049475294e-01 1.619190404797601068e-01 1.626686656671664233e-01 1.634182908545727120e-01 1.634182908545727120e-01 1.634182908545727120e-01 1.634182908545727120e-01 1.634182908545727120e-01
7.271364317841079450e-02 9.970014992503747897e-02 1.034482758620689641e-01 1.034482758620689641e-01 1.049475262368815554e-01 1.056971514242878579e-01 1.056971514242878579e-01 1.064467766116941466e-01 1.064467766116941466e-01 1.064467766116941466e-01
2.923538230884557831e-02 4.947526236881559514e-02 5.172413793103448204e-02 5.397301349325337588e-02 5.472263868065967152e-02 5.472263868065967152e-02 5.622188905547226279e-02 5.622188905547226279e-02 5.622188905547226279e-02 5.772113943028486099e-02
2.848575712143927921e-02 4.722638680659670130e-02 5.322338830584707331e-02 5.472263868065967152e-02 5.472263868065967152e-02 5.472263868065967152e-02 5.547226386806596715e-02 5.622188905547226279e-02 5.622188905547226279e-02 5.622188905547226279e-02
5.035971223021582510e-01 7.068345323741007658e-01 7.464028776978417490e-01 7.500000000000000000e-01 7.571942446043165020e-01 7.607913669064748641e-01 7.625899280575539896e-01 7.643884892086331151e-01 7.643884892086331151e-01 7.661870503597122406e-01
4.277673545966229063e-01 6.228893058161351082e-01 6.866791744840525791e-01 6.998123827392119800e-01 7.035647279549718247e-01 7.110694183864915141e-01 7.110694183864915141e-01 7.110694183864915141e-01 7.110694183864915141e-01 7.185741088180112035e-01
4.045368620037806950e-01 5.916824196597353369e-01 6.521739130434782705e-01 6.710775047258978887e-01 6.824196597353496818e-01 6.824196597353496818e-01 6.862003780718336499e-01 6.862003780718336499e-01 6.880907372400756339e-01 6.937618147448014749e-01
2.950819672131147486e-01 4.688524590163934413e-01 5.360655737704917989e-01 5.524590163934426368e-01 5.540983606557376984e-01 5.606557377049180557e-01 5.622950819672131173e-01 5.672131147540984131e-01 5.672131147540984131e-01 5.721311475409835978e-01
3.350168350168349907e-01 5.252525252525253041e-01 5.976430976430976427e-01 6.144781144781145121e-01 6.212121212121212155e-01 6.262626262626262985e-01 6.279461279461279188e-01 6.279461279461279188e-01 6.296296296296296502e-01 6.329966329966330019e-01
2.891396332863187535e-01 4.026798307475317196e-01 4.400564174894217029e-01 4.506346967559943795e-01 4.562764456981664440e-01 4.605077574047954925e-01 4.640338504936530328e-01 4.661495063469675570e-01 4.696755994358250974e-01 4.710860366713681135e-01
2.399425287356321823e-01 3.627873563218390607e-01 4.022988505747126520e-01 4.130747126436781769e-01 4.224137931034482873e-01 4.252873563218390607e-01 4.295977011494253039e-01 4.324712643678160773e-01 4.360632183908045856e-01 4.410919540229885083e-01
1.832963784183296307e-01 2.963784183296378494e-01 3.333333333333333148e-01 3.532889874353288828e-01 3.599408721359940722e-01 3.636363636363636465e-01 3.725055432372505471e-01 3.769401330376940251e-01 3.813747228381374477e-01 3.828529194382853107e-01
1.791044776119402882e-01 2.798507462686566916e-01 3.201492537313432862e-01 3.373134328358208811e-01 3.455223880597014796e-01 3.537313432835820781e-01 3.582089552238805763e-01 3.619402985074626766e-01 3.656716417910447769e-01 3.738805970149253755e-01
2.246268656716417789e-01 3.335820895522387808e-01 3.761194029850746245e-01 3.895522388059701746e-01 3.962686567164179219e-01 4.037313432835820670e-01 4.119402985074626655e-01 4.149253731343283680e-01 4.186567164179104683e-01 4.216417910447761153e-01
6.337509211495946648e-02 1.208548268238762019e-01 1.359616801768607219e-01 1.389093588798820944e-01 1.392778187177597660e-01 1.411201179071481238e-01 1.411201179071481238e-01 1.429624170965364816e-01 1.440677966101694962e-01 1.444362564480471678e-01
6.395153147088522561e-02 1.356445641198249785e-01 1.602154156849545652e-01 1.666105688320430878e-01 1.696398519017165984e-01 1.713227869404241044e-01 1.723325479636486079e-01 1.736788959946146127e-01 1.760350050488051210e-01 1.763715920565466222e-01
3.811733510109380219e-02 9.711634073583029492e-02 1.233012926748425636e-01 1.312562147828969239e-01 1.352336758369240832e-01 1.372224063639376768e-01 1.375538614517732849e-01 1.385482267152800817e-01 1.395425919787868785e-01 1.398740470666224589e-01
2.231051344743276155e-02 6.845965770171148768e-02 9.871638141809291334e-02 1.060513447432762796e-01 1.066625916870415636e-01 1.088019559902200506e-01 1.106356968215158887e-01 1.112469437652811727e-01 1.121638141809290917e-01 1.130806845965770108e-01
1.548079785650491140e-02 5.180113128907412601e-02 7.412920512057159794e-02 8.067877344447751953e-02 8.306043465317058949e-02 8.573980351295028279e-02 8.663292646621018056e-02 8.752604941947007833e-02 8.841917237272997609e-02 8.961000297707651108e-02
2.059942911512844810e-01 2.566603235014272011e-01 2.630827783063748870e-01 2.654614652711703160e-01 2.666508087535680027e-01 2.676022835394862298e-01 2.676022835394862298e-01 2.683158896289248307e-01 2.692673644148430023e-01 2.706945765937202597e-01
3.449869399236487610e-01 4.337954591119148051e-01 4.478601567209162249e-01 4.512758689973879744e-01 4.540888085191882584e-01 4.550934297769740899e-01 4.562989752863170767e-01 4.581072935503315291e-01 4.593128390596745159e-01 4.605183845690175026e-01
3.759665621734587515e-01 4.675026123301985193e-01 4.796238244514106630e-01 4.850574712643678232e-01 4.875653082549634143e-01 4.898641588296760441e-01 4.911180773249738674e-01 4.927899686520376132e-01 4.929989550679205745e-01 4.946708463949843204e-01
3.798763082778306432e-01 4.757373929590865691e-01 4.881065651760228552e-01 4.933396764985727989e-01 4.952426260704091421e-01 4.969077069457659146e-01 4.988106565176022578e-01 5.021408182683159138e-01 5.033301617507136561e-01 5.052331113225499992e-01
2.178877259752616535e-01 2.813986679352997178e-01 2.916270218839200901e-01 2.947193149381541200e-01 2.975737392959086347e-01 2.985252140818268063e-01 3.016175071360608917e-01 3.032825880114177197e-01 3.058991436726926638e-01 3.078020932445290070e-01
4.193458205199888239e-02 8.568632932625104559e-02 1.012021246854906409e-01 1.063740564719038301e-01 1.081912216941571109e-01 1.090299133351970984e-01 1.101481688565837253e-01 1.105675146771037121e-01 1.108470785574503792e-01 1.118255521386636864e-01
2.357704215289354449e-02 4.941652774470112197e-02 6.013336508692546101e-02 6.334841628959275717e-02 6.477732793522267274e-02 6.537270778756847089e-02 6.561085972850679016e-02 6.596808763991426905e-02 6.680161943319838647e-02 6.692069540366754610e-02
1.258285585889225983e-02 2.786203797326143247e-02 3.336703741152679398e-02 3.550162903044602053e-02 3.606336366700371027e-02 3.673744523087293240e-02 3.741152679474216147e-02 3.763622064936524014e-02 3.819795528592292988e-02 3.875968992248061962e-02
6.832971800433839185e-03 1.659436008676789739e-02 2.071583514099782988e-02 2.190889370932755029e-02 2.212581344902386088e-02 2.234273318872017494e-02 2.245119305856832850e-02 2.255965292841648553e-02 2.288503253796095316e-02 2.288503253796095316e-02
5.543119070461571471e-03 1.481718366911843020e-02 1.865472764097644148e-02 1.982731052126638846e-02 2.068009807056817029e-02 2.131968873254450406e-02 2.142628717620722809e-02 2.153288561986994865e-02 2.195927939452084129e-02 2.227907472550900644e-02
6.972477064220183353e-03 3.633027522935779879e-02 7.266055045871559759e-02 8.623853211009174791e-02 8.807339449541284893e-02 9.137614678899082243e-02 9.247706422018348027e-02 9.431192660550458129e-02 9.431192660550458129e-02 9.467889908256880982e-02
1.642512077294686068e-02 4.251207729468599317e-02 5.507246376811594096e-02 5.893719806763284691e-02 6.231884057971014829e-02 6.328502415458937824e-02 6.425120772946860126e-02 6.521739130434782428e-02 6.521739130434782428e-02 6.570048309178744272e-02
9.661835748792270287e-04 4.347826086956521792e-03 7.729468599033816230e-03 1.111111111111111154e-02 1.304347826086956451e-02 1.352657004830917949e-02 1.352657004830917949e-02 1.352657004830917949e-02 1.400966183574879273e-02 1.449275362318840597e-02
1.449275362318840597e-03 7.246376811594202987e-03 1.400966183574879273e-02 1.642512077294686068e-02 1.787439613526570215e-02 1.980676328502415512e-02 2.077294685990338161e-02 2.125603864734299658e-02 2.222222222222222307e-02 2.270531400966183458e-02
1.682600382409177656e-02 3.135755258126195211e-02 3.747609942638623071e-02 3.824091778202676900e-02 3.938814531548757297e-02 4.015296367112810433e-02 4.130019120458890830e-02 4.168260038240918092e-02 4.206500956022944659e-02 4.282982791586997795e-02
3.736559139784946248e-01 5.338709677419354316e-01 5.645161290322581182e-01 5.720430107526881525e-01 5.768817204301075474e-01 5.833333333333333703e-01 5.876344086021505486e-01 5.908602150537634046e-01 5.946236559139784772e-01 5.999999999999999778e-01
6.362153344208809624e-02 1.190864600326264205e-01 1.392060902664491451e-01 1.500815660685154984e-01 1.549755301794453477e-01 1.587819467101685700e-01 1.598694942903751970e-01 1.615008156606851653e-01 1.658510059815117010e-01 1.674823273518216415e-01
1.740076128330614313e-02 3.643284393692224066e-02 3.915171288743882205e-02 3.969548667754214250e-02 4.187058183795541039e-02 4.241435562805873083e-02 4.241435562805873083e-02 4.404567699836867828e-02 4.567699836867863267e-02 4.622077215878194617e-02
5.002718868950516845e-02 8.591625883632408867e-02 1.044045676998368727e-01 1.141924959216965713e-01 1.201740076128330614e-01 1.228928765633496428e-01 1.250679717237629107e-01 1.288743882544861330e-01 1.326808047852093553e-01 1.353996737357259506e-01
1.087547580206634119e-02 1.740076128330614313e-02 1.903208265361609405e-02 2.229472539423599936e-02 2.392604676454595028e-02 2.392604676454595028e-02 2.392604676454595028e-02 2.392604676454595028e-02 2.446982055464926725e-02 2.446982055464926725e-02
2.404707914911996536e-01 3.517978620019436287e-01 3.784688478566029524e-01 3.858114674441204817e-01 3.902386351365943473e-01 3.942338840298024172e-01 3.972573156246625437e-01 4.002807472195227256e-01 4.025483209156678344e-01 4.052478134110787389e-01
1.615376309253860332e-01 2.540762336680704170e-01 2.778317676276860215e-01 2.824748947197927018e-01 2.862541842133679015e-01 2.893855955080444908e-01 2.915451895043731922e-01 2.927329662023539503e-01 2.941367022999675784e-01 2.958643774970305396e-01
1.174819134002807464e-01 1.970629521649929772e-01 2.190908109275456206e-01 2.250296944174495217e-01 2.280531260123096760e-01 2.305366591080876826e-01 2.331281719036820965e-01 2.348558471007450577e-01 2.356117049994601031e-01 2.373393801965230643e-01
7.342619587517547342e-02 1.390778533635676495e-01 1.580822805312601109e-01 1.620775294244682085e-01 1.648850016196954926e-01 1.671525753158406291e-01 1.681243926141885447e-01 1.694201490119857378e-01 1.714717633084980042e-01 1.722276212072130497e-01
4.146420472951085207e-02 8.767951625094481949e-02 1.040924306230428670e-01 1.079796998164345156e-01 1.102472735125796383e-01 1.118669690098261504e-01 1.131627254076233713e-01 1.146744412050534484e-01 1.156462585034013640e-01 1.168340352013821359e-01
1.512166859791425344e-01 2.763615295480880696e-01 3.505214368482039156e-01 3.760139049826187740e-01 3.783314020857473925e-01 3.818076477404403479e-01 3.829663962920046294e-01 3.876013904982618663e-01 3.881807647740440070e-01 3.899188876013904848e-01
4.413567633837351539e-02 1.483449121373109914e-01 2.174090723334695663e-01 2.407029015120555893e-01 2.451982018798528895e-01 2.468328565590519053e-01 2.501021659174499367e-01 2.513281569268491777e-01 2.533714752758479682e-01 2.558234572946465057e-01
2.287040106065628062e-02 7.988067616837918328e-02 1.286045740802121418e-01 1.474975140868412249e-01 1.504806098773616152e-01 1.534637056678820055e-01 1.554524361948955991e-01 1.574411667219091926e-01 1.577726218097447730e-01 1.590984421610871780e-01
1.213224143160448847e-02 4.367606915377616333e-02 6.885047012435548119e-02 7.764634516226873173e-02 7.855626326963906225e-02 7.976948741279951682e-02 8.037609948437973717e-02 8.158932362754019174e-02 8.249924173491052226e-02 8.249924173491052226e-02
2.128306476132563012e-03 5.472788081483733955e-03 1.489814533292794195e-02 2.493159014898145218e-02 2.645180906050471209e-02 2.766798418972332002e-02 2.979629066585588390e-02 3.222864092429309629e-02 3.405290361812100819e-02 3.557312252964427157e-02
4.428044280442804299e-03 1.549815498154981548e-02 3.173431734317343211e-02 4.059040590405903898e-02 4.723247232472324586e-02 5.535055350553505504e-02 5.830258302583025964e-02 5.904059040590405733e-02 5.904059040590405733e-02 6.051660516605165963e-02
1.067839195979899437e-02 4.396984924623115881e-02 7.035175879396984855e-02 8.291457286432160623e-02 9.233668341708542449e-02 9.861809045226130332e-02 1.005025125628140753e-01 1.017587939698492427e-01 1.030150753768844241e-01 1.042713567839195915e-01
2.214022140221402150e-03 5.166051660516605450e-03 1.328413284132841377e-02 2.435424354243542408e-02 3.099630996309963096e-02 3.468634686346863671e-02 3.616236162361623901e-02 3.911439114391143668e-02 3.911439114391143668e-02 3.985239852398524130e-02
0.000000000000000000e+00 8.823529411764705760e-03 2.352941176470588203e-02 3.897058823529411797e-02 4.191176470588234976e-02 4.705882352941176405e-02 4.852941176470588341e-02 4.852941176470588341e-02 5.073529411764705899e-02 5.220588235294117835e-02
5.874673629242819703e-03 3.198433420365535268e-02 6.788511749347259094e-02 9.464751958224543182e-02 1.044386422976501250e-01 1.096605744125326437e-01 1.155352480417754513e-01 1.161879895561357678e-01 1.174934725848564010e-01 1.187989556135770203e-01
1.575891622891899269e-02 5.197677633397843749e-02 8.266519214818911221e-02 9.538291401714127371e-02 9.870058059165054409e-02 9.897705280619298329e-02 9.925352502073542249e-02 9.952999723527784781e-02 1.000829416643627262e-01 1.003594138789051654e-01
1.039861351819757352e-03 7.625649913344887537e-03 2.079722703639514877e-02 2.703639514731369028e-02 2.876949740034662195e-02 2.946273830155979323e-02 3.050259965337955015e-02 3.050259965337955015e-02 3.050259965337955015e-02 3.119584055459272143e-02
1.449732114717932480e-02 9.612354238890639946e-02 1.651433974156949203e-01 1.872045382918373913e-01 1.928774030885597179e-01 1.931925622439331913e-01 1.938228805546801103e-01 1.950835171761739761e-01 1.953986763315474218e-01 1.957138354869208952e-01
8.338678640153944152e-03 7.825529185375240671e-02 1.597177677998717071e-01 1.847338037203335448e-01 1.879409878127004385e-01 1.895445798588838993e-01 1.901860166773572669e-01 1.901860166773572669e-01 1.905067350865939646e-01 1.914688903143040299e-01
5.395112662646779113e-03 4.855601396382101115e-02 1.050460171374166946e-01 1.288479847667407252e-01 1.326562995874325523e-01 1.329736591558235426e-01 1.329736591558235426e-01 1.329736591558235426e-01 1.332910187242145328e-01 1.336083782926055230e-01
8.948545861297539390e-04 4.921700223713646773e-03 2.281879194630872382e-02 7.494407158836688398e-02 2.451901565995525667e-01 4.507829977628635132e-01 4.744966442953020280e-01 4.782997762863534508e-01 4.821029082774049290e-01 4.841163310961968946e-01
1.032524522457408441e-03 7.098606091894682328e-03 2.026329375322663898e-02 9.499225606608156791e-02 1.782395456892101049e-01 1.906298399586990322e-01 1.929530201342281870e-01 1.946308724832214732e-01 1.952762003097573695e-01 1.966959215281362805e-01
1.305312622373058459e-04 1.696906409084975942e-03 1.018143845450985435e-02 3.367706565722490553e-02 6.670147500326327472e-02 1.147369795065918269e-01 1.331418874820519405e-01 1.341861375799504041e-01 1.347082626288996221e-01 1.353609189400861446e-01
0.000000000000000000e+00 0.000000000000000000e+00 2.109259649862898134e-04 2.109259649862898134e-04 1.054629824931448958e-03 3.796667369753216423e-03 2.573296772832735571e-02 5.062223159670955347e-02 5.462982493144906415e-02 5.568445475638050812e-02
6.225099601593625390e-04 4.855577689243027913e-03 2.066733067729083564e-02 3.274402390438246879e-02 3.548306772908366852e-02 3.759960159362549931e-02 3.859561752988047850e-02 3.934262948207171290e-02 3.971613545816733010e-02 3.984063745019920250e-02
3.157431838170624561e-01 4.863676341248900359e-01 5.505716798592787953e-01 5.628847845206684797e-01 5.760773966578716099e-01 5.787159190853122803e-01 5.813544415127528397e-01 5.831134564643799534e-01 5.910290237467018537e-01 5.963060686015830836e-01
1.833333333333333204e-01 3.284313725490196068e-01 3.882352941176470673e-01 4.068627450980392135e-01 4.147058823529412019e-01 4.225490196078431349e-01 4.284313725490195846e-01 4.303921568627451233e-01 4.372549019607843146e-01 4.431372549019607643e-01
1.862745098039215660e-02 4.705882352941176405e-02 5.980392156862745362e-02 6.666666666666666574e-02 6.764705882352940736e-02 6.862745098039216285e-02 7.058823529411764608e-02 7.254901960784314319e-02 7.352941176470588480e-02 7.941176470588234837e-02
1.553819444444444475e-01 2.604166666666666852e-01 3.012152777777777901e-01 3.220486111111111049e-01 3.298611111111111049e-01 3.368055555555555802e-01 3.394097222222222099e-01 3.428819444444444198e-01 3.454861111111111049e-01 3.515625000000000000e-01
1.333333333333333315e-01 2.205882352941176405e-01 2.725490196078431127e-01 2.901960784313725727e-01 2.980392156862745057e-01 3.029411764705882137e-01 3.068627450980392357e-01 3.098039215686274606e-01 3.117647058823529438e-01 3.147058823529411686e-01
2.705725699067909606e-01 4.263648468708388650e-01 4.777629826897469845e-01 4.948069241011984198e-01 5.019973368841544881e-01 5.089214380825566320e-01 5.145139813581890431e-01 5.193075898801597923e-01 5.225033288948068844e-01 5.256990679094540875e-01
9.347536617842876205e-02 1.712383488681757659e-01 2.039946737683089317e-01 2.162450066577896179e-01 2.218375499334221124e-01 2.258322237017310330e-01 2.287616511318242285e-01 2.311584553928095753e-01 2.322237017310253004e-01 2.346205059920106473e-01
2.423435419440745503e-02 4.340878828229027819e-02 5.645805592543275825e-02 6.071904127829560321e-02 6.284953395472703264e-02 6.471371504660453078e-02 6.524633821571237946e-02 6.737683089214380194e-02 6.817576564580558884e-02 6.844207723035952706e-02
9.320905459387483771e-03 1.731025299600532502e-02 2.290279627163781598e-02 2.476697736351531412e-02 2.636484687083888098e-02 2.716378162450066441e-02 2.796271637816245131e-02 2.796271637816245131e-02 2.822902796271637912e-02 2.876165113182423475e-02
8.655126498002663205e-02 1.624500665778961517e-01 1.909454061251664447e-01 2.045272969374167804e-01 2.087882822902796254e-01 2.111850865512649722e-01 2.133155792276963947e-01 2.159786950732356936e-01 2.178428761651131917e-01 2.213049267643142359e-01
2.891291974957313493e-01 3.488901536710301565e-01 3.585657370517928433e-01 3.625498007968127601e-01 3.642572566875355577e-01 3.676721684689812086e-01 3.705179282868525936e-01 3.722253841775753913e-01 3.762094479225953081e-01 3.762094479225953081e-01
2.391602008215426844e-01 3.062528525787311939e-01 3.199452304883614873e-01 3.226837060702875126e-01 3.258785942492012921e-01 3.286170698311273175e-01 3.295298950251027148e-01 3.313555454130533984e-01 3.340940209949794792e-01 3.340940209949794792e-01
3.110871905274488758e-01 3.869752421959095634e-01 4.031216361679225146e-01 4.079655543595263612e-01 4.149623250807319974e-01 4.171151776103336761e-01 4.187298170075349768e-01 4.208826695371367110e-01 4.224973089343380117e-01 4.235737351991388788e-01
2.409090909090909061e-01 3.259740259740259716e-01 3.480519480519480569e-01 3.584415584415584499e-01 3.655844155844155674e-01 3.668831168831168665e-01 3.688311688311688430e-01 3.707792207792207639e-01 3.714285714285714413e-01 3.720779220779220631e-01
1.735911147675853472e-01 2.069107363225010376e-01 2.102015631427396058e-01 2.118469765528589177e-01 2.139037433155080159e-01 2.155491567256273000e-01 2.159605100781571418e-01 2.167832167832167700e-01 2.167832167832167700e-01 2.171945701357466119e-01
1.174570547643517772e-03 1.703127294083100693e-02 9.205696667156071378e-02 1.637057700778153102e-01 1.895463221259726938e-01 1.993833504624871467e-01 2.039348113346057811e-01 2.077521656144472040e-01 2.120099838496549705e-01 2.162678020848627092e-01
3.370313158264288608e-03 5.518887796657772488e-02 1.791883162477180269e-01 2.516500491504002346e-01 2.697654823760707865e-01 2.835275944389832881e-01 2.912512287600056426e-01 2.960258390675467033e-01 3.015025979497261699e-01 3.057154893975565502e-01
4.698282190574071086e-03 1.262663338716781686e-02 1.556305975627661140e-02 1.747173689619732628e-02 1.820584348847452752e-02 1.893995008075172529e-02 1.967405667302892305e-02 2.070180590221700270e-02 2.099544853912788112e-02 2.143591249449420047e-02
4.991924827484951234e-03 5.770077815298781110e-02 1.644398766700924941e-01 2.142123036264865776e-01 2.313903978857730082e-01 2.429892820437527523e-01 2.481280281896931506e-01 2.520922037879900213e-01 2.573777712523858674e-01 2.614887681691381860e-01
7.047423285861107063e-03 6.401409484657172300e-02 1.299368668330641574e-01 1.620907355748054668e-01 1.700190867713992082e-01 1.755982968727059224e-01 1.807370430186463206e-01 1.849948612538540593e-01 1.891058581706063779e-01 1.933636764058141166e-01
9.523809523809523281e-02 1.774891774891775020e-01 2.207792207792207695e-01 2.489177489177489266e-01 2.662337662337662114e-01 2.813852813852814050e-01 2.878787878787879007e-01 2.943722943722943963e-01 3.095238095238095344e-01 3.181818181818181768e-01
2.515723270440251708e-02 6.708595387840671220e-02 7.966457023060796727e-02 8.176100628930817182e-02 8.385744234800839025e-02 8.385744234800839025e-02 8.385744234800839025e-02 8.595387840670859481e-02 8.805031446540879936e-02 9.224318658280922234e-02
9.057971014492753950e-03 2.173913043478260809e-02 2.898550724637681195e-02 2.898550724637681195e-02 2.898550724637681195e-02 2.898550724637681195e-02 2.898550724637681195e-02 2.898550724637681195e-02 3.079710144927536378e-02 3.079710144927536378e-02
3.514938488576449700e-03 7.029876977152899400e-03 8.787346221441125552e-03 1.054481546572934997e-02 1.054481546572934997e-02 1.054481546572934997e-02 1.230228471001757438e-02 1.230228471001757438e-02 1.230228471001757438e-02 1.405975395430579880e-02
1.831501831501831500e-03 5.494505494505494934e-03 7.326007326007326001e-03 1.098901098901098987e-02 1.098901098901098987e-02 1.098901098901098987e-02 1.098901098901098987e-02 1.098901098901098987e-02 1.098901098901098987e-02 1.098901098901098987e-02
3.411178168459721820e-03 2.112306481238520120e-02 6.992915245342429253e-02 1.007609551298871697e-01 1.039097349776961360e-01 1.066649173445290005e-01 1.079769089477827376e-01 1.092889005510364747e-01 1.100760955129887197e-01 1.115192862765678333e-01
1.436593966305341414e-03 2.455269687867310882e-02 5.903095207000130795e-02 7.274389447564320876e-02 7.431108789343084109e-02 7.574768185973618229e-02 7.653127856863001233e-02 7.744547472900613350e-02 7.796787253493535352e-02 7.835967088938226854e-02
0.000000000000000000e+00 4.018215912135011947e-03 1.861773372622555628e-02 2.223412804714706634e-02 2.276989016876506886e-02 2.303777122957407011e-02 2.330565229038307137e-02 2.343959282078757200e-02 2.370747388159656979e-02 2.384141441200107042e-02
9.375837128315027804e-04 1.352799357085454103e-02 4.674524511117063991e-02 5.451379587463166254e-02 5.518349852665416222e-02 5.598714170908116600e-02 5.612108223948567010e-02 5.638896330029467135e-02 5.638896330029467135e-02 5.665684436110367261e-02
2.303214376107314693e-02 5.125284738041002014e-02 6.061756517337382744e-02 6.314856998228296492e-02 6.390787142495570061e-02 6.428752214629207540e-02 6.479372310807390845e-02 6.504682358896482497e-02 6.517337382941026935e-02 6.517337382941026935e-02
1.148851148851148807e-01 2.477522477522477451e-01 2.987012987012986898e-01 3.126873126873127018e-01 3.196803196803196800e-01 3.386613386613386845e-01 3.466533466533466279e-01 3.566433566433566682e-01 3.656343656343656323e-01 3.706293706293706247e-01
8.846487424111014464e-02 1.890719861231569821e-01 2.194275802254986862e-01 2.419774501300953895e-01 2.549869904596704373e-01 2.697311361665221119e-01 2.766695576756287855e-01 2.836079791847354592e-01 2.862098872506504965e-01 2.896790980052038056e-01
1.463414634146341549e-02 6.243902439024390238e-02 1.199999999999999956e-01 1.590243902439024415e-01 1.697560975609756218e-01 1.814634146341463361e-01 1.843902439024390216e-01 1.882926829268292690e-01 1.902439024390243927e-01 1.970731707317073256e-01
5.483207676490747459e-03 3.221384509938313850e-02 5.962988348183687753e-02 7.333790267306374011e-02 7.470870459218642567e-02 7.676490747087046096e-02 7.950651130911583209e-02 8.087731322823851765e-02 8.156271418779986737e-02 8.224811514736120321e-02
2.268041237113401984e-02 8.453608247422680910e-02 1.422680412371133962e-01 1.639175257731958768e-01 1.731958762886597891e-01 1.773195876288659878e-01 1.804123711340206160e-01 1.865979381443299001e-01 1.896907216494845283e-01 1.938144329896907270e-01
5.641025641025640969e-01 6.994871794871795334e-01 7.169230769230768852e-01 7.251282051282050833e-01 7.282051282051281715e-01 7.353846153846154143e-01 7.364102564102563697e-01 7.394871794871794579e-01 7.425641025641025461e-01 7.456410256410256343e-01
3.117948717948718085e-01 4.728205128205127949e-01 5.056410256410256432e-01 5.128205128205127750e-01 5.189743589743589514e-01 5.220512820512820396e-01 5.230769230769231060e-01 5.282051282051282159e-01 5.312820512820513041e-01 5.343589743589743923e-01
1.394871794871794801e-01 3.261538461538461275e-01 3.712820512820512731e-01 3.794871794871794712e-01 3.835897435897435703e-01 3.876923076923076694e-01 3.907692307692307576e-01 3.917948717948717685e-01 3.928205128205128349e-01 3.979487179487179449e-01
9.641025641025641191e-02 2.779487179487179493e-01 3.466666666666666785e-01 3.538461538461538658e-01 3.558974358974358876e-01 3.610256410256410531e-01 3.610256410256410531e-01 3.610256410256410531e-01 3.620512820512820640e-01 3.641025641025640858e-01
7.076923076923076483e-02 2.143589743589743579e-01 2.574358974358974539e-01 2.625641025641025639e-01 2.646153846153846412e-01 2.656410256410256521e-01 2.656410256410256521e-01 2.656410256410256521e-01 2.666666666666666630e-01 2.676923076923076739e-01
9.686866411353908107e-03 2.703311556656904854e-02 4.122550123901779634e-02 5.023653976120747572e-02 5.406623113313809709e-02 5.767064654201396745e-02 6.059923406172561255e-02 6.195088984005406307e-02 6.465420139671096411e-02 6.510475332282045224e-02
0.000000000000000000e+00 0.000000000000000000e+00 0.000000000000000000e+00 0.000000000000000000e+00 6.849315068493150738e-04 1.826484018264840125e-03 2.739726027397260295e-03 2.968036529680365392e-03 5.479452054794520591e-03 1.050228310502283186e-02
0.000000000000000000e+00 0.000000000000000000e+00 0.000000000000000000e+00 2.746498214776160393e-04 2.746498214776160393e-04 2.746498214776160393e-04 8.239494644328481179e-04 2.471848393298544354e-03 5.492996429552320786e-03 1.950013732491073792e-02
1.992825827022718310e-04 3.985651654045436511e-03 1.355121562375448396e-02 2.670386608210442367e-02 2.889597449182941535e-02 3.228377839776803288e-02 3.447588680749302803e-02 3.487445197289756882e-02 3.587086488640892773e-02 3.706656038262255703e-02
9.560229445506691816e-04 2.676864244741873622e-03 9.560229445506692250e-03 2.715105162523900537e-02 3.307839388145315807e-02 3.671128107074569935e-02 3.977055449330783865e-02 4.130019120458890830e-02 4.282982791586997795e-02 4.397705544933078192e-02
2.258748674443266102e-01 3.213149522799575997e-01 3.520678685047720080e-01 3.658536585365853577e-01 3.690349946977730666e-01 3.764581124072110541e-01 3.849416755037115556e-01 3.902439024390244038e-01 3.966065747613997661e-01 4.008483563096500446e-01
1.655328798185941030e-01 2.252456538170823919e-01 2.396069538926681730e-01 2.448979591836734637e-01 2.456538170823885092e-01 2.486772486772486634e-01 2.501889644746787544e-01 2.539682539682539542e-01 2.562358276643991184e-01 2.577475434618291539e-01
1.842713955281418681e-01 2.474942174248265236e-01 2.721665381649961413e-01 2.798766383962991711e-01 2.852737085582112697e-01 2.875867386276021453e-01 2.906707787201233684e-01 2.914417887432536602e-01 2.929838087895142440e-01 2.945258288357748833e-01
2.268041237113402053e-01 3.024054982817869219e-01 3.221649484536082686e-01 3.298969072164948391e-01 3.367697594501718461e-01 3.376288659793814650e-01 3.402061855670103219e-01 3.453608247422680355e-01 3.479381443298968923e-01 3.505154639175257492e-01
2.457805907172995741e-01 3.217299578059071852e-01 3.459915611814345926e-01 3.628691983122362963e-01 3.723628691983122407e-01 3.776371308016877593e-01 3.871308016877637037e-01 3.934599156118143704e-01 3.976793248945147408e-01 3.987341772151898889e-01
1.199760047990401819e-03 1.799640071985602946e-03 2.399520095980803638e-03 2.999400119976004982e-03 2.999400119976004982e-03 2.999400119976004982e-03 2.999400119976004982e-03 2.999400119976004982e-03 2.999400119976004982e-03 2.999400119976004982e-03
0.000000000000000000e+00 0.000000000000000000e+00 0.000000000000000000e+00 0.000000000000000000e+00 0.000000000000000000e+00 0.000000000000000000e+00 0.000000000000000000e+00 0.000000000000000000e+00 0.000000000000000000e+00 0.000000000000000000e+00
5.998800239952009096e-04 5.998800239952009096e-04 5.998800239952009096e-04 1.199760047990401819e-03 1.199760047990401819e-03 1.199760047990401819e-03 1.199760047990401819e-03 1.199760047990401819e-03 1.199760047990401819e-03 1.199760047990401819e-03
1.199760047990401819e-03 1.199760047990401819e-03 1.199760047990401819e-03 1.799640071985602946e-03 1.799640071985602946e-03 1.799640071985602946e-03 1.799640071985602946e-03 1.799640071985602946e-03 1.799640071985602946e-03 1.799640071985602946e-03
5.998800239952009096e-04 5.998800239952009096e-04 5.998800239952009096e-04 5.998800239952009096e-04 5.998800239952009096e-04 5.998800239952009096e-04 5.998800239952009096e-04 5.998800239952009096e-04 5.998800239952009096e-04 5.998800239952009096e-04
8.979591836734693300e-02 1.951020408163265385e-01 2.399999999999999911e-01 2.628571428571428448e-01 2.816326530612244805e-01 2.881632653061224625e-01 2.979591836734694077e-01 3.061224489795918435e-01 3.191836734693877520e-01 3.265306122448979331e-01
9.531502423263328583e-02 1.978998384491114648e-01 2.544426494345718992e-01 2.891760904684975708e-01 3.077544426494345786e-01 3.198707592891760765e-01 3.376413570274636733e-01 3.432956381260097167e-01 3.513731825525040486e-01 3.610662358642972580e-01
4.653061224489796199e-02 1.142857142857142821e-01 1.485714285714285765e-01 1.591836734693877486e-01 1.657142857142857029e-01 1.722448979591836848e-01 1.795918367346938660e-01 1.844897959183673386e-01 1.893877551020408112e-01 1.934693877551020291e-01
2.612244897959183770e-02 6.612244897959183854e-02 8.571428571428571508e-02 1.012244897959183737e-01 1.061224489795918324e-01 1.085714285714285687e-01 1.102040816326530642e-01 1.126530612244898005e-01 1.134693877551020413e-01 1.142857142857142821e-01
9.539610120282039987e-03 1.659062629614268050e-02 2.447117378681045244e-02 2.613023641642471875e-02 2.695976773123185538e-02 2.737453338863542196e-02 2.820406470344255512e-02 2.903359601824968828e-02 2.944836167565325485e-02 2.944836167565325485e-02
8.782798833819241424e-02 1.654518950437317837e-01 1.864067055393585914e-01 1.936953352769679171e-01 1.975218658892128332e-01 2.004373177842565523e-01 2.020772594752186513e-01 2.037172011661807502e-01 2.048104956268221588e-01 2.064504373177842578e-01
2.632360217714003192e-01 4.126669965363681247e-01 4.463137060860959959e-01 4.562097971301335986e-01 4.606630380999505170e-01 4.651162790697674354e-01 4.695695200395843538e-01 4.725383473527956513e-01 4.742701632855021998e-01 4.755071746660069487e-01
2.724703222159411964e-01 4.169022046353872413e-01 4.434708875070661471e-01 4.536461277557942151e-01 4.581684567552289367e-01 4.615602035048049778e-01 4.657998869417749876e-01 4.669304691916336680e-01 4.694742792538157405e-01 4.706048615036743654e-01
5.722556223558227656e-02 1.400578935649075818e-01 1.736806947227788889e-01 1.814740592295702448e-01 1.861500779336450750e-01 1.883767535070140220e-01 1.897127588510354179e-01 1.926074370964150628e-01 1.941661099977733118e-01 1.952794477844577992e-01
2.204635387224420512e-02 1.164499717354437469e-01 2.447710570944036101e-01 3.114754098360655865e-01 3.244771057094403832e-01 3.298473713962690734e-01 3.352176370830978192e-01 3.366308648954211558e-01 3.397399660825324852e-01 3.414358394573205335e-01
2.589022230965964955e-01 4.015345268542199753e-01 4.416683061184339953e-01 4.623253983867794403e-01 4.739327168994688089e-01 4.827857564430454440e-01 4.886877828054298489e-01 4.997048986818807825e-01 5.056069250442651875e-01 5.103285461341727780e-01
9.895730867597875291e-02 1.636828644501278907e-01 1.924060594137320390e-01 2.053905174109777743e-01 2.120794806216801109e-01 2.179815069840645159e-01 2.230965964981310168e-01 2.288018886484359526e-01 2.325398386779460869e-01 2.349006492228998544e-01
2.695258705488884354e-02 4.741294511115482641e-02 5.665945307889042049e-02 6.118433995671847259e-02 6.393861892583120599e-02 6.610269525870549057e-02 6.688963210702340845e-02 6.767656895534134021e-02 6.846350580365925809e-02 6.905370843989769303e-02
1.542396222703128206e-01 2.581152862482785637e-01 2.949045839071414710e-01 3.100531182372614492e-01 3.155616761754869160e-01 3.208734999016328859e-01 3.255951209915404210e-01 3.313004131418453846e-01 3.344481605351170561e-01 3.385795789887861562e-01
6.256147944127483929e-02 1.174503246114499272e-01 1.481408616958489188e-01 1.617155223293330613e-01 1.689946881762738606e-01 1.727326382057839949e-01 1.754869171748967283e-01 1.778477277198504958e-01 1.794216014164863315e-01 1.831595514459964658e-01
9.136592051164915424e-04 1.370488807674737249e-02 1.183188670625856531e-01 2.069438099588853386e-01 2.485153037916857099e-01 2.594792142530836232e-01 2.626770214709913120e-01 2.667884878940155469e-01 2.704431247144815087e-01 2.752398355413430697e-01
1.357159013797783371e-03 4.750056548292241367e-03 5.609590590364171153e-02 1.669305586971273347e-01 2.221216919249038579e-01 2.381814069215109630e-01 2.445148156525673022e-01 2.479077131870617567e-01 2.513006107215561835e-01 2.537887355801854983e-01
4.568296025582457712e-04 2.055733211512106133e-03 1.576062128825947775e-02 8.519872087711283237e-02 1.404751027866605884e-01 1.662859753312014577e-01 1.701690269529465560e-01 1.733668341708542726e-01 1.783919597989949701e-01 1.818181818181818232e-01
4.403194474422620491e-02 1.400820202892294475e-01 1.847614936326354429e-01 1.955536369522987150e-01 2.000863371465572971e-01 2.035398230088495686e-01 2.061299374055687583e-01 2.085042089358946638e-01 2.113101661990071101e-01 2.126052233973667049e-01
1.827318410232983085e-03 3.083599817268159113e-02 8.245774326176336100e-02 1.071265417999086311e-01 1.176336226587482853e-01 1.210598446779351245e-01 1.247144814984011002e-01 1.260849703060758220e-01 1.281407035175879394e-01 1.311100959342165473e-01
1.157142857142857140e-01 1.942857142857142838e-01 2.166666666666666741e-01 2.214285714285714191e-01 2.223809523809523736e-01 2.242857142857142827e-01 2.247619047619047739e-01 2.252380952380952372e-01 2.252380952380952372e-01 2.257142857142857006e-01
1.324736225087924935e-01 2.274325908558030573e-01 2.555685814771395115e-01 2.590855803048065509e-01 2.596717467760844000e-01 2.620164126611957967e-01 2.620164126611957967e-01 2.620164126611957967e-01 2.620164126611957967e-01 2.620164126611957967e-01
1.589242053789731088e-02 5.684596577017114738e-02 8.129584352078239595e-02 8.740831295843520810e-02 8.924205378973104619e-02 8.985330073349633018e-02 9.046454767726161417e-02 9.107579462102689816e-02 9.229828850855745226e-02 9.229828850855745226e-02
1.993509503940658206e-02 1.024571163653222039e-01 1.599443671766342112e-01 1.668984700973574486e-01 1.692165044042651945e-01 1.701437181270282761e-01 1.706073249884098308e-01 1.710709318497913856e-01 1.729253592953175767e-01 1.738525730180806583e-01
8.319467554076539302e-04 1.580698835274542413e-02 4.575707154742096605e-02 7.653910149750416114e-02 7.820299500831946748e-02 7.903494176372712066e-02 8.069883527454242700e-02 8.153078202995008017e-02 8.153078202995008017e-02 8.236272878535773334e-02
1.882202304737516096e-01 3.354673495518565862e-01 3.815620998719590484e-01 3.896713615023474353e-01 3.956466069142125508e-01 4.029022620571916513e-01 4.093043107127614100e-01 4.131455399061033096e-01 4.178403755868544400e-01 4.208279982927869978e-01
9.688433632095604098e-02 2.035851472471190693e-01 2.394366197183098455e-01 2.530943235168587324e-01 2.590695689287238479e-01 2.641912078531796770e-01 2.680324370465215766e-01 2.714468629961587776e-01 2.740076824583866921e-01 2.804097311139564508e-01
3.883909517712334780e-02 1.096884336320955999e-01 1.583440034144259490e-01 1.677336747759282931e-01 1.724285104566794791e-01 1.766965428937259941e-01 1.818181818181818232e-01 1.839521980367050669e-01 1.865130174989329814e-01 1.890738369611608960e-01
2.304737516005121722e-02 7.938540332906529606e-02 1.105420401195049140e-01 1.177976952624840007e-01 1.229193341869398159e-01 1.254801536491677305e-01 1.267605633802816878e-01 1.276141698676910019e-01 1.288945795988049592e-01 1.306017925736235596e-01
1.963294921041399896e-02 5.420401195049082133e-02 7.725138711054203855e-02 8.536064874093042543e-02 8.749466495945369682e-02 9.048228766538625456e-02 9.432351685872812641e-02 9.731113956466069803e-02 9.816474605206999826e-02 1.002987622705932558e-01
1.769067796610169496e-01 2.884887005649717784e-01 3.248587570621468967e-01 3.382768361581920957e-01 3.418079096045197884e-01 3.474576271186440857e-01 3.520480225988700806e-01 3.566384180790960201e-01 3.584039548022598942e-01 3.601694915254237128e-01
1.666092943201376853e-01 2.695352839931153266e-01 3.015490533562822928e-01 3.132530120481927804e-01 3.194492254733218850e-01 3.246127366609294351e-01 3.283993115318416534e-01 3.311531841652323727e-01 3.328743545611015375e-01 3.342512908777969249e-01
1.419857675364283311e-01 2.246696035242290723e-01 2.599118942731277748e-01 2.680447305997966656e-01 2.724500169434090346e-01 2.754998305659098756e-01 2.795662487292443488e-01 2.822771941714672939e-01 2.839715350728566623e-01 2.853270077939681348e-01
1.273356401384083125e-01 1.955017301038062261e-01 2.231833910034602131e-01 2.321799307958477554e-01 2.356401384083045003e-01 2.370242214532871927e-01 2.391003460207612452e-01 2.411764705882352977e-01 2.429065743944636702e-01 2.446366782006920426e-01
1.119491861849940401e-01 1.869789599047241013e-01 2.115919015482334298e-01 2.266772528781262341e-01 2.322350138944025422e-01 2.342199285430726363e-01 2.373957919809448203e-01 2.381897578404128524e-01 2.413656212782850363e-01 2.441445017864231903e-01
8.757763975155279101e-02 2.043478260869565355e-01 2.602484472049689246e-01 2.795031055900620842e-01 2.894409937888198781e-01 2.981366459627329268e-01 3.049689440993788581e-01 3.062111801242236031e-01 3.111801242236024723e-01 3.142857142857142794e-01
5.341614906832298226e-02 2.621118012422360422e-01 3.931677018633540355e-01 4.198757763975155544e-01 4.335403726708074723e-01 4.397515527950310310e-01 4.472049689440993903e-01 4.527950310559006319e-01 4.596273291925465632e-01 4.639751552795031153e-01
2.746603662138216023e-02 1.382161842882457248e-01 1.966922622563496703e-01 2.073242764323685872e-01 2.099822799763733094e-01 2.132309509746012910e-01 2.155936207914943836e-01 2.167749556999409299e-01 2.179562906083874763e-01 2.203189604252805689e-01
9.656004828002414178e-03 3.530476765238382830e-02 5.793602896801448160e-02 6.457453228726614536e-02 6.638503319251659596e-02 6.729028364514182126e-02 6.910078455039227185e-02 6.970428485214243131e-02 7.000603500301749715e-02 7.030778515389257688e-02
1.096190737188270682e-02 6.166072896684023086e-02 1.107152644560153443e-01 1.203069334064127138e-01 1.246916963551658042e-01 1.268840778295423355e-01 1.296245546725130204e-01 1.309947930939983629e-01 1.318169361468895517e-01 1.340093176212661108e-01
3.411178168459721820e-03 2.112306481238520120e-02 6.992915245342429253e-02 1.007609551298871697e-01 1.039097349776961360e-01 1.066649173445290005e-01 1.079769089477827376e-01 1.092889005510364747e-01 1.100760955129887197e-01 1.115192862765678333e-01
1.436593966305341414e-03 2.455269687867310882e-02 5.903095207000130795e-02 7.274389447564320876e-02 7.431108789343084109e-02 7.574768185973618229e-02 7.653127856863001233e-02 7.744547472900613350e-02 7.796787253493535352e-02 7.835967088938226854e-02
0.000000000000000000e+00 4.018215912135011947e-03 1.861773372622555628e-02 2.223412804714706634e-02 2.276989016876506886e-02 2.303777122957407011e-02 2.330565229038307137e-02 2.343959282078757200e-02 2.370747388159656979e-02 2.384141441200107042e-02
9.375837128315027804e-04 1.352799357085454103e-02 4.674524511117063991e-02 5.451379587463166254e-02 5.518349852665416222e-02 5.598714170908116600e-02 5.612108223948567010e-02 5.638896330029467135e-02 5.638896330029467135e-02 5.665684436110367261e-02
2.303214376107314693e-02 5.125284738041002014e-02 6.061756517337382744e-02 6.314856998228296492e-02 6.390787142495570061e-02 6.428752214629207540e-02 6.479372310807390845e-02 6.504682358896482497e-02 6.517337382941026935e-02 6.517337382941026935e-02
0.000000000000000000e+00 7.194244604316546920e-04 3.956834532374100752e-03 2.158273381294964141e-02 2.877697841726618855e-02 2.913669064748201573e-02 2.913669064748201573e-02 2.913669064748201573e-02 2.913669064748201573e-02 2.949640287769784291e-02
0.000000000000000000e+00 3.237410071942445951e-03 1.294964028776978381e-02 4.136690647482014344e-02 5.971223021582734020e-02 6.906474820143884696e-02 7.374100719424460382e-02 7.589928057553957386e-02 7.985611510791366940e-02 8.201438848920863944e-02
0.000000000000000000e+00 7.194244604316546920e-04 4.676258992805755119e-03 3.093525179856115165e-02 4.820143884892086339e-02 5.467625899280575269e-02 5.683453237410072273e-02 5.719424460431654644e-02 5.827338129496403146e-02 5.971223021582734020e-02
3.597122302158273460e-04 1.438848920863309384e-03 1.762589928057553892e-02 9.928057553956834425e-02 1.467625899280575463e-01 1.597122302158273388e-01 1.604316546762590001e-01 1.615107913669064643e-01 1.618705035971222950e-01 1.625899280575539563e-01
0.000000000000000000e+00 0.000000000000000000e+00 0.000000000000000000e+00 7.194244604316546920e-04 7.553956834532374320e-03 1.798561151079136611e-02 2.410071942446043169e-02 2.446043165467625888e-02 2.482014388489208606e-02 2.589928057553956761e-02
3.423782920989624778e-01 5.043894652833200709e-01 5.554668794892259065e-01 5.698324022346368256e-01 5.754189944134078250e-01 5.818036711891459989e-01 5.865921787709497126e-01 5.897845171588188551e-01 5.913806863527534263e-01 5.921787709497207119e-01
2.276657060518731956e-01 3.508645533141210304e-01 3.955331412103746391e-01 4.171469740634005663e-01 4.250720461095101044e-01 4.265129682997118032e-01 4.286743515850144348e-01 4.293948126801152565e-01 4.308357348703170109e-01 4.373198847262247946e-01
9.635036496350364577e-02 1.861313868613138633e-01 2.124087591240876038e-01 2.204379562043795593e-01 2.233576642335766416e-01 2.240875912408759052e-01 2.262773722627737238e-01 2.270072992700729875e-01 2.284671532846715425e-01 2.299270072992700698e-01
4.542278127183787401e-02 1.034241788958770031e-01 1.201956673654786811e-01 1.285814116002795271e-01 1.320754716981132060e-01 1.341719077568134244e-01 1.341719077568134244e-01 1.348707197763801546e-01 1.348707197763801546e-01 1.355695317959468849e-01
1.190476190476190410e-02 3.316326530612245110e-02 4.591836734693877792e-02 5.017006802721088454e-02 5.017006802721088454e-02 5.102040816326530726e-02 5.102040816326530726e-02 5.187074829931972997e-02 5.272108843537415268e-02 5.272108843537415268e-02
4.249291784702549646e-02 1.274787535410764894e-01 1.643059490084985974e-01 1.855524079320113318e-01 1.898016997167138731e-01 1.954674220963172893e-01 2.011331444759206777e-01 2.011331444759206777e-01 2.025495750708215248e-01 2.067988668555240661e-01
0.000000000000000000e+00 1.416430594900849925e-03 2.832861189801699851e-03 2.549575070821529649e-02 7.365439093484418831e-02 1.161473087818696848e-01 1.218130311614730871e-01 1.274787535410764894e-01 1.288951841359773365e-01 1.345609065155807249e-01
1.449735449735449766e-01 2.931216931216931165e-01 3.566137566137566051e-01 3.714285714285714413e-01 3.820105820105820227e-01 3.936507936507936400e-01 3.957671957671957674e-01 4.000000000000000222e-01 4.021164021164020941e-01 4.052910052910053129e-01
7.178354500276090157e-03 4.693539480949751597e-02 6.957482054113749148e-02 7.785753727222528842e-02 8.006626173384870371e-02 8.117062396466040441e-02 8.172280508006626865e-02 8.227498619547211900e-02 8.503589177250138464e-02 8.724461623412478606e-02
4.000000000000000083e-03 4.933333333333333320e-02 1.519999999999999962e-01 2.533333333333333548e-01 2.640000000000000124e-01 2.706666666666666665e-01 2.733333333333333171e-01 2.760000000000000231e-01 2.760000000000000231e-01 2.813333333333333242e-01
3.388888888888889062e-01 4.924603174603174871e-01 5.432539682539682113e-01 5.571428571428571619e-01 5.694444444444444198e-01 5.761904761904761418e-01 5.793650793650794162e-01 5.845238095238095566e-01 5.857142857142857428e-01 5.892857142857143016e-01
1.312927909786548442e-01 2.283527990334273117e-01 2.613773660894079809e-01 2.758759565042287476e-01 2.831252517116391587e-01 2.875553765606121415e-01 2.919855014095851797e-01 2.960128876359242600e-01 2.976238421264599254e-01 2.996375352396294933e-01
1.393475634313330602e-01 2.529198550140958623e-01 2.871526379379782390e-01 3.072895690696738069e-01 3.125251711639145946e-01 3.246073298429319465e-01 3.282319774466371243e-01 3.306484091824405946e-01 3.330648409182440650e-01 3.378977043898510058e-01
2.819170358437374235e-02 4.832863471606926864e-02 6.081353201772050215e-02 6.846556584776479493e-02 7.209021345147000048e-02 7.450664518727345698e-02 7.732581554571082982e-02 7.933950865888038384e-02 7.933950865888038384e-02 8.215867901731775669e-02
2.094240837696335206e-02 4.148207813129278776e-02 4.873137333870318499e-02 5.598066854611357529e-02 5.920257752718485755e-02 6.242448650825613982e-02 6.443817962142570077e-02 6.766008860249697610e-02 6.806282722513089245e-02 6.927104309303262764e-02
2.284710017574692609e-02 5.623901581722319520e-02 6.912712360867018235e-02 7.557117750439366899e-02 7.791446983011131311e-02 8.084358523725834744e-02 8.142940831868775153e-02 8.318687756297597768e-02 8.494434680726420384e-02 8.553016988869360793e-02
2.108963093145869994e-02 5.741066198008201726e-02 7.381370826010544284e-02 7.850029291154071720e-02 8.201523140011716950e-02 8.318687756297597768e-02 8.553016988869360793e-02 8.728763913298183408e-02 8.963093145869947820e-02 9.138840070298770435e-02
2.226127709431751506e-02 5.506736965436438008e-02 7.439953134153486081e-02 7.791446983011131311e-02 7.908611599297012129e-02 8.201523140011716950e-02 8.377270064440539565e-02 8.553016988869360793e-02 8.670181605155242999e-02 8.670181605155242999e-02
1.401451702959240764e-01 2.434394193188162969e-01 2.830820770519262841e-01 3.009491903964265913e-01 3.082077051926297995e-01 3.160245672808487116e-01 3.182579564489112500e-01 3.193746510329424915e-01 3.216080402010050299e-01 3.243997766610832167e-01
2.284710017574692609e-02 4.803749267721148242e-02 6.502636203866432596e-02 7.205623901581721669e-02 7.439953134153486081e-02 7.674282366725249105e-02 7.850029291154071720e-02 7.850029291154071720e-02 7.967193907439952538e-02 8.142940831868775153e-02
3.342857142857142971e-01 5.188571428571429056e-01 5.628571428571428337e-01 5.754285714285714004e-01 5.828571428571428514e-01 5.897142857142857464e-01 5.959999999999999742e-01 6.017142857142857570e-01 6.079999999999999849e-01 6.165714285714285481e-01
1.685714285714285665e-01 3.028571428571428803e-01 3.502857142857143113e-01 3.668571428571428816e-01 3.742857142857142771e-01 3.822857142857142843e-01 3.880000000000000115e-01 3.920000000000000151e-01 3.960000000000000187e-01 3.977142857142856869e-01
7.885714285714286176e-02 1.445714285714285730e-01 1.668571428571428705e-01 1.862857142857142767e-01 1.960000000000000075e-01 2.028571428571428470e-01 2.057142857142857106e-01 2.102857142857142980e-01 2.125714285714285778e-01 2.159999999999999976e-01
7.885714285714286176e-02 1.439999999999999891e-01 1.891428571428571404e-01 2.102857142857142980e-01 2.245714285714285607e-01 2.308571428571428441e-01 2.371428571428571552e-01 2.445714285714285785e-01 2.520000000000000018e-01 2.577142857142857291e-01
6.143187066974595961e-02 1.288683602771362458e-01 1.695150115473441077e-01 1.861431870669746080e-01 1.958429561200923652e-01 2.013856812933025320e-01 2.073903002309468724e-01 2.129330254041570392e-01 2.170900692840646573e-01 2.207852193995381018e-01
3.158210747523266249e-01 5.004503152206544181e-01 5.532873011107775074e-01 5.709996997898528770e-01 5.785049534674272520e-01 5.869108375863104632e-01 5.908135694986490494e-01 5.938156709696787994e-01 6.001200840588412078e-01 6.061242870009005967e-01
1.466954910438542370e-01 2.464484249536751104e-01 2.887584928968499054e-01 3.091414453366275739e-01 3.205682520074119579e-01 3.276714021000617927e-01 3.335392217418159388e-01 3.390982087708461767e-01 3.471278567016676808e-01 3.520691785052501577e-01
4.694255713403335667e-02 8.739962940086473675e-02 1.000617665225447817e-01 1.074737492279184692e-01 1.111797405806053129e-01 1.142680667078443540e-01 1.170475602223594869e-01 1.201358863495985141e-01 1.229153798641136469e-01 1.256948733786287797e-01
8.214947498455836550e-02 1.457689932056825122e-01 1.794317479925880143e-01 1.908585546633724539e-01 1.951822112415071142e-01 1.988882025941939580e-01 2.022853613341568935e-01 2.038295243977764071e-01 2.047560222359481041e-01 2.063001852995676455e-01
3.551575046324891710e-02 6.670784434836318777e-02 8.770846201358863115e-02 9.820877084620135977e-02 1.012970969734404009e-01 1.046942557134033364e-01 1.074737492279184692e-01 1.090179122915379828e-01 1.108709079678814047e-01 1.114885731933292212e-01
9.983993597438975409e-02 2.376950780312124811e-01 2.899159663865546466e-01 3.027210884353741527e-01 3.055222088835534144e-01 3.067226890756302726e-01 3.075230092036814744e-01 3.077230892356943026e-01 3.081232492997199035e-01 3.085234093637455044e-01
1.358986104748816613e-02 4.779355626813253793e-02 6.489540387845472991e-02 7.100320659642693488e-02 7.161398686822414983e-02 7.253015727591999307e-02 7.253015727591999307e-02 7.268285234386928639e-02 7.283554741181859360e-02 7.298824247976790081e-02
7.163012806598654039e-03 2.821792923811591164e-02 4.102452789233774350e-02 4.449750379856740046e-02 4.558280876926416175e-02 4.666811373996092999e-02 4.731929672237898676e-02 4.753635771651833902e-02 4.753635771651833902e-02 4.797047970479705048e-02
1.273236567354214463e-03 7.384772090654443538e-03 1.069518716577540045e-02 1.120448179271708693e-02 1.145912910618793017e-02 1.171377641965877341e-02 1.196842373312961491e-02 1.222307104660045815e-02 1.222307104660045815e-02 1.222307104660045815e-02
5.092946269416857201e-04 1.782531194295900075e-03 3.055767761650114538e-03 3.055767761650114538e-03 3.055767761650114538e-03 3.055767761650114538e-03 3.055767761650114538e-03 3.055767761650114538e-03 3.055767761650114538e-03 3.055767761650114538e-03
