1.214285714285714274e-01 2.976190476190476164e-01 3.642857142857142683e-01 3.892857142857142905e-01 3.916666666666666630e-01 3.964285714285714080e-01 3.988095238095238360e-01 4.011904761904762085e-01 4.071428571428571397e-01 4.095238095238095122e-01
4.761904761904762334e-03 1.428571428571428527e-02 2.142857142857142877e-02 3.095238095238095344e-02 3.333333333333333287e-02 3.690476190476190549e-02 4.047619047619047811e-02 4.166666666666666435e-02 4.285714285714285754e-02 4.761904761904761640e-02
0.000000000000000000e+00 1.190476190476190584e-03 7.142857142857142634e-03 8.333333333333333218e-03 8.333333333333333218e-03 9.523809523809524669e-03 9.523809523809524669e-03 9.523809523809524669e-03 9.523809523809524669e-03 9.523809523809524669e-03
3.571428571428571317e-03 9.523809523809524669e-03 1.190476190476190410e-02 1.428571428571428527e-02 1.428571428571428527e-02 1.666666666666666644e-02 1.666666666666666644e-02 1.666666666666666644e-02 1.666666666666666644e-02 1.785714285714285615e-02
1.190476190476190584e-03 5.952380952380952051e-03 8.333333333333333218e-03 1.190476190476190410e-02 1.190476190476190410e-02 1.190476190476190410e-02 1.309523809523809555e-02 1.309523809523809555e-02 1.309523809523809555e-02 1.309523809523809555e-02
1.520953757225433634e-01 2.402456647398844014e-01 2.619219653179190588e-01 2.651734104046242768e-01 2.680635838150289274e-01 2.691473988439306297e-01 2.720375722543352803e-01 2.742052023121387405e-01 2.763728323699422007e-01 2.770953757225433356e-01
8.136696501220504196e-02 1.261187957689178241e-01 1.380526173040412252e-01 1.396799566042853380e-01 1.413072959045294230e-01 1.434770816381882308e-01 1.445619745050176208e-01 1.459180905885543722e-01 1.464605370219690672e-01 1.478166531055058186e-01
2.367144040714877604e-04 1.538643626464670415e-03 3.787430465143804166e-03 9.113504556752277663e-03 1.396614984021777792e-02 1.692507989111137479e-02 1.751686590129009416e-02 1.775358030536158122e-02 1.799029470943306827e-02 1.822700911350455533e-02
5.647542035682197835e-03 1.283532280836863042e-02 1.565909382620972803e-02 1.668591965087921902e-02 1.719933256321396625e-02 1.771274547554871001e-02 1.784109870363239508e-02 1.809780515979976870e-02 1.848286484405082739e-02 1.873957130021820100e-02
3.399258343634116442e-02 8.343634116192830130e-02 1.134116192830655068e-01 1.313349814585908493e-01 1.341161928306551232e-01 1.384425216316439999e-01 1.402966625463535344e-01 1.409147095179233700e-01 1.430778739184178083e-01 1.443139678615574795e-01
1.343804537521814946e-01 1.972076788830715577e-01 2.129144851657940596e-01 2.164048865619546125e-01 2.164048865619546125e-01 2.164048865619546125e-01 2.164048865619546125e-01 2.181500872600349028e-01 2.181500872600349028e-01 2.181500872600349028e-01
6.997455470737913574e-02 9.541984732824428106e-02 1.055979643765903309e-01 1.106870229007633627e-01 1.106870229007633627e-01 1.106870229007633627e-01 1.106870229007633627e-01 1.106870229007633627e-01 1.106870229007633627e-01 1.106870229007633627e-01
5.170517051705170175e-02 8.470847084708470198e-02 9.460946094609461177e-02 1.001100110011001049e-01 1.001100110011001049e-01 1.001100110011001049e-01 1.012101210121012090e-01 1.012101210121012090e-01 1.012101210121012090e-01 1.012101210121012090e-01
2.981260647359454743e-02 6.132879045996592754e-02 6.729131175468483494e-02 6.984667802385008395e-02 6.984667802385008395e-02 6.984667802385008395e-02 6.984667802385008395e-02 7.069846678023850028e-02 7.069846678023850028e-02 7.069846678023850028e-02
3.047775947281713277e-02 4.612850082372323135e-02 4.777594728171334626e-02 5.024711696869851862e-02 5.024711696869851862e-02 5.024711696869851862e-02 5.024711696869851862e-02 5.107084019769357608e-02 5.107084019769357608e-02 5.107084019769357608e-02
2.253086419753086433e-01 2.932098765432099019e-01 3.014403292181069838e-01 3.024691358024691468e-01 3.045267489711934172e-01 3.065843621399176877e-01 3.086419753086419582e-01 3.096707818930041212e-01 3.106995884773662286e-01 3.137860082304526621e-01
2.226606538895152254e-01 2.807215332581736167e-01 2.903043968432920119e-01 2.925591882750845363e-01 2.931228861330326674e-01 2.948139797068771162e-01 2.948139797068771162e-01 2.953776775648252473e-01 2.987598647125140894e-01 2.993235625704622205e-01
2.468434343434343370e-01 3.226010101010101105e-01 3.314393939393939226e-01 3.327020202020202211e-01 3.333333333333333148e-01 3.345959595959596133e-01 3.352272727272727071e-01 3.352272727272727071e-01 3.358585858585858563e-01 3.358585858585858563e-01
3.370535714285714524e-01 4.255952380952380820e-01 4.375000000000000000e-01 4.397321428571428492e-01 4.404761904761904656e-01 4.419642857142856984e-01 4.449404761904761640e-01 4.449404761904761640e-01 4.456845238095238360e-01 4.464285714285714524e-01
3.508230452674896971e-01 4.434156378600823123e-01 4.485596707818930162e-01 4.516460905349794497e-01 4.516460905349794497e-01 4.516460905349794497e-01 4.567901234567900981e-01 4.588477366255144241e-01 4.598765432098765316e-01 4.609053497942386945e-01
1.591442734150795846e-01 2.700234803026350106e-01 3.010696582311505609e-01 3.169840855726585027e-01 3.214192538481607242e-01 3.253326376206626680e-01 3.287242368901643896e-01 3.313331594051656670e-01 3.360292199321679996e-01 3.386381424471693324e-01
6.365770936603182273e-02 1.223584659535611741e-01 1.497521523610748639e-01 1.617531959300808897e-01 1.664492564570832223e-01 1.687972867205843885e-01 1.693190712235846662e-01 1.714062092355856937e-01 1.727106704930863601e-01 1.742760240020871376e-01
6.548395512653273909e-02 1.205322201930602716e-01 1.507957213670753915e-01 1.614923036785807509e-01 1.693190712235846662e-01 1.742760240020871376e-01 1.768849465170884427e-01 1.787111922775893591e-01 1.815810070440908031e-01 1.852334985650926080e-01
8.348552048004173956e-03 1.747978085050874014e-02 2.452387164101226327e-02 2.948082441951474161e-02 3.104617792851552260e-02 3.313331594051656392e-02 3.495956170101748028e-02 3.704669971301852160e-02 3.861205322201930606e-02 3.861205322201930606e-02
7.044090790503522263e-03 1.695799634750847981e-02 2.400208713801199947e-02 2.765457865901382872e-02 3.000260892251500194e-02 3.156796243151578640e-02 3.261153143751630706e-02 3.391599269501695962e-02 3.495956170101748028e-02 3.548134620401774408e-02
5.682326621923937393e-02 1.530201342281879151e-01 2.039373601789709056e-01 2.175391498881431851e-01 2.235346756152125358e-01 2.282774049217002332e-01 2.320357941834451931e-01 2.348993288590603967e-01 2.370469798657718064e-01 2.388366890380313190e-01
4.959999999999999826e-02 1.097411764705882309e-01 1.367529411764705771e-01 1.449411764705882399e-01 1.483294117647058763e-01 1.508705882352941174e-01 1.527529411764705913e-01 1.541647058823529537e-01 1.559529411764705997e-01 1.576470588235294179e-01
3.538823529411764396e-02 7.764705882352941624e-02 9.524705882352940689e-02 1.004235294117647032e-01 1.025882352941176467e-01 1.052235294117647019e-01 1.071058823529411758e-01 1.084235294117647103e-01 1.096470588235294169e-01 1.111529411764705932e-01
1.138823529411764693e-02 2.588235294117647092e-02 3.369411764705882578e-02 3.567058823529412059e-02 3.679999999999999938e-02 3.774117647058823632e-02 3.802352941176470602e-02 3.858823529411764541e-02 3.896470588235294297e-02 3.934117647058823358e-02
1.882352941176470640e-03 4.235294117647058453e-03 5.552941176470588616e-03 5.929411764705882701e-03 6.023529411764706222e-03 6.117647058823529743e-03 6.211764705882353264e-03 6.305882352941176786e-03 6.400000000000000307e-03 6.400000000000000307e-03
3.574744661095635712e-02 1.044568245125348238e-01 1.381151346332404883e-01 1.441504178272980385e-01 1.461234911792014812e-01 1.483286908077994515e-01 1.490250696378830064e-01 1.501857010213556165e-01 1.519266480965645316e-01 1.527390900649953642e-01
1.182188362012347215e-03 2.364376724024694430e-03 8.669381321423880876e-03 1.447523972152896243e-01 3.026402206751608870e-01 3.503218179429922752e-01 3.525548404045711348e-01 3.553132799159332555e-01 3.588598450019703234e-01 3.643767240246946204e-01
5.254170497832654288e-04 2.364376724024694430e-03 1.471167739393143374e-02 4.374096939445684673e-02 6.147379482464206124e-02 6.475765138578747082e-02 6.528306843557073191e-02 6.738473663470379016e-02 6.817286220937869567e-02 6.988046762117430810e-02
1.707605411795612860e-03 2.758439511362143718e-03 4.597399185603572719e-03 4.544857480625246610e-02 2.135820307368974103e-01 3.660843294364902190e-01 3.761986076448180505e-01 3.794824642059634878e-01 3.843425719164587084e-01 3.890713253645080583e-01
4.909782742113661660e-04 7.364674113170491948e-04 2.454891371056830938e-03 3.191358782373879960e-02 1.002823125076715421e-01 1.491346507917024611e-01 1.524487541426291781e-01 1.535534552596047597e-01 1.557628574935559229e-01 1.571130477476371801e-01
1.965601965601965553e-02 3.746928746928746695e-02 4.484029484029484341e-02 4.852579852579852471e-02 4.975429975429975643e-02 5.159705159705159361e-02 5.405405405405405705e-02 5.651105651105651356e-02 5.712530712530712595e-02 5.712530712530712595e-02
5.958230958230958246e-02 1.038083538083538065e-01 1.234643734643734586e-01 1.308353808353808490e-01 1.363636363636363535e-01 1.400491400491400418e-01 1.437346437346437300e-01 1.443488943488943355e-01 1.461916461916461796e-01 1.480343980343980237e-01
2.149877149877149965e-02 6.142506142506142658e-02 7.862407862407862214e-02 8.169533169533169104e-02 8.476658476658475994e-02 8.968058968058968683e-02 8.968058968058968683e-02 9.152334152334151707e-02 9.152334152334151707e-02 9.152334152334151707e-02
1.289926289926289840e-02 2.825552825552825678e-02 3.316953316953316633e-02 3.501228501228501044e-02 3.562653562653562977e-02 3.746928746928746695e-02 3.869778869778869868e-02 3.931203931203931107e-02 4.054054054054054279e-02 4.115479115479115518e-02
1.719901719901719903e-02 2.764127764127764092e-02 3.255528255528255394e-02 3.378378378378378566e-02 3.624078624078624217e-02 3.746928746928746695e-02 3.931203931203931107e-02 3.992628992628992346e-02 4.176904176904176758e-02 4.484029484029484341e-02
2.408376963350785382e-01 3.290949887808526375e-01 3.504113687359760587e-01 3.586387434554973996e-01 3.616305160807778418e-01 3.635003739715781390e-01 3.649962602842183879e-01 3.664921465968586367e-01 3.679880329094988856e-01 3.687359760658189822e-01
2.452899889176209935e-01 3.265607683782785209e-01 3.439231621721463017e-01 3.505725895825637095e-01 3.527890653860362158e-01 3.561137790912449197e-01 3.572220169929811728e-01 3.583302548947174260e-01 3.586996675286294733e-01 3.598079054303657265e-01
2.535098275170477589e-01 3.429602888086642487e-01 3.634175691937424624e-01 3.714400320898516017e-01 3.750501403931006950e-01 3.774568792619333868e-01 3.786602486963497882e-01 3.794624949859606855e-01 3.798636181307661341e-01 3.798636181307661341e-01
2.704031465093412190e-01 3.480825958702065126e-01 3.706981317600786530e-01 3.765978367748279432e-01 3.815142576204523239e-01 3.844641101278269413e-01 3.849557522123893682e-01 3.859390363815142777e-01 3.869223205506391317e-01 3.888888888888888951e-01
1.563421828908554689e-01 2.104228121927236850e-01 2.266470009832841637e-01 2.305801376597836905e-01 2.335299901671583078e-01 2.364798426745329529e-01 2.379547689282202616e-01 2.394296951819075703e-01 2.399213372664699973e-01 2.404129793510324520e-01
5.396386430678465906e-01 7.192109144542773169e-01 7.466814159292035624e-01 7.535029498525073199e-01 7.564528023598819928e-01 7.582964601769911495e-01 7.601401179941003061e-01 7.606932153392330642e-01 7.612463126843658223e-01 7.614306784660767047e-01
5.395176252319109356e-01 7.139146567717996605e-01 7.437847866419294851e-01 7.493506493506493227e-01 7.512059369202226389e-01 7.536178107606679166e-01 7.538033395176252371e-01 7.541743970315398782e-01 7.543599257884971987e-01 7.552875695732839123e-01
3.421004566210045783e-01 5.097716894977168955e-01 5.490410958904109462e-01 5.632876712328767077e-01 5.663926940639268937e-01 5.691324200913242537e-01 5.711415525114155178e-01 5.713242009132419863e-01 5.715068493150684548e-01 5.716894977168949232e-01
2.523778133534231027e-02 5.556078726810434465e-02 7.128731518975421622e-02 7.863263960824935783e-02 8.032771447405594178e-02 8.258781429513137318e-02 8.343535172803465128e-02 8.343535172803465128e-02 8.381203503154723011e-02 8.400037668330351259e-02
8.747788480440337952e-03 2.093571849813249605e-02 2.919205818753685747e-02 3.322193827403184530e-02 3.430312561431098778e-02 3.558089247100452296e-02 3.607234126204049429e-02 3.646550029486927275e-02 3.646550029486927275e-02 3.646550029486927275e-02
1.063439677301063375e-02 2.053538687202053487e-02 2.420242024202420156e-02 2.603593692702603490e-02 2.603593692702603490e-02 2.640264026402640296e-02 2.713604693802713561e-02 2.713604693802713561e-02 2.713604693802713561e-02 2.786945361202786825e-02
2.842273819055244136e-02 6.124899919935948567e-02 6.725380304243394614e-02 7.165732586068855603e-02 7.325860688550840660e-02 7.405924739791833189e-02 7.485988791032825718e-02 7.526020816653322676e-02 7.566052842273819634e-02 7.566052842273819634e-02
6.524317912218267901e-02 1.277184657967576076e-01 1.601423487544484103e-01 1.720047449584816146e-01 1.747726374060893650e-01 1.787267694741004331e-01 1.795175958877026356e-01 1.807038355081059811e-01 1.826809015421115012e-01 1.846579675761170491e-01
1.025745811197384533e-01 2.157744176542705228e-01 2.717613404168369162e-01 2.909685328974254137e-01 2.999591336330200142e-01 3.048630976706170892e-01 3.060890886800163302e-01 3.097670617082141642e-01 3.126277073968124487e-01 3.154883530854107332e-01
7.374027038099139307e-03 2.130274477673084824e-02 2.949610815239655723e-02 3.277345350266284291e-02 3.318312167144613078e-02 3.400245800901269960e-02 3.400245800901269960e-02 3.400245800901269960e-02 3.441212617779598748e-02 3.482179434657926842e-02
5.131202909846713234e-02 1.092491556248376267e-01 1.365289685632631866e-01 1.461418550272798045e-01 1.501688750324759736e-01 1.531566640685892433e-01 1.544557027799428328e-01 1.556248376201610772e-01 1.574434918160561303e-01 1.591322421408157828e-01
4.338789295921018779e-02 9.236165237724083821e-02 1.154845414393348979e-01 1.215900233826968102e-01 1.248376201610807978e-01 1.274356975837880046e-01 1.282151208106001583e-01 1.287347362951415941e-01 1.293842556508184027e-01 1.300337750064951836e-01
4.520654715510522004e-02 8.651597817614964381e-02 1.060015588464536251e-01 1.128864640166276911e-01 1.157443491816056158e-01 1.184723304754481676e-01 1.196414653156664121e-01 1.210704078981553605e-01 1.218498311249675281e-01 1.222395427383736050e-01
2.559106261366588669e-02 5.546895297479864650e-02 7.118732138217719052e-02 7.469472590283190994e-02 7.573395687191478154e-02 7.651338009872693524e-02 7.729280332553910282e-02 7.729280332553910282e-02 7.794232268121589757e-02 7.820213042348661547e-02
0.000000000000000000e+00 0.000000000000000000e+00 1.299038711353598448e-04 1.299038711353598448e-04 1.299038711353598448e-04 1.299038711353598448e-04 1.299038711353598448e-04 1.299038711353598448e-04 1.299038711353598448e-04 1.299038711353598448e-04
1.593323216995447614e-02 4.070019510080208347e-02 5.164751788424019191e-02 5.457402991545631799e-02 5.544114459137220591e-02 5.609148059830912358e-02 5.674181660524604126e-02 5.744634727942770497e-02 5.782570995014090637e-02 5.847604595707782404e-02
1.751858916961887298e-03 1.895900650134309251e-02 3.324638922412115338e-02 3.811266399345972916e-02 3.865768676762564721e-02 3.916377934363685781e-02 3.931950013625569451e-02 3.974773231595749023e-02 3.994238330673103438e-02 4.025382489196870084e-02
3.023660140600196804e-04 5.694559931463703123e-03 1.607579308085771083e-02 2.214831052989644014e-02 2.308060573991483483e-02 2.328218308262151176e-02 2.345856325748985755e-02 2.371053493587320718e-02 2.386171794290321835e-02 2.413888678912490260e-02
0.000000000000000000e+00 1.176606298304302663e-03 7.613334871380782014e-03 2.090206482869996427e-02 2.288614603760525876e-02 2.327834813704002595e-02 2.341677240742877017e-02 2.367055023647479661e-02 2.380897450686353736e-02 2.392432806552081959e-02
2.297794117647058792e-05 6.663602941176470767e-04 4.687499999999999827e-03 2.497702205882353088e-02 3.005514705882353019e-02 3.085937500000000139e-02 3.122702205882352949e-02 3.147977941176470507e-02 3.175551470588235115e-02 3.189338235294117418e-02
1.955859969558599587e-01 2.917808219178082418e-01 3.144596651445966673e-01 3.196347031963470142e-01 3.234398782343987921e-01 3.261796042617960412e-01 3.292237442922374413e-01 3.308980213089802169e-01 3.327245053272450681e-01 3.342465753424657682e-01
3.196347031963470489e-03 1.004566210045662079e-02 1.354642313546423199e-02 1.461187214611872100e-02 1.476407914764079135e-02 1.522070015220700068e-02 1.522070015220700068e-02 1.552511415525114138e-02 1.567732115677321000e-02 1.628614916286149142e-02
4.109589041095890009e-03 1.171993911719939122e-02 1.415525114155251167e-02 1.582952815829528209e-02 1.674277016742770074e-02 1.689497716894977283e-02 1.750380517503805078e-02 1.750380517503805078e-02 1.765601217656012287e-02 1.780821917808219149e-02
5.175038051750380751e-03 1.126331811263318189e-02 1.461187214611872100e-02 1.506849315068493206e-02 1.598173515981735071e-02 1.613394216133942280e-02 1.674277016742770074e-02 1.674277016742770074e-02 1.689497716894977283e-02 1.689497716894977283e-02
3.358367578291058392e-02 6.291625336545274283e-02 7.354399886637381922e-02 7.637806433328610256e-02 7.680317415332293951e-02 7.722828397335979034e-02 7.807850361343346424e-02 7.864531670681593201e-02 7.907042652685276896e-02 7.907042652685276896e-02
3.723150357995226867e-01 6.534606205250597100e-01 6.782816229116944706e-01 6.811455847255369900e-01 6.849642004773269788e-01 6.892601431980907023e-01 6.926014319809069564e-01 6.945107398568018953e-01 7.002386634844868230e-01 7.045346062052505465e-01
2.563245823389021516e-01 4.835322195704057080e-01 5.126491646778043032e-01 5.178997613365154962e-01 5.217183770883054850e-01 5.250596658711217390e-01 5.269689737470166779e-01 5.322195704057278709e-01 5.389021479713603791e-01 5.412887828162291637e-01
1.551312649164677815e-01 2.921241050119331994e-01 3.121718377088305574e-01 3.174224343675417503e-01 3.212410501193317391e-01 3.260143198090691974e-01 3.298329355608591862e-01 3.331742243436754403e-01 3.369928400954653736e-01 3.403341288782816276e-01
7.828162291169450671e-02 1.885441527446300725e-01 2.124105011933174192e-01 2.157517899761336455e-01 2.195704057279236343e-01 2.219570405727923634e-01 2.248210023866348550e-01 2.262529832935560870e-01 2.295942720763723133e-01 2.319809069212410424e-01
5.011933174224343646e-02 7.494033412887828038e-02 8.162291169451073303e-02 8.353221957040572743e-02 8.448687350835322463e-02 8.544152744630072183e-02 8.639618138424820515e-02 8.782816229116945095e-02 8.830548926014319955e-02 8.973747016706444535e-02
1.818805765271105102e-01 2.910089224433767829e-01 3.266986959505833732e-01 3.383665065202470790e-01 3.411118737131091372e-01 3.431708991077556670e-01 3.445435827041866683e-01 3.466026080988331981e-01 3.493479752916952563e-01 3.548387096774193727e-01
7.790368271954674351e-02 1.203966005665722400e-01 1.451841359773371198e-01 1.487252124645892237e-01 1.494334277620396612e-01 1.508498583569405083e-01 1.522662889518413554e-01 1.529745042492917928e-01 1.536827195467422025e-01 1.536827195467422025e-01
3.164091243561441974e-02 4.047093451066961084e-02 5.003679175864606671e-02 5.445180279617365532e-02 5.592347314201619179e-02 5.592347314201619179e-02 5.592347314201619179e-02 5.665930831493745656e-02 5.739514348785872133e-02 5.739514348785872133e-02
3.237674760853569145e-02 4.194260485651214038e-02 4.782928623988226546e-02 5.371596762325239055e-02 5.371596762325239055e-02 5.371596762325239055e-02 5.371596762325239055e-02 5.371596762325239055e-02 5.445180279617365532e-02 5.518763796909492009e-02
3.090507726269315844e-02 3.899926416482708130e-02 4.120676968359087561e-02 4.194260485651214038e-02 4.267844002943340515e-02 4.341427520235466991e-02 4.415011037527594162e-02 4.415011037527594162e-02 4.488594554819720639e-02 4.488594554819720639e-02
1.754122938530734699e-01 2.473763118440779618e-01 2.646176911544227961e-01 2.706146926536731612e-01 2.721139430284857386e-01 2.721139430284857386e-01 2.721139430284857386e-01 2.721139430284857386e-01 2.736131934032983715e-01 2.743628185907046602e-01
1.131934032983508281e-01 1.551724137931034531e-01 1.626686656671664233e-01 1.626686656671664233e-01 1.634182908545727120e-01 1.634182908545727120e-01 1.634182908545727120e-01 1.634182908545727120e-01 1.634182908545727120e-01 1.641679160419790007e-01
7.571214392803597704e-02 1.041979010494752667e-01 1.079460269865067518e-01 1.079460269865067518e-01 1.101949025487256317e-01 1.101949025487256317e-01 1.101949025487256317e-01 1.109445277361319343e-01 1.116941529235382369e-01 1.116941529235382369e-01
4.272863568215892055e-02 6.671664167916041555e-02 7.196401799100449193e-02 7.571214392803597704e-02 7.646176911544227961e-02 7.646176911544227961e-02 7.721139430284858218e-02 7.721139430284858218e-02 7.721139430284858218e-02 7.871064467766117345e-02
4.122938530734632928e-02 6.821589205397300681e-02 7.496251874062968834e-02 7.721139430284858218e-02 7.796101949025487088e-02 7.796101949025487088e-02 7.796101949025487088e-02 7.796101949025487088e-02 7.796101949025487088e-02 7.871064467766117345e-02
5.035971223021582510e-01 7.086330935251798913e-01 7.482014388489208745e-01 7.517985611510791255e-01 7.589928057553957386e-01 7.607913669064748641e-01 7.625899280575539896e-01 7.643884892086331151e-01 7.643884892086331151e-01 7.643884892086331151e-01
4.202626641651032169e-01 6.135084427767354409e-01 6.772983114446529118e-01 6.904315196998124238e-01 6.941838649155722685e-01 6.979362101313321132e-01 6.979362101313321132e-01 6.979362101313321132e-01 6.979362101313321132e-01 7.016885553470919579e-01
4.045368620037806950e-01 5.897920604914933529e-01 6.502835538752362865e-01 6.691871455576559047e-01 6.805293005671076978e-01 6.805293005671076978e-01 6.805293005671076978e-01 6.805293005671076978e-01 6.843100189035916658e-01 6.899810964083176179e-01
2.868852459016393297e-01 4.590163934426229608e-01 5.245901639344262568e-01 5.426229508196721563e-01 5.426229508196721563e-01 5.491803278688525136e-01 5.491803278688525136e-01 5.524590163934426368e-01 5.524590163934426368e-01 5.557377049180327599e-01
3.367003367003367220e-01 5.286195286195286558e-01 5.959595959595959114e-01 6.127946127946127808e-01 6.195286195286194841e-01 6.228956228956229468e-01 6.245791245791245672e-01 6.245791245791245672e-01 6.262626262626262985e-01 6.296296296296296502e-01
2.905500705218617696e-01 3.991537376586741792e-01 4.344146685472496383e-01 4.421720733427362271e-01 4.442877291960507513e-01 4.478138222849083472e-01 4.499294781382228714e-01 4.513399153737658875e-01 4.520451339915373956e-01 4.541607898448519198e-01
2.413793103448275967e-01 3.635057471264367956e-01 4.037356321839080664e-01 4.116379310344827624e-01 4.173850574712643646e-01 4.188218390804597790e-01 4.209770114942528729e-01 4.238505747126437018e-01 4.245689655172413812e-01 4.267241379310344751e-01
1.810790835181079195e-01 2.941611234294161381e-01 3.274205469327420293e-01 3.458980044345897897e-01 3.481152993348115565e-01 3.503325942350332678e-01 3.555062823355506496e-01 3.577235772357723609e-01 3.599408721359940722e-01 3.614190687361418797e-01
1.791044776119402882e-01 2.828358208955223940e-01 3.208955223880596841e-01 3.373134328358208811e-01 3.425373134328358327e-01 3.455223880597014796e-01 3.485074626865671821e-01 3.507462686567164312e-01 3.529850746268656803e-01 3.597014925373134275e-01
2.238805970149253810e-01 3.328358208955223829e-01 3.761194029850746245e-01 3.835820895522388252e-01 3.902985074626865725e-01 3.947761194029850706e-01 4.000000000000000222e-01 4.022388059701492713e-01 4.052238805970149182e-01 4.082089552238806207e-01
6.521739130434782428e-02 1.223286661753868881e-01 1.378039793662490797e-01 1.422254974207811384e-01 1.429624170965364816e-01 1.448047162859248393e-01 1.451731761238025109e-01 1.470154753131908687e-01 1.477523949889462118e-01 1.481208548268238834e-01
6.799057556378323985e-02 1.433860652978795058e-01 1.709861999326826032e-01 1.777179400875126269e-01 1.814203971726691400e-01 1.831033322113766459e-01 1.837765062268596483e-01 1.854594412655671543e-01 1.874789633120161614e-01 1.878155503197576626e-01
4.176334106728538109e-02 1.044083526682134527e-01 1.315876698707325043e-01 1.402055021544580671e-01 1.441829632084852542e-01 1.458402386476632395e-01 1.461716937354988477e-01 1.474975140868412249e-01 1.481604242625124412e-01 1.488233344381836298e-01
2.261613691931540354e-02 7.365525672371638077e-02 1.057457212713936445e-01 1.139975550122249437e-01 1.155256723716381467e-01 1.173594132029339848e-01 1.185819070904645528e-01 1.188875305623471879e-01 1.194987775061124718e-01 1.204156479217603909e-01
1.577850550759154341e-02 5.328966954450729127e-02 7.799940458469782623e-02 8.454897290860374781e-02 8.752604941947007833e-02 9.109854123250966940e-02 9.228937183685620438e-02 9.348020244120273936e-02 9.437332539446263713e-02 9.556415599880917211e-02
2.557088487155090295e-01 3.173168411037107783e-01 3.246907706945765804e-01 3.273073263558515800e-01 3.284966698382492667e-01 3.292102759276879231e-01 3.294481446241674383e-01 3.296860133206470089e-01 3.303996194100856099e-01 3.318268315889628672e-01
3.970263210769540141e-01 4.990958408679927460e-01 5.131605384769941658e-01 5.173799477596946472e-01 5.201928872814949312e-01 5.205947357846092416e-01 5.215993570423950176e-01 5.226039783001807937e-01 5.246132208157524568e-01 5.258187663250953880e-01
4.240334378265412929e-01 5.249738766980146520e-01 5.383490073145245081e-01 5.431556948798328399e-01 5.458725182863113368e-01 5.485893416927899446e-01 5.496342737722048621e-01 5.510971786833855912e-01 5.517241379310344751e-01 5.536050156739812378e-01
4.210275927687916475e-01 5.313986679352996623e-01 5.437678401522360039e-01 5.492388201712654627e-01 5.528068506184585784e-01 5.547098001902949216e-01 5.573263558515699767e-01 5.592293054234063199e-01 5.608943862987630924e-01 5.627973358705994356e-01
2.319219790675547122e-01 2.975737392959086347e-01 3.087535680304471786e-01 3.113701236917221782e-01 3.142245480494766929e-01 3.154138915318743797e-01 3.189819219790675509e-01 3.204091341579448082e-01 3.230256898192198078e-01 3.239771646051379794e-01
4.682694995806541832e-02 9.575062901873078458e-02 1.133631534805703139e-01 1.196533407883701439e-01 1.218898518311434115e-01 1.230081073525300522e-01 1.238467989935700259e-01 1.245457086944366798e-01 1.248252725747833330e-01 1.259435280961699877e-01
2.583948559180757401e-02 5.548940223862824234e-02 6.727792331507501111e-02 7.120743034055727894e-02 7.263634198618718063e-02 7.358894974994045768e-02 7.418432960228625583e-02 7.454155751369373473e-02 7.489878542510121362e-02 7.513693736603953288e-02
1.471744747781148117e-02 3.370407819346141198e-02 3.999550612290753843e-02 4.291652623300752645e-02 4.336591394225367685e-02 4.437703628805752393e-02 4.460173014268059566e-02 4.471407706999213499e-02 4.482642399730367433e-02 4.505111785192675300e-02
8.893709327548807164e-03 2.180043383947939326e-02 2.765726681127982783e-02 2.895878524945770180e-02 2.939262472885032645e-02 2.971800433839479408e-02 2.993492407809110467e-02 2.993492407809110467e-02 3.026030368763557576e-02 3.036876355748372933e-02
5.649717514124293766e-03 1.684255409871015727e-02 2.206587783818356185e-02 2.334505916213623286e-02 2.419784671143801469e-02 2.451764204242617984e-02 2.473083892975162443e-02 2.505063426073979305e-02 2.526383114806523764e-02 2.558362647905340626e-02
6.972477064220183353e-03 3.633027522935779879e-02 7.229357798165138294e-02 8.477064220183486154e-02 8.587155963302751938e-02 8.880733944954127823e-02 8.954128440366972141e-02 9.100917431192660778e-02 9.174311926605505096e-02 9.247706422018348027e-02
1.980676328502415512e-02 5.120772946859903502e-02 6.570048309178744272e-02 7.004830917874396712e-02 7.246376811594203160e-02 7.294685990338163617e-02 7.487922705314009608e-02 7.584541062801931910e-02 7.632850241545893755e-02 7.729468599033816056e-02
9.661835748792270287e-04 4.347826086956521792e-03 1.014492753623188331e-02 1.497584541062801922e-02 1.980676328502415512e-02 2.077294685990338161e-02 2.173913043478260809e-02 2.270531400966183458e-02 2.318840579710144956e-02 2.367149758454106453e-02
9.661835748792270287e-04 5.797101449275362389e-03 1.207729468599033802e-02 1.594202898550724570e-02 1.835748792270531365e-02 1.980676328502415512e-02 2.028985507246376663e-02 2.028985507246376663e-02 2.173913043478260809e-02 2.270531400966183458e-02
2.026768642447418847e-02 3.671128107074569935e-02 4.321223709369025057e-02 4.474187380497132022e-02 4.512428298279158589e-02 4.588910133843212419e-02 4.665391969407265554e-02 4.741873804971319384e-02 4.741873804971319384e-02 4.818355640535372519e-02
3.774193548387096975e-01 5.349462365591397539e-01 5.655913978494623295e-01 5.720430107526881525e-01 5.752688172043011194e-01 5.790322580645160810e-01 5.833333333333333703e-01 5.870967741935483319e-01 5.913978494623656212e-01 5.951612903225806939e-01
6.416530723219140975e-02 1.228928765633496428e-01 1.424687330070690539e-01 1.533442088091354072e-01 1.571506253398586295e-01 1.604132680804785105e-01 1.615008156606851653e-01 1.631321370309951058e-01 1.674823273518216415e-01 1.691136487221315821e-01
1.631321370309950919e-02 3.643284393692224066e-02 3.860793909733550855e-02 4.023926046764546294e-02 4.187058183795541039e-02 4.187058183795541039e-02 4.187058183795541039e-02 4.350190320826536478e-02 4.350190320826536478e-02 4.458945078847199872e-02
5.165851005981511590e-02 9.026644915715062445e-02 1.103860793909733490e-01 1.196302338227297479e-01 1.245241979336595972e-01 1.266992930940728790e-01 1.283306144643828195e-01 1.332245785753126688e-01 1.353996737357259506e-01 1.375747688961392046e-01
1.196302338227297514e-02 1.903208265361609405e-02 2.120717781402936541e-02 2.283849918433931633e-02 2.501359434475258423e-02 2.501359434475258423e-02 2.501359434475258423e-02 2.555736813485590120e-02 2.610114192495921817e-02 2.610114192495921817e-02
2.412266493899146991e-01 3.521218011013929616e-01 3.771730914588057315e-01 3.836518734477918358e-01 3.874311629413670355e-01 3.904545945362271619e-01 3.931540870316380665e-01 3.958535795270489155e-01 3.976892344239282839e-01 3.998488284202569853e-01
1.597019760285066370e-01 2.527804772702731961e-01 2.759961127308065976e-01 2.808551992225461480e-01 2.839866105172227373e-01 2.870100421120829193e-01 2.881978188100637328e-01 2.899254940071266384e-01 2.912212504049238593e-01 2.926249865025375430e-01
1.173739337004643113e-01 1.994385055609545487e-01 2.212504049238743220e-01 2.268653493143289179e-01 2.294568621099233319e-01 2.317244358060684684e-01 2.338840298023971420e-01 2.359356440989094084e-01 2.365835222978080188e-01 2.376633192959723695e-01
7.385811467444119982e-02 1.396177518626498248e-01 1.579743008314436759e-01 1.619695497246517735e-01 1.642371234207968822e-01 1.659647986178598433e-01 1.668286362163913239e-01 1.680164129143721097e-01 1.700680272108843483e-01 1.709318648094158288e-01
4.060036713097937844e-02 8.573588165424900209e-02 1.016088975272648742e-01 1.051722276212072177e-01 1.067919231184537299e-01 1.084116186157002421e-01 1.091674765144152875e-01 1.101392938127632032e-01 1.106791923118453785e-01 1.115430299103768452e-01
1.517960602549246751e-01 2.740440324449594511e-01 3.458864426419466787e-01 3.702201622247972002e-01 3.731170336037080149e-01 3.765932792584009148e-01 3.771726535341830555e-01 3.794901506373117295e-01 3.800695249130938702e-01 3.823870220162224887e-01
4.331834899877400752e-02 1.503882304863097541e-01 2.170004086636697915e-01 2.386595831630567988e-01 2.427462198610543520e-01 2.443808745402533678e-01 2.472415202288516523e-01 2.480588475684511740e-01 2.501021659174499367e-01 2.513281569268491777e-01
2.220749088498508508e-02 7.855485581703679221e-02 1.276102088167053450e-01 1.458402386476632395e-01 1.478289691746768331e-01 1.501491547895260070e-01 1.514749751408684120e-01 1.524693404043752087e-01 1.524693404043752087e-01 1.537951607557176137e-01
1.243554746739460037e-02 4.488929329693661097e-02 6.854716408856535714e-02 7.855626326963906225e-02 7.916287534121929648e-02 8.067940552016984734e-02 8.128601759175008157e-02 8.249924173491052226e-02 8.431907794965119718e-02 8.431907794965119718e-02
2.128306476132563012e-03 5.168744299179081972e-03 1.429005776831863798e-02 2.219519610823958780e-02 2.341137123745819226e-02 2.493159014898145218e-02 2.736394040741866804e-02 2.858011553663727597e-02 3.040437823046518787e-02 3.222864092429309629e-02
4.428044280442804299e-03 1.476014760147601433e-02 2.952029520295202866e-02 4.280442804428044590e-02 4.944649446494465278e-02 5.608856088560885272e-02 5.904059040590405733e-02 5.977859778597786194e-02 6.051660516605165963e-02 6.199261992619926193e-02
9.422110552763818259e-03 4.962311557788944699e-02 8.040201005025125747e-02 9.673366834170854522e-02 1.067839195979899541e-01 1.118090452261306517e-01 1.149497487437185911e-01 1.162060301507537724e-01 1.174623115577889398e-01 1.187185929648241212e-01
2.214022140221402150e-03 6.642066420664206883e-03 1.697416974169741605e-02 2.804428044280442636e-02 3.468634686346863671e-02 3.763837638376383438e-02 3.837638376383763900e-02 4.354243542435424358e-02 4.354243542435424358e-02 4.428044280442804126e-02
0.000000000000000000e+00 8.823529411764705760e-03 2.500000000000000139e-02 3.970588235294117418e-02 4.338235294117646912e-02 5.073529411764705899e-02 5.367647058823529077e-02 5.441176470588235392e-02 5.735294117647058570e-02 5.882352941176470507e-02
5.221932114882506595e-03 3.067885117493472646e-02 6.462140992167102194e-02 9.595300261096605110e-02 1.057441253263707581e-01 1.135770234986945154e-01 1.181462140992167037e-01 1.181462140992167037e-01 1.201044386422976534e-01 1.227154046997389059e-01
1.437655515620680190e-02 5.170030411943599830e-02 8.155930329001935541e-02 9.317113630080177400e-02 9.593585844622615211e-02 9.593585844622615211e-02 9.621233066076859131e-02 9.621233066076859131e-02 9.676527508985346970e-02 9.704174730439590890e-02
1.386481802426343208e-03 1.213171577123050258e-02 2.946273830155979323e-02 4.124783362218371191e-02 4.367417677642981139e-02 4.436741767764298267e-02 4.540727902946273958e-02 4.540727902946273958e-02 4.540727902946273958e-02 4.644714038128249650e-02
1.418216199180586182e-02 9.423258745666561464e-02 1.641979199495745279e-01 1.856287425149700521e-01 1.909864481563189331e-01 1.916167664670658799e-01 1.922470847778127989e-01 1.928774030885597179e-01 1.928774030885597179e-01 1.938228805546801103e-01
8.980115458627325672e-03 7.761385503527902519e-02 1.545862732520846827e-01 1.779987171263630596e-01 1.808851828094932557e-01 1.828094932649134141e-01 1.831302116741500841e-01 1.831302116741500841e-01 1.831302116741500841e-01 1.840923669018601772e-01
6.347191367819739367e-03 5.172960964773087866e-02 1.091716915264995258e-01 1.342430974293875034e-01 1.367819739765153975e-01 1.370993335449063877e-01 1.374166931132973779e-01 1.377340526816883404e-01 1.380514122500793306e-01 1.390034909552523013e-01
8.948545861297539390e-04 4.921700223713646773e-03 2.304250559284116290e-02 7.404921700223714154e-02 2.416107382550335692e-01 4.434004474272930652e-01 4.666666666666666741e-01 4.700223713646532464e-01 4.722595078299776095e-01 4.733780760626398187e-01
6.453278265358802215e-04 6.582343830665977891e-03 1.948890036138358275e-02 9.447599380485285914e-02 1.781104801239029312e-01 1.901135776974703095e-01 1.917914300464635957e-01 1.930820856995353607e-01 1.937274135260712571e-01 1.954052658750645433e-01
1.305312622373058459e-04 2.219031458034199326e-03 1.292259496149327815e-02 4.216159770264978762e-02 8.184310142279076217e-02 1.345777313666623176e-01 1.549406082756820124e-01 1.563764521602923896e-01 1.570291084714789120e-01 1.575512335204281300e-01
0.000000000000000000e+00 0.000000000000000000e+00 0.000000000000000000e+00 0.000000000000000000e+00 4.218519299725796267e-04 2.952963509808057170e-03 3.079519088799831383e-02 6.116852984602404869e-02 6.517612318076354549e-02 6.665260493566757538e-02
3.735059760956175234e-04 4.731075697211155513e-03 1.929780876494023925e-02 3.137450199203187240e-02 3.386454183266932039e-02 3.585657370517928572e-02 3.623007968127490291e-02 3.635458167330677531e-02 3.647908366533864771e-02 3.660358565737052011e-02
3.131046613896217856e-01 4.784520668425681356e-01 5.400175901495162245e-01 5.514511873350923521e-01 5.637642919964819255e-01 5.672823218997361527e-01 5.690413368513632664e-01 5.708003518029903800e-01 5.760773966578716099e-01 5.795954265611257261e-01
1.803921568627450955e-01 3.235294117647058987e-01 3.784313725490195957e-01 3.960784313725490002e-01 4.049019607843137303e-01 4.098039215686274384e-01 4.137254901960784048e-01 4.147058823529412019e-01 4.225490196078431349e-01 4.264705882352941013e-01
1.764705882352941152e-02 4.313725490196078372e-02 5.490196078431372473e-02 5.882352941176470507e-02 5.882352941176470507e-02 5.980392156862745362e-02 6.078431372549019523e-02 6.274509803921568540e-02 6.470588235294118251e-02 6.862745098039216285e-02
1.562500000000000000e-01 2.586805555555555802e-01 3.038194444444444198e-01 3.229166666666666852e-01 3.272569444444444198e-01 3.350694444444444198e-01 3.394097222222222099e-01 3.394097222222222099e-01 3.411458333333333148e-01 3.454861111111111049e-01
1.294117647058823650e-01 2.147058823529411631e-01 2.686274509803921462e-01 2.872549019607842924e-01 2.941176470588235392e-01 2.990196078431372473e-01 3.039215686274509554e-01 3.068627450980392357e-01 3.107843137254902022e-01 3.137254901960784270e-01
2.663115845539281157e-01 4.186418109187749481e-01 4.671105193075898998e-01 4.817576564580559051e-01 4.881491344873502003e-01 4.932090545938748183e-01 4.977363515312915876e-01 5.003994673768309420e-01 5.019973368841544881e-01 5.049267643142476558e-01
8.948069241011984143e-02 1.640479360852196977e-01 1.949400798934753654e-01 2.039946737683089317e-01 2.077230359520639280e-01 2.101198402130492748e-01 2.125166444740346217e-01 2.138482023968042711e-01 2.143808255659121198e-01 2.146471371504660441e-01
2.183754993342210474e-02 4.154460719041278005e-02 5.406125166444740449e-02 5.832223701731025639e-02 5.938748335552596763e-02 6.045272969374167887e-02 6.071904127829560321e-02 6.231691078561917702e-02 6.284953395472703264e-02 6.311584553928095698e-02
9.054593874833555961e-03 1.917443408788282316e-02 2.343541944074567160e-02 2.529960053262316974e-02 2.663115845539280879e-02 2.743009320905459222e-02 2.822902796271637912e-02 2.822902796271637912e-02 2.822902796271637912e-02 2.822902796271637912e-02
8.335552596537949832e-02 1.531291611185086610e-01 1.765645805592543360e-01 1.885486018641810979e-01 1.928095872170439429e-01 1.949400798934753654e-01 1.976031957390146365e-01 1.992010652463382103e-01 2.010652463382157085e-01 2.029294274300932066e-01
2.925441092771770002e-01 3.534433693796243392e-01 3.642572566875355577e-01 3.688104723961297404e-01 3.705179282868525936e-01 3.722253841775753913e-01 3.745019920318725104e-01 3.762094479225953081e-01 3.790552077404666931e-01 3.790552077404666931e-01
2.446371519853947907e-01 3.130990415335463406e-01 3.277042446371519757e-01 3.295298950251027148e-01 3.327247832040164388e-01 3.354632587859425197e-01 3.368324965769055046e-01 3.382017343678685450e-01 3.400273847558192841e-01 3.409402099497946259e-01
3.094725511302475751e-01 3.842841765339074511e-01 4.015069967707212140e-01 4.058127018299246269e-01 4.138858988159311303e-01 4.165769644779332426e-01 4.187298170075349768e-01 4.208826695371367110e-01 4.235737351991388788e-01 4.251883745963401240e-01
2.435064935064935043e-01 3.324675324675324672e-01 3.558441558441558517e-01 3.662337662337662447e-01 3.733766233766233622e-01 3.746753246753246613e-01 3.779220779220779369e-01 3.779220779220779369e-01 3.785714285714285587e-01 3.798701298701298579e-01
1.797614150555326973e-01 2.167832167832167700e-01 2.200740436034553660e-01 2.217194570135746501e-01 2.237762237762237760e-01 2.250102838338132460e-01 2.262443438914027161e-01 2.278897573015220002e-01 2.283011106540518420e-01 2.287124640065816561e-01
1.174570547643517772e-03 1.761855821465276722e-02 9.425928644839230708e-02 1.659080898546468896e-01 1.920422845397151690e-01 2.012920276024078581e-01 2.058434884745264926e-01 2.086330935251798635e-01 2.109822346204668908e-01 2.140654823080311298e-01
2.949024013481252749e-03 5.420586996208397873e-02 1.769414408088751667e-01 2.479988765622805902e-01 2.655525909282404062e-01 2.765061086925993394e-01 2.818424378598511360e-01 2.854936104479707804e-01 2.895660721808734905e-01 2.925150961943547290e-01
5.432388782851269721e-03 1.306709734253413621e-02 1.629716634855380916e-02 1.893995008075172529e-02 1.967405667302892305e-02 2.026134194685068335e-02 2.084862722067244017e-02 2.172955513140507888e-02 2.187637644986051982e-02 2.217001908677139824e-02
5.138746145940390440e-03 5.843488474526501580e-02 1.659080898546468896e-01 2.142123036264865776e-01 2.308031126119512444e-01 2.399060343561885134e-01 2.432829246806636203e-01 2.471002789605050709e-01 2.501835266480693099e-01 2.540008809279107327e-01
7.341065922771986343e-03 6.210541770665100464e-02 1.277345470562325780e-01 1.595947731610629916e-01 1.670826604022904172e-01 1.720745852297753675e-01 1.747173689619732906e-01 1.775069740126266338e-01 1.797092937894582410e-01 1.824988988401115841e-01
9.740259740259740728e-02 1.796536796536796488e-01 2.186147186147186228e-01 2.467532467532467522e-01 2.640692640692640647e-01 2.792207792207792028e-01 2.857142857142856984e-01 2.922077922077921941e-01 3.051948051948051854e-01 3.160173160173160301e-01
2.935010482180293659e-02 6.918238993710691676e-02 8.385744234800839025e-02 8.595387840670859481e-02 9.224318658280922234e-02 9.224318658280922234e-02 9.643605870020964532e-02 9.853249475890984987e-02 1.027253668763102729e-01 1.069182389937106958e-01
1.086956521739130405e-02 2.355072463768115992e-02 3.079710144927536378e-02 3.260869565217391214e-02 3.260869565217391214e-02 3.260869565217391214e-02 3.260869565217391214e-02 3.260869565217391214e-02 3.442028985507246397e-02 3.442028985507246397e-02
1.757469244288224850e-03 7.029876977152899400e-03 8.787346221441125552e-03 8.787346221441125552e-03 8.787346221441125552e-03 8.787346221441125552e-03 1.054481546572934997e-02 1.054481546572934997e-02 1.054481546572934997e-02 1.054481546572934997e-02
1.831501831501831500e-03 3.663003663003663000e-03 5.494505494505494934e-03 5.494505494505494934e-03 5.494505494505494934e-03 5.494505494505494934e-03 5.494505494505494934e-03 5.494505494505494934e-03 5.494505494505494934e-03 5.494505494505494934e-03
4.591970611388086765e-03 3.384938336394647390e-02 1.166360535292574191e-01 1.699029126213592311e-01 1.755444765153502951e-01 1.786932563631592752e-01 1.806612437680398808e-01 1.826292311729204865e-01 1.838100236158488610e-01 1.856468118604041040e-01
1.958991772234556453e-03 3.434765573984589065e-02 8.815462975055504691e-02 1.121849288232989461e-01 1.157111140133211397e-01 1.181925035914849209e-01 1.193678986548256521e-01 1.205432937181663833e-01 1.219798876844717245e-01 1.227634843933655545e-01
4.018215912135011838e-04 1.285829091883203788e-02 5.344227163139565751e-02 6.509509777658720187e-02 6.603268148941869586e-02 6.683632467184570658e-02 6.804178944548620878e-02 6.871149209750870845e-02 6.991695687114921065e-02 7.005089740155370781e-02
1.205464773640503714e-03 1.660862577015805031e-02 5.853201178676667449e-02 6.951513527993570529e-02 7.072060005357620749e-02 7.192606482721670969e-02 7.232788641843021504e-02 7.286364854004821756e-02 7.326547013126172292e-02 7.380123225287972544e-02
1.018729435585927628e-01 2.045051885598582753e-01 2.436092128575044202e-01 2.518349784864591379e-01 2.551252847380410249e-01 2.568969881042774128e-01 2.582890407491774121e-01 2.604403948367501886e-01 2.614527967603138547e-01 2.619589977220956878e-01
1.148851148851148807e-01 2.487512487512487380e-01 3.006993006993006756e-01 3.166833166833166735e-01 3.236763236763236518e-01 3.386613386613386845e-01 3.466533466533466279e-01 3.546453546453546268e-01 3.606393606393606399e-01 3.676323676323676182e-01
8.846487424111014464e-02 1.899392888117953093e-01 2.211621856027753685e-01 2.411101474414570622e-01 2.532523850823937828e-01 2.662619254119688028e-01 2.740676496097138037e-01 2.784041630529054401e-01 2.818733738074588047e-01 2.879444926279271511e-01
1.560975609756097560e-02 6.146341463414634054e-02 1.190243902439024337e-01 1.600000000000000033e-01 1.707317073170731836e-01 1.843902439024390216e-01 1.873170731707317072e-01 1.902439024390243927e-01 1.921951219512195164e-01 1.990243902439024493e-01
7.539410555174777540e-03 3.701165181631254492e-02 6.579849211788896257e-02 7.882111034955449624e-02 8.224811514736120321e-02 8.567511994516792406e-02 8.910212474297464491e-02 9.115832762165866632e-02 9.184372858122001604e-02 9.321453050034270160e-02
2.268041237113401984e-02 8.659793814432989456e-02 1.484536082474226804e-01 1.680412371134020755e-01 1.742268041237113319e-01 1.783505154639175305e-01 1.804123711340206160e-01 1.865979381443299001e-01 1.917525773195876415e-01 1.938144329896907270e-01
5.630769230769230305e-01 7.005128205128204888e-01 7.169230769230768852e-01 7.241025641025641280e-01 7.271794871794872162e-01 7.353846153846154143e-01 7.353846153846154143e-01 7.374358974358974361e-01 7.384615384615385025e-01 7.425641025641025461e-01
3.230769230769230949e-01 4.861538461538461586e-01 5.179487179487179960e-01 5.261538461538461942e-01 5.312820512820513041e-01 5.343589743589743923e-01 5.353846153846153477e-01 5.374358974358974805e-01 5.394871794871795023e-01 5.415384615384615241e-01
1.394871794871794801e-01 3.333333333333333148e-01 3.815384615384615485e-01 3.897435897435897467e-01 3.938461538461538458e-01 3.979487179487179449e-01 4.020512820512820440e-01 4.030769230769230549e-01 4.051282051282051322e-01 4.082051282051282204e-01
9.538461538461538713e-02 2.769230769230769384e-01 3.487179487179487003e-01 3.538461538461538658e-01 3.548717948717948767e-01 3.579487179487179649e-01 3.599999999999999867e-01 3.630769230769230749e-01 3.651282051282051522e-01 3.651282051282051522e-01
7.384615384615385303e-02 2.123076923076923084e-01 2.533333333333333548e-01 2.574358974358974539e-01 2.594871794871794757e-01 2.625641025641025639e-01 2.646153846153846412e-01 2.656410256410256521e-01 2.666666666666666630e-01 2.666666666666666630e-01
8.785762559134940516e-03 2.906059923406172432e-02 4.235188105429150973e-02 5.158819553953593318e-02 5.429150709619283421e-02 5.902230232034241797e-02 6.262671772921829527e-02 6.465420139671096411e-02 6.600585717503942851e-02 6.645640910114890276e-02
0.000000000000000000e+00 0.000000000000000000e+00 0.000000000000000000e+00 2.283105022831050156e-04 6.849315068493150738e-04 1.598173515981735245e-03 2.054794520547945005e-03 2.283105022831050102e-03 5.251141552511415928e-03 9.817351598173516131e-03
0.000000000000000000e+00 0.000000000000000000e+00 0.000000000000000000e+00 0.000000000000000000e+00 0.000000000000000000e+00 0.000000000000000000e+00 1.098599285910464157e-03 2.471848393298544354e-03 5.218346608074704747e-03 2.059873661082120208e-02
0.000000000000000000e+00 3.188521323236349295e-03 1.295336787564766758e-02 2.570745316859306476e-02 2.750099641291351218e-02 3.088880031885213318e-02 3.248306098047031021e-02 3.288162614587485100e-02 3.407732164208848030e-02 3.507373455559983921e-02
9.560229445506691816e-04 3.059273422562141468e-03 1.070745697896749449e-02 2.734225621414913820e-02 3.193116634799235409e-02 3.460803059273422772e-02 3.709369024856596503e-02 3.785850860420650332e-02 3.900573613766730730e-02 4.034416826003824064e-02
2.226935312831389291e-01 3.160127253446447515e-01 3.467656415694591598e-01 3.605514316012725096e-01 3.637327677624602185e-01 3.679745493107104970e-01 3.743372216330859148e-01 3.753976670201484844e-01 3.806998939554612771e-01 3.838812301166489860e-01
1.693121693121693028e-01 2.282690854119425461e-01 2.448979591836734637e-01 2.501889644746787544e-01 2.524565381708238632e-01 2.554799697656840451e-01 2.562358276643991184e-01 2.585034013605442271e-01 2.622826908541194268e-01 2.630385487528344446e-01
1.827293754818812566e-01 2.474942174248265236e-01 2.721665381649961413e-01 2.806476484194294629e-01 2.852737085582112697e-01 2.868157286044718535e-01 2.906707787201233684e-01 2.914417887432536602e-01 2.914417887432536602e-01 2.922127987663839521e-01
2.276632302405498243e-01 3.041237113402061598e-01 3.256013745704467444e-01 3.333333333333333148e-01 3.402061855670103219e-01 3.419243986254295598e-01 3.436426116838487976e-01 3.470790378006872734e-01 3.496563573883161302e-01 3.522336769759450426e-01
2.415611814345991482e-01 3.175105485232067593e-01 3.428270042194092593e-01 3.554852320675105370e-01 3.628691983122362963e-01 3.681434599156118148e-01 3.723628691983122407e-01 3.808016877637130926e-01 3.839662447257383704e-01 3.860759493670886111e-01
1.799640071985602946e-03 2.999400119976004982e-03 3.599280143971205891e-03 5.398920215956808620e-03 5.398920215956808620e-03 5.398920215956808620e-03 5.398920215956808620e-03 5.398920215956808620e-03 5.398920215956808620e-03 5.398920215956808620e-03
5.998800239952009096e-04 5.998800239952009096e-04 5.998800239952009096e-04 5.998800239952009096e-04 5.998800239952009096e-04 5.998800239952009096e-04 5.998800239952009096e-04 5.998800239952009096e-04 5.998800239952009096e-04 5.998800239952009096e-04
5.998800239952009096e-04 1.199760047990401819e-03 1.199760047990401819e-03 1.799640071985602946e-03 1.799640071985602946e-03 1.799640071985602946e-03 1.799640071985602946e-03 1.799640071985602946e-03 1.799640071985602946e-03 2.399520095980803638e-03
1.199760047990401819e-03 1.199760047990401819e-03 1.199760047990401819e-03 1.199760047990401819e-03 1.199760047990401819e-03 1.199760047990401819e-03 1.199760047990401819e-03 1.199760047990401819e-03 1.199760047990401819e-03 1.199760047990401819e-03
5.998800239952009096e-04 5.998800239952009096e-04 5.998800239952009096e-04 5.998800239952009096e-04 5.998800239952009096e-04 5.998800239952009096e-04 5.998800239952009096e-04 5.998800239952009096e-04 5.998800239952009096e-04 5.998800239952009096e-04
8.979591836734693300e-02 1.934693877551020291e-01 2.383673469387755095e-01 2.612244897959183909e-01 2.791836734693877720e-01 2.857142857142856984e-01 2.946938775510203889e-01 3.028571428571428803e-01 3.134693877551020247e-01 3.224489795918367152e-01
9.854604200323101304e-02 2.035541195476575083e-01 2.600969305331179426e-01 2.924071082390953258e-01 3.085621970920839896e-01 3.231017770597738314e-01 3.352180936995153293e-01 3.432956381260097167e-01 3.513731825525040486e-01 3.562197092084006256e-01
4.897959183673469136e-02 1.199999999999999956e-01 1.559183673469387854e-01 1.738775510204081665e-01 1.828571428571428570e-01 1.902040816326530659e-01 1.942857142857142838e-01 2.008163265306122380e-01 2.048979591836734560e-01 2.065306122448979653e-01
2.938775510204081481e-02 7.346938775510204744e-02 9.387755102040816479e-02 1.093877551020408095e-01 1.134693877551020413e-01 1.151020408163265368e-01 1.151020408163265368e-01 1.167346938775510184e-01 1.175510204081632593e-01 1.183673469387755139e-01
1.783492326835338024e-02 3.027789299046039148e-02 4.023226876814599978e-02 4.230609705516383268e-02 4.355039402737453241e-02 4.396515968477809899e-02 4.437992534218166557e-02 4.520945665698879873e-02 4.562422231439236531e-02 4.603898797179593189e-02
8.600583090379008977e-02 1.627186588921282762e-01 1.820335276967930127e-01 1.885932944606414086e-01 1.920553935860058181e-01 1.936953352769679171e-01 1.953352769679300160e-01 1.967930029154519034e-01 1.982507288629737630e-01 1.995262390670553831e-01
2.615042058386937152e-01 4.101929737753587379e-01 4.423552696684809327e-01 4.507669470559129143e-01 4.554675903018307603e-01 4.584364176150420578e-01 4.614052449282533552e-01 4.636318654131618144e-01 4.646214745175655803e-01 4.656110836219693461e-01
2.730356133408705643e-01 4.157716223855285609e-01 4.417750141322780988e-01 4.519502543810062223e-01 4.567552289429056001e-01 4.601469756924816412e-01 4.632560768795929707e-01 4.635387224420576824e-01 4.641040135669869948e-01 4.652345958168456752e-01
5.789356490759296064e-02 1.380538855488755157e-01 1.718993542640837313e-01 1.794700512135381787e-01 1.837007348029392195e-01 1.859274103763081665e-01 1.870407481629926538e-01 1.890447561790247200e-01 1.892674237363616008e-01 1.901580939657092073e-01
2.317693612210288204e-02 1.153193894855850804e-01 2.427925381571509333e-01 3.080836630864895453e-01 3.205200678349349741e-01 3.253250423968343519e-01 3.301300169587337296e-01 3.312605992085924100e-01 3.340870548332391388e-01 3.349349915206331074e-01
2.575250836120401288e-01 3.952390320676765767e-01 4.330120007869368570e-01 4.526854219948849289e-01 4.617351957505410054e-01 4.686208931733228389e-01 4.729490458390714358e-01 4.831792248672043821e-01 4.884910485933504076e-01 4.918355301987015760e-01
9.856384025181978703e-02 1.621089907534920271e-01 1.888648435963014016e-01 2.018493015935471091e-01 2.083415305921699767e-01 2.136533543183159467e-01 2.185717096203029786e-01 2.240802675585284176e-01 2.274247491638795859e-01 2.297855597088333535e-01
2.557544757033248031e-02 4.524886877828054182e-02 5.449537674601612897e-02 5.921699783592366401e-02 6.157780838087743153e-02 6.413535313791068893e-02 6.492228998622860681e-02 6.590596104662600763e-02 6.649616368286445645e-02 6.728310053118237433e-02
1.481408616958489188e-01 2.482785756443045555e-01 2.834939996065315992e-01 2.990360023608105711e-01 3.049380287231949760e-01 3.094629156010230142e-01 3.141845366909305493e-01 3.183159551445996494e-01 3.194963604170765192e-01 3.230375762345071844e-01
6.020066889632107177e-02 1.127287035215423922e-01 1.420421011213850171e-01 1.548298249065512555e-01 1.621089907534920271e-01 1.652567381467637264e-01 1.678142829037969630e-01 1.703718276608302273e-01 1.717489671453865940e-01 1.750934487507377624e-01
9.136592051164915424e-04 1.256281407035175941e-02 1.162631338510735496e-01 2.030607583371402403e-01 2.434901781635449847e-01 2.528551850159890257e-01 2.558245774326176614e-01 2.590223846505253502e-01 2.631338510735495850e-01 2.663316582914572739e-01
1.130965844831486071e-03 4.750056548292241367e-03 5.496494005881022438e-02 1.646686270074643743e-01 2.203121465731734951e-01 2.379552137525446642e-01 2.451933951594661709e-01 2.485862926939606532e-01 2.519791902284551077e-01 2.544673150870843670e-01
2.284148012791228856e-04 1.142074006395614374e-03 1.461854728186386468e-02 8.382823206943809669e-02 1.363636363636363535e-01 1.617176793056190054e-01 1.662859753312014577e-01 1.690269529465509291e-01 1.745089081772498996e-01 1.770214709913202344e-01
4.316857327865314398e-02 1.344701057630045271e-01 1.769911504424778736e-01 1.860565508309950378e-01 1.901575652924670790e-01 1.916684653572199304e-01 1.940427368875458636e-01 1.957694798186919993e-01 1.985754370818044456e-01 1.998704942801640405e-01
2.512562814070351796e-03 2.969392416628597459e-02 7.971676564641388962e-02 1.052992233896756502e-01 1.144358154408405687e-01 1.178620374600274079e-01 1.217450890817724923e-01 1.231155778894472419e-01 1.249428962996802228e-01 1.267702147099132037e-01
1.119047619047619097e-01 1.857142857142857206e-01 2.071428571428571563e-01 2.119047619047619013e-01 2.123809523809523925e-01 2.128571428571428559e-01 2.138095238095238104e-01 2.142857142857142738e-01 2.142857142857142738e-01 2.142857142857142738e-01
1.277842907385697557e-01 2.133645955451348164e-01 2.379835873388042311e-01 2.409144196951934214e-01 2.420867526377491197e-01 2.450175849941383377e-01 2.456037514654161868e-01 2.456037514654161868e-01 2.456037514654161868e-01 2.456037514654161868e-01
1.772616136919315244e-02 5.929095354523227640e-02 8.679706601466992411e-02 9.168704156479218215e-02 9.352078239608802024e-02 9.413202933985330423e-02 9.474327628361858822e-02 9.474327628361858822e-02 9.596577017114914232e-02 9.596577017114914232e-02
2.039870190078813331e-02 1.029207232267037586e-01 1.594807603152526565e-01 1.664348632359758939e-01 1.692165044042651945e-01 1.701437181270282761e-01 1.701437181270282761e-01 1.706073249884098308e-01 1.710709318497913856e-01 1.715345387111729125e-01
1.663893510815307860e-03 3.161397670549084826e-02 8.652246256239601307e-02 1.306156405990016589e-01 1.347753743760399248e-01 1.356073211314475779e-01 1.372712146422628843e-01 1.372712146422628843e-01 1.372712146422628843e-01 1.381031613976705374e-01
1.895006402048655669e-01 3.358941527955612294e-01 3.811352966282543497e-01 3.905249679897567217e-01 3.969270166453264803e-01 4.029022620571916513e-01 4.084507042253521236e-01 4.118651301749893245e-01 4.139991463935125959e-01 4.169867690994451537e-01
1.037131882202304706e-01 2.172428510456679562e-01 2.526675202731540892e-01 2.667520273154075916e-01 2.731540759709774058e-01 2.774221084080238930e-01 2.804097311139564508e-01 2.833973538198890085e-01 2.859581732821169231e-01 2.910798122065727522e-01
4.139991463935126237e-02 1.216389244558258587e-01 1.741357234314980795e-01 1.835253947930004237e-01 1.873666239863422955e-01 1.903542466922748533e-01 1.963294921041399965e-01 1.988903115663679111e-01 2.023047375160051120e-01 2.048655569782330266e-01
3.072983354673495399e-02 9.901835253947929849e-02 1.335894152795561174e-01 1.425522833973538184e-01 1.463935125906956902e-01 1.485275288092189616e-01 1.510883482714468762e-01 1.523687580025608057e-01 1.527955612462654766e-01 1.545027742210840771e-01
2.219376867264191353e-02 6.615450277422108005e-02 9.304310712761416913e-02 1.024327784891165133e-01 1.045667947076397847e-01 1.075544174135723424e-01 1.109688433632095572e-01 1.143832693128467720e-01 1.148100725565514291e-01 1.173708920187793436e-01
1.793785310734463401e-01 2.906073446327683829e-01 3.276836158192090176e-01 3.414548022598870025e-01 3.446327683615819093e-01 3.499293785310734206e-01 3.552259887005649874e-01 3.591101694915254106e-01 3.601694915254237128e-01 3.619350282485875869e-01
1.683304647160068779e-01 2.671256454388984403e-01 2.987951807228915735e-01 3.091222030981067292e-01 3.142857142857142794e-01 3.194492254733218850e-01 3.232358003442341032e-01 3.259896729776247670e-01 3.280550774526678204e-01 3.287435456110154863e-01
1.453744493392070403e-01 2.294137580481192817e-01 2.653337851575737205e-01 2.741443578447983476e-01 2.785496441884107166e-01 2.819383259911894535e-01 2.849881396136902945e-01 2.883768214164689758e-01 2.897322941375805039e-01 2.907488986784140805e-01
1.328719723183391099e-01 2.020761245674740358e-01 2.307958477508650630e-01 2.411764705882352977e-01 2.453287197231834027e-01 2.480968858131487875e-01 2.508650519031142001e-01 2.539792387543252650e-01 2.557093425605536097e-01 2.584775086505190500e-01
1.107582373957919780e-01 1.849940452560539794e-01 2.088130210400952758e-01 2.231044065105200480e-01 2.282651845970623261e-01 2.302500992457324203e-01 2.338229456133386341e-01 2.346169114728066663e-01 2.362048431917427582e-01 2.389837236998809122e-01
8.757763975155279101e-02 2.043478260869565355e-01 2.577639751552794900e-01 2.763975155279503326e-01 2.875776397515528160e-01 2.950310559006211197e-01 3.024844720496894235e-01 3.037267080745341685e-01 3.080745341614906652e-01 3.105590062111800997e-01
5.155279503105589939e-02 2.565217391304348005e-01 3.844720496894409867e-01 4.099378881987577605e-01 4.211180124223602439e-01 4.254658385093167960e-01 4.316770186335403547e-01 4.366459627329192794e-01 4.403726708074534035e-01 4.434782608695652106e-01
2.835203780271706997e-02 1.417601890135853637e-01 1.993502658003543926e-01 2.105729474305965687e-01 2.129356172474896614e-01 2.155936207914943836e-01 2.176609568812758466e-01 2.188422917897223929e-01 2.209096278795038282e-01 2.229769639692852912e-01
9.354254677127337922e-03 3.771876885938443141e-02 5.944477972238985941e-02 6.578153289076645038e-02 6.729028364514182126e-02 6.789378394689196683e-02 6.849728424864212628e-02 6.879903439951720601e-02 6.910078455039227185e-02 7.000603500301749715e-02
1.041381200328857226e-02 6.275691970402849651e-02 1.104412167717182813e-01 1.197588380378185741e-01 1.238695533022746015e-01 1.263359824609482096e-01 1.288024116196218039e-01 1.301726500411071463e-01 1.304466977254042093e-01 1.320909838311866147e-01
4.591970611388086765e-03 3.384938336394647390e-02 1.166360535292574191e-01 1.699029126213592311e-01 1.755444765153502951e-01 1.786932563631592752e-01 1.806612437680398808e-01 1.826292311729204865e-01 1.838100236158488610e-01 1.856468118604041040e-01
1.958991772234556453e-03 3.434765573984589065e-02 8.815462975055504691e-02 1.121849288232989461e-01 1.157111140133211397e-01 1.181925035914849209e-01 1.193678986548256521e-01 1.205432937181663833e-01 1.219798876844717245e-01 1.227634843933655545e-01
4.018215912135011838e-04 1.285829091883203788e-02 5.344227163139565751e-02 6.509509777658720187e-02 6.603268148941869586e-02 6.683632467184570658e-02 6.804178944548620878e-02 6.871149209750870845e-02 6.991695687114921065e-02 7.005089740155370781e-02
1.205464773640503714e-03 1.660862577015805031e-02 5.853201178676667449e-02 6.951513527993570529e-02 7.072060005357620749e-02 7.192606482721670969e-02 7.232788641843021504e-02 7.286364854004821756e-02 7.326547013126172292e-02 7.380123225287972544e-02
1.018729435585927628e-01 2.045051885598582753e-01 2.436092128575044202e-01 2.518349784864591379e-01 2.551252847380410249e-01 2.568969881042774128e-01 2.582890407491774121e-01 2.604403948367501886e-01 2.614527967603138547e-01 2.619589977220956878e-01
3.597122302158273460e-04 1.438848920863309384e-03 5.395683453237410353e-03 2.553956834532374043e-02 3.525179856115107785e-02 3.597122302158273222e-02 3.633093525179856287e-02 3.633093525179856287e-02 3.633093525179856287e-02 3.705035971223021724e-02
0.000000000000000000e+00 2.517985611510791151e-03 1.330935251798561099e-02 4.460431654676259156e-02 6.223021582733812701e-02 7.302158273381295639e-02 7.805755395683453002e-02 8.021582733812950006e-02 8.237410071942445622e-02 8.381294964028776495e-02
0.000000000000000000e+00 3.597122302158273460e-04 4.676258992805755119e-03 3.273381294964029103e-02 5.107913669064748086e-02 5.827338129496403146e-02 6.043165467625899456e-02 6.115107913669064893e-02 6.223021582733812701e-02 6.330935251798561203e-02
3.597122302158273460e-04 2.517985611510791151e-03 2.122302158273381423e-02 1.068345323741007186e-01 1.568345323741007213e-01 1.708633093525179780e-01 1.719424460431654700e-01 1.733812949640287648e-01 1.744604316546762568e-01 1.751798561151079181e-01
0.000000000000000000e+00 0.000000000000000000e+00 0.000000000000000000e+00 3.597122302158273460e-04 1.079136690647482071e-02 2.446043165467625888e-02 3.273381294964029103e-02 3.417266187050359977e-02 3.453237410071942348e-02 3.561151079136690850e-02
3.399840383080606765e-01 5.003990422984836428e-01 5.498802873104549072e-01 5.626496408619313661e-01 5.674381484437350798e-01 5.722266560255386825e-01 5.762170790103751106e-01 5.786113328012769674e-01 5.794094173982442531e-01 5.794094173982442531e-01
2.312680115273775261e-01 3.544668587896253609e-01 3.984149855907780924e-01 4.178674351585014435e-01 4.257925072046109261e-01 4.279538904899135576e-01 4.293948126801152565e-01 4.293948126801152565e-01 4.308357348703170109e-01 4.365994236311239174e-01
1.226277372262773724e-01 2.167883211678832134e-01 2.503649635036496179e-01 2.583941605839416011e-01 2.613138686131387112e-01 2.620437956204379470e-01 2.642335766423357657e-01 2.649635036496350571e-01 2.664233576642335843e-01 2.693430656934306389e-01
4.961565338923829699e-02 1.090146750524109004e-01 1.257861635220125784e-01 1.334730957372466942e-01 1.362683438155136151e-01 1.383647798742138335e-01 1.383647798742138335e-01 1.390635918937805637e-01 1.390635918937805637e-01 1.390635918937805637e-01
1.955782312925170158e-02 6.207482993197278864e-02 7.908163265306122902e-02 8.418367346938775142e-02 8.503401360544217413e-02 8.503401360544217413e-02 8.503401360544217413e-02 8.588435374149659685e-02 8.758503401360544227e-02 8.758503401360544227e-02
4.249291784702549646e-02 1.260623229461756423e-01 1.643059490084985974e-01 1.841359773371104847e-01 1.912181303116147202e-01 1.997167138810198306e-01 2.053824362606232190e-01 2.053824362606232190e-01 2.053824362606232190e-01 2.096317280453257881e-01
0.000000000000000000e+00 1.416430594900849925e-03 1.416430594900849925e-03 2.691218130311614706e-02 7.648725212464589640e-02 1.161473087818696848e-01 1.232294617563739342e-01 1.260623229461756423e-01 1.274787535410764894e-01 1.303116147308781836e-01
1.460317460317460403e-01 2.910052910052909891e-01 3.534391534391534417e-01 3.661375661375661505e-01 3.777777777777777679e-01 3.894179894179894408e-01 3.925925925925926041e-01 3.947089947089947315e-01 3.968253968253968034e-01 3.989417989417989308e-01
8.834897846493650758e-03 4.859193815571507397e-02 7.123136388735505642e-02 7.840971838763113877e-02 8.006626173384870371e-02 8.117062396466040441e-02 8.172280508006626865e-02 8.227498619547211900e-02 8.337934842628381971e-02 8.503589177250138464e-02
4.000000000000000083e-03 5.333333333333333676e-02 1.546666666666666745e-01 2.560000000000000053e-01 2.706666666666666665e-01 2.786666666666666736e-01 2.800000000000000266e-01 2.826666666666666772e-01 2.826666666666666772e-01 2.866666666666666807e-01
3.388888888888889062e-01 4.908730158730158499e-01 5.416666666666666297e-01 5.563492063492063711e-01 5.666666666666666519e-01 5.734126984126983739e-01 5.761904761904761418e-01 5.793650793650794162e-01 5.801587301587302070e-01 5.821428571428571841e-01
1.381393475634313250e-01 2.343938783729359598e-01 2.658074909383809636e-01 2.803060813532017859e-01 2.871526379379782390e-01 2.923882400322190822e-01 2.968183648811921205e-01 3.000402738622633958e-01 3.024567055980668662e-01 3.036649214659685736e-01
1.409585179218686979e-01 2.533225936367297648e-01 2.863471606927104340e-01 3.060813532017720440e-01 3.101087394281111798e-01 3.197744663713250057e-01 3.238018525976641415e-01 3.270237615787354168e-01 3.290374546919049292e-01 3.326621022956101625e-01
2.819170358437374235e-02 4.953685058397100383e-02 6.484091824405960325e-02 7.370116794200563815e-02 7.571486105517519216e-02 7.813129279097864865e-02 8.135320177204993786e-02 8.296415626258557552e-02 8.336689488521949187e-02 8.497784937575512954e-02
2.094240837696335206e-02 4.389850986709625119e-02 4.953685058397100383e-02 5.759162303664921295e-02 5.879983890455094814e-02 6.161900926298832099e-02 6.363270237615786806e-02 6.645187273459524091e-02 6.645187273459524091e-02 6.766008860249697610e-02
2.694786174575278248e-02 6.092560046865846263e-02 7.498535442296426490e-02 8.084358523725834744e-02 8.318687756297597768e-02 8.553016988869360793e-02 8.611599297012302590e-02 8.787346221441125205e-02 8.963093145869947820e-02 9.021675454012888229e-02
2.460456942003514877e-02 5.799648506151142136e-02 7.557117750439366899e-02 8.318687756297597768e-02 8.553016988869360793e-02 8.787346221441125205e-02 8.963093145869947820e-02 9.080257762155828638e-02 9.197422378441710844e-02 9.314586994727591662e-02
2.519039250146455633e-02 5.916813122437024342e-02 7.732864674868189514e-02 8.142940831868775153e-02 8.260105448154657359e-02 8.611599297012302590e-02 8.728763913298183408e-02 8.845928529584065614e-02 8.963093145869947820e-02 9.021675454012888229e-02
1.384701284198771587e-01 2.428810720268006762e-01 2.825237297599106912e-01 2.992741485203797014e-01 3.054159687325516681e-01 3.121161362367392278e-01 3.137911781127861732e-01 3.154662199888330631e-01 3.176996091568956015e-01 3.199329983249581399e-01
2.460456942003514877e-02 5.038078500292911266e-02 6.561218512009373005e-02 7.439953134153486081e-02 7.850029291154071720e-02 8.084358523725834744e-02 8.318687756297597768e-02 8.377270064440539565e-02 8.670181605155242999e-02 8.904510837727006023e-02
3.331428571428571295e-01 5.142857142857142350e-01 5.582857142857142740e-01 5.714285714285713969e-01 5.771428571428571797e-01 5.817142857142857393e-01 5.857142857142857428e-01 5.919999999999999707e-01 5.971428571428571974e-01 6.045714285714285374e-01
1.662857142857142867e-01 3.011428571428571566e-01 3.519999999999999796e-01 3.662857142857142700e-01 3.725714285714285534e-01 3.794285714285714484e-01 3.868571428571428439e-01 3.902857142857142914e-01 3.942857142857142949e-01 3.965714285714285747e-01
8.114285714285714157e-02 1.468571428571428528e-01 1.697142857142857064e-01 1.868571428571428605e-01 1.954285714285714237e-01 2.011428571428571510e-01 2.034285714285714308e-01 2.074285714285714344e-01 2.102857142857142980e-01 2.137142857142857177e-01
7.942857142857143171e-02 1.434285714285714330e-01 1.885714285714285843e-01 2.057142857142857106e-01 2.182857142857142774e-01 2.245714285714285607e-01 2.297142857142857042e-01 2.348571428571428477e-01 2.417142857142857149e-01 2.468571428571428583e-01
6.096997690531177905e-02 1.316397228637413430e-01 1.727482678983833786e-01 1.898383371824480248e-01 1.967667436489607402e-01 2.023094688221709070e-01 2.078521939953810738e-01 2.143187066974595878e-01 2.161662817551963101e-01 2.184757505773672059e-01
3.095166616631642165e-01 4.905433803662563874e-01 5.436805764034824406e-01 5.613929750825578102e-01 5.664965475833083630e-01 5.728009606724707714e-01 5.764034824377064492e-01 5.785049534674272520e-01 5.845091564094866410e-01 5.890123086160312660e-01
1.454601605929586039e-01 2.418159357628165418e-01 2.831995058678196675e-01 3.017294626312538863e-01 3.125386040765905094e-01 3.187152563310685638e-01 3.239654107473749489e-01 3.289067325509573703e-01 3.360098826436071495e-01 3.415688696726374429e-01
5.064854848672020043e-02 9.542927733168622695e-02 1.099444101297096937e-01 1.170475602223594869e-01 1.216800494132180416e-01 1.247683755404570688e-01 1.272390364422482933e-01 1.306361951822112288e-01 1.327980234712785590e-01 1.355775169857937057e-01
7.936998147004323267e-02 1.423718344657195767e-01 1.741815935762816570e-01 1.856084002470660965e-01 1.905497220506485456e-01 1.927115503397158758e-01 1.957998764669549030e-01 1.973440395305744166e-01 1.991970352069178385e-01 2.004323656578134716e-01
3.211859172328598161e-02 6.238418777022853440e-02 8.214947498455836550e-02 9.079678814082767224e-02 9.326744904261889679e-02 9.604694255713402962e-02 9.759110562075355710e-02 9.882643607164916244e-02 1.016059295861642953e-01 1.022235948116121118e-01
9.883953581432572411e-02 2.340936374549819898e-01 2.845138055222088957e-01 2.951180472188875692e-01 2.971188475390156292e-01 2.979191676670668310e-01 2.983193277310924318e-01 2.985194077631052600e-01 2.987194877951180327e-01 2.989195678271308609e-01
1.420064131928538628e-02 4.825164147198045261e-02 6.535348908230263765e-02 7.069781646052832047e-02 7.146129180027485650e-02 7.207207207207207145e-02 7.222476714002137865e-02 7.222476714002137865e-02 7.222476714002137865e-02 7.253015727591999307e-02
9.116561753852833044e-03 2.821792923811591164e-02 4.167571087475580721e-02 4.666811373996092999e-02 4.818754069893640274e-02 4.905578467549381178e-02 4.905578467549381178e-02 4.905578467549381178e-02 4.905578467549381178e-02 4.948990666377252323e-02
1.782531194295900075e-03 8.403361344537814762e-03 1.196842373312961491e-02 1.273236567354214463e-02 1.324166030048382937e-02 1.349630761395467261e-02 1.375095492742551585e-02 1.400560224089635909e-02 1.400560224089635909e-02 1.400560224089635909e-02
7.639419404125286344e-04 1.782531194295900075e-03 3.565062388591800149e-03 3.565062388591800149e-03 3.565062388591800149e-03 3.565062388591800149e-03 3.565062388591800149e-03 3.565062388591800149e-03 3.565062388591800149e-03 3.565062388591800149e-03
