1.047619047619047644e-01 2.511904761904761862e-01 3.047619047619047894e-01 3.285714285714285698e-01 3.309523809523809423e-01 3.369047619047619291e-01 3.404761904761904878e-01 3.440476190476190466e-01 3.488095238095237915e-01 3.535714285714285920e-01
2.380952380952381167e-03 3.571428571428571317e-03 9.523809523809524669e-03 1.547619047619047672e-02 1.785714285714285615e-02 2.023809523809523905e-02 2.142857142857142877e-02 2.261904761904761849e-02 2.261904761904761849e-02 2.261904761904761849e-02
1.190476190476190584e-03 2.380952380952381167e-03 5.952380952380952051e-03 7.142857142857142634e-03 9.523809523809524669e-03 9.523809523809524669e-03 9.523809523809524669e-03 9.523809523809524669e-03 9.523809523809524669e-03 9.523809523809524669e-03
4.761904761904762334e-03 9.523809523809524669e-03 1.190476190476190410e-02 1.309523809523809555e-02 1.309523809523809555e-02 1.309523809523809555e-02 1.309523809523809555e-02 1.309523809523809555e-02 1.428571428571428527e-02 1.547619047619047672e-02
1.190476190476190584e-03 2.380952380952381167e-03 4.761904761904762334e-03 5.952380952380952051e-03 7.142857142857142634e-03 7.142857142857142634e-03 8.333333333333333218e-03 8.333333333333333218e-03 8.333333333333333218e-03 8.333333333333333218e-03
1.300578034682080830e-01 2.062861271676300623e-01 2.276011560693641522e-01 2.308526011560693703e-01 2.341040462427745605e-01 2.369942196531791834e-01 2.409682080924855363e-01 2.449421965317919170e-01 2.485549132947976747e-01 2.521676300578034602e-01
5.153241117439652519e-02 7.892595606183888668e-02 8.326552752915650224e-02 8.407919717927854475e-02 8.543531326281529614e-02 8.624898291293735253e-02 8.706265256305939504e-02 8.814754542988879893e-02 8.950366151342555032e-02 8.977488473013289783e-02
1.183572020357438802e-04 4.734288081429755208e-04 9.468576162859510415e-04 2.130429636643389572e-03 3.432358859036572282e-03 4.615930879394011463e-03 5.089359687536986442e-03 5.444431293644217892e-03 5.917860101787193738e-03 6.391288909930169584e-03
2.695417789757412544e-03 5.390835579514825088e-03 7.187780772686433450e-03 7.957900141188550824e-03 8.214606597355922704e-03 8.728019509690668198e-03 8.728019509690668198e-03 8.856372737774355006e-03 9.113079193941726885e-03 9.241432422025413693e-03
2.719406674907292806e-02 6.767614338689741105e-02 9.487021013597032870e-02 1.106304079110012328e-01 1.134116192830655068e-01 1.158838071693448768e-01 1.183559950556242329e-01 1.205191594561186713e-01 1.226823238566130958e-01 1.260815822002472053e-01
8.900523560209423757e-02 1.396160558464223378e-01 1.570680628272251300e-01 1.623036649214659732e-01 1.623036649214659732e-01 1.623036649214659732e-01 1.657940663176265261e-01 1.657940663176265261e-01 1.657940663176265261e-01 1.675392670157068165e-01
3.689567430025444961e-02 5.089058524173027676e-02 5.852417302798982451e-02 6.361323155216284941e-02 6.488549618320610390e-02 6.488549618320610390e-02 6.488549618320610390e-02 6.488549618320610390e-02 6.488549618320610390e-02 6.488549618320610390e-02
2.970297029702970160e-02 5.280528052805280592e-02 5.720572057205720873e-02 6.270627062706270183e-02 6.270627062706270183e-02 6.270627062706270183e-02 6.270627062706270183e-02 6.270627062706270183e-02 6.270627062706270183e-02 6.270627062706270183e-02
1.448040885860306728e-02 2.810902896081771823e-02 3.066439522998296377e-02 3.321976149914820930e-02 3.407155025553662564e-02 3.407155025553662564e-02 3.407155025553662564e-02 3.407155025553662564e-02 3.407155025553662564e-02 3.407155025553662564e-02
9.884678747940691193e-03 1.400329489291598020e-02 1.565074135090609511e-02 1.565074135090609511e-02 1.565074135090609511e-02 1.565074135090609511e-02 1.565074135090609511e-02 1.565074135090609511e-02 1.565074135090609511e-02 1.565074135090609511e-02
2.253086419753086433e-01 2.880658436213991980e-01 2.942386831275720094e-01 2.962962962962962798e-01 2.962962962962962798e-01 2.983539094650205503e-01 3.024691358024691468e-01 3.045267489711934172e-01 3.055555555555555802e-01 3.086419753086419582e-01
1.848928974069898590e-01 2.266065388951521986e-01 2.344983089064261450e-01 2.373167981961668560e-01 2.373167981961668560e-01 2.390078917700112771e-01 2.401352874859075670e-01 2.406989853438556981e-01 2.429537767756482503e-01 2.429537767756482503e-01
2.152777777777777901e-01 2.809343434343434254e-01 2.897727272727272929e-01 2.910353535353535359e-01 2.935606060606060774e-01 2.948232323232323204e-01 2.960858585858585634e-01 2.960858585858585634e-01 2.973484848484848619e-01 2.986111111111111049e-01
3.087797619047619180e-01 3.876488095238095344e-01 3.973214285714285476e-01 3.988095238095238360e-01 4.002976190476190688e-01 4.010416666666666852e-01 4.047619047619047672e-01 4.069940476190476164e-01 4.084821428571428492e-01 4.092261904761904656e-01
2.860082304526748720e-01 3.621399176954732679e-01 3.672839506172839719e-01 3.724279835390946758e-01 3.755144032921810537e-01 3.775720164609053242e-01 3.816872427983539207e-01 3.837448559670781911e-01 3.858024691358024616e-01 3.858024691358024616e-01
1.560135663970780018e-01 2.663709887816331778e-01 3.002869814766501166e-01 3.193321158361596690e-01 3.266370988781633344e-01 3.315940516566657781e-01 3.370727889381685549e-01 3.407252804591703876e-01 3.462040177406731090e-01 3.498565092616749417e-01
6.078789459953039265e-02 1.228802504565614379e-01 1.505348291155752805e-01 1.625358726845812785e-01 1.695799634750847773e-01 1.737542394990868877e-01 1.755804852595878041e-01 1.792329767805896090e-01 1.823636837985911918e-01 1.860161753195929968e-01
5.817897208452908753e-02 1.095747456300547873e-01 1.414036003130706987e-01 1.575789199060787793e-01 1.693190712235846662e-01 1.761022697625880540e-01 1.797547612835898867e-01 1.841899295590921082e-01 1.888859900860944407e-01 1.956691886250978285e-01
6.522306287503261066e-03 1.460996608400730486e-02 2.165405687451082625e-02 2.713279415601356492e-02 2.895903991651447781e-02 3.104617792851552260e-02 3.313331594051656392e-02 3.365510044351682772e-02 3.652491521001826474e-02 3.704669971301852160e-02
6.000521784502999868e-03 1.330550482650665230e-02 1.982781111400991336e-02 2.243673362901121848e-02 2.556744064701278393e-02 2.739368640751369682e-02 2.921993216801460971e-02 3.104617792851552260e-02 3.208974693451604326e-02 3.287242368901643896e-02
5.619686800894854728e-02 1.507829977628635243e-01 2.008053691275167862e-01 2.161968680089485506e-01 2.241610738255033486e-01 2.315883668903803150e-01 2.370469798657718064e-01 2.437583892617449788e-01 2.487695749440715920e-01 2.525279642058165797e-01
4.216470588235294442e-02 9.430588235294116994e-02 1.188705882352941168e-01 1.266823529411764682e-01 1.311058823529411832e-01 1.341176470588235359e-01 1.362823529411764656e-01 1.384470588235294231e-01 1.408941176470588363e-01 1.430588235294117661e-01
2.663529411764705909e-02 5.788235294117646812e-02 7.303529411764705936e-02 7.877647058823529502e-02 8.131764705882353617e-02 8.376470588235293557e-02 8.668235294117647427e-02 8.941176470588235725e-02 9.101176470588234757e-02 9.355294117647058871e-02
5.552941176470588616e-03 1.204705882352941244e-02 1.590588235294117594e-02 1.722352941176470698e-02 1.788235294117647076e-02 1.872941176470588331e-02 1.948235294117647148e-02 1.985882352941176557e-02 2.098823529411764782e-02 2.174117647058823599e-02
1.882352941176470694e-04 5.647058823529411270e-04 8.470588235294117989e-04 8.470588235294117989e-04 9.411764705882353201e-04 9.411764705882353201e-04 9.411764705882353201e-04 9.411764705882353201e-04 1.035294117647058733e-03 1.035294117647058733e-03
2.564995357474466123e-02 7.486072423398328068e-02 1.007428040854224660e-01 1.050371402042711289e-01 1.063138347260909888e-01 1.088672237697307366e-01 1.099117920148560829e-01 1.110724233983286929e-01 1.123491179201485668e-01 1.136258124419684268e-01
1.050834099566530858e-03 2.233022461578878289e-03 8.406672796532246861e-03 1.303034283462498333e-01 2.738736371995271202e-01 3.176146065939839946e-01 3.218179429922500834e-01 3.269407592276369345e-01 3.312754498883488941e-01 3.374491002233022674e-01
5.254170497832654288e-04 1.313542624458163572e-03 8.538027058978063868e-03 2.810981216340470087e-02 4.124523840798633573e-02 4.413503218179429949e-02 4.492315775646919807e-02 4.649940890581899522e-02 4.728753448049389380e-02 4.833836858006042292e-02
1.313542624458163572e-03 2.758439511362143718e-03 4.597399185603572719e-03 4.177065545776960376e-02 1.915145146460002501e-01 3.286483646394325331e-01 3.406016025220018340e-01 3.462498358071719462e-01 3.509785892552213515e-01 3.568895310652830943e-01
3.682337056585245974e-04 7.364674113170491948e-04 1.718423959739781527e-03 1.853442985147907285e-02 5.842641463115257061e-02 8.727138824107033566e-02 8.886706763225726835e-02 9.058549159199705270e-02 9.242666012028967482e-02 9.365410580581809419e-02
1.167076167076167015e-02 2.825552825552825678e-02 3.685503685503685456e-02 4.054054054054054279e-02 4.299754299754299930e-02 4.606879606879606820e-02 4.852579852579852471e-02 4.975429975429975643e-02 5.036855036855036882e-02 5.282555282555282533e-02
3.931203931203931107e-02 7.186732186732186500e-02 8.783783783783784271e-02 9.336609336609336118e-02 9.766584766584766875e-02 1.013513513513513570e-01 1.050368550368550313e-01 1.056511056511056507e-01 1.081081081081081141e-01 1.093366093366093389e-01
1.167076167076167015e-02 2.457002457002456855e-02 3.009828009828009743e-02 3.194103194103194154e-02 3.316953316953316633e-02 3.624078624078624217e-02 3.624078624078624217e-02 3.746928746928746695e-02 3.869778869778869868e-02 3.869778869778869868e-02
5.528255528255528010e-03 1.044226044226044189e-02 1.289926289926289840e-02 1.412776412776412839e-02 1.474201474201474252e-02 1.597051597051597077e-02 1.597051597051597077e-02 1.719901719901719903e-02 1.719901719901719903e-02 1.719901719901719903e-02
2.457002457002456942e-03 5.528255528255528010e-03 7.371007371007371259e-03 8.599508599508599513e-03 9.828009828009827767e-03 1.167076167076167015e-02 1.167076167076167015e-02 1.289926289926289840e-02 1.412776412776412839e-02 1.597051597051597077e-02
2.292445774121166790e-01 3.081525804038893201e-01 3.283470456245325408e-01 3.365744203440538262e-01 3.414360508601346211e-01 3.440538519072550705e-01 3.455497382198952638e-01 3.470456245325355127e-01 3.496634255796559620e-01 3.519072550486163076e-01
2.305134835611377941e-01 3.088289619504986927e-01 3.243442925748060701e-01 3.317325452530476282e-01 3.365349094939046881e-01 3.409678611008496452e-01 3.439231621721463017e-01 3.457702253417067051e-01 3.476172885112671085e-01 3.502031769486516621e-01
2.446851183313277223e-01 3.281187324508624270e-01 3.481748896911351920e-01 3.557962294424388272e-01 3.606097071801042664e-01 3.650220617729643124e-01 3.686321700762134057e-01 3.702366626554352003e-01 3.714400320898516017e-01 3.742478941034897977e-01
2.527040314650934039e-01 3.279252704031465071e-01 3.500491642084562205e-01 3.559488692232055107e-01 3.628318584070796549e-01 3.662733529990166992e-01 3.682399213372664626e-01 3.711897738446410799e-01 3.731563421828908433e-01 3.775811209439527971e-01
1.150442477876106179e-01 1.548672566371681325e-01 1.676499508357915391e-01 1.720747295968534929e-01 1.745329400196656833e-01 1.774827925270403284e-01 1.804326450344149457e-01 1.814159292035398274e-01 1.823992133726647091e-01 1.853490658800393265e-01
5.390855457227138325e-01 7.173672566371681603e-01 7.444690265486725300e-01 7.512905604719763986e-01 7.551622418879055942e-01 7.575589970501475090e-01 7.592182890855456723e-01 7.603244837758111885e-01 7.614306784660767047e-01 7.623525073746312275e-01
5.356215213358070937e-01 7.100185528756957076e-01 7.404452690166976048e-01 7.460111317254174423e-01 7.487940630797773611e-01 7.513914656771799594e-01 7.519480519480519209e-01 7.530612244897959551e-01 7.539888682745825577e-01 7.552875695732839123e-01
3.117808219178082041e-01 4.599086757990867302e-01 4.942465753424657438e-01 5.073972602739725835e-01 5.099543378995433640e-01 5.123287671232876761e-01 5.145205479452055197e-01 5.145205479452055197e-01 5.147031963470319882e-01 5.156164383561643305e-01
4.708541293907147866e-03 1.120632827949901052e-02 1.393728222996515678e-02 1.544401544401544438e-02 1.582069874752801628e-02 1.600904039928430223e-02 1.638572370279687412e-02 1.638572370279687412e-02 1.647989452867501536e-02 1.647989452867501536e-02
1.277766856693532578e-03 2.260664438765480448e-03 2.948692746215844478e-03 3.145272262630234138e-03 3.145272262630234138e-03 3.145272262630234138e-03 3.243562020837428752e-03 3.341851779044623365e-03 3.341851779044623365e-03 3.341851779044623365e-03
5.500550055005500906e-03 9.167583425009166731e-03 9.534286762009534788e-03 1.063439677301063375e-02 1.063439677301063375e-02 1.063439677301063375e-02 1.063439677301063375e-02 1.063439677301063375e-02 1.100110011001100181e-02 1.173450678401173446e-02
3.202562049639711556e-03 1.561248999199359513e-02 1.841473178542834405e-02 2.081665332265812685e-02 2.201761409127301825e-02 2.241793434747798089e-02 2.241793434747798089e-02 2.281825460368294700e-02 2.361889511609287576e-02 2.401921537229783840e-02
2.688809806247528800e-02 5.377619612495057599e-02 6.880189798339264584e-02 7.433768287860814672e-02 7.591933570581257951e-02 7.868722815342032995e-02 8.066429418742586399e-02 8.105970739422696525e-02 8.185053380782918164e-02 8.422301304863583082e-02
3.841438496117695334e-02 8.949734368614629954e-02 1.119738455251328146e-01 1.201471189211279073e-01 1.234164282795259526e-01 1.258684102983244901e-01 1.275030649775235059e-01 1.287290559869227746e-01 1.295463833265222686e-01 1.311810380057212844e-01
2.048340843916427682e-03 4.506349856616140639e-03 6.554690700532568755e-03 8.193363375665710727e-03 8.603031544448996870e-03 9.832036050798853566e-03 9.832036050798853566e-03 9.832036050798853566e-03 9.832036050798853566e-03 9.832036050798853566e-03
3.286567939724603649e-02 6.871914783060535659e-02 8.404780462457780987e-02 8.976357495453364532e-02 9.223174850610547926e-02 9.495972979994804497e-02 9.586905689789555762e-02 9.716809560924916100e-02 9.963626916082099494e-02 1.006755001299038665e-01
2.624058196934268491e-02 5.066250974279033759e-02 6.183424266043128364e-02 6.521174330995063717e-02 6.651078202130424055e-02 6.819953234606390691e-02 6.949857105741751029e-02 6.975837879968822819e-02 7.027799428422966399e-02 7.105741751104183157e-02
2.689010132501948661e-02 5.066250974279033759e-02 6.131462717588984090e-02 6.469212782540920137e-02 6.729020524811639425e-02 6.923876331514679239e-02 6.949857105741751029e-02 7.066770589763575472e-02 7.105741751104183157e-02 7.196674460898934422e-02
4.546635489737594488e-03 1.156144453104702464e-02 1.675759937646141909e-02 1.701740711873213699e-02 1.727721486100285836e-02 1.792673421667965658e-02 1.831644583008573690e-02 1.831644583008573690e-02 1.844634970122109585e-02 1.857625357235645480e-02
0.000000000000000000e+00 0.000000000000000000e+00 0.000000000000000000e+00 0.000000000000000000e+00 0.000000000000000000e+00 0.000000000000000000e+00 0.000000000000000000e+00 0.000000000000000000e+00 0.000000000000000000e+00 0.000000000000000000e+00
2.167786689789724577e-03 5.311077389984825668e-03 6.503360069369174164e-03 6.774333405592889573e-03 6.936917407327118992e-03 7.045306741816604983e-03 7.207890743550834402e-03 7.262085410795577831e-03 7.316280078040321259e-03 7.370474745285063821e-03
7.786039630941721202e-05 1.401487133569509925e-03 2.452602483746642477e-03 2.958695059757854382e-03 3.036555456067271432e-03 3.036555456067271432e-03 3.036555456067271432e-03 3.075485654221980173e-03 3.075485654221980173e-03 3.114415852376688481e-03
0.000000000000000000e+00 3.779575175750245599e-04 9.322952100183939288e-04 1.259858391916748605e-03 1.259858391916748605e-03 1.285055559755083439e-03 1.285055559755083439e-03 1.310252727593418489e-03 1.335449895431753539e-03 1.385844231108423422e-03
0.000000000000000000e+00 6.921213519437074090e-05 4.614142346291383269e-04 1.384242703887414872e-03 1.499596262544699481e-03 1.522666974276156489e-03 1.545737686007613281e-03 1.568808397739070290e-03 1.568808397739070290e-03 1.614949821201984090e-03
0.000000000000000000e+00 6.893382352941176375e-05 5.974264705882353400e-04 3.860294117647058987e-03 4.871323529411764747e-03 5.032169117647059160e-03 5.124080882352941187e-03 5.170036764705882200e-03 5.215992647058823213e-03 5.238970588235293720e-03
1.395738203957382073e-01 2.039573820395738091e-01 2.207001522070015098e-01 2.264840182648401867e-01 2.290715372907153602e-01 2.333333333333333370e-01 2.372907153729071628e-01 2.395738203957382129e-01 2.421613394216133863e-01 2.442922374429223609e-01
1.217656012176560228e-03 1.522070015220700068e-03 1.978691019786910262e-03 2.130898021308980182e-03 2.130898021308980182e-03 2.283105022831050102e-03 2.283105022831050102e-03 2.435312024353120455e-03 2.435312024353120455e-03 2.891933028919330215e-03
1.978691019786910262e-03 3.348554033485540409e-03 3.805175038051750169e-03 4.109589041095890009e-03 4.261796042617960363e-03 4.414003044140030717e-03 4.870624048706240911e-03 4.870624048706240911e-03 4.870624048706240911e-03 5.022831050228310397e-03
1.369863013698630148e-03 3.196347031963470489e-03 3.652968036529680249e-03 3.652968036529680249e-03 3.805175038051750169e-03 3.805175038051750169e-03 4.261796042617960363e-03 4.261796042617960363e-03 4.261796042617960363e-03 4.718417047184170557e-03
9.210712767464927786e-03 1.714609607481932738e-02 2.026356808842284113e-02 2.125549100184214238e-02 2.125549100184214238e-02 2.139719427518775585e-02 2.153889754853337279e-02 2.168060082187898627e-02 2.196400736857021321e-02 2.196400736857021321e-02
3.723150357995226867e-01 6.496420047732697212e-01 6.744630071599044818e-01 6.782816229116944706e-01 6.830548926014319289e-01 6.902147971360381717e-01 6.959427207637230994e-01 7.026252983293556076e-01 7.116945107398567893e-01 7.159904534606205129e-01
2.391408114558472575e-01 4.558472553699284280e-01 4.825775656324582386e-01 4.887828162291169565e-01 4.940334128878281494e-01 4.988066825775656077e-01 5.035799522673031214e-01 5.097852028639617838e-01 5.159904534606205573e-01 5.207637231503580155e-01
1.403341288782816165e-01 2.653937947494033334e-01 2.844868735083532219e-01 2.906921241050119398e-01 2.959427207637231327e-01 3.021479713603818507e-01 3.059665871121718395e-01 3.093078758949880935e-01 3.131264916467780268e-01 3.169451073985680156e-01
6.587112171837708474e-02 1.594272076372315050e-01 1.818615751789976198e-01 1.856801909307875809e-01 1.890214797136038072e-01 1.914081145584725641e-01 1.937947494033412932e-01 1.961813842482100223e-01 1.990453460620525139e-01 2.028639618138424749e-01
2.959427207637231605e-02 4.534606205250596433e-02 5.107398568019093366e-02 5.250596658711217252e-02 5.346062052505966278e-02 5.346062052505966278e-02 5.346062052505966278e-02 5.393794749403341138e-02 5.441527446300715998e-02 5.441527446300715998e-02
1.729581331503088626e-01 2.745367192862045447e-01 3.081674673987646051e-01 3.205216197666437838e-01 3.287577213452299030e-01 3.328757721345230181e-01 3.376801647220315505e-01 3.424845573095401385e-01 3.452299245024021968e-01 3.514070006863417861e-01
5.524079320113314123e-02 8.144475920679886127e-02 9.702549575070822108e-02 9.985835694050991529e-02 1.033994334277620331e-01 1.055240793201133176e-01 1.083569405099150118e-01 1.083569405099150118e-01 1.097733711048158589e-01 1.104815864022662825e-01
1.545253863134657922e-02 1.766004415011037526e-02 2.133922001471670257e-02 2.207505518763797081e-02 2.207505518763797081e-02 2.207505518763797081e-02 2.207505518763797081e-02 2.354672553348050035e-02 2.501839587932303335e-02 2.575423105224429812e-02
2.207505518763797081e-02 2.722590139808682766e-02 2.796173657100809590e-02 2.943340691685062543e-02 2.943340691685062543e-02 3.164091243561441974e-02 3.164091243561441974e-02 3.164091243561441974e-02 3.237674760853569145e-02 3.458425312729948575e-02
1.324503311258278145e-02 1.692420897718911049e-02 1.839587932303164003e-02 1.839587932303164003e-02 1.839587932303164003e-02 1.839587932303164003e-02 1.839587932303164003e-02 1.839587932303164003e-02 1.913171449595290827e-02 1.913171449595290827e-02
1.559220389805097418e-01 2.248875562218890511e-01 2.406296851574212803e-01 2.473763118440779618e-01 2.496251874062968557e-01 2.503748125937031443e-01 2.556221889055472207e-01 2.563718140929535094e-01 2.586206896551724310e-01 2.616191904047975858e-01
9.145427286356822005e-02 1.236881559220389809e-01 1.289355322338830712e-01 1.304347826086956486e-01 1.319340329835082537e-01 1.326836581709145424e-01 1.334332833583208311e-01 1.334332833583208311e-01 1.356821589205397249e-01 1.364317841079460136e-01
3.973013493253373107e-02 5.997001499250374790e-02 6.071964017991004353e-02 6.071964017991004353e-02 6.146926536731633917e-02 6.221889055472264174e-02 6.221889055472264174e-02 6.221889055472264174e-02 6.221889055472264174e-02 6.221889055472264174e-02
1.124437781109445360e-02 2.173913043478260809e-02 2.173913043478260809e-02 2.323838080959520283e-02 2.323838080959520283e-02 2.398800599700149846e-02 2.398800599700149846e-02 2.398800599700149846e-02 2.548725637181409320e-02 2.623688155922038884e-02
9.745127436281858860e-03 1.349325337331334397e-02 1.424287856071963961e-02 1.649175412293853171e-02 1.649175412293853171e-02 1.649175412293853171e-02 1.649175412293853171e-02 1.649175412293853171e-02 1.649175412293853171e-02 1.724137931034482735e-02
5.125899280575539896e-01 7.194244604316546443e-01 7.625899280575539896e-01 7.679856115107913661e-01 7.751798561151078681e-01 7.787769784172662302e-01 7.841726618705036067e-01 7.859712230215827322e-01 7.877697841726618577e-01 7.895683453237409832e-01
4.296435272045028286e-01 6.210131332082551303e-01 6.848030018761726012e-01 6.998123827392119800e-01 7.054409005628518026e-01 7.148217636022513588e-01 7.148217636022513588e-01 7.166979362101313367e-01 7.166979362101313367e-01 7.260787992495310039e-01
3.969754253308128700e-01 5.746691871455577028e-01 6.351606805293005253e-01 6.540642722117202545e-01 6.654064272211720477e-01 6.672967863894140317e-01 6.691871455576559047e-01 6.691871455576559047e-01 6.748582230623818567e-01 6.786389413988658248e-01
2.901639344262295084e-01 4.590163934426229608e-01 5.229508196721311952e-01 5.409836065573770947e-01 5.426229508196721563e-01 5.491803278688525136e-01 5.540983606557376984e-01 5.573770491803278215e-01 5.573770491803278215e-01 5.622950819672131173e-01
3.333333333333333148e-01 5.168350168350168694e-01 5.824915824915825047e-01 6.010101010101009944e-01 6.077441077441076978e-01 6.127946127946127808e-01 6.161616161616161325e-01 6.161616161616161325e-01 6.195286195286194841e-01 6.228956228956229468e-01
2.792665726375176405e-01 3.921015514809590985e-01 4.294781382228490818e-01 4.421720733427362271e-01 4.527503526093089037e-01 4.612129760225670005e-01 4.654442877291960490e-01 4.710860366713681135e-01 4.767277856135401781e-01 4.830747531734838063e-01
2.313218390804597790e-01 3.541666666666666852e-01 3.900862068965517127e-01 4.022988505747126520e-01 4.159482758620689502e-01 4.209770114942528729e-01 4.274425287356322101e-01 4.324712643678160773e-01 4.382183908045976795e-01 4.475574712643677899e-01
1.655580192165558018e-01 2.690317812269031883e-01 3.008130081300813274e-01 3.215077605321507992e-01 3.288987435328898923e-01 3.348115299334811779e-01 3.407243163340724079e-01 3.481152993348115565e-01 3.532889874353288828e-01 3.569844789356984571e-01
1.746268656716417900e-01 2.708955223880596952e-01 3.067164179104477362e-01 3.261194029850746356e-01 3.380597014925373345e-01 3.485074626865671821e-01 3.559701492537313272e-01 3.611940298507462788e-01 3.671641791044776282e-01 3.783582089552238736e-01
2.126865671641791078e-01 3.156716417910447881e-01 3.589552238805970297e-01 3.753731343283582267e-01 3.888059701492537212e-01 4.000000000000000222e-01 4.097014925373134164e-01 4.134328358208955168e-01 4.208955223880597174e-01 4.261194029850746134e-01
5.195283714075165510e-02 9.506263817243920666e-02 1.072218128224023542e-01 1.098010316875460551e-01 1.105379513633013983e-01 1.116433308769344129e-01 1.123802505526897560e-01 1.134856300663227707e-01 1.149594694178334570e-01 1.160648489314664716e-01
5.082463816896667930e-02 9.861999326825984791e-02 1.154493436553349073e-01 1.194883877482329215e-01 1.218444968024234298e-01 1.228542578256479334e-01 1.245371928643554393e-01 1.252103668798384417e-01 1.282396499495119524e-01 1.292494109727364560e-01
2.717931720251905853e-02 7.325157441166721406e-02 9.081869406695393387e-02 9.545906529665230955e-02 9.943652635067948276e-02 1.024196221411998731e-01 1.037454424925422641e-01 1.040768975803778584e-01 1.054027179317202495e-01 1.063970831952270463e-01
1.344743276283618533e-02 4.156479217603911702e-02 5.990220048899755345e-02 6.387530562347187857e-02 6.509779951100244655e-02 6.693154034229828464e-02 6.815403422982885262e-02 6.937652811735940672e-02 7.059902200488997470e-02 7.212713936430317774e-02
1.190830604346531686e-02 3.810657933908901535e-02 5.686216135754688927e-02 6.132777612384638505e-02 6.460256028579934584e-02 6.668651384340577859e-02 6.787734444775231357e-02 6.906817505209883468e-02 6.996129800535873244e-02 7.085442095861863021e-02
1.339200761179828725e-01 1.631779257849667042e-01 1.681731684110371050e-01 1.703139866793529911e-01 1.722169362511893342e-01 1.726926736441484200e-01 1.729305423406279629e-01 1.731684110371075058e-01 1.736441484300665916e-01 1.743577545195052203e-01
2.346795258187663324e-01 2.975688165561583554e-01 3.084187261402451252e-01 3.112316656620454092e-01 3.138436809322885379e-01 3.144464536869600035e-01 3.152501506931886799e-01 3.162547719509744559e-01 3.170584689572031323e-01 3.182640144665461190e-01
2.422152560083594697e-01 3.042842215256008620e-01 3.145245559038662431e-01 3.189132706374085413e-01 3.218390804597701105e-01 3.230929989550679338e-01 3.239289446185997789e-01 3.251828631138976022e-01 3.262277951933124087e-01 3.281086729362591159e-01
2.281160799238820258e-01 2.909134157944814336e-01 3.006660323501427201e-01 3.044719314938154064e-01 3.063748810656517496e-01 3.078020932445290070e-01 3.097050428163653502e-01 3.106565176022835217e-01 3.108943862987630924e-01 3.132730732635585214e-01
1.253568030447193282e-01 1.619885823025689897e-01 1.691246431969552766e-01 1.712654614652711627e-01 1.724548049476688771e-01 1.729305423406279629e-01 1.748334919124643061e-01 1.755470980019029625e-01 1.779257849666983915e-01 1.788772597526165631e-01
2.599944087223930722e-02 5.157953592395862763e-02 5.982667039418507193e-02 6.276209113782499349e-02 6.374056471903830068e-02 6.443947441990495462e-02 6.499860218059826111e-02 6.555772994129158149e-02 6.597707576181156830e-02 6.723511322337154261e-02
1.083591331269349867e-02 2.441057394617766191e-02 2.857823291259823859e-02 3.036437246963562611e-02 3.131698023338889969e-02 3.215051202667301711e-02 3.238866396761133637e-02 3.274589187901881526e-02 3.346034770183377305e-02 3.369849964277208537e-02
5.280305583642287172e-03 1.123469273115380342e-02 1.415571284125379144e-02 1.505448825974609571e-02 1.527918211436917265e-02 1.606561060554993758e-02 1.606561060554993758e-02 1.617795753286147692e-02 1.640265138748455212e-02 1.673969216941916666e-02
1.952277657266811382e-03 4.555314533622559746e-03 6.507592190889370694e-03 6.832971800433839185e-03 6.941431670281995349e-03 7.049891540130151513e-03 7.049891540130151513e-03 7.049891540130151513e-03 7.049891540130151513e-03 7.158351409978307676e-03
1.812173542266282914e-03 5.969512845112461517e-03 7.888284831041467160e-03 8.634473936680524958e-03 8.847670824005969548e-03 9.274064598656860461e-03 9.380663042319582756e-03 9.487261485982305051e-03 9.593859929645027346e-03 9.807056816970471935e-03
2.935779816513761457e-03 1.871559633027522832e-02 3.963302752293577924e-02 5.064220183486238536e-02 5.357798165137614421e-02 5.724770642201834625e-02 5.761467889908256784e-02 5.908256880733944727e-02 6.018348623853211204e-02 6.091743119266054829e-02
2.898550724637681195e-03 9.661835748792270070e-03 1.159420289855072478e-02 1.256038647342995127e-02 1.304347826086956451e-02 1.400966183574879273e-02 1.400966183574879273e-02 1.497584541062801922e-02 1.497584541062801922e-02 1.594202898550724570e-02
0.000000000000000000e+00 1.449275362318840597e-03 3.381642512077294872e-03 4.830917874396135035e-03 5.797101449275362389e-03 5.797101449275362389e-03 5.797101449275362389e-03 5.797101449275362389e-03 6.280193236714975633e-03 6.280193236714975633e-03
0.000000000000000000e+00 9.661835748792270287e-04 3.864734299516908115e-03 4.830917874396135035e-03 5.314009661835749146e-03 6.280193236714975633e-03 7.246376811594202987e-03 7.246376811594202987e-03 7.729468599033816230e-03 7.729468599033816230e-03
6.500956022944550348e-03 1.223709369024856587e-02 1.414913957934990467e-02 1.414913957934990467e-02 1.529636711281070691e-02 1.529636711281070691e-02 1.644359464627151088e-02 1.644359464627151088e-02 1.682600382409177656e-02 1.720841300191204570e-02
3.715053763440860357e-01 5.338709677419354316e-01 5.666666666666666519e-01 5.747311827956989028e-01 5.833333333333333703e-01 5.919354838709677269e-01 5.994623655913978721e-01 6.080645161290322287e-01 6.155913978494623739e-01 6.236559139784946248e-01
5.600870038064165168e-02 1.060358890701468132e-01 1.256117455138662242e-01 1.359434475258292641e-01 1.424687330070690539e-01 1.462751495377922761e-01 1.517128874388254389e-01 1.571506253398586295e-01 1.609570418705818518e-01 1.647634584013050463e-01
5.437737901033170597e-03 1.522566612289287698e-02 1.576943991299619222e-02 1.631321370309950919e-02 1.740076128330614313e-02 1.740076128330614313e-02 1.848830886351277708e-02 1.903208265361609405e-02 1.957585644371941103e-02 1.957585644371941103e-02
3.969548667754214250e-02 7.177814029363784043e-02 8.809135399673735656e-02 1.000543773790103369e-01 1.065796628602501406e-01 1.109298531810766764e-01 1.136487221315932578e-01 1.179989124524197935e-01 1.212615551930397023e-01 1.272430668841761925e-01
3.806416530723219244e-03 7.069059271343121516e-03 7.069059271343121516e-03 8.156606851549754594e-03 8.156606851549754594e-03 8.156606851549754594e-03 8.156606851549754594e-03 9.244154431756388540e-03 9.787928221859705513e-03 9.787928221859705513e-03
2.336680704027642719e-01 3.407839326206673070e-01 3.658352229780801323e-01 3.740416801641291422e-01 3.790087463556851555e-01 3.849476298455890566e-01 3.893747975380628668e-01 3.928301479321887335e-01 3.962854983263146558e-01 3.996328690206241152e-01
1.525753158406219501e-01 2.414426087895475692e-01 2.639023863513659252e-01 2.694093510420040860e-01 2.749163157326422469e-01 2.799913616240146674e-01 2.825828744196091091e-01 2.845265090163049404e-01 2.879818594104308627e-01 2.906813519058417117e-01
1.122988878090918907e-01 1.884245761796782270e-01 2.079689018464528638e-01 2.147716229348882455e-01 2.183349530288305751e-01 2.220062628225893397e-01 2.253536335168988269e-01 2.285930245113918513e-01 2.308605982075369878e-01 2.339920095022135771e-01
6.770327178490444242e-02 1.274160457833927174e-01 1.441528992549400701e-01 1.487960263470467503e-01 1.523593564409891077e-01 1.550588489363999567e-01 1.567865241334629178e-01 1.579743008314436759e-01 1.599179354281395071e-01 1.609977324263038578e-01
3.282582874419608804e-02 6.835114998380303897e-02 8.141669366159162702e-02 8.433214555663534617e-02 8.605982075369830731e-02 8.778749595076125456e-02 8.886729294892560527e-02 9.005506964690637717e-02 9.113486664507072788e-02 9.199870424360220844e-02
1.448435689455388198e-01 2.624565469293163589e-01 3.314020857473928272e-01 3.551564310544612080e-01 3.580533024333719672e-01 3.621089223638470633e-01 3.638470451911934855e-01 3.696407879490150594e-01 3.742757821552722963e-01 3.771726535341830555e-01
4.004903964037596908e-02 1.336330200245198219e-01 1.977932161830813218e-01 2.190437270126685820e-01 2.247650183898651510e-01 2.288516550878626765e-01 2.308949734368614670e-01 2.333469554556600045e-01 2.353902738046587673e-01 2.374335921536575300e-01
1.789857474312230717e-02 6.629101756711965054e-02 1.073914484587338430e-01 1.236327477626781579e-01 1.269472986410341286e-01 1.305933046072257075e-01 1.322505800464037207e-01 1.332449453099105174e-01 1.339078554855817060e-01 1.355651309247596914e-01
8.795875037913254008e-03 3.002729754322110839e-02 4.701243554746739606e-02 5.368516833484986150e-02 5.429178040643008879e-02 5.489839247801030914e-02 5.611161662117076371e-02 5.671822869275098405e-02 5.702153472854110117e-02 5.702153472854110117e-02
9.121313469139556230e-04 2.128306476132563012e-03 7.905138339920948082e-03 1.155366372757677187e-02 1.337792642140468204e-02 1.429005776831863798e-02 1.581027667984189616e-02 1.641836424445120013e-02 1.854667072058376401e-02 1.945880206749771996e-02
3.690036900369003583e-03 8.856088560885608599e-03 1.476014760147601433e-02 1.992619926199262065e-02 2.140221402214022295e-02 2.583025830258302638e-02 2.804428044280442636e-02 2.878228782287822751e-02 2.952029520295202866e-02 3.025830258302582981e-02
3.768844221105527477e-03 2.261306532663316660e-02 4.020100502512562873e-02 4.459798994974874253e-02 4.773869346733668195e-02 5.087939698492462137e-02 5.276381909547738641e-02 5.276381909547738641e-02 5.276381909547738641e-02 5.339195979899497707e-02
2.214022140221402150e-03 4.428044280442804299e-03 1.254612546125461262e-02 2.287822878228782178e-02 2.804428044280442636e-02 3.173431734317343211e-02 3.247232472324722979e-02 3.616236162361623901e-02 3.616236162361623901e-02 3.616236162361623901e-02
0.000000000000000000e+00 7.352941176470588133e-03 1.691176470588235184e-02 2.941176470588235253e-02 3.235294117647059126e-02 3.749999999999999861e-02 3.823529411764706176e-02 3.823529411764706176e-02 4.044117647058823733e-02 4.264705882352941291e-02
2.610966057441253298e-03 2.023498694516971327e-02 4.634464751958224799e-02 6.853785900783289364e-02 7.637075718015666481e-02 8.159268929503916967e-02 8.485639686684072480e-02 8.616187989556135796e-02 8.812010443864229381e-02 8.942558746736292696e-02
1.133536079623997765e-02 3.400608238871993122e-02 5.474149847940282254e-02 6.414155377384572754e-02 6.662980370472768032e-02 6.690627591927011952e-02 6.690627591927011952e-02 6.718274813381255872e-02 6.718274813381255872e-02 6.773569256289742324e-02
0.000000000000000000e+00 1.039861351819757352e-03 1.733102253032928848e-03 2.426343154246100343e-03 2.426343154246100343e-03 3.119584055459272056e-03 3.119584055459272056e-03 3.119584055459272056e-03 3.119584055459272056e-03 3.466204506065857695e-03
1.103057043807122682e-02 8.036558462023321581e-02 1.402458241411912998e-01 1.597856917743460392e-01 1.657737157264418393e-01 1.667191931925622317e-01 1.673495115033091785e-01 1.676646706586826241e-01 1.679798298140560975e-01 1.689253072801764899e-01
7.697241821680564366e-03 7.697241821680564366e-02 1.513790891597177612e-01 1.760744066709429012e-01 1.783194355355997296e-01 1.802437459910198880e-01 1.815266196279666511e-01 1.818473380372033488e-01 1.824887748556767164e-01 1.837716484926234795e-01
4.125674389082831239e-03 3.332275468105363320e-02 7.172326245636305442e-02 8.822596001269437938e-02 9.108219612821326361e-02 9.203427483338622039e-02 9.203427483338622039e-02 9.235163440177721061e-02 9.266899397016820084e-02 9.362107267534115762e-02
6.711409395973154000e-04 4.921700223713646773e-03 2.505592841163311116e-02 7.651006711409395755e-02 2.483221476510067138e-01 4.501118568232662098e-01 4.718120805369127591e-01 4.762863534675615407e-01 4.805369127516778693e-01 4.832214765100671383e-01
6.453278265358802215e-04 5.420753742901393557e-03 1.613319566339700695e-02 7.847186370676303979e-02 1.445534331440371800e-01 1.552658750645327934e-01 1.578471863706762957e-01 1.592669075890552344e-01 1.599122354155911307e-01 1.614610221992772432e-01
3.915937867119174834e-04 1.174781360135752559e-03 6.396031849627985960e-03 1.775225166427359461e-02 3.367706565722490553e-02 6.513509985641560696e-02 7.662185093329852703e-02 7.727450724448504948e-02 7.753556976895967234e-02 7.792716355567158582e-02
0.000000000000000000e+00 0.000000000000000000e+00 0.000000000000000000e+00 0.000000000000000000e+00 4.218519299725796267e-04 1.476481754904028585e-03 1.392111368909512703e-02 3.395908036279265962e-02 3.627926597764184746e-02 3.670111790761442644e-02
4.980079681274900312e-04 3.486055776892430218e-03 1.543824701195219140e-02 2.365537848605577670e-02 2.626992031872510056e-02 2.763944223107569695e-02 2.838645418326693134e-02 2.913346613545816574e-02 2.950697211155378641e-02 2.988047808764940361e-02
3.157431838170624561e-01 4.828496042216358641e-01 5.470536499560246790e-01 5.628847845206684797e-01 5.795954265611257261e-01 5.848724714160070670e-01 5.875109938434476264e-01 5.927880386983289673e-01 6.007036059806508677e-01 6.077396657871592112e-01
1.676470588235293990e-01 3.039215686274509554e-01 3.588235294117647078e-01 3.803921568627450789e-01 3.931372549019607754e-01 4.058823529411764719e-01 4.088235294117646967e-01 4.117647058823529216e-01 4.225490196078431349e-01 4.313725490196078649e-01
4.901960784313725422e-03 1.372549019607843118e-02 1.960784313725490169e-02 2.058823529411764677e-02 2.156862745098039186e-02 2.254901960784313694e-02 2.450980392156862711e-02 2.450980392156862711e-02 2.647058823529411728e-02 2.941176470588235253e-02
1.406250000000000000e-01 2.369791666666666574e-01 2.760416666666666852e-01 2.960069444444444198e-01 3.029513888888888951e-01 3.125000000000000000e-01 3.159722222222222099e-01 3.185763888888888951e-01 3.255208333333333148e-01 3.307291666666666852e-01
1.107843137254901911e-01 1.754901960784313597e-01 2.196078431372548989e-01 2.333333333333333370e-01 2.411764705882352977e-01 2.470588235294117752e-01 2.500000000000000000e-01 2.509803921568627416e-01 2.558823529411764497e-01 2.588235294117647300e-01
2.647137150466045141e-01 4.237017310252996216e-01 4.753661784287616654e-01 4.932090545938748183e-01 5.038615179760319585e-01 5.161118508655127002e-01 5.233022636484686574e-01 5.326231691078562314e-01 5.374167776298268695e-01 5.435419440745672404e-01
7.723035952063914134e-02 1.432756324900133216e-01 1.723035952063914911e-01 1.832223701731025278e-01 1.872170439414114484e-01 1.917443408788282178e-01 1.965379494007989392e-01 2.005326231691078598e-01 2.029294274300932066e-01 2.053262316910785534e-01
1.358189081225033221e-02 2.609853528628495317e-02 3.462050599201065004e-02 3.701731025299600381e-02 3.888149134487350195e-02 4.154460719041278005e-02 4.181091877496671133e-02 4.340878828229027819e-02 4.447403462050598943e-02 4.580559254327563196e-02
6.125166444740346577e-03 1.145139813581890799e-02 1.571238348868175816e-02 1.784287616511318411e-02 1.944074567243675097e-02 2.103861517976032131e-02 2.210386151797603255e-02 2.237017310252996036e-02 2.316910785619174379e-02 2.343541944074567160e-02
7.856191744340879080e-02 1.416777629826897478e-01 1.675099866844207697e-01 1.773635153129161091e-01 1.824234354194407548e-01 1.842876165113182529e-01 1.880159786950732492e-01 1.901464713715046717e-01 1.922769640479360942e-01 1.962716378162450148e-01
2.760387023335230672e-01 3.357996585088218744e-01 3.466135458167330929e-01 3.523050654524758074e-01 3.557199772339214583e-01 3.597040409789413751e-01 3.631189527603870260e-01 3.653955606146841451e-01 3.710870802504268595e-01 3.733636881047239786e-01
2.286627110908261151e-01 2.930168872660885437e-01 3.071656777727065357e-01 3.117298037425833002e-01 3.149246919214970242e-01 3.181195801004107482e-01 3.208580556823368291e-01 3.235965312642629099e-01 3.263350068461889353e-01 3.277042446371519757e-01
3.035522066738428615e-01 3.778256189451022484e-01 3.966630785791173119e-01 4.020452099031216475e-01 4.095801937567276618e-01 4.122712594187298296e-01 4.160387513455328090e-01 4.192680301399354104e-01 4.230355220667384453e-01 4.251883745963401240e-01
2.136363636363636243e-01 2.987012987012986898e-01 3.175324675324675550e-01 3.266233766233766489e-01 3.344155844155843882e-01 3.383116883116882856e-01 3.422077922077921830e-01 3.461038961038960804e-01 3.499999999999999778e-01 3.538961038961038752e-01
1.509666803784450728e-01 1.764705882352941291e-01 1.801727684080625391e-01 1.818181818181818232e-01 1.838749485808309214e-01 1.855203619909502333e-01 1.863430686960098615e-01 1.871657754010695174e-01 1.875771287535993315e-01 1.879884821061291733e-01
7.341065922771986343e-04 1.468213184554397269e-02 7.708119218910586268e-02 1.383056819850242147e-01 1.604757010717956234e-01 1.698722654529437603e-01 1.772133313757157658e-01 1.822052562032007161e-01 1.854353252092203752e-01 1.883717515783291663e-01
2.949024013481252749e-03 4.985254879932593530e-02 1.624771801713242592e-01 2.290408650470439622e-01 2.475775874174975522e-01 2.617609886251930917e-01 2.708889200954922027e-01 2.774891166970930856e-01 2.840893132986940239e-01 2.899873613256565008e-01
2.936426369108794537e-03 7.047423285861107063e-03 8.662457788870944406e-03 9.543385699603583114e-03 9.837028336514461527e-03 1.042431361033622009e-02 1.101159888415798038e-02 1.189252679489061736e-02 1.203934811334605830e-02 1.277345470562325606e-02
3.376890324475113891e-03 4.977242695639406966e-02 1.441785347232418246e-01 1.857289678461312710e-01 2.017324915577742017e-01 2.123036264865658385e-01 2.174423726325062367e-01 2.225811187784466350e-01 2.269857583321098216e-01 2.310967552488621402e-01
4.991924827484951234e-03 4.786374981647335131e-02 1.017471736896197326e-01 1.280281896931434460e-01 1.349287916605491078e-01 1.403611804434003740e-01 1.474086037292614837e-01 1.526941711936573298e-01 1.559242401996769889e-01 1.597415944795184395e-01
9.090909090909091161e-02 1.753246753246753276e-01 2.121212121212121271e-01 2.424242424242424310e-01 2.597402597402597157e-01 2.792207792207792028e-01 2.878787878787879007e-01 2.943722943722943963e-01 3.116883116883116811e-01 3.246753246753246724e-01
2.306079664570230559e-02 5.031446540880503415e-02 5.450733752620545020e-02 5.660377358490566169e-02 6.289308176100628922e-02 6.289308176100628922e-02 6.708595387840671220e-02 7.127882599580712131e-02 7.127882599580712131e-02 7.337526205450733974e-02
7.246376811594202987e-03 1.086956521739130405e-02 1.449275362318840597e-02 1.449275362318840597e-02 1.449275362318840597e-02 1.449275362318840597e-02 1.630434782608695607e-02 2.173913043478260809e-02 2.173913043478260809e-02 2.173913043478260809e-02
0.000000000000000000e+00 1.757469244288224850e-03 1.757469244288224850e-03 5.272407732864674984e-03 5.272407732864674984e-03 5.272407732864674984e-03 7.029876977152899400e-03 7.029876977152899400e-03 7.029876977152899400e-03 8.787346221441125552e-03
1.831501831501831500e-03 1.831501831501831500e-03 1.831501831501831500e-03 1.831501831501831500e-03 1.831501831501831500e-03 1.831501831501831500e-03 5.494505494505494934e-03 7.326007326007326001e-03 7.326007326007326001e-03 7.326007326007326001e-03
7.871949619522435136e-04 5.116767252689583163e-03 1.364471267383888728e-02 1.967987404880608762e-02 2.072946733140907868e-02 2.099186565205982818e-02 2.125426397271057422e-02 2.125426397271057422e-02 2.151666229336132372e-02 2.177906061401206975e-02
5.223978059292151482e-04 9.011362152278960466e-03 2.207130730050933798e-02 2.690348700535457813e-02 2.781768316573070277e-02 2.820948152017761432e-02 2.860127987462452587e-02 2.886247877758913241e-02 2.912367768055374243e-02 2.925427713203604396e-02
0.000000000000000000e+00 1.339405304045004127e-04 1.071524243236003301e-03 1.205464773640503714e-03 1.205464773640503714e-03 1.205464773640503714e-03 1.205464773640503714e-03 1.205464773640503714e-03 1.205464773640503714e-03 1.205464773640503714e-03
6.697026520225019550e-04 5.089740155371015248e-03 1.580498258773104653e-02 1.955531743905705722e-02 2.009107956067505973e-02 2.049290115188856162e-02 2.062684168229306225e-02 2.062684168229306225e-02 2.062684168229306225e-02 2.062684168229306225e-02
2.277904328018223127e-03 4.176157934700075805e-03 4.935459377372816703e-03 5.188559858263730624e-03 5.568210579600101073e-03 5.568210579600101073e-03 5.694760820045558468e-03 5.694760820045558468e-03 5.694760820045558468e-03 5.694760820045558468e-03
1.078921078921078885e-01 2.277722277722277755e-01 2.667332667332667495e-01 2.817182817182817267e-01 2.917082917082917115e-01 3.056943056943056680e-01 3.156843156843157083e-01 3.246753246753246724e-01 3.376623376623376638e-01 3.426573426573426562e-01
8.499566348655680781e-02 1.803989592367736261e-01 2.090199479618386758e-01 2.298352124891587245e-01 2.411101474414570622e-01 2.558542931483087646e-01 2.653946227233304200e-01 2.697311361665221119e-01 2.775368603642671128e-01 2.862098872506504965e-01
9.756097560975609748e-03 4.585365853658536495e-02 8.878048780487804437e-02 1.160975609756097621e-01 1.268292682926829285e-01 1.375609756097561087e-01 1.414634146341463283e-01 1.434146341463414520e-01 1.473170731707316994e-01 1.531707317073170704e-01
4.797806716929403810e-03 2.124742974640164359e-02 3.701165181631254492e-02 4.866346812885537915e-02 4.934886908841672193e-02 5.071967100753940749e-02 5.209047292666210000e-02 5.277587388622344278e-02 5.346127484578478556e-02 5.346127484578478556e-02
1.649484536082474265e-02 6.494845360824742786e-02 1.082474226804123751e-01 1.268041237113401998e-01 1.309278350515463984e-01 1.360824742268041121e-01 1.412371134020618535e-01 1.453608247422680522e-01 1.505154639175257658e-01 1.546391752577319645e-01
5.323076923076922595e-01 6.615384615384615197e-01 6.789743589743589824e-01 6.871794871794871806e-01 6.892307692307692024e-01 6.984615384615384670e-01 6.994871794871795334e-01 7.025641025641025106e-01 7.066666666666666652e-01 7.097435897435897534e-01
2.492307692307692280e-01 3.733333333333333504e-01 4.010256410256410331e-01 4.061538461538461431e-01 4.092307692307692313e-01 4.143589743589743413e-01 4.184615384615384404e-01 4.225641025641025394e-01 4.225641025641025394e-01 4.256410256410256276e-01
9.025641025641026327e-02 2.092307692307692202e-01 2.358974358974358920e-01 2.399999999999999911e-01 2.430769230769230793e-01 2.471794871794871784e-01 2.482051282051282171e-01 2.482051282051282171e-01 2.492307692307692280e-01 2.523076923076922884e-01
5.641025641025641107e-02 1.476923076923077061e-01 1.815384615384615374e-01 1.846153846153846256e-01 1.856410256410256365e-01 1.876923076923076861e-01 1.876923076923076861e-01 1.876923076923076861e-01 1.876923076923076861e-01 1.876923076923076861e-01
3.282051282051282048e-02 7.692307692307692735e-02 9.128205128205128804e-02 9.128205128205128804e-02 9.230769230769231282e-02 9.435897435897436236e-02 9.435897435897436236e-02 9.435897435897436236e-02 9.435897435897436236e-02 9.435897435897436236e-02
5.857175039423293678e-03 1.667042126605091171e-02 2.703311556656904854e-02 3.401667042126604867e-02 3.739580986708718191e-02 4.145077720207254041e-02 4.325298490651047212e-02 4.528046857400315484e-02 4.708267627844109349e-02 4.753322820455057468e-02
0.000000000000000000e+00 0.000000000000000000e+00 0.000000000000000000e+00 2.283105022831050156e-04 6.849315068493150738e-04 1.598173515981735245e-03 2.054794520547945005e-03 2.283105022831050102e-03 4.109589041095890009e-03 7.534246575342466029e-03
0.000000000000000000e+00 0.000000000000000000e+00 0.000000000000000000e+00 2.746498214776160393e-04 2.746498214776160393e-04 8.239494644328481179e-04 1.098599285910464157e-03 1.922548750343312275e-03 4.119747322164240590e-03 1.180994232353749056e-02
7.971303308090873238e-04 4.384216819449979902e-03 1.335193304105221183e-02 2.451175767237943545e-02 2.710243124750896793e-02 2.929453965723395614e-02 3.128736548425667396e-02 3.208449581506576248e-02 3.328019131127939179e-02 3.407732164208848030e-02
1.147227533460803105e-03 3.250478011472275174e-03 1.013384321223709424e-02 2.657743785850860338e-02 3.269598470363288545e-02 3.690248565965582872e-02 4.015296367112810433e-02 4.225621414913957596e-02 4.397705544933078192e-02 4.531548757170172220e-02
2.152704135737009417e-01 3.022269353128314018e-01 3.287380699893955316e-01 3.425238600212088813e-01 3.478260869565217295e-01 3.563096500530222865e-01 3.669141039236479274e-01 3.711558854718982059e-01 3.785790031813361378e-01 3.849416755037115556e-01
1.360544217687074953e-01 1.859410430839002204e-01 1.995464852607709838e-01 2.033257747543461835e-01 2.048374905517762745e-01 2.063492063492063378e-01 2.071050642479213832e-01 2.078609221466364287e-01 2.108843537414966107e-01 2.131519274376417195e-01
1.603700848111025423e-01 2.158828064764841959e-01 2.367000771010023263e-01 2.436391673091750087e-01 2.474942174248265236e-01 2.505782575173477467e-01 2.513492675404780385e-01 2.536622976098689142e-01 2.544333076329992060e-01 2.567463377023901372e-01
2.061855670103092675e-01 2.766323024054982982e-01 2.955326460481099704e-01 3.032646048109965409e-01 3.101374570446735479e-01 3.118556701030927858e-01 3.118556701030927858e-01 3.161512027491408805e-01 3.187285223367697373e-01 3.221649484536082686e-01
2.278481012658227778e-01 3.006329113924050556e-01 3.270042194092827037e-01 3.417721518987341667e-01 3.491561181434599259e-01 3.554852320675105370e-01 3.639240506329113889e-01 3.723628691983122407e-01 3.776371308016877593e-01 3.786919831223628519e-01
0.000000000000000000e+00 0.000000000000000000e+00 0.000000000000000000e+00 0.000000000000000000e+00 0.000000000000000000e+00 0.000000000000000000e+00 0.000000000000000000e+00 0.000000000000000000e+00 0.000000000000000000e+00 0.000000000000000000e+00
0.000000000000000000e+00 0.000000000000000000e+00 0.000000000000000000e+00 0.000000000000000000e+00 0.000000000000000000e+00 0.000000000000000000e+00 0.000000000000000000e+00 0.000000000000000000e+00 0.000000000000000000e+00 0.000000000000000000e+00
0.000000000000000000e+00 0.000000000000000000e+00 0.000000000000000000e+00 0.000000000000000000e+00 0.000000000000000000e+00 0.000000000000000000e+00 0.000000000000000000e+00 0.000000000000000000e+00 0.000000000000000000e+00 0.000000000000000000e+00
0.000000000000000000e+00 0.000000000000000000e+00 0.000000000000000000e+00 0.000000000000000000e+00 0.000000000000000000e+00 0.000000000000000000e+00 0.000000000000000000e+00 0.000000000000000000e+00 0.000000000000000000e+00 0.000000000000000000e+00
0.000000000000000000e+00 0.000000000000000000e+00 0.000000000000000000e+00 0.000000000000000000e+00 0.000000000000000000e+00 0.000000000000000000e+00 0.000000000000000000e+00 0.000000000000000000e+00 0.000000000000000000e+00 0.000000000000000000e+00
8.979591836734693300e-02 1.967346938775510201e-01 2.424489795918367274e-01 2.653061224489796088e-01 2.897959183673469163e-01 3.028571428571428803e-01 3.191836734693877520e-01 3.289795918367346972e-01 3.420408163265306056e-01 3.526530612244898055e-01
9.693053311793214943e-02 1.954765751211631764e-01 2.520193861066236107e-01 2.794830371567043614e-01 2.980613893376413692e-01 3.190630048465266655e-01 3.327948303715670408e-01 3.416801292407108392e-01 3.562197092084006256e-01 3.691437802907915899e-01
2.448979591836734568e-02 6.775510204081632015e-02 9.061224489795918768e-02 1.004081632653061190e-01 1.061224489795918324e-01 1.151020408163265368e-01 1.191836734693877548e-01 1.232653061224489727e-01 1.273469387755102045e-01 1.306122448979591955e-01
8.163265306122449716e-03 2.040816326530612082e-02 2.775510204081632626e-02 3.265306122448979886e-02 3.755102040816326453e-02 4.000000000000000083e-02 4.081632653061224164e-02 4.408163265306122569e-02 4.489795918367346650e-02 4.734693877551020280e-02
8.295313148071340251e-03 1.327250103691414267e-02 1.576109498133554387e-02 1.783492326835338024e-02 1.866445458316051340e-02 1.866445458316051340e-02 1.949398589796764655e-02 2.032351721277478318e-02 2.073828287017834976e-02 2.115304852758191634e-02
7.835276967930028535e-02 1.421282798833819194e-01 1.590743440233236272e-01 1.649052478134110655e-01 1.678206997084548124e-01 1.712827988338192498e-01 1.738338192419825179e-01 1.752915451895043775e-01 1.763848396501457860e-01 1.778425655976676456e-01
2.629886194952993361e-01 4.096981692231568273e-01 4.435922810489856261e-01 4.544779811974269945e-01 4.609104403760514446e-01 4.675903018307768222e-01 4.737753587333003447e-01 4.789708065314201013e-01 4.821870361207323263e-01 4.866402770905492448e-01
2.687959299039004990e-01 4.089881288863764786e-01 4.335782928208027354e-01 4.454494064443188517e-01 4.527981910684002465e-01 4.601469756924816412e-01 4.660825325042396994e-01 4.689089881288863726e-01 4.751271905031090870e-01 4.790842283776144961e-01
4.854152749944332795e-02 1.084391004230683547e-01 1.340458695168114112e-01 1.391672233355600030e-01 1.420619015809396479e-01 1.451792473836562014e-01 1.471832553996882675e-01 1.494099309730572145e-01 1.509686038744154912e-01 1.520819416610999786e-01
2.091577162238552820e-02 1.051441492368569847e-01 2.235726399095534223e-01 2.840587902769926565e-01 2.970604861503674532e-01 3.046919163369135042e-01 3.100621820237422499e-01 3.134539287733182356e-01 3.179762577727529571e-01 3.210853589598643421e-01
2.567381467637221970e-01 3.974031084005508752e-01 4.402911666338776286e-01 4.654731457800511674e-01 4.800314774739327106e-01 4.939996065315758189e-01 5.050167224080267525e-01 5.180011804052724322e-01 5.268542199488490674e-01 5.339366515837103977e-01
9.521935864646861869e-02 1.577808380877434580e-01 1.867007672634271032e-01 2.002754278969112733e-01 2.101121385008853093e-01 2.169978359236671150e-01 2.244737359826873835e-01 2.317529018296281829e-01 2.382451308282510227e-01 2.425732834939996196e-01
2.105056069250442821e-02 3.757623450718079738e-02 4.426519771788314100e-02 4.839661617155223416e-02 5.134762935274444356e-02 5.351170568561872815e-02 5.429864253393665297e-02 5.587251623057249567e-02 5.882352941176470507e-02 6.039740310840054777e-02
1.430257721817824179e-01 2.421798150698406538e-01 2.799527837891009341e-01 2.964784576037772790e-01 3.041510918748770442e-01 3.106433208734998841e-01 3.167420814479637858e-01 3.224473735982687495e-01 3.271689946881762845e-01 3.324808184143222545e-01
5.370843989769821109e-02 1.030887271296478391e-01 1.316151878811725462e-01 1.453865827267361854e-01 1.526657485736769571e-01 1.573873696635844921e-01 1.611253196930946263e-01 1.660436749950816582e-01 1.678142829037969630e-01 1.717489671453865940e-01
1.598903608953860253e-03 1.301964367291000464e-02 1.148926450433988139e-01 2.028323435358611315e-01 2.444038373686615029e-01 2.576518958428506423e-01 2.622201918684330946e-01 2.663316582914572739e-01 2.702147099132024000e-01 2.754682503426221785e-01
1.130965844831486071e-03 4.750056548292241367e-03 5.247681520018095125e-02 1.637638543315991790e-01 2.175978285455779371e-01 2.356932820628817038e-01 2.422528839629043140e-01 2.460981678353313662e-01 2.508482243836236414e-01 2.544673150870843670e-01
2.284148012791228856e-04 9.136592051164915424e-04 1.370488807674737249e-02 7.925993604385564439e-02 1.313385107354956560e-01 1.587482868889903975e-01 1.628597533120146323e-01 1.651439013248058585e-01 1.703974417542256647e-01 1.749657377798081448e-01
4.208935894668681260e-02 1.331750485646449322e-01 1.772069933088711302e-01 1.890783509605007684e-01 1.953377940859054585e-01 1.990071228145909865e-01 2.037556658752428251e-01 2.069933088711418123e-01 2.108784804662205969e-01 2.145478091949060973e-01
2.055733211512106133e-03 2.626770214709913190e-02 7.172224760164458424e-02 9.661946094106897698e-02 1.050708085883965276e-01 1.078117862037459990e-01 1.116948378254910973e-01 1.132937414344449556e-01 1.167199634536317948e-01 1.199177706715395114e-01
6.904761904761905211e-02 1.185714285714285776e-01 1.280952380952380953e-01 1.309523809523809590e-01 1.314285714285714224e-01 1.323809523809523769e-01 1.328571428571428681e-01 1.328571428571428681e-01 1.328571428571428681e-01 1.328571428571428681e-01
6.154747948417350206e-02 1.002344665885111369e-01 1.113716295427901459e-01 1.137162954279015287e-01 1.154747948417350484e-01 1.172332942555685820e-01 1.172332942555685820e-01 1.178194607268464311e-01 1.178194607268464311e-01 1.178194607268464311e-01
5.501222493887530755e-03 1.528117359413202862e-02 2.689486552567237065e-02 2.872860635696821568e-02 2.872860635696821568e-02 2.933985330073349621e-02 2.995110024449877673e-02 3.117359413202934124e-02 3.178484107579462176e-02 3.178484107579462176e-02
1.205377839592025949e-02 5.609643022716736399e-02 9.272137227630969369e-02 9.689383402874363060e-02 9.921186833565136254e-02 1.006026889197960128e-01 1.006026889197960128e-01 1.029207232267037586e-01 1.043115438108483950e-01 1.057023643949930453e-01
0.000000000000000000e+00 9.151414309484193557e-03 1.996672212978369346e-02 2.828618968386023211e-02 2.828618968386023211e-02 2.995008319467554192e-02 2.995008319467554192e-02 3.078202995008319509e-02 3.078202995008319509e-02 3.078202995008319509e-02
1.724285104566794791e-01 3.060179257362355965e-01 3.474178403755868727e-01 3.572343149807938323e-01 3.644899701237729328e-01 3.725992317541613197e-01 3.815620998719590484e-01 3.866837387964148776e-01 3.900981647460520785e-01 3.947930004268032644e-01
8.237302603499786768e-02 1.685872812633376072e-01 1.976099018352539538e-01 2.091335894152795694e-01 2.159624413145539990e-01 2.193768672641911999e-01 2.223644899701237854e-01 2.274861288945795867e-01 2.304737516005121722e-01 2.338881775501493732e-01
2.048655569782330266e-02 6.914212548015365167e-02 9.603072983354674075e-02 1.024327784891165133e-01 1.037131882202304706e-01 1.062740076824583851e-01 1.092616303883909568e-01 1.109688433632095572e-01 1.139564660691421288e-01 1.152368758002560861e-01
1.749893299189073798e-02 4.865556978233034902e-02 6.615450277422108005e-02 6.999573196756295190e-02 7.298335467349552352e-02 7.383696116090482375e-02 7.767819035424669560e-02 7.810499359795133878e-02 7.938540332906529606e-02 8.151941954758856745e-02
1.152368758002560861e-02 3.286384976525821844e-02 4.993597951344429936e-02 5.676483141271873589e-02 5.889884763124200034e-02 6.103286384976525786e-02 6.572769953051643688e-02 6.871532223644899462e-02 7.127614169867690919e-02 7.255655142979086647e-02
1.656073446327683552e-01 2.708333333333333148e-01 3.075564971751412191e-01 3.209745762711864181e-01 3.252118644067796827e-01 3.308615819209039799e-01 3.361581920903954912e-01 3.414548022598870025e-01 3.439265536723163930e-01 3.460451977401129975e-01
1.569707401032702232e-01 2.506024096385542355e-01 2.812392426850258143e-01 2.939759036144578563e-01 3.015490533562822928e-01 3.063683304647160099e-01 3.115318416523235601e-01 3.156626506024096113e-01 3.184165232358003306e-01 3.204819277108433839e-01
1.158929176550321932e-01 1.826499491697729516e-01 2.114537444933920762e-01 2.216197899017282313e-01 2.263639444256184408e-01 2.311080989495086502e-01 2.358522534733988596e-01 2.392409352761775687e-01 2.416130125381226734e-01 2.439850898000677781e-01
8.719723183391003829e-02 1.366782006920415349e-01 1.588235294117646967e-01 1.674740484429065868e-01 1.702422145328719716e-01 1.737024221453287165e-01 1.764705882352941291e-01 1.795847750865051939e-01 1.820069204152249265e-01 1.847750865051903113e-01
1.032155617308455758e-01 1.699086939261611751e-01 1.909487892020643174e-01 2.044462088130210298e-01 2.096069868995633079e-01 2.115919015482334298e-01 2.159587137753076480e-01 2.175466454942437400e-01 2.215164747915839560e-01 2.246923382294561400e-01
8.571428571428571508e-02 2.031055900621117905e-01 2.590062111801242350e-01 2.788819875776397672e-01 2.956521739130434923e-01 3.074534161490683482e-01 3.136645962732919068e-01 3.186335403726708315e-01 3.248447204968943902e-01 3.291925465838509424e-01
5.279503105590062362e-02 2.608695652173912971e-01 3.919254658385092904e-01 4.192546583850931818e-01 4.310559006211180377e-01 4.403726708074534035e-01 4.515527950310558869e-01 4.596273291925465632e-01 4.683229813664596120e-01 4.757763975155279712e-01
2.569403425871234423e-02 1.278795038393384653e-01 1.813349084465445960e-01 1.901949202598936794e-01 1.931482575310100314e-01 1.969875959834613000e-01 2.002362669816893093e-01 2.014176018901358556e-01 2.028942705256940315e-01 2.055522740696987538e-01
6.035003017501508644e-03 2.021726010863005366e-02 3.439951719975860300e-02 3.832226916113458393e-02 4.013277006638503452e-02 4.133977066988533261e-02 4.164152082076041234e-02 4.224502112251055791e-02 4.254677127338563764e-02 4.284852142426071042e-02
8.221430528912030550e-03 4.686215401479857517e-02 7.837763770896136184e-02 8.358454371060564103e-02 8.605097286927924916e-02 8.824335434365579434e-02 8.988764044943819975e-02 9.125787887092354222e-02 9.180597423951768199e-02 9.345026034530008741e-02
7.871949619522435136e-04 5.116767252689583163e-03 1.364471267383888728e-02 1.967987404880608762e-02 2.072946733140907868e-02 2.099186565205982818e-02 2.125426397271057422e-02 2.125426397271057422e-02 2.151666229336132372e-02 2.177906061401206975e-02
5.223978059292151482e-04 9.011362152278960466e-03 2.207130730050933798e-02 2.690348700535457813e-02 2.781768316573070277e-02 2.820948152017761432e-02 2.860127987462452587e-02 2.886247877758913241e-02 2.912367768055374243e-02 2.925427713203604396e-02
0.000000000000000000e+00 1.339405304045004127e-04 1.071524243236003301e-03 1.205464773640503714e-03 1.205464773640503714e-03 1.205464773640503714e-03 1.205464773640503714e-03 1.205464773640503714e-03 1.205464773640503714e-03 1.205464773640503714e-03
6.697026520225019550e-04 5.089740155371015248e-03 1.580498258773104653e-02 1.955531743905705722e-02 2.009107956067505973e-02 2.049290115188856162e-02 2.062684168229306225e-02 2.062684168229306225e-02 2.062684168229306225e-02 2.062684168229306225e-02
2.277904328018223127e-03 4.176157934700075805e-03 4.935459377372816703e-03 5.188559858263730624e-03 5.568210579600101073e-03 5.568210579600101073e-03 5.694760820045558468e-03 5.694760820045558468e-03 5.694760820045558468e-03 5.694760820045558468e-03
0.000000000000000000e+00 0.000000000000000000e+00 1.079136690647481984e-03 1.151079136690647507e-02 1.474820143884892146e-02 1.474820143884892146e-02 1.474820143884892146e-02 1.474820143884892146e-02 1.510791366906474864e-02 1.510791366906474864e-02
0.000000000000000000e+00 3.597122302158273568e-03 1.187050359712230226e-02 3.884892086330934968e-02 5.575539568345323771e-02 6.474820143884892076e-02 6.942446043165467762e-02 7.158273381294963378e-02 7.410071942446043447e-02 7.589928057553957386e-02
0.000000000000000000e+00 3.597122302158273460e-04 2.877697841726618768e-03 1.942446043165467484e-02 2.769784172661870353e-02 3.165467625899280601e-02 3.345323741007194540e-02 3.453237410071942348e-02 3.489208633093525413e-02 3.633093525179856287e-02
0.000000000000000000e+00 3.597122302158273460e-04 6.834532374100719086e-03 3.920863309352518034e-02 6.366906474820144268e-02 6.798561151079136888e-02 6.834532374100719954e-02 6.942446043165467762e-02 6.942446043165467762e-02 6.942446043165467762e-02
0.000000000000000000e+00 0.000000000000000000e+00 0.000000000000000000e+00 3.597122302158273460e-04 7.194244604316546920e-04 1.798561151079136784e-03 1.798561151079136784e-03 1.798561151079136784e-03 2.158273381294963968e-03 2.877697841726618768e-03
3.367916999201915340e-01 4.972067039106145003e-01 5.482841181165203359e-01 5.618515562649640804e-01 5.690343176376695400e-01 5.778132482043096818e-01 5.841979249800478557e-01 5.889864325618515695e-01 5.913806863527534263e-01 5.937749401436551722e-01
1.707492795389048967e-01 2.687319884726224739e-01 2.982708933717579391e-01 3.134005763688760826e-01 3.198847262247838663e-01 3.220461095100864424e-01 3.234870317002881968e-01 3.256484149855907728e-01 3.263688760806916500e-01 3.306916426512968576e-01
3.503649635036496651e-02 5.985401459854014505e-02 6.788321167883211438e-02 7.080291970802919665e-02 7.299270072992700142e-02 7.372262773722627893e-02 7.445255474452554256e-02 7.591240875912408370e-02 7.664233576642336121e-02 7.810218978102190235e-02
1.747030048916841521e-02 3.983228511530398364e-02 4.612159329140461117e-02 4.961565338923829699e-02 5.101327742837177132e-02 5.171208944793850154e-02 5.241090146750523870e-02 5.380852550663871303e-02 5.380852550663871303e-02 5.450733752620545020e-02
5.102040816326530205e-03 9.353741496598639432e-03 1.105442176870748312e-02 1.105442176870748312e-02 1.105442176870748312e-02 1.190476190476190410e-02 1.275510204081632681e-02 1.275510204081632681e-02 1.360544217687074779e-02 1.360544217687074779e-02
3.257790368271954590e-02 1.076487252124645883e-01 1.388101983002832940e-01 1.628895184135977225e-01 1.671388101983002916e-01 1.784702549575070685e-01 1.855524079320113318e-01 1.912181303116147202e-01 1.997167138810198306e-01 2.096317280453257881e-01
0.000000000000000000e+00 0.000000000000000000e+00 0.000000000000000000e+00 1.699716713881019997e-02 4.532577903682719761e-02 6.515580736543909179e-02 7.082152974504249410e-02 7.365439093484418831e-02 7.507082152974504929e-02 7.648725212464589640e-02
1.333333333333333315e-01 2.814814814814814992e-01 3.386243386243386055e-01 3.555555555555555691e-01 3.682539682539682779e-01 3.830687830687830586e-01 3.925925925925926041e-01 3.978835978835978948e-01 4.074074074074073848e-01 4.148148148148148029e-01
4.969630038652678335e-03 4.251794588625069232e-02 6.350082827167310984e-02 6.847045831032579077e-02 7.123136388735505642e-02 7.509663169519602277e-02 7.564881281060187312e-02 7.675317504141358771e-02 8.061844284925455406e-02 8.282716731087796935e-02
5.333333333333333155e-03 4.266666666666666524e-02 1.320000000000000062e-01 2.119999999999999940e-01 2.253333333333333299e-01 2.320000000000000118e-01 2.373333333333333406e-01 2.453333333333333199e-01 2.466666666666666730e-01 2.506666666666666488e-01
3.353174603174602919e-01 4.888888888888888729e-01 5.412698412698412342e-01 5.571428571428571619e-01 5.718253968253967923e-01 5.809523809523809978e-01 5.849206349206349520e-01 5.900793650793650924e-01 5.948412698412698374e-01 5.988095238095237915e-01
1.292790978654853040e-01 2.182843334675795277e-01 2.464760370519532839e-01 2.609746274667740784e-01 2.682239226741844340e-01 2.762786951268626501e-01 2.815142972211034933e-01 2.859444220700765316e-01 2.887635924285139044e-01 2.915827627869512773e-01
1.268626661296818336e-01 2.323801852597664197e-01 2.629883205799435908e-01 2.851389448248087266e-01 2.899718082964156118e-01 3.020539669754329637e-01 3.076923076923077094e-01 3.105114780507450822e-01 3.141361256544502600e-01 3.205799436165928107e-01
1.892871526379379804e-02 3.221908981071285039e-02 3.987112364075715010e-02 4.591220298026580521e-02 4.832863471606926864e-02 5.114780507450664843e-02 5.517519130084574952e-02 5.759162303664921295e-02 5.960531614981876697e-02 6.121627064035441157e-02
1.006846556584776488e-02 2.416431735803463432e-02 2.738622633910592005e-02 3.221908981071285039e-02 3.463552154651631382e-02 3.745469190495368667e-02 3.906564639548932433e-02 4.107933950865887834e-02 4.188481675392670411e-02 4.269029399919452294e-02
1.816051552431165866e-02 4.335090802577621499e-02 5.506736965436438008e-02 6.326889279437609981e-02 6.619800820152313414e-02 6.912712360867018235e-02 7.147041593438781260e-02 7.381370826010544284e-02 7.732864674868189514e-02 7.850029291154071720e-02
1.640304628002343251e-02 3.456356180433509118e-02 4.510837727006444114e-02 5.096660808435852369e-02 5.741066198008201726e-02 5.858230814294083239e-02 6.092560046865846263e-02 6.326889279437609981e-02 6.561218512009373005e-02 6.912712360867018235e-02
1.757469244288225110e-02 4.100761570005858475e-02 5.330990041007615393e-02 5.565319273579379111e-02 5.741066198008201726e-02 6.092560046865846263e-02 6.326889279437609981e-02 6.502636203866432596e-02 6.912712360867018235e-02 7.029876977152900441e-02
1.312116136236739228e-01 2.177554438860971608e-01 2.506979341150195606e-01 2.668900055834729224e-01 2.758235622557230760e-01 2.808486878838637457e-01 2.841987716359575811e-01 2.886655499720826579e-01 2.931323283082076792e-01 2.964824120603015145e-01
1.581722319859402495e-02 2.987697715289982375e-02 4.159343878148798884e-02 4.686584651435266730e-02 5.096660808435852369e-02 5.272407732864674984e-02 5.506736965436438008e-02 5.565319273579379111e-02 5.799648506151142136e-02 6.033977738722905854e-02
3.285714285714285698e-01 5.057142857142856718e-01 5.491428571428571548e-01 5.628571428571428337e-01 5.714285714285713969e-01 5.834285714285714075e-01 5.919999999999999707e-01 5.971428571428571974e-01 6.034285714285714253e-01 6.137142857142857677e-01
1.548571428571428599e-01 2.828571428571428625e-01 3.245714285714285663e-01 3.422857142857143042e-01 3.525714285714285912e-01 3.588571428571428745e-01 3.639999999999999902e-01 3.685714285714285499e-01 3.742857142857142771e-01 3.800000000000000044e-01
7.714285714285713802e-02 1.354285714285714259e-01 1.531428571428571361e-01 1.702857142857142903e-01 1.788571428571428534e-01 1.880000000000000004e-01 1.902857142857142803e-01 1.937142857142857277e-01 1.977142857142857035e-01 2.011428571428571510e-01
7.828571428571429180e-02 1.377142857142857058e-01 1.777142857142857135e-01 1.954285714285714237e-01 2.097142857142857142e-01 2.194285714285714173e-01 2.274285714285714244e-01 2.342857142857142916e-01 2.411428571428571310e-01 2.491428571428571381e-01
6.096997690531177905e-02 1.214780600461893706e-01 1.612009237875288714e-01 1.796766743648960662e-01 1.893764434180138512e-01 1.963048498845265666e-01 2.036951501154734279e-01 2.110854503464203169e-01 2.157043879907621364e-01 2.193995381062355532e-01
3.140198138697087860e-01 5.004503152206544181e-01 5.562894025818072574e-01 5.764034824377064492e-01 5.869108375863104632e-01 6.004202942059441162e-01 6.100270189132392940e-01 6.154308015610927551e-01 6.256379465625938607e-01 6.319423596517562691e-01
1.497838171710932642e-01 2.535515750463249174e-01 2.952439777640518681e-01 3.190240889437924721e-01 3.329215565163681223e-01 3.412600370599135347e-01 3.502161828289067080e-01 3.573193329215565428e-01 3.678196417541692576e-01 3.801729462631253664e-01
4.508956145768993479e-02 8.523780111179740659e-02 9.573810994441013522e-02 1.034589252625077171e-01 1.099444101297096937e-01 1.136504014823965375e-01 1.167387276096355786e-01 1.198270537368746197e-01 1.244595429277331744e-01 1.269302038295243851e-01
7.906114885731933828e-02 1.386658431130327329e-01 1.735639283508338404e-01 1.856084002470660965e-01 1.905497220506485456e-01 1.948733786287832059e-01 1.991970352069178385e-01 2.025941939468808017e-01 2.081531809759110674e-01 2.115503397158740029e-01
2.903026559604694398e-02 5.836936380481778930e-02 7.720815318097591640e-02 8.863495985176034209e-02 9.326744904261889679e-02 9.913526868437307071e-02 1.031500926497838228e-01 1.050030883261272446e-01 1.084002470660901801e-01 1.093267449042618911e-01
9.263705482192877150e-02 2.176870748299319647e-01 2.645058023209283515e-01 2.747098839535814241e-01 2.777110844337735140e-01 2.787114845938375440e-01 2.803121248499400031e-01 2.811124449779912049e-01 2.823129251700680076e-01 2.833133253301320376e-01
6.718582989769430330e-03 2.000305390135898725e-02 2.580546648343258476e-02 2.763780729882424694e-02 2.779050236677355415e-02 2.794319743472285789e-02 2.809589250267216509e-02 2.809589250267216509e-02 2.809589250267216509e-02 2.824858757062146883e-02
2.387670935532884824e-03 8.248317777295420539e-03 1.150423268938571657e-02 1.345778163663989557e-02 1.367484263077924957e-02 1.410896461905795582e-02 1.432602561319730808e-02 1.432602561319730808e-02 1.432602561319730808e-02 1.454308660733666207e-02
0.000000000000000000e+00 5.092946269416857201e-04 1.018589253883371440e-03 1.018589253883371440e-03 1.018589253883371440e-03 1.018589253883371440e-03 1.273236567354214463e-03 1.273236567354214463e-03 1.273236567354214463e-03 1.273236567354214463e-03
2.546473134708428601e-04 1.018589253883371440e-03 1.273236567354214463e-03 1.273236567354214463e-03 1.273236567354214463e-03 1.273236567354214463e-03 1.273236567354214463e-03 1.273236567354214463e-03 1.273236567354214463e-03 1.273236567354214463e-03
