1.250000000000000000e-01 3.035714285714285476e-01 3.666666666666666408e-01 3.880952380952381042e-01 3.904761904761904767e-01 3.928571428571428492e-01 3.952380952380952217e-01 3.964285714285714080e-01 3.976190476190475942e-01 3.976190476190475942e-01
3.571428571428571317e-03 9.523809523809524669e-03 1.904761904761904934e-02 3.214285714285713969e-02 3.333333333333333287e-02 3.690476190476190549e-02 4.166666666666666435e-02 4.285714285714285754e-02 4.285714285714285754e-02 4.642857142857143016e-02
0.000000000000000000e+00 4.761904761904762334e-03 1.071428571428571438e-02 1.309523809523809555e-02 1.309523809523809555e-02 1.428571428571428527e-02 1.428571428571428527e-02 1.428571428571428527e-02 1.428571428571428527e-02 1.428571428571428527e-02
3.571428571428571317e-03 9.523809523809524669e-03 1.071428571428571438e-02 1.190476190476190410e-02 1.190476190476190410e-02 1.309523809523809555e-02 1.309523809523809555e-02 1.309523809523809555e-02 1.309523809523809555e-02 1.309523809523809555e-02
2.380952380952381167e-03 7.142857142857142634e-03 9.523809523809524669e-03 1.190476190476190410e-02 1.190476190476190410e-02 1.190476190476190410e-02 1.309523809523809555e-02 1.309523809523809555e-02 1.309523809523809555e-02 1.309523809523809555e-02
1.488439306358381453e-01 2.326589595375722630e-01 2.507225433526011349e-01 2.543352601156069204e-01 2.550578034682081108e-01 2.554190751445086782e-01 2.561416184971098131e-01 2.565028901734103806e-01 2.572254335260115710e-01 2.579479768786127059e-01
7.811228641171684417e-02 1.225928939517222649e-01 1.334418226200162760e-01 1.347979387035530274e-01 1.350691619202603611e-01 1.350691619202603611e-01 1.353403851369677224e-01 1.353403851369677224e-01 1.353403851369677224e-01 1.356116083536750838e-01
3.550716061072316135e-04 1.775358030536158122e-03 3.077287252929340831e-03 7.574860930287608332e-03 1.171736300153864395e-02 1.408450704225352144e-02 1.443957864836075203e-02 1.467629305243224082e-02 1.491300745650372787e-02 1.514972186057521666e-02
3.722243614426902665e-03 9.369785650109100500e-03 1.142343729944808074e-02 1.206520343986651304e-02 1.232190989603388492e-02 1.257861635220125854e-02 1.257861635220125854e-02 1.270696958028494361e-02 1.283532280836863042e-02 1.283532280836863042e-02
2.781211372064277057e-02 6.396786155747836988e-02 8.714462299134734247e-02 1.007416563658838082e-01 1.013597033374536438e-01 1.029048207663782466e-01 1.029048207663782466e-01 1.029048207663782466e-01 1.032138442521631644e-01 1.035228677379480822e-01
1.343804537521814946e-01 1.972076788830715577e-01 2.129144851657940596e-01 2.164048865619546125e-01 2.164048865619546125e-01 2.164048865619546125e-01 2.164048865619546125e-01 2.181500872600349028e-01 2.181500872600349028e-01 2.181500872600349028e-01
7.124681933842239023e-02 9.669211195928753555e-02 1.081424936386768398e-01 1.132315521628498717e-01 1.132315521628498717e-01 1.132315521628498717e-01 1.132315521628498717e-01 1.132315521628498717e-01 1.132315521628498717e-01 1.132315521628498717e-01
5.170517051705170175e-02 8.580858085808580615e-02 9.570957095709571594e-02 1.012101210121012090e-01 1.012101210121012090e-01 1.012101210121012090e-01 1.023102310231023132e-01 1.023102310231023132e-01 1.023102310231023132e-01 1.023102310231023132e-01
3.151618398637137664e-02 6.303236797274275327e-02 6.814310051107325128e-02 7.069846678023850028e-02 7.069846678023850028e-02 7.069846678023850028e-02 7.069846678023850028e-02 7.069846678023850028e-02 7.069846678023850028e-02 7.069846678023850028e-02
3.212520593080724768e-02 4.859967051070840371e-02 5.189456342668863353e-02 5.436573311367380590e-02 5.436573311367380590e-02 5.436573311367380590e-02 5.436573311367380590e-02 5.436573311367380590e-02 5.436573311367380590e-02 5.436573311367380590e-02
2.283950617283950490e-01 2.983539094650205503e-01 3.055555555555555802e-01 3.065843621399176877e-01 3.065843621399176877e-01 3.086419753086419582e-01 3.096707818930041212e-01 3.106995884773662286e-01 3.106995884773662286e-01 3.137860082304526621e-01
2.249154453213077776e-01 2.841037204058624588e-01 2.931228861330326674e-01 2.942502818489289851e-01 2.942502818489289851e-01 2.953776775648252473e-01 2.959413754227733784e-01 2.965050732807215095e-01 2.981961668545659583e-01 2.987598647125140894e-01
2.436868686868686740e-01 3.169191919191919338e-01 3.251262626262626521e-01 3.263888888888888951e-01 3.270202020202020443e-01 3.282828282828282873e-01 3.289141414141414366e-01 3.289141414141414366e-01 3.295454545454545303e-01 3.295454545454545303e-01
3.288690476190476164e-01 4.159226190476190688e-01 4.270833333333333148e-01 4.285714285714285476e-01 4.285714285714285476e-01 4.293154761904761640e-01 4.308035714285714524e-01 4.308035714285714524e-01 4.315476190476190688e-01 4.322916666666666852e-01
3.518518518518518601e-01 4.403292181069958788e-01 4.454732510288065828e-01 4.495884773662551237e-01 4.495884773662551237e-01 4.495884773662551237e-01 4.526748971193415572e-01 4.537037037037037202e-01 4.537037037037037202e-01 4.557613168724279906e-01
1.450560918340725314e-01 2.421080093921210430e-01 2.679363422906339554e-01 2.801982781111401200e-01 2.830680928776415084e-01 2.846334463866423414e-01 2.869814766501435077e-01 2.882859379076441186e-01 2.901121836681450628e-01 2.911557526741455626e-01
5.374380380902687299e-02 1.040960083485520521e-01 1.270545264805635344e-01 1.346204017740673109e-01 1.372293242890686160e-01 1.385337855465692547e-01 1.387946777980693935e-01 1.393164623010696712e-01 1.395773545525697823e-01 1.406209235585703099e-01
5.348291155752674109e-02 9.679102530654840053e-02 1.171406209235585638e-01 1.241847117140620904e-01 1.280980954865640620e-01 1.307070180015653671e-01 1.314896947560657559e-01 1.325332637620662557e-01 1.346204017740673109e-01 1.372293242890686160e-01
7.304983042003652428e-03 1.356639707800678246e-02 1.774067310200887204e-02 2.087138012001043402e-02 2.139316462301069782e-02 2.191494912601095815e-02 2.348030263501173914e-02 2.374119488651187104e-02 2.452387164101226327e-02 2.452387164101226327e-02
4.435168275502218010e-03 9.913905557004956681e-03 1.434907383250717469e-02 1.591442734150795568e-02 1.721888859900860824e-02 1.826245760500913237e-02 1.852334985650926080e-02 1.930602661100965303e-02 1.982781111400991336e-02 2.034959561701017369e-02
4.706935123042505636e-02 1.268008948545861214e-01 1.665324384787472134e-01 1.746756152125279737e-01 1.778076062639820931e-01 1.798657718120805493e-01 1.814765100671140996e-01 1.833557046979865657e-01 1.840715883668903874e-01 1.843400447427293032e-01
4.112941176470587962e-02 8.959999999999999909e-02 1.089882352941176497e-01 1.136941176470588205e-01 1.156705882352941223e-01 1.171764705882352986e-01 1.180235294117647077e-01 1.184941176470588192e-01 1.189647058823529446e-01 1.197176470588235259e-01
2.974117647058823616e-02 6.352941176470587592e-02 7.576470588235294235e-02 7.915294117647059258e-02 8.037647058823529922e-02 8.131764705882353617e-02 8.188235294117647556e-02 8.235294117647058709e-02 8.263529411764705679e-02 8.310588235294118220e-02
9.976470588235294978e-03 2.174117647058823599e-02 2.785882352941176573e-02 2.917647058823529330e-02 2.964705882352941177e-02 3.011764705882353024e-02 3.039999999999999994e-02 3.058823529411764872e-02 3.068235294117646964e-02 3.077647058823529402e-02
1.976470588235293945e-03 4.423529411764705495e-03 5.552941176470588616e-03 5.835294117647059180e-03 6.023529411764706222e-03 6.117647058823529743e-03 6.305882352941176786e-03 6.400000000000000307e-03 6.400000000000000307e-03 6.494117647058823828e-03
3.528319405756731586e-02 9.911792014856081467e-02 1.304549675023212729e-01 1.352135561745589631e-01 1.364902506963788231e-01 1.376508820798514332e-01 1.381151346332404883e-01 1.383472609099350159e-01 1.392757660167130984e-01 1.395078922934076260e-01
1.444896886903979929e-03 2.364376724024694430e-03 8.143964271640614580e-03 1.368711414685406524e-01 2.881912518061210959e-01 3.325889925128070468e-01 3.345593064494942759e-01 3.367923289110731910e-01 3.391567056350978659e-01 3.424405621962432478e-01
6.567713122290817860e-04 2.233022461578878289e-03 1.182188362012347345e-02 3.848679889662419418e-02 5.700774990148430033e-02 5.937212662550899606e-02 5.989754367529226409e-02 6.173650334953369179e-02 6.278733744910022785e-02 6.357546302377511949e-02
1.313542624458163572e-03 1.970313936687245575e-03 3.415210823591225721e-03 4.347826086956521618e-02 2.076710889268356675e-01 3.574149481150663554e-01 3.660843294364902190e-01 3.681859976356232633e-01 3.701563115723105479e-01 3.731774596085642992e-01
6.137228427642077346e-04 7.364674113170491948e-04 1.595679391186940067e-03 3.105437584386890743e-02 1.005278016447772177e-01 1.493801399288081366e-01 1.524487541426291781e-01 1.534307106910519081e-01 1.550263900822388685e-01 1.562538357677672740e-01
1.781326781326781489e-02 3.439803439803439805e-02 4.115479115479115518e-02 4.422604422604422408e-02 4.484029484029484341e-02 4.484029484029484341e-02 4.668304668304668059e-02 4.668304668304668059e-02 4.729729729729729992e-02 4.729729729729729992e-02
6.265356265356265830e-02 1.093366093366093389e-01 1.265356265356265275e-01 1.289926289926290048e-01 1.320638820638820599e-01 1.351351351351351426e-01 1.375921375921375922e-01 1.375921375921375922e-01 1.400491400491400418e-01 1.412776412776412804e-01
2.825552825552825678e-02 7.186732186732186500e-02 9.029484029484029228e-02 9.398034398034398051e-02 9.520884520884520530e-02 1.001228501228501183e-01 1.007371007371007376e-01 1.007371007371007376e-01 1.007371007371007376e-01 1.007371007371007376e-01
1.412776412776412839e-02 3.255528255528255394e-02 3.931203931203931107e-02 4.115479115479115518e-02 4.115479115479115518e-02 4.238329238329237997e-02 4.361179361179361169e-02 4.422604422604422408e-02 4.606879606879606820e-02 4.606879606879606820e-02
1.904176904176904314e-02 3.132678132678132915e-02 3.685503685503685456e-02 3.931203931203931107e-02 4.115479115479115518e-02 4.361179361179361169e-02 4.484029484029484341e-02 4.545454545454545581e-02 4.606879606879606820e-02 4.914004914004913710e-02
2.356020942408376950e-01 3.171278982797307577e-01 3.362004487658937779e-01 3.410620792819745728e-01 3.433059087509349183e-01 3.444278234854151188e-01 3.451757666417352155e-01 3.459237097980553677e-01 3.474195961106955610e-01 3.477935676888556649e-01
2.401182120428518585e-01 3.162172146287403063e-01 3.321019578869597311e-01 3.369043221278167910e-01 3.391207979312892418e-01 3.409678611008496452e-01 3.409678611008496452e-01 3.413372737347617480e-01 3.413372737347617480e-01 3.417066863686737954e-01
2.490974729241877128e-01 3.325310870437224176e-01 3.501805054151624352e-01 3.549939831528279299e-01 3.578018451664661259e-01 3.590052146008824718e-01 3.594063377456879205e-01 3.598074608904933691e-01 3.598074608904933691e-01 3.598074608904933691e-01
2.649950835791543557e-01 3.392330383480826050e-01 3.579154375614552741e-01 3.623402163225172279e-01 3.647984267453294183e-01 3.667649950835791817e-01 3.667649950835791817e-01 3.672566371681416086e-01 3.672566371681416086e-01 3.677482792527040356e-01
1.573254670599803229e-01 2.089478859390363763e-01 2.232055063913470916e-01 2.251720747295968550e-01 2.276302851524090454e-01 2.295968534906588088e-01 2.300884955752212357e-01 2.310717797443461174e-01 2.310717797443461174e-01 2.310717797443461174e-01
5.377949852507374340e-01 7.153392330383481212e-01 7.426253687315633734e-01 7.485250737463127191e-01 7.505530973451327581e-01 7.522123893805309214e-01 7.529498525073746729e-01 7.531342182890855552e-01 7.533185840707964376e-01 7.535029498525073199e-01
5.371057513914656578e-01 7.111317254174397418e-01 7.413729128014842074e-01 7.465677179962894039e-01 7.473098330241186860e-01 7.493506493506493227e-01 7.495361781076066432e-01 7.499072356215212842e-01 7.500927643784787158e-01 7.510204081632653184e-01
3.393607305936073293e-01 5.044748858447488660e-01 5.419178082191781209e-01 5.554337899543378976e-01 5.578082191780822097e-01 5.598173515981734738e-01 5.612785388127854436e-01 5.614611872146119120e-01 5.614611872146119120e-01 5.616438356164383805e-01
2.476692720595159714e-02 5.358319992466333698e-02 6.874470289104435416e-02 7.552500235427064834e-02 7.731424804595536660e-02 7.910349373764008485e-02 7.966851869290893229e-02 7.966851869290893229e-02 8.004520199642151113e-02 8.004520199642151113e-02
9.435816787890701982e-03 2.358954196972675582e-02 3.253390996658148127e-02 3.676036956949085832e-02 3.784155690977000080e-02 3.892274425004914329e-02 3.931590328287792174e-02 3.970906231570670020e-02 3.980735207391390001e-02 3.980735207391390001e-02
2.273560689402273627e-02 4.217088375504217390e-02 4.987165383204986840e-02 5.390539053905390315e-02 5.427209387605427121e-02 5.500550055005500732e-02 5.610561056105610456e-02 5.683901723505684067e-02 5.720572057205720873e-02 5.830583058305830596e-02
3.963170536429143354e-02 8.246597277822258210e-02 9.447558046437150303e-02 9.927942353883106863e-02 1.012810248198558888e-01 1.036829463570856646e-01 1.044835868694955899e-01 1.048839071257005595e-01 1.052842273819055291e-01 1.052842273819055291e-01
7.117437722419929502e-02 1.356267299327797438e-01 1.648873072360616809e-01 1.751680506128904802e-01 1.771451166468960003e-01 1.814946619217081836e-01 1.830763147489126164e-01 1.834717279557137315e-01 1.842625543693159340e-01 1.862396204033214819e-01
1.050265631385369908e-01 2.247650183898651510e-01 2.823865958316305602e-01 3.011851246424193107e-01 3.089497343686146147e-01 3.130363710666121957e-01 3.142623620760114367e-01 3.187576624438087647e-01 3.212096444626072467e-01 3.236616264814057842e-01
1.269971323228185137e-02 4.014748054076198308e-02 5.489553461696026343e-02 5.940188447357640233e-02 6.104055714870954691e-02 6.267922982384269148e-02 6.349856616140925336e-02 6.431790249897582912e-02 6.472757066775911006e-02 6.554690700532568581e-02
4.715510522213561817e-02 9.872694206287346841e-02 1.224993504806443229e-01 1.308131982333073651e-01 1.327617563003377632e-01 1.347103143673681613e-01 1.352299298519095971e-01 1.360093530787217508e-01 1.366588724343985317e-01 1.375681995323460582e-01
4.390750844375162359e-02 9.353078721745908264e-02 1.176929072486360139e-01 1.232787737074564766e-01 1.254871395167576065e-01 1.270459859703819139e-01 1.276955053260587225e-01 1.279553130683294404e-01 1.287347362951415941e-01 1.293842556508184027e-01
4.689529747986490027e-02 8.586645882047284906e-02 1.035333852948817912e-01 1.088594440114315359e-01 1.113276175630033837e-01 1.132761756300337819e-01 1.139256949857105766e-01 1.145752143413873714e-01 1.153546375681995390e-01 1.154845414393348979e-01
2.857885164977916337e-02 6.274356975837880324e-02 7.950116913484021886e-02 8.378799688230709197e-02 8.495713172252533640e-02 8.599636269160820801e-02 8.664588204728500276e-02 8.664588204728500276e-02 8.690568978955573454e-02 8.703559366069109349e-02
0.000000000000000000e+00 2.598077422707196897e-04 5.196154845414393793e-04 6.495193556767991970e-04 7.794232268121590148e-04 7.794232268121590148e-04 7.794232268121590148e-04 7.794232268121590148e-04 7.794232268121590148e-04 7.794232268121590148e-04
2.091914155647084383e-02 5.078040320832430399e-02 6.373292867981790455e-02 6.644266204205506732e-02 6.730977671797094830e-02 6.861044873184478365e-02 6.964014740949490967e-02 7.110340342510297618e-02 7.137437676132668551e-02 7.191632343377411807e-02
2.802974267139019850e-03 2.826332386031844834e-02 4.733912095612567011e-02 5.391832444427142185e-02 5.465799820921088403e-02 5.559232296492389036e-02 5.609841554093510096e-02 5.714953089111223655e-02 5.757776307081403228e-02 5.847315762837233116e-02
3.527603497366896181e-04 9.600120946405624189e-03 2.764129311865346286e-02 3.802252626804747404e-02 3.950915917050923376e-02 4.016428553430594073e-02 4.059263738755763962e-02 4.132335525486935390e-02 4.177690427595938394e-02 4.225565046488774512e-02
6.921213519437074090e-05 1.868727650248010099e-03 1.132771946014534542e-02 3.222978428884531316e-02 3.539047179605490923e-02 3.624408813011881225e-02 3.665936094128503797e-02 3.702849232898834664e-02 3.739762371669166224e-02 3.785903795132079808e-02
2.297794117647058792e-05 8.042279411764705500e-04 6.364889705882352880e-03 3.536305147058823456e-02 4.214154411764706176e-02 4.324448529411764608e-02 4.379595588235293824e-02 4.409466911764706176e-02 4.469209558823529493e-02 4.501378676470588203e-02
1.905631659056316596e-01 2.811263318112633414e-01 3.006088280060882911e-01 3.041095890410959179e-01 3.063926940639269403e-01 3.074581430745814137e-01 3.088280060882800382e-01 3.095890410958904160e-01 3.108066971080669649e-01 3.114155251141552672e-01
3.044140030441400135e-03 1.035007610350076150e-02 1.339421613394216164e-02 1.476407914764079135e-02 1.522070015220700068e-02 1.552511415525114138e-02 1.567732115677321000e-02 1.628614916286149142e-02 1.659056316590563213e-02 1.704718417047184145e-02
4.109589041095890009e-03 1.232876712328767090e-02 1.552511415525114138e-02 1.659056316590563213e-02 1.750380517503805078e-02 1.780821917808219149e-02 1.796042617960426011e-02 1.796042617960426011e-02 1.811263318112633219e-02 1.826484018264840081e-02
5.783866057838660431e-03 1.202435312024353192e-02 1.552511415525114138e-02 1.643835616438356004e-02 1.704718417047184145e-02 1.719939117199391007e-02 1.765601217656012287e-02 1.796042617960426011e-02 1.811263318112633219e-02 1.811263318112633219e-02
3.684285106985971114e-02 7.070993339946152201e-02 8.176278872041943535e-02 8.516366728071418646e-02 8.601388692078787424e-02 8.629729346747909424e-02 8.728921638089839896e-02 8.743091965424401590e-02 8.771432620093523591e-02 8.828113929431770368e-02
3.651551312649164438e-01 6.429594272076372130e-01 6.668257756563246152e-01 6.692124105011932889e-01 6.720763723150358082e-01 6.754176610978520623e-01 6.782816229116944706e-01 6.797136038186157858e-01 6.835322195704057746e-01 6.868735083532219177e-01
2.501193317422434337e-01 4.744630071599045262e-01 5.021479713603818062e-01 5.069212410501193755e-01 5.093078758949880491e-01 5.116945107398568338e-01 5.136038186157517726e-01 5.174224343675417614e-01 5.226730310262529544e-01 5.245823389021480043e-01
1.484486873508353288e-01 2.835322195704057524e-01 3.021479713603818507e-01 3.064439140811455742e-01 3.093078758949880935e-01 3.126491646778042921e-01 3.155131264916467559e-01 3.169451073985680156e-01 3.198090692124104795e-01 3.207637231503580044e-01
7.732696897374702338e-02 1.837708830548926142e-01 2.057279236276849665e-01 2.085918854415274581e-01 2.119331742243436845e-01 2.133651551312649164e-01 2.147971360381861483e-01 2.162291169451074080e-01 2.181384248210023746e-01 2.186157517899761371e-01
5.298329355608592112e-02 7.875894988066825531e-02 8.544152744630072183e-02 8.782816229116945095e-02 8.830548926014319955e-02 8.926014319809069675e-02 9.116945107398567727e-02 9.212410501193317447e-02 9.260143198090692307e-02 9.355608591885442027e-02
1.736444749485243633e-01 2.724776938915580149e-01 3.033630748112560171e-01 3.129718599862731376e-01 3.143445435827041945e-01 3.164035689773507243e-01 3.170899107755662527e-01 3.191489361702127825e-01 3.212079615648593123e-01 3.239533287577213705e-01
7.932011331444759061e-02 1.218130311614730871e-01 1.430594900849858353e-01 1.466005665722379669e-01 1.494334277620396612e-01 1.522662889518413554e-01 1.529745042492917928e-01 1.536827195467422025e-01 1.536827195467422025e-01 1.536827195467422025e-01
3.090507726269315844e-02 3.826342899190581653e-02 4.856512141280353023e-02 5.224429727740986101e-02 5.298013245033112578e-02 5.298013245033112578e-02 5.298013245033112578e-02 5.298013245033112578e-02 5.371596762325239055e-02 5.371596762325239055e-02
3.164091243561441974e-02 4.047093451066961084e-02 4.635761589403973593e-02 5.077262693156733148e-02 5.150846210448859624e-02 5.298013245033112578e-02 5.298013245033112578e-02 5.298013245033112578e-02 5.298013245033112578e-02 5.371596762325239055e-02
3.237674760853569145e-02 4.047093451066961084e-02 4.194260485651214038e-02 4.194260485651214038e-02 4.267844002943340515e-02 4.341427520235466991e-02 4.488594554819720639e-02 4.488594554819720639e-02 4.488594554819720639e-02 4.488594554819720639e-02
1.724137931034482873e-01 2.428785607196401741e-01 2.601199400299850084e-01 2.631184407796102187e-01 2.638680659670165074e-01 2.646176911544227961e-01 2.646176911544227961e-01 2.646176911544227961e-01 2.653673163418290848e-01 2.661169415292353735e-01
1.146926536731634194e-01 1.566716641679160305e-01 1.619190404797601068e-01 1.619190404797601068e-01 1.626686656671664233e-01 1.626686656671664233e-01 1.634182908545727120e-01 1.634182908545727120e-01 1.634182908545727120e-01 1.634182908545727120e-01
8.245877061469265856e-02 1.146926536731634194e-01 1.206896551724137984e-01 1.206896551724137984e-01 1.221889055472263896e-01 1.229385307346326783e-01 1.229385307346326783e-01 1.236881559220389809e-01 1.236881559220389809e-01 1.236881559220389809e-01
5.247376311844077768e-02 8.095952023988005342e-02 8.920539730134932621e-02 9.220389805097450875e-02 9.295352323838081132e-02 9.295352323838081132e-02 9.295352323838081132e-02 9.295352323838081132e-02 9.295352323838081132e-02 9.445277361319340259e-02
4.497751124437781439e-02 7.271364317841079450e-02 8.245877061469265856e-02 8.470764617691153853e-02 8.470764617691153853e-02 8.470764617691153853e-02 8.470764617691153853e-02 8.470764617691153853e-02 8.470764617691153853e-02 8.470764617691153853e-02
4.856115107913668849e-01 6.888489208633093996e-01 7.230215827338128953e-01 7.266187050359712574e-01 7.338129496402877594e-01 7.356115107913668849e-01 7.374100719424460104e-01 7.392086330935251359e-01 7.392086330935251359e-01 7.392086330935251359e-01
4.127579737335834720e-01 6.022514071294559068e-01 6.622889305816135330e-01 6.754221388367729340e-01 6.791744840525327787e-01 6.810506566604127565e-01 6.810506566604127565e-01 6.810506566604127565e-01 6.810506566604127565e-01 6.848030018761726012e-01
3.818525519848771088e-01 5.633270321361059096e-01 6.181474480151228912e-01 6.351606805293005253e-01 6.446124763705104455e-01 6.446124763705104455e-01 6.446124763705104455e-01 6.446124763705104455e-01 6.465028355387523185e-01 6.521739130434782705e-01
2.786885245901639108e-01 4.475409836065573632e-01 5.065573770491803574e-01 5.229508196721311952e-01 5.229508196721311952e-01 5.278688524590163800e-01 5.278688524590163800e-01 5.311475409836065031e-01 5.311475409836065031e-01 5.327868852459016757e-01
3.282828282828282873e-01 5.050505050505050830e-01 5.707070707070707183e-01 5.875420875420875877e-01 5.942760942760942910e-01 5.976430976430976427e-01 5.993265993265993741e-01 5.993265993265993741e-01 6.010101010101009944e-01 6.043771043771043461e-01
2.849083215796897051e-01 3.899858956276445743e-01 4.245416078984485253e-01 4.301833568406205899e-01 4.301833568406205899e-01 4.315937940761636060e-01 4.337094499294781302e-01 4.351198871650211464e-01 4.358251057827926545e-01 4.358251057827926545e-01
2.327586206896551657e-01 3.520114942528735358e-01 3.893678160919540332e-01 3.936781609195402210e-01 3.972701149425287293e-01 3.972701149425287293e-01 3.972701149425287293e-01 3.979885057471264642e-01 3.979885057471264642e-01 3.979885057471264642e-01
1.759053954175905377e-01 2.801182557280118002e-01 3.104212860310421318e-01 3.237250554323725105e-01 3.252032520325203180e-01 3.259423503325942217e-01 3.274205469327420293e-01 3.288987435328898923e-01 3.303769401330376998e-01 3.311160384331116036e-01
1.753731343283582156e-01 2.708955223880596952e-01 3.074626865671641895e-01 3.201492537313432862e-01 3.223880597014925353e-01 3.261194029850746356e-01 3.268656716417910335e-01 3.283582089552238847e-01 3.298507462686567360e-01 3.328358208955223829e-01
2.179104477611940316e-01 3.208955223880596841e-01 3.574626865671641784e-01 3.634328358208955279e-01 3.641791044776119257e-01 3.679104477611940260e-01 3.701492537313432751e-01 3.708955223880597285e-01 3.723880597014925242e-01 3.738805970149253755e-01
6.890198968312453986e-02 1.289609432571849623e-01 1.448047162859248393e-01 1.481208548268238834e-01 1.484893146647015549e-01 1.492262343404568981e-01 1.492262343404568981e-01 1.503316138540899127e-01 1.507000736919675843e-01 1.507000736919675843e-01
6.496129249410972917e-02 1.332884550656344702e-01 1.555031975765735486e-01 1.605520026926960664e-01 1.632446987546280759e-01 1.639178727701110783e-01 1.642544597778525794e-01 1.645910467855940806e-01 1.652642208010770830e-01 1.652642208010770830e-01
3.646005966191580988e-02 9.413324494530990461e-02 1.156778256546237976e-01 1.213125621478289701e-01 1.239642028505137522e-01 1.246271130261849547e-01 1.246271130261849547e-01 1.252900232018561433e-01 1.256214782896917515e-01 1.256214782896917515e-01
2.108801955990220051e-02 6.632029339853300065e-02 9.627139364303179125e-02 1.008557457212714004e-01 1.008557457212714004e-01 1.029951100244498735e-01 1.039119804400978064e-01 1.042176039119804415e-01 1.045232273838630765e-01 1.048288508557457255e-01
1.369455194998511413e-02 4.793093182494789772e-02 6.787734444775231357e-02 7.383149746948496073e-02 7.561774337600477014e-02 7.680857398035129124e-02 7.740398928252456567e-02 7.799940458469782623e-02 7.829711223578446344e-02 7.889252753795772399e-02
3.363463368220742100e-01 4.155566127497621332e-01 4.236441484300665916e-01 4.253092293054234196e-01 4.257849666983825054e-01 4.262607040913415912e-01 4.264985727878211064e-01 4.267364414843006770e-01 4.274500475737392780e-01 4.276879162702188486e-01
4.036568213783403580e-01 5.029134016475789171e-01 5.155716294956801393e-01 5.191882660237090441e-01 5.209965842877235520e-01 5.213984327908378624e-01 5.220012055455093281e-01 5.226039783001807937e-01 5.234076753064095255e-01 5.248141450673096120e-01
4.317659352142110829e-01 5.341692789968651711e-01 5.471264367816092156e-01 5.510971786833855912e-01 5.525600835945663203e-01 5.536050156739812378e-01 5.548589341692790056e-01 5.559038662486938120e-01 5.559038662486938120e-01 5.567398119122256572e-01
4.352997145575642213e-01 5.461465271170313773e-01 5.578020932445290070e-01 5.630352045670790062e-01 5.637488106565176071e-01 5.644624167459562081e-01 5.654138915318743797e-01 5.663653663177925512e-01 5.663653663177925512e-01 5.675547098001902935e-01
2.428639391056137131e-01 3.125594671741198649e-01 3.232635585156993230e-01 3.249286393910561510e-01 3.258801141769743226e-01 3.263558515699334084e-01 3.275451950523310951e-01 3.282588011417697516e-01 3.294481446241674383e-01 3.299238820171265241e-01
4.179480011182554883e-02 8.820240424937098034e-02 1.034386357282639085e-01 1.077718758736371241e-01 1.093094772155437516e-01 1.100083869164104056e-01 1.105675146771037121e-01 1.107072966172770456e-01 1.108470785574503792e-01 1.114062063181436996e-01
2.452964991664682154e-02 5.227435103596094618e-02 6.322934031912359754e-02 6.680161943319838647e-02 6.858775899023576705e-02 6.930221481305072484e-02 6.965944272445820373e-02 7.001667063586568263e-02 7.001667063586568263e-02 7.013574660633484226e-02
1.291989664082687263e-02 3.089540501067295983e-02 3.561397595775755293e-02 3.774856757667677948e-02 3.797326143129985121e-02 3.864734299516908028e-02 3.887203684979215895e-02 3.909673070441523762e-02 3.943377148634984869e-02 3.954611841366138802e-02
8.893709327548807164e-03 2.071583514099782988e-02 2.570498915401301515e-02 2.722342733188720318e-02 2.754880694143167080e-02 2.787418655097613843e-02 2.798264642082429546e-02 2.798264642082429546e-02 2.809110629067245249e-02 2.819956616052060605e-02
5.436520626798848309e-03 1.588316810574565488e-02 2.046690118324272570e-02 2.068009807056817029e-02 2.121309028888178350e-02 2.142628717620722809e-02 2.153288561986994865e-02 2.174608250719539324e-02 2.195927939452084129e-02 2.195927939452084129e-02
8.807339449541285240e-03 3.853211009174312141e-02 7.376146788990825542e-02 8.550458715596330472e-02 8.587155963302751938e-02 8.807339449541284893e-02 8.917431192660550676e-02 8.917431192660550676e-02 8.917431192660550676e-02 8.954128440366972141e-02
2.367149758454106453e-02 5.797101449275362389e-02 7.294685990338163617e-02 7.729468599033816056e-02 7.874396135265700203e-02 8.019323671497584349e-02 8.115942028985506651e-02 8.212560386473430341e-02 8.260869565217390798e-02 8.309178743961352642e-02
4.830917874396135144e-04 5.314009661835749146e-03 1.207729468599033802e-02 1.932367149758454014e-02 2.367149758454106453e-02 2.512077294685990253e-02 2.608695652173912902e-02 2.705314009661835897e-02 2.705314009661835897e-02 2.801932367149758546e-02
2.415458937198067518e-03 6.763285024154589743e-03 1.449275362318840597e-02 2.125603864734299658e-02 2.512077294685990253e-02 2.850241545893719697e-02 2.898550724637681195e-02 2.898550724637681195e-02 2.946859903381642345e-02 3.043478260869565341e-02
2.065009560229445415e-02 3.747609942638623071e-02 4.474187380497132022e-02 4.512428298279158589e-02 4.512428298279158589e-02 4.627151051625238987e-02 4.627151051625238987e-02 4.665391969407265554e-02 4.703632887189292816e-02 4.703632887189292816e-02
3.467741935483871218e-01 4.978494623655914109e-01 5.252688172043010750e-01 5.284946236559139310e-01 5.301075268817204700e-01 5.301075268817204700e-01 5.311827956989246813e-01 5.327956989247312203e-01 5.349462365591397539e-01 5.370967741935483986e-01
5.328983143012507029e-02 1.049483414899401862e-01 1.207177814029363749e-01 1.288743882544861330e-01 1.315932572050027283e-01 1.337683523654159823e-01 1.343121261555192958e-01 1.348558999456226093e-01 1.359434475258292641e-01 1.364872213159325776e-01
2.338227297444263331e-02 4.458945078847199872e-02 4.785209352909190056e-02 4.893964110929853450e-02 5.002718868950516845e-02 5.111473626971180240e-02 5.111473626971180240e-02 5.111473626971180240e-02 5.165851005981511590e-02 5.165851005981511590e-02
4.404567699836867828e-02 7.884719956498097149e-02 9.461663947797716023e-02 1.000543773790103369e-01 1.033170201196302318e-01 1.038607939097335453e-01 1.049483414899401862e-01 1.065796628602501406e-01 1.076672104404567676e-01 1.092985318107667220e-01
1.631321370309950919e-02 2.827623708537248606e-02 3.099510603588907093e-02 3.262642740619901838e-02 3.534529635671560671e-02 3.643284393692224066e-02 3.643284393692224066e-02 3.697661772702555416e-02 3.752039151712887460e-02 3.860793909733550855e-02
2.322643343051506437e-01 3.323615160349854269e-01 3.539574559982723301e-01 3.583846236907461402e-01 3.607601770867077118e-01 3.625958319835870802e-01 3.633516898823021535e-01 3.642155274808335785e-01 3.646474462800993188e-01 3.652953244789979292e-01
1.509556203433754518e-01 2.352877659000107979e-01 2.542921930677032871e-01 2.570996652629305435e-01 2.592592592592592449e-01 2.605550156570564657e-01 2.609869344563222060e-01 2.614188532555879463e-01 2.617427923550372793e-01 2.620667314544865567e-01
1.112190908109275400e-01 1.845373069862865645e-01 2.012741604578339172e-01 2.047295108519598394e-01 2.065651657488392079e-01 2.074290033473706885e-01 2.086167800453514742e-01 2.095885973436993899e-01 2.095885973436993899e-01 2.100205161429651302e-01
6.889104848288521432e-02 1.289277615808228084e-01 1.443688586545729402e-01 1.473922902494330944e-01 1.489040060468631854e-01 1.498758233452111011e-01 1.501997624446604063e-01 1.511715797430083219e-01 1.522513767411726726e-01 1.523593564409891077e-01
3.833279343483424889e-02 8.152467336140806209e-02 9.502213583846236267e-02 9.750566893424036929e-02 9.826152683295540091e-02 9.890940503185401134e-02 9.934132383111975162e-02 9.998920203001836204e-02 1.002051614296512322e-01 1.005291005291005235e-01
1.546929316338354621e-01 2.763615295480880696e-01 3.499420625724217748e-01 3.719582850521436779e-01 3.731170336037080149e-01 3.754345307068366333e-01 3.760139049826187740e-01 3.771726535341830555e-01 3.771726535341830555e-01 3.783314020857473925e-01
4.740498569677155383e-02 1.544748671843073073e-01 2.194523906824683290e-01 2.411115651818553363e-01 2.447895382100531148e-01 2.456068655496526365e-01 2.472415202288516523e-01 2.480588475684511740e-01 2.488761749080506680e-01 2.488761749080506680e-01
2.121312562147828831e-02 7.490884985084521330e-02 1.229698375870069554e-01 1.408684123301292557e-01 1.428571428571428492e-01 1.451773284719920509e-01 1.461716937354988477e-01 1.471660589990056445e-01 1.471660589990056445e-01 1.474975140868412249e-01
1.122232332423415274e-02 4.124962086745526113e-02 6.642402183803457205e-02 7.521989687594783647e-02 7.643312101910827716e-02 7.703973309068851139e-02 7.734303912647862156e-02 7.855626326963906225e-02 7.885956930542917243e-02 7.885956930542917243e-02
1.520218911523259263e-03 4.256612952265126024e-03 1.337792642140468204e-02 2.097902097902097987e-02 2.189115232593493582e-02 2.280328367284889177e-02 2.462754636667680019e-02 2.553967771359075614e-02 2.705989662511401606e-02 2.797202797202797200e-02
5.904059040590405733e-03 1.918819188191881950e-02 3.321033210332103441e-02 4.428044280442804126e-02 5.313653136531365506e-02 5.756457564575645502e-02 6.051660516605165963e-02 6.051660516605165963e-02 6.051660516605165963e-02 6.125461254612546425e-02
1.067839195979899437e-02 4.962311557788944699e-02 7.788944723618090871e-02 9.170854271356783383e-02 9.924623115577889398e-02 1.036432160804020147e-01 1.061557788944723635e-01 1.067839195979899541e-01 1.080402010050251216e-01 1.092964824120603029e-01
2.214022140221402150e-03 7.380073800738007166e-03 1.549815498154981548e-02 2.509225092250922523e-02 3.099630996309963096e-02 3.542435424354243440e-02 3.542435424354243440e-02 3.837638376383763900e-02 3.911439114391143668e-02 3.911439114391143668e-02
0.000000000000000000e+00 8.088235294117647814e-03 2.132352941176470645e-02 3.970588235294117418e-02 4.191176470588234976e-02 4.485294117647058848e-02 4.558823529411764469e-02 4.705882352941176405e-02 4.852941176470588341e-02 4.852941176470588341e-02
3.916449086161879513e-03 2.872062663185378714e-02 5.939947780678851014e-02 8.485639686684072480e-02 9.268929503916449597e-02 9.921671018276762011e-02 1.031331592689295057e-01 1.031331592689295057e-01 1.044386422976501250e-01 1.050913838120104415e-01
1.410008294166436270e-02 5.004147083218136310e-02 7.934752557367984183e-02 9.151230301354713881e-02 9.427702515897151692e-02 9.455349737351395611e-02 9.455349737351395611e-02 9.455349737351395611e-02 9.482996958805639531e-02 9.482996958805639531e-02
1.733102253032928848e-03 1.594454072790294635e-02 4.020797227036394805e-02 5.580589254766030877e-02 6.065857885615251466e-02 6.169844020797227158e-02 6.273830155979202849e-02 6.308492201039861413e-02 6.343154246100519977e-02 6.447140381282495669e-02
1.764891270091396153e-02 9.895997478726757668e-02 1.727072171446580595e-01 1.919319256224393255e-01 1.966593129530412876e-01 1.969744721084147610e-01 1.972896312637882066e-01 1.979199495745351534e-01 1.979199495745351534e-01 1.985502678852820724e-01
8.338678640153944152e-03 8.017960230917255127e-02 1.619627966645285355e-01 1.879409878127004385e-01 1.898652982681205970e-01 1.917896087235407276e-01 1.924310455420141230e-01 1.927517639512507930e-01 1.927517639512507930e-01 1.927517639512507930e-01
6.664550936210726986e-03 5.014281180577594144e-02 1.021897810218978103e-01 1.272611869247857741e-01 1.304347826086956486e-01 1.307521421770866388e-01 1.313868613138686192e-01 1.313868613138686192e-01 1.320215804506505997e-01 1.323389400190415621e-01
4.474272930648769695e-04 3.579418344519015756e-03 1.812080536912751699e-02 6.331096196868009340e-02 2.192393736017897166e-01 4.118568232662192519e-01 4.315436241610738355e-01 4.335570469798657456e-01 4.353467561521252582e-01 4.360178970917226171e-01
7.743933918430562224e-04 6.711409395973154217e-03 1.819824470831182123e-02 8.569953536396489324e-02 1.641713990707279192e-01 1.751419721218378800e-01 1.766907589055239924e-01 1.775942178626742363e-01 1.779814145585957574e-01 1.792720702116675224e-01
1.305312622373058459e-04 1.696906409084975942e-03 1.318365748596788886e-02 4.203106644041247619e-02 8.275682025845189360e-02 1.343166688421877086e-01 1.535047643910716630e-01 1.545490144889700990e-01 1.545490144889700990e-01 1.549406082756820124e-01
0.000000000000000000e+00 0.000000000000000000e+00 0.000000000000000000e+00 0.000000000000000000e+00 2.109259649862898134e-04 2.531111579835477760e-03 2.995148702805315241e-02 5.673908458131195903e-02 6.032482598607888380e-02 6.095760388103775573e-02
2.490039840637450156e-04 3.486055776892430218e-03 1.444223107569721047e-02 2.353087649402390430e-02 2.465139442231075589e-02 2.564741035856573856e-02 2.589641434262948336e-02 2.602091633466135576e-02 2.614541832669322816e-02 2.626992031872510056e-02
3.069481090589269989e-01 4.687774846086191771e-01 5.268249780123130943e-01 5.382585751978892219e-01 5.470536499560246790e-01 5.505716798592787953e-01 5.514511873350923521e-01 5.523306948109059089e-01 5.540897097625330225e-01 5.558487247141600252e-01
1.647058823529411742e-01 2.941176470588235392e-01 3.411764705882353033e-01 3.588235294117647078e-01 3.656862745098038991e-01 3.676470588235294379e-01 3.686274509803921795e-01 3.686274509803921795e-01 3.735294117647058876e-01 3.764705882352941124e-01
2.058823529411764677e-02 4.607843137254902244e-02 5.392156862745098311e-02 5.784313725490196345e-02 5.882352941176470507e-02 6.176470588235294379e-02 6.176470588235294379e-02 6.274509803921568540e-02 6.470588235294118251e-02 6.666666666666666574e-02
1.484375000000000000e-01 2.439236111111111049e-01 2.838541666666666852e-01 2.994791666666666852e-01 3.012152777777777901e-01 3.046875000000000000e-01 3.064236111111111049e-01 3.064236111111111049e-01 3.072916666666666852e-01 3.081597222222222099e-01
1.284313725490195957e-01 2.049019607843137192e-01 2.568627450980391913e-01 2.725490196078431127e-01 2.784313725490196179e-01 2.823529411764705843e-01 2.843137254901960675e-01 2.852941176470588092e-01 2.862745098039215508e-01 2.872549019607842924e-01
2.431424766977363650e-01 3.752330226364846699e-01 4.167776298268974777e-01 4.266311584553927894e-01 4.311584553928096142e-01 4.346205059920106306e-01 4.364846870838881565e-01 4.367509986684420809e-01 4.372836218375499295e-01 4.386151797603195512e-01
7.696404793608521699e-02 1.355525965379494047e-01 1.589880159786950797e-01 1.661784287616511202e-01 1.693741677762982678e-01 1.704394141145139929e-01 1.723035952063914911e-01 1.733688415446071884e-01 1.733688415446071884e-01 1.733688415446071884e-01
2.050599201065246222e-02 3.595206391478029256e-02 4.687083888149134320e-02 4.900133155792277262e-02 4.926764314247669696e-02 5.033288948069240820e-02 5.059920106524633948e-02 5.113182423435419510e-02 5.139813581890811944e-02 5.193075898801598200e-02
9.587217043941411582e-03 1.731025299600532502e-02 2.050599201065246222e-02 2.183754993342210474e-02 2.290279627163781598e-02 2.316910785619174379e-02 2.316910785619174379e-02 2.343541944074567160e-02 2.343541944074567160e-02 2.343541944074567160e-02
7.403462050599200761e-02 1.363515312916111777e-01 1.552596537949400834e-01 1.637816245006657734e-01 1.664447403462050723e-01 1.677762982689746940e-01 1.685752330226364948e-01 1.699067909454061165e-01 1.704394141145139929e-01 1.712383488681757659e-01
2.891291974957313493e-01 3.471826977803073588e-01 3.557199772339214583e-01 3.591348890153671092e-01 3.614114968696641728e-01 3.631189527603870260e-01 3.659647125782584109e-01 3.665338645418326768e-01 3.688104723961297404e-01 3.688104723961297404e-01
2.391602008215426844e-01 3.039707895937928117e-01 3.153811045184847228e-01 3.176631675034231050e-01 3.199452304883614873e-01 3.222272934732998695e-01 3.226837060702875126e-01 3.240529438612505531e-01 3.263350068461889353e-01 3.263350068461889353e-01
3.089343379978471416e-01 3.837459634015070176e-01 3.977395048439181791e-01 4.015069967707212140e-01 4.079655543595263612e-01 4.101184068891280954e-01 4.117330462863293961e-01 4.133476856835306967e-01 4.149623250807319974e-01 4.155005382131323755e-01
2.389610389610389574e-01 3.214285714285714524e-01 3.422077922077921830e-01 3.499999999999999778e-01 3.545454545454545525e-01 3.551948051948051743e-01 3.577922077922077726e-01 3.584415584415584499e-01 3.597402597402597491e-01 3.597402597402597491e-01
1.801727684080625391e-01 2.180172768408062400e-01 2.213081036610448360e-01 2.229535170711641201e-01 2.241875771287535901e-01 2.258329905388729020e-01 2.262443438914027161e-01 2.278897573015220002e-01 2.278897573015220002e-01 2.283011106540518420e-01
1.027749229188078131e-03 1.468213184554397269e-02 8.691822052562031553e-02 1.500513874614594068e-01 1.710468360005872879e-01 1.779474379679929497e-01 1.802965790632799770e-01 1.811775069740126365e-01 1.824988988401115841e-01 1.836734693877551117e-01
2.387305153770537692e-03 4.802696250526611310e-02 1.610728830220474750e-01 2.203342227215278615e-01 2.332537564948743147e-01 2.394326639516921873e-01 2.419603988203903877e-01 2.432242662547395018e-01 2.453307119786546919e-01 2.470158685577868163e-01
4.551460872118631880e-03 1.159888415797973894e-02 1.453531052708853348e-02 1.747173689619732628e-02 1.805902217001908658e-02 1.849948612538540593e-02 1.879312876229628435e-02 1.952723535457348558e-02 1.952723535457348558e-02 1.967405667302892305e-02
4.110996916752312526e-03 5.124064014094846520e-02 1.507854940537365906e-01 1.923359271766260370e-01 2.037879900161503333e-01 2.096608427543679432e-01 2.112758772573777588e-01 2.130377330788430501e-01 2.150932315372192094e-01 2.164146234033181571e-01
6.019674056673029149e-03 5.358978123623549944e-02 1.129055938922331470e-01 1.390397885773014264e-01 1.443253560416972447e-01 1.479958890030832475e-01 1.494641021876376430e-01 1.506386727352811705e-01 1.519600646013801182e-01 1.531346351490236457e-01
9.307359307359307221e-02 1.709956709956710064e-01 2.099567099567099526e-01 2.380952380952380820e-01 2.532467532467532201e-01 2.662337662337662114e-01 2.705627705627705604e-01 2.748917748917749093e-01 2.857142857142856984e-01 2.943722943722943963e-01
2.935010482180293659e-02 6.498951781970649377e-02 7.756813417190776272e-02 7.966457023060796727e-02 8.176100628930817182e-02 8.176100628930817182e-02 8.385744234800839025e-02 8.595387840670859481e-02 8.805031446540879936e-02 9.224318658280922234e-02
9.057971014492753950e-03 2.173913043478260809e-02 2.898550724637681195e-02 2.898550724637681195e-02 2.898550724637681195e-02 2.898550724637681195e-02 2.898550724637681195e-02 2.898550724637681195e-02 2.898550724637681195e-02 2.898550724637681195e-02
1.757469244288224850e-03 5.272407732864674984e-03 7.029876977152899400e-03 7.029876977152899400e-03 7.029876977152899400e-03 7.029876977152899400e-03 8.787346221441125552e-03 8.787346221441125552e-03 8.787346221441125552e-03 8.787346221441125552e-03
1.831501831501831500e-03 3.663003663003663000e-03 5.494505494505494934e-03 1.098901098901098987e-02 1.098901098901098987e-02 1.098901098901098987e-02 1.098901098901098987e-02 1.098901098901098987e-02 1.098901098901098987e-02 1.098901098901098987e-02
5.641563893991078694e-03 4.093413802151666531e-02 1.356599317764366208e-01 1.979795329309892438e-01 2.055890842298609411e-01 2.091314615586460368e-01 2.116242456048281206e-01 2.138546313303594792e-01 2.156914195749147223e-01 2.175282078194699653e-01
2.220190675199164299e-03 4.440381350398328597e-02 1.164947107222149697e-01 1.503199686561316473e-01 1.539767532976361597e-01 1.567193417787645371e-01 1.580253362935875594e-01 1.585477340995167794e-01 1.602455269687867445e-01 1.606373253232336318e-01
6.697026520225019550e-04 1.620680417894454842e-02 6.348781141173319431e-02 7.835521028663273990e-02 7.982855612108223642e-02 8.103402089472273861e-02 8.237342619876775185e-02 8.344495044200375689e-02 8.478435574604875624e-02 8.545405839807125592e-02
1.741226895258505148e-03 2.250200910795606760e-02 7.487275649611573047e-02 9.081167961425126722e-02 9.268684703991428298e-02 9.402625234395928233e-02 9.469595499598178201e-02 9.590141976962228421e-02 9.657112242164478388e-02 9.764264666488078892e-02
1.343963553530751753e-01 2.772715768159959571e-01 3.309288787648696495e-01 3.419387496836244211e-01 3.476335105036699735e-01 3.506707162743609163e-01 3.526955201214882485e-01 3.553530751708428026e-01 3.571247785370792460e-01 3.586433814224246897e-01
1.108891108891108951e-01 2.257742257742257619e-01 2.687312687312687354e-01 2.797202797202797409e-01 2.857142857142856984e-01 2.957042957042956832e-01 2.987012987012986898e-01 3.016983016983016963e-01 3.036963036963036822e-01 3.056943056943056680e-01
8.239375542064179825e-02 1.777970511708586165e-01 2.020815264527320021e-01 2.159583694709453494e-01 2.220294882914136958e-01 2.254986990459670326e-01 2.289679098005203695e-01 2.315698178664353790e-01 2.324371205550737340e-01 2.359063313096270709e-01
1.463414634146341549e-02 5.268292682926829090e-02 1.024390243902438963e-01 1.346341463414634232e-01 1.463414634146341375e-01 1.531707317073170704e-01 1.560975609756097560e-01 1.580487804878048796e-01 1.580487804878048796e-01 1.600000000000000033e-01
6.854009595613433890e-03 3.152844413982179572e-02 5.894448252227552781e-02 7.059629883481836898e-02 7.196710075394105455e-02 7.265250171350240427e-02 7.333790267306374011e-02 7.470870459218642567e-02 7.470870459218642567e-02 7.470870459218642567e-02
2.164948453608247364e-02 8.247422680412370977e-02 1.422680412371133962e-01 1.567010309278350499e-01 1.597938144329896781e-01 1.608247422680412486e-01 1.618556701030927913e-01 1.639175257731958768e-01 1.649484536082474195e-01 1.649484536082474195e-01
5.589743589743589869e-01 6.943589743589743124e-01 7.107692307692308198e-01 7.169230769230768852e-01 7.199999999999999734e-01 7.251282051282050833e-01 7.251282051282050833e-01 7.261538461538461497e-01 7.261538461538461497e-01 7.271794871794872162e-01
3.333333333333333148e-01 4.984615384615384559e-01 5.302564102564102377e-01 5.364102564102564141e-01 5.394871794871795023e-01 5.415384615384615241e-01 5.425641025641025905e-01 5.435897435897435459e-01 5.456410256410256787e-01 5.487179487179487669e-01
1.466666666666666674e-01 3.538461538461538658e-01 4.020512820512820440e-01 4.092307692307692313e-01 4.123076923076923195e-01 4.164102564102564186e-01 4.194871794871795068e-01 4.205128205128205177e-01 4.205128205128205177e-01 4.235897435897436059e-01
9.641025641025641191e-02 2.933333333333333348e-01 3.682051282051281849e-01 3.702564102564102622e-01 3.723076923076922840e-01 3.774358974358974494e-01 3.794871794871794712e-01 3.815384615384615485e-01 3.846153846153846367e-01 3.856410256410256476e-01
8.205128205128205121e-02 2.533333333333333548e-01 2.984615384615384448e-01 3.046153846153846212e-01 3.056410256410256321e-01 3.097435897435897312e-01 3.107692307692307421e-01 3.117948717948718085e-01 3.148717948717948967e-01 3.148717948717948967e-01
8.109934669970713522e-03 2.545618382518585396e-02 3.694525794097770072e-02 4.573102050011263603e-02 4.843433205676954401e-02 5.293985131786438370e-02 5.631899076368551693e-02 5.812119846812344864e-02 5.924757828339716204e-02 5.992340617256138730e-02
0.000000000000000000e+00 0.000000000000000000e+00 0.000000000000000000e+00 2.283105022831050156e-04 9.132420091324200623e-04 1.598173515981735245e-03 2.283105022831050102e-03 2.511415525114155198e-03 5.479452054794520591e-03 1.027397260273972546e-02
0.000000000000000000e+00 0.000000000000000000e+00 2.746498214776160393e-04 2.746498214776160393e-04 2.746498214776160393e-04 2.746498214776160393e-04 8.239494644328481179e-04 2.197198571820928314e-03 5.767646251029936826e-03 1.922548750343312449e-02
0.000000000000000000e+00 2.989238740534077166e-03 1.076125946592267763e-02 2.212036667995217337e-02 2.371462734157034694e-02 2.690314866480669753e-02 2.809884416102032684e-02 2.829812674372259723e-02 2.909525707453168575e-02 2.989238740534077426e-02
5.736137667304015524e-04 1.529636711281070734e-03 8.604206500956022852e-03 2.562141491395793572e-02 2.944550669216061331e-02 3.250478011472275608e-02 3.422562141491395510e-02 3.499043977055449339e-02 3.632887189292543367e-02 3.728489483747610134e-02
2.226935312831389291e-01 3.138918345705196122e-01 3.425238600212088813e-01 3.552492046659597169e-01 3.584305408271474258e-01 3.637327677624602185e-01 3.679745493107104970e-01 3.679745493107104970e-01 3.690349946977730666e-01 3.700954400848356363e-01
1.655328798185941030e-01 2.199546485260771012e-01 2.350718065003779278e-01 2.388510959939531275e-01 2.403628117913832185e-01 2.411186696900982640e-01 2.418745275888133095e-01 2.426303854875283550e-01 2.426303854875283550e-01 2.426303854875283550e-01
1.835003855050115762e-01 2.444101773323053284e-01 2.698535080956052656e-01 2.744795682343870724e-01 2.783346183500385318e-01 2.791056283731688237e-01 2.821896684656900467e-01 2.829606784888203386e-01 2.829606784888203386e-01 2.829606784888203386e-01
2.242268041237113485e-01 2.981099656357388272e-01 3.178694158075601184e-01 3.247422680412371254e-01 3.307560137457044580e-01 3.324742268041236959e-01 3.341924398625429338e-01 3.376288659793814650e-01 3.376288659793814650e-01 3.402061855670103219e-01
2.426160337552742685e-01 3.175105485232067593e-01 3.407172995780590741e-01 3.502109704641350185e-01 3.554852320675105370e-01 3.597046413502109630e-01 3.628691983122362963e-01 3.670886075949367222e-01 3.691983122362869074e-01 3.713080168776371481e-01
2.399520095980803638e-03 5.998800239952009963e-03 7.198560287942411783e-03 8.398320335932813602e-03 8.398320335932813602e-03 8.398320335932813602e-03 8.398320335932813602e-03 8.398320335932813602e-03 8.398320335932813602e-03 8.398320335932813602e-03
1.799640071985602946e-03 1.799640071985602946e-03 1.799640071985602946e-03 1.799640071985602946e-03 1.799640071985602946e-03 1.799640071985602946e-03 1.799640071985602946e-03 1.799640071985602946e-03 1.799640071985602946e-03 1.799640071985602946e-03
0.000000000000000000e+00 1.799640071985602946e-03 1.799640071985602946e-03 1.799640071985602946e-03 1.799640071985602946e-03 1.799640071985602946e-03 1.799640071985602946e-03 1.799640071985602946e-03 1.799640071985602946e-03 1.799640071985602946e-03
1.199760047990401819e-03 1.799640071985602946e-03 2.399520095980803638e-03 4.199160167966406801e-03 4.199160167966406801e-03 4.199160167966406801e-03 4.799040191961607277e-03 4.799040191961607277e-03 4.799040191961607277e-03 4.799040191961607277e-03
1.199760047990401819e-03 2.999400119976004982e-03 3.599280143971205891e-03 4.799040191961607277e-03 4.799040191961607277e-03 4.799040191961607277e-03 4.799040191961607277e-03 4.799040191961607277e-03 4.799040191961607277e-03 4.799040191961607277e-03
8.653061224489795589e-02 1.804081632653061207e-01 2.146938775510204012e-01 2.277551020408163374e-01 2.367346938775510279e-01 2.383673469387755095e-01 2.408163265306122458e-01 2.448979591836734637e-01 2.522448979591837004e-01 2.546938775510204089e-01
8.885298869143780365e-02 1.785137318255250460e-01 2.197092084006461998e-01 2.390953150242326464e-01 2.463651050080775395e-01 2.528271405492730217e-01 2.552504038772213102e-01 2.584814216478190652e-01 2.600969305331179426e-01 2.625201938610662311e-01
4.979591836734693910e-02 1.175510204081632593e-01 1.453061224489795855e-01 1.567346938775510123e-01 1.632653061224489666e-01 1.648979591836734759e-01 1.681632653061224392e-01 1.738775510204081665e-01 1.771428571428571297e-01 1.779591836734693844e-01
2.775510204081632626e-02 7.102040816326531114e-02 9.224489795918366930e-02 1.036734693877550961e-01 1.085714285714285687e-01 1.093877551020408095e-01 1.093877551020408095e-01 1.102040816326530642e-01 1.102040816326530642e-01 1.110204081632653050e-01
1.783492326835338024e-02 3.318125259228536100e-02 4.396515968477809899e-02 4.728328494400663856e-02 4.769805060141020514e-02 4.769805060141020514e-02 4.769805060141020514e-02 4.811281625881377172e-02 4.852758191621733830e-02 4.894234757362090488e-02
8.163265306122448328e-02 1.519679300291545132e-01 1.696428571428571508e-01 1.745626822157434477e-01 1.769314868804664764e-01 1.776603498542274062e-01 1.789358600583090264e-01 1.793002915451895052e-01 1.798469387755101956e-01 1.805758017492711254e-01
2.580405739732805626e-01 4.040079168728352155e-01 4.339435922810490065e-01 4.393864423552696907e-01 4.411182582879762393e-01 4.428500742206828433e-01 4.440870856011875367e-01 4.445818901533893919e-01 4.450766947055913025e-01 4.450766947055913025e-01
2.659694742792538258e-01 4.058790276992651491e-01 4.287733182589033576e-01 4.349915206331260720e-01 4.375353306953080890e-01 4.383832673827021131e-01 4.397964951950254497e-01 4.397964951950254497e-01 4.400791407574901060e-01 4.403617863199547622e-01
5.433088399020262471e-02 1.266978401246938446e-01 1.563126252505009917e-01 1.614339790692496113e-01 1.643286573146292562e-01 1.661099977733244137e-01 1.672233355600089011e-01 1.681140057893564799e-01 1.683366733466933884e-01 1.685593409040302693e-01
2.091577162238552820e-02 1.082532504239683419e-01 2.300734878462408206e-01 2.902769926512153709e-01 2.993216506500848140e-01 3.029960429621255114e-01 3.063877897117015525e-01 3.066704352741662087e-01 3.078010175240248891e-01 3.086489542114188578e-01
2.354908518591383171e-01 3.553019870155419979e-01 3.869761951603383765e-01 4.017312610662994166e-01 4.066496163682864484e-01 4.099940979736376168e-01 4.121581743065119152e-01 4.162895927601810153e-01 4.176667322447373820e-01 4.192406059413731900e-01
7.692307692307692735e-02 1.231556167617548631e-01 1.400747590005902155e-01 1.475506590596104561e-01 1.501082038166437205e-01 1.528624827857564539e-01 1.544363564823922896e-01 1.566004328152665881e-01 1.581743065119024239e-01 1.587645091481408588e-01
2.262443438914027091e-02 3.718276608302183844e-02 4.229785559708833242e-02 4.485540035412158288e-02 4.603580562659846664e-02 4.662600826283690852e-02 4.721621089907535040e-02 4.780641353531379228e-02 4.800314774739326829e-02 4.800314774739326829e-02
1.282707062758213779e-01 2.105056069250442752e-01 2.350973834349793512e-01 2.459177650993507880e-01 2.494589809167814254e-01 2.520165256738146620e-01 2.543773362187684572e-01 2.555577414912453271e-01 2.563446783395632589e-01 2.571316151878811906e-01
4.879008459571119311e-02 8.971080070824316577e-02 1.089907534920322579e-01 1.154829824906551256e-01 1.202046035805626606e-01 1.211882746409600614e-01 1.223686799134369452e-01 1.227621483375959111e-01 1.239425536100727948e-01 1.251229588825496786e-01
4.568296025582457712e-04 1.050708085883965241e-02 1.027866605756053014e-01 1.804476930105070875e-01 2.149383280036546440e-01 2.211055276381909684e-01 2.227044312471448129e-01 2.249885792599360390e-01 2.275011420740064016e-01 2.304705344906349818e-01
6.785795068988916857e-04 3.392897534494458429e-03 4.772675865188871075e-02 1.483827188418909704e-01 1.970142501696448833e-01 2.114906129834878967e-01 2.162406695317801442e-01 2.175978285455779371e-01 2.198597602352408975e-01 2.214431124180049892e-01
2.284148012791228856e-04 1.142074006395614374e-03 1.164915486523526722e-02 7.217907720420282947e-02 1.187756966651438983e-01 1.379625399725902257e-01 1.411603471904979423e-01 1.436729100045683050e-01 1.457286432160803946e-01 1.477843764275925120e-01
3.712497301964170354e-02 1.221670623785883897e-01 1.564860781351176400e-01 1.642564213252752092e-01 1.668465357219943990e-01 1.677099071875674530e-01 1.685732786531405070e-01 1.703000215842866427e-01 1.715950787826462376e-01 1.720267645154327785e-01
1.370488807674737422e-03 2.489721333942439621e-02 7.035175879396984855e-02 9.502055733211511868e-02 1.016445865692096884e-01 1.039287345820009145e-01 1.066697121973503859e-01 1.068981269986295085e-01 1.087254454088624894e-01 1.103243490178163477e-01
1.366666666666666585e-01 2.219047619047619102e-01 2.500000000000000000e-01 2.571428571428571175e-01 2.576190476190476364e-01 2.580952380952380998e-01 2.585714285714285632e-01 2.595238095238095455e-01 2.595238095238095455e-01 2.595238095238095455e-01
1.611957796014067967e-01 2.766705744431418590e-01 3.106682297772567214e-01 3.188745603751465540e-01 3.206330597889800460e-01 3.235638921453692918e-01 3.235638921453692918e-01 3.259085580304806329e-01 3.264947245017584820e-01 3.264947245017584820e-01
2.261613691931540354e-02 8.679706601466992411e-02 1.234718826405867970e-01 1.332518337408312992e-01 1.363080684596577052e-01 1.369193154034229754e-01 1.381418092909535433e-01 1.381418092909535433e-01 1.387530562347188134e-01 1.387530562347188134e-01
2.318034306907742342e-02 1.172925359295317604e-01 1.821974965229485321e-01 1.928604543347241518e-01 1.965693092257765340e-01 1.970329160871580887e-01 1.993509503940658345e-01 2.002781641168289162e-01 2.012053778395920256e-01 2.016689847009735803e-01
2.495840266222961682e-03 4.492512479201331288e-02 1.164725457570715411e-01 1.780366056572379452e-01 1.846921797004991705e-01 1.855241264559068237e-01 1.871880199667221301e-01 1.871880199667221301e-01 1.880199667221297832e-01 1.905158069883527427e-01
1.801109688433632228e-01 3.145539906103286265e-01 3.559539052496799028e-01 3.619291506615450182e-01 3.649167733674775760e-01 3.674775928297054906e-01 3.704652155356380483e-01 3.704652155356380483e-01 3.713188220230473902e-01 3.713188220230473902e-01
9.389671361502346936e-02 1.963294921041399965e-01 2.300469483568075013e-01 2.385830132309005591e-01 2.432778489116517173e-01 2.449850618864703455e-01 2.462654716175843028e-01 2.466922748612889460e-01 2.471190781049935892e-01 2.488262910798122174e-01
4.182671788305591248e-02 1.216389244558258587e-01 1.694408877507468936e-01 1.796841655996585518e-01 1.826717883055911096e-01 1.848058045241143810e-01 1.873666239863422955e-01 1.890738369611608960e-01 1.907810499359795242e-01 1.912078531796841674e-01
2.731540759709773919e-02 9.346991037131882618e-02 1.267605633802816878e-01 1.327358087921468310e-01 1.344430217669654315e-01 1.357234314980793888e-01 1.374306444728979892e-01 1.387110542040119465e-01 1.391378574477165897e-01 1.404182671788305470e-01
1.963294921041399896e-02 6.402048655569782254e-02 8.962868117797695433e-02 9.645753307725138392e-02 9.816474605206999826e-02 9.859154929577464144e-02 1.007255655142979128e-01 1.028595817328211703e-01 1.037131882202304706e-01 1.049935979513444279e-01
1.751412429378531033e-01 2.764830508474576121e-01 3.086158192090395214e-01 3.202683615819209018e-01 3.223870056497175063e-01 3.252118644067796827e-01 3.283898305084745894e-01 3.308615819209039799e-01 3.308615819209039799e-01 3.308615819209039799e-01
1.580034423407917499e-01 2.502581755593804025e-01 2.781411359724612620e-01 2.874354561101549188e-01 2.919104991394148030e-01 2.953528399311531882e-01 2.981067125645439075e-01 2.994836488812392394e-01 3.005163511187607384e-01 3.012048192771084598e-01
1.365638766519823855e-01 2.128092172145035488e-01 2.409352761775669372e-01 2.477126397831243554e-01 2.504235852253473560e-01 2.521179261267367244e-01 2.534733988478481970e-01 2.551677397492375654e-01 2.555066079295154058e-01 2.558454761097933017e-01
1.259515570934255924e-01 1.899653979238754287e-01 2.148788927335640031e-01 2.228373702422145330e-01 2.252595155709342656e-01 2.259515570934255979e-01 2.283737024221453304e-01 2.304498269896193829e-01 2.314878892733563953e-01 2.321799307958477554e-01
1.063914251687177459e-01 1.734815402937673612e-01 1.945216355696705035e-01 2.060341405319571217e-01 2.107979356887653699e-01 2.119888844779674597e-01 2.135768161969035239e-01 2.139737991266375539e-01 2.147677649861055860e-01 2.163556967050416779e-01
8.447204968944099779e-02 1.962732919254658315e-01 2.478260869565217517e-01 2.633540372670807317e-01 2.714285714285714080e-01 2.751552795031055876e-01 2.788819875776397672e-01 2.795031055900620842e-01 2.813664596273292018e-01 2.826086956521738913e-01
5.031055900621118210e-02 2.472049689440993792e-01 3.695652173913043237e-01 3.925465838509316630e-01 4.012422360248447117e-01 4.037267080745341463e-01 4.068322981366459534e-01 4.080745341614906985e-01 4.111801242236025056e-01 4.111801242236025056e-01
2.569403425871234423e-02 1.331955109273479099e-01 1.869462492616656701e-01 1.961015948021264110e-01 1.978735971647962166e-01 1.996455995274660500e-01 1.999409332545776796e-01 1.999409332545776796e-01 2.002362669816893093e-01 2.014176018901358556e-01
7.845503922751961845e-03 3.500301750150874858e-02 5.371152685576342789e-02 5.914302957151478662e-02 6.035003017501508471e-02 6.035003017501508471e-02 6.095353047676523722e-02 6.125528062764031695e-02 6.125528062764031695e-02 6.155703077851538974e-02
1.013976431899150411e-02 5.892025212386955285e-02 1.035900246642915828e-01 1.115374075089065470e-01 1.134557412989860292e-01 1.142778843518772319e-01 1.156481227733625605e-01 1.164702658262537632e-01 1.167443135105508401e-01 1.175664565634420428e-01
5.641563893991078694e-03 4.093413802151666531e-02 1.356599317764366208e-01 1.979795329309892438e-01 2.055890842298609411e-01 2.091314615586460368e-01 2.116242456048281206e-01 2.138546313303594792e-01 2.156914195749147223e-01 2.175282078194699653e-01
2.220190675199164299e-03 4.440381350398328597e-02 1.164947107222149697e-01 1.503199686561316473e-01 1.539767532976361597e-01 1.567193417787645371e-01 1.580253362935875594e-01 1.585477340995167794e-01 1.602455269687867445e-01 1.606373253232336318e-01
6.697026520225019550e-04 1.620680417894454842e-02 6.348781141173319431e-02 7.835521028663273990e-02 7.982855612108223642e-02 8.103402089472273861e-02 8.237342619876775185e-02 8.344495044200375689e-02 8.478435574604875624e-02 8.545405839807125592e-02
1.741226895258505148e-03 2.250200910795606760e-02 7.487275649611573047e-02 9.081167961425126722e-02 9.268684703991428298e-02 9.402625234395928233e-02 9.469595499598178201e-02 9.590141976962228421e-02 9.657112242164478388e-02 9.764264666488078892e-02
1.343963553530751753e-01 2.772715768159959571e-01 3.309288787648696495e-01 3.419387496836244211e-01 3.476335105036699735e-01 3.506707162743609163e-01 3.526955201214882485e-01 3.553530751708428026e-01 3.571247785370792460e-01 3.586433814224246897e-01
7.194244604316546920e-04 1.438848920863309384e-03 5.395683453237410353e-03 2.482014388489208606e-02 3.453237410071942348e-02 3.525179856115107785e-02 3.525179856115107785e-02 3.525179856115107785e-02 3.525179856115107785e-02 3.561151079136690850e-02
0.000000000000000000e+00 2.158273381294963968e-03 1.223021582733812944e-02 4.100719424460431972e-02 5.611510791366906142e-02 6.402877697841725946e-02 6.690647482014389080e-02 6.798561151079136888e-02 7.050359712230215570e-02 7.086330935251798635e-02
0.000000000000000000e+00 0.000000000000000000e+00 3.237410071942445951e-03 3.129496402877697536e-02 4.676258992805755466e-02 5.215827338129496588e-02 5.323741007194244396e-02 5.359712230215827461e-02 5.395683453237409832e-02 5.467625899280575269e-02
3.597122302158273460e-04 1.438848920863309384e-03 2.050359712230215986e-02 1.089928057553956886e-01 1.633093525179856176e-01 1.773381294964028743e-01 1.787769784172661969e-01 1.802158273381294917e-01 1.816546762589928143e-01 1.820143884892086450e-01
0.000000000000000000e+00 0.000000000000000000e+00 0.000000000000000000e+00 1.079136690647481984e-03 1.366906474820143817e-02 2.913669064748201573e-02 3.920863309352518034e-02 4.244604316546762846e-02 4.244604316546762846e-02 4.352517985611510654e-02
3.391859537110933909e-01 4.972067039106145003e-01 5.442936951316839078e-01 5.562649640861930811e-01 5.594573024740622236e-01 5.650438946528332229e-01 5.682362330407023654e-01 5.706304868316041112e-01 5.714285714285713969e-01 5.714285714285713969e-01
2.327089337175792527e-01 3.566282420749279369e-01 3.976945244956772152e-01 4.200288184438040195e-01 4.279538904899135576e-01 4.293948126801152565e-01 4.301152737752161337e-01 4.301152737752161337e-01 4.308357348703170109e-01 4.373198847262247946e-01
1.379562043795620474e-01 2.394160583941605802e-01 2.744525547445255675e-01 2.846715328467153139e-01 2.875912408759124239e-01 2.890510948905109512e-01 2.905109489051094784e-01 2.919708029197080057e-01 2.919708029197080057e-01 2.941605839416058243e-01
5.171208944793850154e-02 1.264849755415793087e-01 1.488469601677148979e-01 1.579315164220824463e-01 1.600279524807826648e-01 1.614255765199161530e-01 1.614255765199161530e-01 1.621243885394828832e-01 1.621243885394828832e-01 1.621243885394828832e-01
1.700680272108843691e-02 5.697278911564625931e-02 7.227891156462584732e-02 7.908163265306122902e-02 7.908163265306122902e-02 7.908163265306122902e-02 7.908163265306122902e-02 7.908163265306122902e-02 8.078231292517007445e-02 8.078231292517007445e-02
3.541076487252124705e-02 1.161473087818696848e-01 1.444759206798866824e-01 1.586402266288951812e-01 1.643059490084985974e-01 1.685552407932011387e-01 1.699716713881019858e-01 1.699716713881019858e-01 1.699716713881019858e-01 1.713881019830028329e-01
0.000000000000000000e+00 0.000000000000000000e+00 0.000000000000000000e+00 2.691218130311614706e-02 8.215297450424929870e-02 1.203966005665722400e-01 1.260623229461756423e-01 1.303116147308781836e-01 1.317280453257790307e-01 1.345609065155807249e-01
1.291005291005291045e-01 2.624338624338624082e-01 3.153439153439153708e-01 3.238095238095238249e-01 3.312169312169312430e-01 3.386243386243386055e-01 3.407407407407407329e-01 3.407407407407407329e-01 3.417989417989418244e-01 3.439153439153438963e-01
7.178354500276090157e-03 4.196576477084483503e-02 5.742683600220872125e-02 6.294864715626725948e-02 6.294864715626725948e-02 6.294864715626725948e-02 6.294864715626725948e-02 6.350082827167310984e-02 6.350082827167310984e-02 6.350082827167310984e-02
2.666666666666666578e-03 4.800000000000000100e-02 1.426666666666666639e-01 2.280000000000000082e-01 2.399999999999999911e-01 2.453333333333333199e-01 2.453333333333333199e-01 2.479999999999999982e-01 2.479999999999999982e-01 2.506666666666666488e-01
3.345238095238095011e-01 4.797619047619047783e-01 5.257936507936508130e-01 5.384920634920634663e-01 5.444444444444443976e-01 5.484126984126984627e-01 5.507936507936508352e-01 5.523809523809524169e-01 5.527777777777778123e-01 5.535714285714286031e-01
1.272654047523157361e-01 2.150624244865082524e-01 2.404349577124446358e-01 2.533225936367297648e-01 2.589609343536045105e-01 2.621828433346757858e-01 2.637937978252114513e-01 2.645992750704792562e-01 2.650020136931131587e-01 2.654047523157470612e-01
1.272654047523157361e-01 2.323801852597664197e-01 2.617801047120418834e-01 2.758759565042287476e-01 2.795006041079339254e-01 2.867498993153443365e-01 2.891663310511478069e-01 2.911800241643173748e-01 2.919855014095851797e-01 2.931937172774868872e-01
2.376157873540072490e-02 4.188481675392670411e-02 5.195328231977446726e-02 5.799436165928312237e-02 6.000805477245267638e-02 6.202174788562223040e-02 6.322996375352396559e-02 6.403544099879178442e-02 6.403544099879178442e-02 6.524365686669351960e-02
1.731776077325815691e-02 3.302456705598066922e-02 3.866290777285541491e-02 4.349577124446234178e-02 4.430124848973016755e-02 4.591220298026580521e-02 4.712041884816754039e-02 4.953685058397100383e-02 4.953685058397100383e-02 4.993958920660491324e-02
2.343292325717633365e-02 5.096660808435852369e-02 6.209724663151728469e-02 6.561218512009373005e-02 6.736965436438195620e-02 6.736965436438195620e-02 6.736965436438195620e-02 6.854130052724077826e-02 6.854130052724077826e-02 6.912712360867018235e-02
1.874633860574106622e-02 4.803749267721148242e-02 5.858230814294083239e-02 6.151142355008787366e-02 6.385471587580550390e-02 6.502636203866432596e-02 6.502636203866432596e-02 6.502636203866432596e-02 6.561218512009373005e-02 6.561218512009373005e-02
2.050380785002929238e-02 4.920913884007029754e-02 6.209724663151728469e-02 6.619800820152313414e-02 6.678383128295255211e-02 6.795547744581136029e-02 6.912712360867018235e-02 6.912712360867018235e-02 7.029876977152900441e-02 7.029876977152900441e-02
1.356783919597989996e-01 2.350642099385817918e-01 2.691233947515354608e-01 2.808486878838637457e-01 2.847571189279731740e-01 2.897822445561138993e-01 2.908989391401451963e-01 2.914572864321607892e-01 2.925739810161920862e-01 2.925739810161920862e-01
2.167545401288810750e-02 4.510837727006444114e-02 6.092560046865846263e-02 6.736965436438195620e-02 7.029876977152900441e-02 7.147041593438781260e-02 7.264206209724663466e-02 7.264206209724663466e-02 7.322788517867603875e-02 7.439953134153486081e-02
3.291428571428571259e-01 5.051428571428571157e-01 5.457142857142857073e-01 5.531428571428571583e-01 5.565714285714286058e-01 5.600000000000000533e-01 5.611428571428571654e-01 5.645714285714286129e-01 5.668571428571428372e-01 5.697142857142857286e-01
1.685714285714285665e-01 3.045714285714285485e-01 3.502857142857143113e-01 3.605714285714285983e-01 3.639999999999999902e-01 3.697142857142857175e-01 3.748571428571428332e-01 3.771428571428571686e-01 3.794285714285714484e-01 3.800000000000000044e-01
8.000000000000000167e-02 1.394285714285714295e-01 1.605714285714285594e-01 1.737142857142857100e-01 1.788571428571428534e-01 1.828571428571428570e-01 1.851428571428571368e-01 1.857142857142857206e-01 1.885714285714285843e-01 1.902857142857142803e-01
7.085714285714285465e-02 1.245714285714285691e-01 1.617142857142857271e-01 1.748571428571428499e-01 1.822857142857142732e-01 1.857142857142857206e-01 1.880000000000000004e-01 1.914285714285714202e-01 1.954285714285714237e-01 1.977142857142857035e-01
5.542725173210161921e-02 1.085450346420323287e-01 1.353348729792147875e-01 1.478060046189376420e-01 1.519630484988452601e-01 1.561200923787528783e-01 1.602771362586604964e-01 1.635103926096997673e-01 1.635103926096997673e-01 1.662817551963048368e-01
2.833983788652056357e-01 4.422095466826778676e-01 4.872410687481236735e-01 4.989492644851395986e-01 5.022515761032723125e-01 5.070549384569198459e-01 5.085559891924347209e-01 5.097568297808465765e-01 5.127589312518763265e-01 5.157610327229060765e-01
1.198270537368746197e-01 1.998147004323656550e-01 2.273008029647930750e-01 2.402717726991970282e-01 2.442865966646077802e-01 2.473749227918468074e-01 2.489190858554663488e-01 2.513897467572575595e-01 2.563310685608400363e-01 2.591105620753551553e-01
3.891290920321185953e-02 7.195799876466954514e-02 8.184064237183447110e-02 8.554663372452131487e-02 8.832612723903644769e-02 8.956145768993205303e-02 9.110562075355158052e-02 9.203211859172329146e-02 9.295861642989500240e-02 9.450277949351451601e-02
6.331068560840025228e-02 1.071649166151945609e-01 1.312538604076590454e-01 1.365040148239654028e-01 1.383570105003088246e-01 1.392835083384805495e-01 1.411365040148239713e-01 1.420630018529956684e-01 1.423718344657195767e-01 1.429894996911673932e-01
2.872143298332303918e-02 5.219271155033971404e-02 6.763434218653489871e-02 7.504632489190858624e-02 7.659048795552809985e-02 7.875231624459543001e-02 8.029647930821494362e-02 8.122297714638665456e-02 8.184064237183447110e-02 8.214947498455836550e-02
9.103641456582632630e-02 2.184873949579831942e-01 2.647058823529411797e-01 2.739095638255302223e-01 2.755102040816326259e-01 2.765106042416966559e-01 2.765106042416966559e-01 2.767106842737094841e-01 2.767106842737094841e-01 2.767106842737094841e-01
1.343716597953886066e-02 4.855703160787906703e-02 6.642235455794777421e-02 7.222476714002137865e-02 7.268285234386928639e-02 7.329363261566651522e-02 7.329363261566651522e-02 7.329363261566651522e-02 7.329363261566651522e-02 7.344632768361582242e-02
8.031256783156066545e-03 3.038853917950944117e-02 4.362925982200998448e-02 4.840460169307575500e-02 4.992402865205122775e-02 5.100933362274798905e-02 5.100933362274798905e-02 5.100933362274798905e-02 5.100933362274798905e-02 5.122639461688734824e-02
3.310415075120957343e-03 1.400560224089635909e-02 1.884390119684237197e-02 1.960784313725490169e-02 2.011713776419658817e-02 2.037178507766743141e-02 2.062643239113827465e-02 2.088107970460911789e-02 2.088107970460911789e-02 2.088107970460911789e-02
7.639419404125286344e-04 3.565062388591800149e-03 6.366182836771072315e-03 6.366182836771072315e-03 6.620830150241914687e-03 6.620830150241914687e-03 6.875477463712757926e-03 6.875477463712757926e-03 6.875477463712757926e-03 6.875477463712757926e-03
