1.071428571428571369e-01 2.619047619047619180e-01 3.154761904761904656e-01 3.357142857142856873e-01 3.380952380952381153e-01 3.416666666666666741e-01 3.464285714285714191e-01 3.488095238095237915e-01 3.535714285714285920e-01 3.595238095238095233e-01
2.380952380952381167e-03 9.523809523809524669e-03 1.309523809523809555e-02 2.023809523809523905e-02 2.142857142857142877e-02 2.500000000000000139e-02 2.619047619047619110e-02 2.738095238095238082e-02 2.738095238095238082e-02 3.095238095238095344e-02
1.190476190476190584e-03 2.380952380952381167e-03 7.142857142857142634e-03 8.333333333333333218e-03 1.071428571428571438e-02 1.071428571428571438e-02 1.071428571428571438e-02 1.071428571428571438e-02 1.071428571428571438e-02 1.071428571428571438e-02
4.761904761904762334e-03 1.190476190476190410e-02 1.428571428571428527e-02 1.666666666666666644e-02 1.666666666666666644e-02 1.904761904761904934e-02 1.904761904761904934e-02 1.904761904761904934e-02 1.904761904761904934e-02 2.023809523809523905e-02
1.190476190476190584e-03 5.952380952380952051e-03 7.142857142857142634e-03 7.142857142857142634e-03 8.333333333333333218e-03 8.333333333333333218e-03 9.523809523809524669e-03 9.523809523809524669e-03 9.523809523809524669e-03 9.523809523809524669e-03
1.477601156069364152e-01 2.301300578034682076e-01 2.510838150289017578e-01 2.561416184971098131e-01 2.604768786127167890e-01 2.633670520231213841e-01 2.687861271676300623e-01 2.734826589595375501e-01 2.785404624277456609e-01 2.814306358381503115e-01
6.427990235964198273e-02 9.818280444806075369e-02 1.065907241659886096e-01 1.076756170328180134e-01 1.095741795497694598e-01 1.106590724165988637e-01 1.114727420667209062e-01 1.125576349335503101e-01 1.144561974505017565e-01 1.147274206672091179e-01
1.183572020357438802e-04 1.301929222393182709e-03 3.077287252929340831e-03 5.326074091608474365e-03 8.166646940466327706e-03 9.113504556752277663e-03 1.029707657710971641e-02 1.065214818321694873e-02 1.112557699135992458e-02 1.136229139543141163e-02
3.337183930175843978e-03 8.342959825439609511e-03 1.065331793094596337e-02 1.142343729944808074e-02 1.155179052753176755e-02 1.193685021178282624e-02 1.193685021178282624e-02 1.206520343986651304e-02 1.283532280836863042e-02 1.322038249261968910e-02
3.152039555006180133e-02 7.787391841779975343e-02 1.084672435105067945e-01 1.266996291718170686e-01 1.322620519159456165e-01 1.375154511742892327e-01 1.402966625463535344e-01 1.433868974042027122e-01 1.470951792336217534e-01 1.501854140914709590e-01
9.947643979057591013e-02 1.483420593368237339e-01 1.640488656195462358e-01 1.657940663176265261e-01 1.657940663176265261e-01 1.657940663176265261e-01 1.657940663176265261e-01 1.657940663176265261e-01 1.657940663176265261e-01 1.657940663176265261e-01
5.343511450381679267e-02 7.888040712468193105e-02 8.524173027989821738e-02 9.033078880407124922e-02 9.033078880407124922e-02 9.160305343511450371e-02 9.160305343511450371e-02 9.160305343511450371e-02 9.160305343511450371e-02 9.160305343511450371e-02
3.850385038503850721e-02 6.930693069306931298e-02 7.370737073707370191e-02 8.030803080308031305e-02 8.030803080308031305e-02 8.140814081408140335e-02 8.250825082508250752e-02 8.250825082508250752e-02 8.250825082508250752e-02 8.250825082508250752e-02
1.873935264054514549e-02 4.003407155025553998e-02 4.429301533219761472e-02 4.599659284497444739e-02 4.599659284497444739e-02 4.684838160136286372e-02 4.684838160136286372e-02 4.684838160136286372e-02 4.684838160136286372e-02 4.684838160136286372e-02
1.812191103789126748e-02 2.553542009884678804e-02 2.718286655683690295e-02 2.718286655683690295e-02 2.718286655683690295e-02 2.718286655683690295e-02 2.718286655683690295e-02 2.800658978583196040e-02 2.800658978583196040e-02 2.800658978583196040e-02
2.211934156378600747e-01 2.839506172839506015e-01 2.890946502057613055e-01 2.921810699588477389e-01 2.942386831275720094e-01 2.952674897119341724e-01 2.983539094650205503e-01 3.014403292181069838e-01 3.045267489711934172e-01 3.076131687242798507e-01
2.096956031567080159e-01 2.609921082299887507e-01 2.688838782412626971e-01 2.705749718151070904e-01 2.711386696730552215e-01 2.733934611048478014e-01 2.745208568207440636e-01 2.745208568207440636e-01 2.767756482525366435e-01 2.779030439684329057e-01
2.392676767676767680e-01 3.125000000000000000e-01 3.219696969696969613e-01 3.244949494949495028e-01 3.263888888888888951e-01 3.276515151515151381e-01 3.301767676767676796e-01 3.301767676767676796e-01 3.314393939393939226e-01 3.327020202020202211e-01
3.251488095238095344e-01 4.122023809523809312e-01 4.226190476190476164e-01 4.248511904761904656e-01 4.263392857142856984e-01 4.278273809523809312e-01 4.308035714285714524e-01 4.330357142857143016e-01 4.345238095238095344e-01 4.352678571428571508e-01
3.199588477366255290e-01 4.074074074074073848e-01 4.125514403292180887e-01 4.176954732510287926e-01 4.187242798353909556e-01 4.197530864197530631e-01 4.269547325102880930e-01 4.290123456790123635e-01 4.320987654320987414e-01 4.320987654320987414e-01
1.575789199060787793e-01 2.697625880511348995e-01 3.008087659796503943e-01 3.190712235846595579e-01 3.253326376206626680e-01 3.282024523871641120e-01 3.336811896686668333e-01 3.365510044351682772e-01 3.415079572136707764e-01 3.459431254891729979e-01
6.104878685103052455e-02 1.220975737020610491e-01 1.497521523610748639e-01 1.630576571875815284e-01 1.693190712235846662e-01 1.732324549960866100e-01 1.745369162535872765e-01 1.789720845290894979e-01 1.813201147925906642e-01 1.867988520740934133e-01
6.078789459953039265e-02 1.155752674145577863e-01 1.463605530915731701e-01 1.601878424210800844e-01 1.695799634750847773e-01 1.776676232715888315e-01 1.813201147925906642e-01 1.852334985650926080e-01 1.891468823375945796e-01 1.943647273675971898e-01
6.783198539003391231e-03 1.487085833550743502e-02 2.191494912601095815e-02 2.713279415601356492e-02 2.921993216801460971e-02 3.130707018001565450e-02 3.339420819201669582e-02 3.443777719801721648e-02 3.678580746151838970e-02 3.730759196451865350e-02
6.000521784502999868e-03 1.382728932950691436e-02 2.087138012001043402e-02 2.374119488651187104e-02 2.661100965301330459e-02 2.843725541351421748e-02 2.921993216801460971e-02 3.026350117401513037e-02 3.130707018001565450e-02 3.261153143751630706e-02
5.610738255033557303e-02 1.528411633109619805e-01 2.053691275167785213e-01 2.207606263982102857e-01 2.277404921700223739e-01 2.348098434004474155e-01 2.413422818791946256e-01 2.466219239373601824e-01 2.515436241610738421e-01 2.553020134228187743e-01
4.592941176470588527e-02 1.039999999999999952e-01 1.312941176470588112e-01 1.404235294117646971e-01 1.451294117647058957e-01 1.491764705882352993e-01 1.521882352941176519e-01 1.538823529411764701e-01 1.567058823529411671e-01 1.591529411764705804e-01
3.171764705882353097e-02 6.880000000000000004e-02 8.555294117647058161e-02 9.176470588235294268e-02 9.430588235294116994e-02 9.722352941176470864e-02 9.929411764705882437e-02 1.021176470588235352e-01 1.045647058823529346e-01 1.065411764705882364e-01
6.964705882352941434e-03 1.543529411764705921e-02 2.032941176470588404e-02 2.192941176470588130e-02 2.324705882352941233e-02 2.400000000000000050e-02 2.456470588235293989e-02 2.512941176470588275e-02 2.588235294117647092e-02 2.644705882352941032e-02
5.647058823529411270e-04 1.694117647058823598e-03 2.352941176470588029e-03 2.352941176470588029e-03 2.352941176470588029e-03 2.352941176470588029e-03 2.352941176470588029e-03 2.352941176470588029e-03 2.447058823529411550e-03 2.447058823529411550e-03
2.785515320334261760e-02 8.124419684308263612e-02 1.073584029712163351e-01 1.118848653667595117e-01 1.139740018570102181e-01 1.155988857938718695e-01 1.162952646239554383e-01 1.176880222841225621e-01 1.189647168059424359e-01 1.200092850510677822e-01
1.576251149349796503e-03 2.495730986470511004e-03 9.063444108761330165e-03 1.364770786812032066e-01 2.874031262314462043e-01 3.346906607119400912e-01 3.392880598975436812e-01 3.445422303953763477e-01 3.496650466307631433e-01 3.553132799159332555e-01
5.254170497832654288e-04 1.444896886903979929e-03 1.011427820832786102e-02 3.270721134900827359e-02 4.846972284250623819e-02 5.149087087876001723e-02 5.267305924077236162e-02 5.398660186523052823e-02 5.424931039012215878e-02 5.530014448968868790e-02
1.707605411795612860e-03 3.021148036253776432e-03 4.466044923157756578e-03 4.374096939445684673e-02 2.060948377774858842e-01 3.522921318796795043e-01 3.634572441875739135e-01 3.689741232102981550e-01 3.742282937081308214e-01 3.807960068304216406e-01
6.137228427642077346e-04 1.104701116975573792e-03 2.209402233951147584e-03 2.368970173069841548e-02 7.683809991407880569e-02 1.125567693629556942e-01 1.148889161654596813e-01 1.164845955566466140e-01 1.182030195163863984e-01 1.196759543390204933e-01
1.289926289926289840e-02 2.886977886977886917e-02 3.808353808353808628e-02 4.422604422604422408e-02 4.729729729729729992e-02 5.036855036855036882e-02 5.405405405405405705e-02 5.712530712530712595e-02 6.019656019656019486e-02 6.511056511056510787e-02
5.098280098280098122e-02 9.336609336609336118e-02 1.124078624078624078e-01 1.167076167076167015e-01 1.222358722358722338e-01 1.265356265356265275e-01 1.302211302211302157e-01 1.320638820638820599e-01 1.351351351351351426e-01 1.369778869778869868e-01
1.842751842751842728e-02 4.054054054054054279e-02 5.343980343980343772e-02 5.589680589680589423e-02 5.835380835380835074e-02 6.142506142506142658e-02 6.265356265356265830e-02 6.326781326781326376e-02 6.326781326781326376e-02 6.388206388206388309e-02
7.371007371007371259e-03 1.474201474201474252e-02 2.088452088452088379e-02 2.211302211302211204e-02 2.334152334152334030e-02 2.457002457002456855e-02 2.457002457002456855e-02 2.579852579852579680e-02 2.702702702702702853e-02 2.702702702702702853e-02
6.756756756756757132e-03 1.412776412776412839e-02 1.658476658476658316e-02 1.781326781326781489e-02 1.842751842751842728e-02 1.965601965601965553e-02 1.965601965601965553e-02 1.965601965601965553e-02 2.027027027027027140e-02 2.334152334152334030e-02
2.374719521316379922e-01 3.253552729992520431e-01 3.455497382198952638e-01 3.534031413612565564e-01 3.563949139865369986e-01 3.586387434554973996e-01 3.612565445026177935e-01 3.638743455497382429e-01 3.664921465968586367e-01 3.683620044876589339e-01
2.375323236054673048e-01 3.154783893609161560e-01 3.324713705208718340e-01 3.391207979312892418e-01 3.424455116364979457e-01 3.479867011451791559e-01 3.505725895825637095e-01 3.531584780199482632e-01 3.538973032877724689e-01 3.557443664573328168e-01
2.511030886482150115e-01 3.409546730846370055e-01 3.622141997593261165e-01 3.714400320898516017e-01 3.774568792619333868e-01 3.810669875651825356e-01 3.850782190132370775e-01 3.870838347372643207e-01 3.886883273164861707e-01 3.902928198957079653e-01
2.674532940019665461e-01 3.480825958702065126e-01 3.697148475909537990e-01 3.775811209439527971e-01 3.849557522123893682e-01 3.903638151425762315e-01 3.908554572271386585e-01 3.928220255653884219e-01 3.942969518190757028e-01 3.982300884955752296e-01
1.494591937069813248e-01 2.020648967551622321e-01 2.197640117994100195e-01 2.246804326450344280e-01 2.300884955752212357e-01 2.354965585054080712e-01 2.374631268436578069e-01 2.409046214355948790e-01 2.413962635201573337e-01 2.448377581120944058e-01
5.392699115044248259e-01 7.186578171091445588e-01 7.466814159292035624e-01 7.540560471976400780e-01 7.579277286135692737e-01 7.603244837758111885e-01 7.617994100294985804e-01 7.632743362831858613e-01 7.636430678466076261e-01 7.641961651917403842e-01
5.374768089053802989e-01 7.124304267161409854e-01 7.430426716141002030e-01 7.491651205936920022e-01 7.517625231910946004e-01 7.538033395176252371e-01 7.541743970315398782e-01 7.551020408163264808e-01 7.556586270871985533e-01 7.565862708719851559e-01
3.187214611872146164e-01 4.732420091324200939e-01 5.084931506849315053e-01 5.220091324200912819e-01 5.249315068493151104e-01 5.276712328767123594e-01 5.296803652968036236e-01 5.298630136986300920e-01 5.305936073059360769e-01 5.307762557077625454e-01
1.092381580186458159e-02 2.288351068838873764e-02 2.919295602222431521e-02 3.230059327620303511e-02 3.305395988322817891e-02 3.408983896788774642e-02 3.418400979376589460e-02 3.418400979376589460e-02 3.427818061964403584e-02 3.427818061964403584e-02
2.457243955179870109e-03 5.012777668566935699e-03 7.076862590918026052e-03 8.059760172989973923e-03 8.256339689404364884e-03 8.649498722233143339e-03 8.649498722233143339e-03 8.747788480440337952e-03 8.747788480440337952e-03 8.747788480440337952e-03
5.500550055005500906e-03 1.100110011001100181e-02 1.320132013201320148e-02 1.576824349101576747e-02 1.613494682801613553e-02 1.613494682801613553e-02 1.650165016501650012e-02 1.650165016501650012e-02 1.650165016501650012e-02 1.723505683901723623e-02
8.406725380304243267e-03 2.161729383506805560e-02 2.522017614091272980e-02 2.802241793434747871e-02 2.962369895916733276e-02 3.002401921537229887e-02 3.042433947157726151e-02 3.122497998398719027e-02 3.202562049639711556e-02 3.202562049639711556e-02
3.400553578489521472e-02 7.275603005140371393e-02 9.015421115065243296e-02 9.964412811387900193e-02 1.012257809410834347e-01 1.035982601818900700e-01 1.059707394226967192e-01 1.059707394226967192e-01 1.079478054567022532e-01 1.099248714907077873e-01
4.658765835717204595e-02 1.078872088271352614e-01 1.401716387413158849e-01 1.499795668165100071e-01 1.544748671843073073e-01 1.565181855333060978e-01 1.577441765427053666e-01 1.601961585615038763e-01 1.618308132407028921e-01 1.634654679199019078e-01
2.048340843916427682e-03 9.012699713232281279e-03 1.229004506349856696e-02 1.310938140106513751e-02 1.351904956984842192e-02 1.474805407619827861e-02 1.474805407619827861e-02 1.515772224498156476e-02 1.515772224498156476e-02 1.597705858254813704e-02
4.130943102104442377e-02 8.638607430501428486e-02 1.082099246557547412e-01 1.166536762795531285e-01 1.209405040270200016e-01 1.239282930631332852e-01 1.250974279033515157e-01 1.270459859703819139e-01 1.297739672642244657e-01 1.309431021044427101e-01
3.078721745908027940e-02 6.300337750064952114e-02 7.768251493894517967e-02 8.196934268641205279e-02 8.482722785138997745e-02 8.625617043387892591e-02 8.716549753182645244e-02 8.729540140296181139e-02 8.781501688750324719e-02 8.820472850090932404e-02
3.052740971680956150e-02 5.780722265523512843e-02 7.066770589763575472e-02 7.612366848532085839e-02 7.833203429462197442e-02 7.989088074824629571e-02 8.093011171732918119e-02 8.235905429981812964e-02 8.326838139776565617e-02 8.404780462457780987e-02
7.014809041309431024e-03 1.675759937646141909e-02 2.312288906209404929e-02 2.416212003117692783e-02 2.481163938685372952e-02 2.585087035593660806e-02 2.611067809820732596e-02 2.624058196934268491e-02 2.676019745388412419e-02 2.714990906729020451e-02
0.000000000000000000e+00 0.000000000000000000e+00 0.000000000000000000e+00 0.000000000000000000e+00 0.000000000000000000e+00 0.000000000000000000e+00 0.000000000000000000e+00 0.000000000000000000e+00 0.000000000000000000e+00 0.000000000000000000e+00
3.522653370908302491e-03 8.508562757424668888e-03 1.040537611099067936e-02 1.089312811619336588e-02 1.121829611966182472e-02 1.127249078690656901e-02 1.132668545415131157e-02 1.143507478864079843e-02 1.143507478864079843e-02 1.148926945588554099e-02
1.946509907735430301e-04 2.374742087437224994e-03 3.776229221006734919e-03 4.360182193327364307e-03 4.671623778565032505e-03 4.749484174874449988e-03 4.749484174874449988e-03 4.788414373029158295e-03 4.827344571183867471e-03 4.944135165647993262e-03
0.000000000000000000e+00 5.795348602817043107e-04 1.612618741653438223e-03 2.166956434096807375e-03 2.242547937611812526e-03 2.242547937611812526e-03 2.242547937611812526e-03 2.267745105450147576e-03 2.318139441126817243e-03 2.368533776803487343e-03
0.000000000000000000e+00 1.384242703887414818e-04 9.920406044526474624e-04 2.860768254700657345e-03 2.906909678163571362e-03 2.929980389895028153e-03 2.953051101626485379e-03 2.953051101626485379e-03 2.976121813357942170e-03 2.999192525089398962e-03
2.297794117647058792e-05 1.608455882352941154e-04 1.079963235294117713e-03 6.341911764705882373e-03 7.720588235294117974e-03 7.904411764705882026e-03 7.927389705882352533e-03 7.950367647058823040e-03 7.973345588235293546e-03 8.088235294117647814e-03
1.761035007610350089e-01 2.627092846270928650e-01 2.837138508371385148e-01 2.890410958904109373e-01 2.925418569254185641e-01 2.968036529680365132e-01 3.004566210045662156e-01 3.035007610350076157e-01 3.054794520547945424e-01 3.077625570776255648e-01
1.369863013698630148e-03 2.130898021308980182e-03 3.348554033485540409e-03 3.957382039573820523e-03 4.261796042617960363e-03 4.414003044140030717e-03 4.566210045662100203e-03 4.718417047184170557e-03 4.718417047184170557e-03 4.870624048706240911e-03
2.130898021308980182e-03 5.631659056316590944e-03 6.544901065449010465e-03 7.153729071537291012e-03 7.914764079147641046e-03 7.914764079147641046e-03 8.675799086757991080e-03 8.828006088280061434e-03 9.132420091324200406e-03 9.132420091324200406e-03
1.978691019786910262e-03 4.261796042617960363e-03 5.936073059360730785e-03 6.697108066971080818e-03 7.153729071537291012e-03 7.305936073059360499e-03 7.762557077625570692e-03 7.762557077625570692e-03 8.066971080669711400e-03 8.219178082191780019e-03
1.728779934816494432e-02 3.386708232960181086e-02 3.967691653677200142e-02 4.151905909026498698e-02 4.194416891030183087e-02 4.236927873033866782e-02 4.350290491710358254e-02 4.364460819044919948e-02 4.421142128383165337e-02 4.435312455717727032e-02
3.727923627684964214e-01 6.520286396181383948e-01 6.763723150357995317e-01 6.797136038186157858e-01 6.840095465393795093e-01 6.897374701670644370e-01 6.930787589498806911e-01 6.973747016706444146e-01 7.045346062052505465e-01 7.102625298329355852e-01
2.501193317422434337e-01 4.739856801909307915e-01 5.026252983293556520e-01 5.083532219570405797e-01 5.126491646778043032e-01 5.164677804295942920e-01 5.193317422434367003e-01 5.264916467780429432e-01 5.322195704057278709e-01 5.384248210023866443e-01
1.522673031026252899e-01 2.806682577565632331e-01 3.007159904534606465e-01 3.069212410501193089e-01 3.102625298329355630e-01 3.159904534606205462e-01 3.217183770883054739e-01 3.241050119331742030e-01 3.293556085918854515e-01 3.346062052505966444e-01
6.778042959427207914e-02 1.584725536992840078e-01 1.813842482100238573e-01 1.842482100238663489e-01 1.885441527446300725e-01 1.918854415274462988e-01 1.942720763723150279e-01 1.966587112171837570e-01 2.000000000000000111e-01 2.019093078758949777e-01
3.675417661097851729e-02 5.346062052505966278e-02 5.727923627684964464e-02 5.918854415274463210e-02 6.062052505966587096e-02 6.062052505966587096e-02 6.062052505966587096e-02 6.252983293556085842e-02 6.252983293556085842e-02 6.300715990453460702e-02
1.818805765271105102e-01 2.875772134522992518e-01 3.218943033630747852e-01 3.356211393273850208e-01 3.376801647220315505e-01 3.404255319148936088e-01 3.431708991077556670e-01 3.445435827041866683e-01 3.479752916952642550e-01 3.541523678792038443e-01
6.090651558073654354e-02 9.702549575070822108e-02 1.147308781869688377e-01 1.182719546742209693e-01 1.182719546742209693e-01 1.203966005665722400e-01 1.211048158640226635e-01 1.218130311614730871e-01 1.239376770538243577e-01 1.253541076487252048e-01
1.618837380426784572e-02 2.133922001471670257e-02 2.501839587932303335e-02 2.575423105224429812e-02 2.575423105224429812e-02 2.575423105224429812e-02 2.575423105224429812e-02 2.869757174392936067e-02 2.943340691685062543e-02 3.016924208977189020e-02
2.428256070640176512e-02 2.796173657100809590e-02 3.164091243561441974e-02 3.458425312729948575e-02 3.458425312729948575e-02 3.605592347314201529e-02 3.679175864606328006e-02 3.752759381898454483e-02 3.826342899190581653e-02 3.899926416482708130e-02
1.250919793966151668e-02 1.545253863134657922e-02 1.692420897718911049e-02 1.692420897718911049e-02 1.766004415011037526e-02 1.766004415011037526e-02 1.766004415011037526e-02 1.839587932303164003e-02 1.839587932303164003e-02 1.913171449595290827e-02
1.656671664167916058e-01 2.323838080959520214e-01 2.503748125937031443e-01 2.563718140929535094e-01 2.586206896551724310e-01 2.593703148425787197e-01 2.593703148425787197e-01 2.608695652173912971e-01 2.623688155922038745e-01 2.653673163418290848e-01
9.820089955022488770e-02 1.341829085457271475e-01 1.386806596701649075e-01 1.394302848575712239e-01 1.409295352323838013e-01 1.424287856071964065e-01 1.424287856071964065e-01 1.424287856071964065e-01 1.431784107946026952e-01 1.431784107946026952e-01
5.097451274362818641e-02 7.571214392803597704e-02 7.871064467766117345e-02 7.871064467766117345e-02 8.020989505247376472e-02 8.020989505247376472e-02 8.170914542728635599e-02 8.170914542728635599e-02 8.170914542728635599e-02 8.170914542728635599e-02
2.623688155922038884e-02 4.272863568215892055e-02 4.422788605697151182e-02 4.722638680659670130e-02 4.797601199400299693e-02 4.797601199400299693e-02 4.947526236881559514e-02 4.947526236881559514e-02 4.947526236881559514e-02 5.097451274362818641e-02
1.499250374812593697e-02 2.848575712143927921e-02 3.148425787106446522e-02 3.298350824587706343e-02 3.298350824587706343e-02 3.298350824587706343e-02 3.298350824587706343e-02 3.298350824587706343e-02 3.298350824587706343e-02 3.298350824587706343e-02
5.071942446043165020e-01 7.140287769784172678e-01 7.571942446043165020e-01 7.643884892086331151e-01 7.679856115107913661e-01 7.697841726618704916e-01 7.733812949640287426e-01 7.751798561151078681e-01 7.769784172661871047e-01 7.769784172661871047e-01
4.296435272045028286e-01 6.210131332082551303e-01 6.829268292682927344e-01 6.960600375234521353e-01 6.998123827392119800e-01 7.016885553470919579e-01 7.016885553470919579e-01 7.035647279549718247e-01 7.035647279549718247e-01 7.091932457786116473e-01
4.007561436672967825e-01 5.841209829867675118e-01 6.446124763705104455e-01 6.616257088846880796e-01 6.729678638941398727e-01 6.748582230623818567e-01 6.748582230623818567e-01 6.748582230623818567e-01 6.786389413988658248e-01 6.824196597353496818e-01
2.885245901639344468e-01 4.606557377049180224e-01 5.229508196721311952e-01 5.409836065573770947e-01 5.426229508196721563e-01 5.508196721311475752e-01 5.508196721311475752e-01 5.557377049180327599e-01 5.557377049180327599e-01 5.606557377049180557e-01
3.417508417508417495e-01 5.336700336700336278e-01 5.993265993265993741e-01 6.144781144781145121e-01 6.228956228956229468e-01 6.279461279461279188e-01 6.296296296296296502e-01 6.296296296296296502e-01 6.313131313131312705e-01 6.346801346801347332e-01
2.827926657263751808e-01 3.963328631875881469e-01 4.344146685472496383e-01 4.456981664315937675e-01 4.499294781382228714e-01 4.569816643159379521e-01 4.605077574047954925e-01 4.640338504936530328e-01 4.668547249647390651e-01 4.732016925246826378e-01
2.392241379310344751e-01 3.613505747126437018e-01 4.022988505747126520e-01 4.130747126436781769e-01 4.216954022988505524e-01 4.274425287356322101e-01 4.324712643678160773e-01 4.382183908045976795e-01 4.446839080459770166e-01 4.504310344827586188e-01
1.796008869179600842e-01 2.838137472283813745e-01 3.155949741315595136e-01 3.355506282335550816e-01 3.385070214338506966e-01 3.429416112342941747e-01 3.488543976348854603e-01 3.540280857354027866e-01 3.592017738359201684e-01 3.636363636363636465e-01
1.776119402985074647e-01 2.716417910447760931e-01 3.074626865671641895e-01 3.238805970149253866e-01 3.328358208955223829e-01 3.447761194029850818e-01 3.492537313432835799e-01 3.522388059701492269e-01 3.604477611940298254e-01 3.731343283582089776e-01
2.171641791044776060e-01 3.231343283582089332e-01 3.641791044776119257e-01 3.783582089552238736e-01 3.902985074626865725e-01 3.985074626865671710e-01 4.089552238805970186e-01 4.119402985074626655e-01 4.164179104477612192e-01 4.231343283582089665e-01
5.305821665438466977e-02 9.506263817243920666e-02 1.057479734708916680e-01 1.083271923360353689e-01 1.086956521739130405e-01 1.109064112011790698e-01 1.123802505526897560e-01 1.134856300663227707e-01 1.149594694178334570e-01 1.153279292557111285e-01
5.419050824638169117e-02 1.167956916863009120e-01 1.346348030966004750e-01 1.396836082127229928e-01 1.437226523056210070e-01 1.454055873443285130e-01 1.460787613598115153e-01 1.487714574217435248e-01 1.518007404914170355e-01 1.534836755301245415e-01
3.115677825654623867e-02 8.584686774941995002e-02 1.063970831952270463e-01 1.117003646005966244e-01 1.146834603911170009e-01 1.166721909181305944e-01 1.183294663573085798e-01 1.193238316208153765e-01 1.199867417964865790e-01 1.203181968843221733e-01
1.466992665036674810e-02 4.828850855745721316e-02 7.029339853300733965e-02 7.671149144254278684e-02 7.701711491442542190e-02 7.762836185819070589e-02 7.854523227383862494e-02 7.915647921760390893e-02 8.037897310513447691e-02 8.129584352078239595e-02
1.220601369455195061e-02 4.078594819886870865e-02 6.043465317058648728e-02 6.579339089014588082e-02 6.847275974992557412e-02 7.085442095861863021e-02 7.174754391187854186e-02 7.293837451622506296e-02 7.442691277165823516e-02 7.591545102709139348e-02
1.805423406279733634e-01 2.238344433872502259e-01 2.288296860133206545e-01 2.307326355851569977e-01 2.319219790675547122e-01 2.326355851569933408e-01 2.328734538534728837e-01 2.333491912464319695e-01 2.343006660323501411e-01 2.352521408182683127e-01
2.911392405063291111e-01 3.684950773558368642e-01 3.799477596945951552e-01 3.829616234679525943e-01 3.859754872413100335e-01 3.871810327506530203e-01 3.889893510146674727e-01 3.903958207755676146e-01 3.920032147880249118e-01 3.934096845489250538e-01
3.228840125391849725e-01 4.016718913270637681e-01 4.127481713688610498e-01 4.177638453500522320e-01 4.196447230929989392e-01 4.213166144200626850e-01 4.219435736677116244e-01 4.238244514106583316e-01 4.242424242424242542e-01 4.257053291536050388e-01
3.187440532825880357e-01 3.972407231208373024e-01 4.081826831588962756e-01 4.129400570884871335e-01 4.157944814462416483e-01 4.174595623215984763e-01 4.193625118934348195e-01 4.212654614652711627e-01 4.226926736441484200e-01 4.248334919124643339e-01
1.669838249286393905e-01 2.155090390104662246e-01 2.238344433872502259e-01 2.257373929590865969e-01 2.293054234062797403e-01 2.307326355851569977e-01 2.335870599429115124e-01 2.350142721217887698e-01 2.385823025689819132e-01 2.411988582302568851e-01
3.047246295778585287e-02 6.388034665921163424e-02 7.422421023203802648e-02 7.813810455689125523e-02 7.897679619793122885e-02 7.981548783897120247e-02 8.051439753983785641e-02 8.107352530053117678e-02 8.163265306122448328e-02 8.191221694157115041e-02
1.238390092879257040e-02 2.667301738509168796e-02 3.310311979042629416e-02 3.524648725887116057e-02 3.619909502262443762e-02 3.679447487497022884e-02 3.691355084543938847e-02 3.703262681590854810e-02 3.750893069778518663e-02 3.762800666825434626e-02
6.291427929446129913e-03 1.381867205931917690e-02 1.685203909673070599e-02 1.808785529715762133e-02 1.831254915178070000e-02 1.887428378833838974e-02 1.898663071564992560e-02 1.898663071564992560e-02 1.898663071564992560e-02 1.932367149758454014e-02
3.253796095444685347e-03 7.700650759219089363e-03 9.761388286334056474e-03 1.030368763557483816e-02 1.073752711496746282e-02 1.084598698481561811e-02 1.084598698481561811e-02 1.084598698481561811e-02 1.095444685466377514e-02 1.117136659436008747e-02
2.984756422556230759e-03 7.568489500053299408e-03 9.913655260633194230e-03 1.055324592260952973e-02 1.087304125359769662e-02 1.119283658458586524e-02 1.129943502824858753e-02 1.129943502824858753e-02 1.151263191557403212e-02 1.172582880289947845e-02
4.770642201834862477e-03 2.458715596330275296e-02 5.394495412844036580e-02 6.642201834862385135e-02 6.899082568807339555e-02 7.302752293577981224e-02 7.449541284403669861e-02 7.596330275229357110e-02 7.706422018348624281e-02 7.816513761467890065e-02
1.062801932367149829e-02 2.608695652173912902e-02 3.140096618357487990e-02 3.285024154589372136e-02 3.429951690821256283e-02 3.478260869565217434e-02 3.478260869565217434e-02 3.526570048309178584e-02 3.574879227053140429e-02 3.623188405797101580e-02
9.661835748792270287e-04 1.449275362318840597e-03 3.381642512077294872e-03 5.314009661835749146e-03 5.314009661835749146e-03 5.314009661835749146e-03 5.314009661835749146e-03 5.314009661835749146e-03 6.280193236714975633e-03 6.280193236714975633e-03
4.830917874396135144e-04 2.898550724637681195e-03 6.280193236714975633e-03 6.763285024154589743e-03 7.729468599033816230e-03 9.178743961352656827e-03 9.661835748792270070e-03 9.661835748792270070e-03 1.062801932367149829e-02 1.062801932367149829e-02
9.560229445506692250e-03 1.567877629063097605e-02 1.835564053537284968e-02 1.873804971319311535e-02 1.950286806883365365e-02 1.988527724665391933e-02 2.065009560229445415e-02 2.065009560229445415e-02 2.217973231357552727e-02 2.370936902485659692e-02
3.758064516129032140e-01 5.376344086021505042e-01 5.698924731182796188e-01 5.774193548387096531e-01 5.838709677419354760e-01 5.919354838709677269e-01 5.994623655913978721e-01 6.059139784946236951e-01 6.139784946236559460e-01 6.209677419354838745e-01
5.600870038064165168e-02 1.033170201196302318e-01 1.190864600326264205e-01 1.305057096247960735e-01 1.353996737357259506e-01 1.386623164763458316e-01 1.413811854268624268e-01 1.435562805872756809e-01 1.473626971179989031e-01 1.500815660685154984e-01
1.250679717237629211e-02 2.501359434475258423e-02 2.610114192495921817e-02 2.664491571506253514e-02 2.773246329526916909e-02 2.827623708537248606e-02 2.882001087547580304e-02 3.045133224578575395e-02 3.099510603588907093e-02 3.099510603588907093e-02
4.023926046764546294e-02 7.014681892332789992e-02 8.917890157694399744e-02 1.016856987493202774e-01 1.065796628602501406e-01 1.087547580206634085e-01 1.098423056008700355e-01 1.109298531810766764e-01 1.163675910821098392e-01 1.185426862425231070e-01
8.700380641653071567e-03 1.196302338227297514e-02 1.250679717237629211e-02 1.413811854268624303e-02 1.468189233278956000e-02 1.468189233278956000e-02 1.468189233278956000e-02 1.468189233278956000e-02 1.576943991299619222e-02 1.576943991299619222e-02
2.392830147932188678e-01 3.490983695065327796e-01 3.741496598639456050e-01 3.816002591512795417e-01 3.871072238419177025e-01 3.920742900334737158e-01 3.960695389266817856e-01 4.001727675197063183e-01 4.029802397149335746e-01 4.062196307094266268e-01
1.565705647338300477e-01 2.483533095777993860e-01 2.711370262390670471e-01 2.767519706295216708e-01 2.809631789223626108e-01 2.853903466148364210e-01 2.883057985098801401e-01 2.907893316056581190e-01 2.932728647014361534e-01 2.958643774970305396e-01
1.160781773026671043e-01 1.967390130655436720e-01 2.179030342295648348e-01 2.247057553180002165e-01 2.278371666126768058e-01 2.304286794082712475e-01 2.334521110031314017e-01 2.364755425979915837e-01 2.385271568945038223e-01 2.410106899902818289e-01
7.094266277939746679e-02 1.343267465716445341e-01 1.524673361408055150e-01 1.566785444336464828e-01 1.594860166288737668e-01 1.628333873231832540e-01 1.645610625202461874e-01 1.671525753158406291e-01 1.697440881114350431e-01 1.717957024079473094e-01
3.574128063923982107e-02 7.482993197278911546e-02 8.724759745167907921e-02 9.016304934672281224e-02 9.210668394341864351e-02 9.480617643882950640e-02 9.567001403736097309e-02 9.718172983479106408e-02 9.815354713313896584e-02 9.955728323075262176e-02
1.494785631517960567e-01 2.711471610660486919e-01 3.418308227114716380e-01 3.655851680185399633e-01 3.679026651216685817e-01 3.713789107763615371e-01 3.719582850521436779e-01 3.777520278099652518e-01 3.794901506373117295e-01 3.823870220162224887e-01
4.127503064977523783e-02 1.397629750715161379e-01 2.043318348998774125e-01 2.263996730690641668e-01 2.313036371066612140e-01 2.341642827952594985e-01 2.357989374744585143e-01 2.374335921536575300e-01 2.390682468328565458e-01 2.398855741724560675e-01
1.988730527013589724e-02 7.225720914816043117e-02 1.153463705667882033e-01 1.309247596950613157e-01 1.335764003977460979e-01 1.362280411004308800e-01 1.372224063639376768e-01 1.392111368909512703e-01 1.395425919787868785e-01 1.405369572422936753e-01
1.152562936002426465e-02 3.670003033060358077e-02 5.914467697907188626e-02 6.672732787382468223e-02 6.794055201698513680e-02 6.945708219593570154e-02 7.006369426751592189e-02 7.127691841067637646e-02 7.188353048225659681e-02 7.218683651804670698e-02
1.216175129218607497e-03 3.648525387655822492e-03 1.276983885679537807e-02 2.006688963210702392e-02 2.189115232593493582e-02 2.280328367284889177e-02 2.462754636667680019e-02 2.553967771359075614e-02 2.736394040741866804e-02 2.797202797202797200e-02
1.476014760147601433e-03 9.594095940959409749e-03 2.066420664206642180e-02 3.247232472324722979e-02 3.690036900369003670e-02 4.280442804428044590e-02 4.575645756457564356e-02 4.575645756457564356e-02 4.575645756457564356e-02 4.649446494464944818e-02
8.793969849246231069e-03 3.391959798994974989e-02 5.716080402010050021e-02 6.344221105527637905e-02 6.909547738693466723e-02 7.223618090452260665e-02 7.286432160804019731e-02 7.286432160804019731e-02 7.286432160804019731e-02 7.474874371859296929e-02
2.214022140221402150e-03 5.166051660516605450e-03 1.328413284132841377e-02 2.214022140221402063e-02 2.730627306273062868e-02 3.025830258302582981e-02 3.025830258302582981e-02 3.468634686346863671e-02 3.616236162361623901e-02 3.616236162361623901e-02
0.000000000000000000e+00 9.558823529411765441e-03 2.352941176470588203e-02 3.382352941176470368e-02 4.044117647058823733e-02 4.632352941176470784e-02 4.779411764705882026e-02 4.852941176470588341e-02 4.926470588235293963e-02 5.073529411764705899e-02
3.263707571801566405e-03 2.480417754569190503e-02 5.744125326370757428e-02 8.028720626631853652e-02 8.746736292428199111e-02 9.268929503916449597e-02 9.530026109660574840e-02 9.791122715404700083e-02 9.986945169712793668e-02 1.024804177545691891e-01
1.133536079623997765e-02 4.091788775228089731e-02 6.524744263201548433e-02 7.409455349737351093e-02 7.685927564279790292e-02 7.741222007188278131e-02 7.768869228642522051e-02 7.796516450096764583e-02 7.824163671551008503e-02 7.851810893005252423e-02
0.000000000000000000e+00 2.079722703639514704e-03 7.972270363951473177e-03 9.705372616984401374e-03 1.005199306759098701e-02 1.039861351819757439e-02 1.039861351819757439e-02 1.074523396880416003e-02 1.074523396880416003e-02 1.143847487001733131e-02
1.292152537031200817e-02 8.855972265994327408e-02 1.547431452883706315e-01 1.752284903876457633e-01 1.812165143397415634e-01 1.824771509612354292e-01 1.831074692719823482e-01 1.840529467381027406e-01 1.849984242042231330e-01 1.856287425149700521e-01
8.017960230917255127e-03 7.601026298909557832e-02 1.520205259781911566e-01 1.770365618986529943e-01 1.792815907633098227e-01 1.815266196279666511e-01 1.821680564464400187e-01 1.821680564464400187e-01 1.824887748556767164e-01 1.831302116741500841e-01
4.443033957473817991e-03 3.935258648048238495e-02 8.410028562361154814e-02 1.028245001586797908e-01 1.069501745477626081e-01 1.072675341161535983e-01 1.082196128213265690e-01 1.085369723897175454e-01 1.088543319581085356e-01 1.098064106632814924e-01
6.711409395973154000e-04 4.697986577181207692e-03 2.326621923937360198e-02 7.449664429530201970e-02 2.449664429530201415e-01 4.501118568232662098e-01 4.736017897091722717e-01 4.767337807606263911e-01 4.816554809843400231e-01 4.841163310961968946e-01
5.162622612287042206e-04 5.678884873515746209e-03 1.742385131646876500e-02 8.724832214765100569e-02 1.623644811564274593e-01 1.732059886422302464e-01 1.748838409912235325e-01 1.759163655136809501e-01 1.768198244708311939e-01 1.786267423851316538e-01
1.305312622373058459e-04 1.566375146847669934e-03 9.528782143323326695e-03 2.923900274115650774e-02 5.390941130400730974e-02 9.346038376191097286e-02 1.089936039681503738e-01 1.102989165905234326e-01 1.112126354261845779e-01 1.116042292128964913e-01
0.000000000000000000e+00 0.000000000000000000e+00 0.000000000000000000e+00 4.218519299725796267e-04 1.265555789917738880e-03 2.531111579835477760e-03 2.045981860367011157e-02 4.281797089221683200e-02 4.619278633199747075e-02 4.724741615692891472e-02
3.735059760956175234e-04 3.859561752988047850e-03 1.867529880478087725e-02 2.950697211155378641e-02 3.274402390438246879e-02 3.473605577689242718e-02 3.535856573705179612e-02 3.598107569721115812e-02 3.610557768924303051e-02 3.685258964143426491e-02
3.122251539138082843e-01 4.802110817941952492e-01 5.400175901495162245e-01 5.532102022867194657e-01 5.672823218997361527e-01 5.760773966578716099e-01 5.778364116094987235e-01 5.795954265611257261e-01 5.866314863676340696e-01 5.910290237467018537e-01
1.784313725490196123e-01 3.196078431372548767e-01 3.754901960784313708e-01 3.931372549019607754e-01 4.039215686274509887e-01 4.088235294117646967e-01 4.127450980392156632e-01 4.137254901960784048e-01 4.245098039215686181e-01 4.323529411764706065e-01
1.274509803921568610e-02 2.843137254901960745e-02 3.627450980392157159e-02 3.921568627450980338e-02 4.019607843137255193e-02 4.215686274509804210e-02 4.313725490196078372e-02 4.509803921568627388e-02 5.000000000000000278e-02 5.490196078431372473e-02
1.484375000000000000e-01 2.482638888888888951e-01 2.873263888888888951e-01 3.064236111111111049e-01 3.116319444444444198e-01 3.194444444444444198e-01 3.220486111111111049e-01 3.255208333333333148e-01 3.298611111111111049e-01 3.359375000000000000e-01
1.205882352941176489e-01 1.990196078431372417e-01 2.470588235294117752e-01 2.627450980392156965e-01 2.686274509803921462e-01 2.715686274509803710e-01 2.774509803921568762e-01 2.774509803921568762e-01 2.803921568627451011e-01 2.823529411764705843e-01
2.687083888149134348e-01 4.247669773635153190e-01 4.769640479360852114e-01 4.945406125166444955e-01 5.051930758988015802e-01 5.145139813581890431e-01 5.195739014647137166e-01 5.286284953395472552e-01 5.326231691078562314e-01 5.363515312916111721e-01
8.521970705725699646e-02 1.533954727030625853e-01 1.842876165113182529e-01 1.965379494007989392e-01 2.021304926764314336e-01 2.058588548601864299e-01 2.111850865512649722e-01 2.149134487350199685e-01 2.165113182423435423e-01 2.183754993342210404e-01
2.050599201065246222e-02 4.234354194407456695e-02 5.592543275632490263e-02 6.018641810918774759e-02 6.258322237017310830e-02 6.551264980026631768e-02 6.604527296937416636e-02 6.817576564580558884e-02 7.003994673768308699e-02 7.110519307589879823e-02
9.054593874833555961e-03 1.731025299600532502e-02 2.183754993342210474e-02 2.370173102529959941e-02 2.609853528628495317e-02 2.689747003994673660e-02 2.822902796271637912e-02 2.876165113182423475e-02 2.982689747003994599e-02 3.035952063914780161e-02
8.468708388814913390e-02 1.568575233022636572e-01 1.834886817576564522e-01 1.962716378162450148e-01 2.023968042609853579e-01 2.077230359520639280e-01 2.103861517976031992e-01 2.127829560585885460e-01 2.165113182423435423e-01 2.215712383488681880e-01
2.800227660785429840e-01 3.403528742174160571e-01 3.505976095617530097e-01 3.545816733067729265e-01 3.568582811610699901e-01 3.597040409789413751e-01 3.614114968696641728e-01 3.636881047239612919e-01 3.693796243597040618e-01 3.699487763232783277e-01
2.332268370607028796e-01 2.962117754450022677e-01 3.094477407576449179e-01 3.117298037425833002e-01 3.144682793245093810e-01 3.153811045184847228e-01 3.172067549064354064e-01 3.190324052943861455e-01 3.217708808763121708e-01 3.235965312642629099e-01
3.073196986006458409e-01 3.826695371367061504e-01 4.020452099031216475e-01 4.068891280947254940e-01 4.144241119483315638e-01 4.171151776103336761e-01 4.224973089343380117e-01 4.262648008611409911e-01 4.278794402583422918e-01 4.294940796555435925e-01
2.292207792207792139e-01 3.168831168831168776e-01 3.376623376623376638e-01 3.474025974025973795e-01 3.532467532467532534e-01 3.545454545454545525e-01 3.577922077922077726e-01 3.597402597402597491e-01 3.629870129870129691e-01 3.675324675324675439e-01
1.620732208967503030e-01 1.933360756890168675e-01 1.966269025092554634e-01 1.982723159193747475e-01 1.999177293294940316e-01 2.015631427396133157e-01 2.023858494446729717e-01 2.036199095022624417e-01 2.040312628547922558e-01 2.048539695598519117e-01
8.809279107326383829e-04 1.585670239318748981e-02 8.089854646894728551e-02 1.441785347232418246e-01 1.670826604022904172e-01 1.761855821465276861e-01 1.816179709293789524e-01 1.860226104830421390e-01 1.898399647628835618e-01 1.946850682719130921e-01
3.089453728408931513e-03 5.209942423816879553e-02 1.723072602162617484e-01 2.418199691054627176e-01 2.609184103356270157e-01 2.756635304030332634e-01 2.843701727285493641e-01 2.915320881898609828e-01 2.993961522258110075e-01 3.041707625333520681e-01
3.083247687564234178e-03 8.368815151960064258e-03 1.042431361033622009e-02 1.189252679489061736e-02 1.292027602407869701e-02 1.380120393481133398e-02 1.438848920863309427e-02 1.541623843782117219e-02 1.570988107473205234e-02 1.600352371164293075e-02
4.845103509029511160e-03 5.094699750403758332e-02 1.474086037292614837e-01 1.905740713551607735e-01 2.062839524298928084e-01 2.181764792247834484e-01 2.225811187784466350e-01 2.268389370136543737e-01 2.319776831595947719e-01 2.368227866686242744e-01
5.579210101306709794e-03 5.358978123623549944e-02 1.146674497136984244e-01 1.441785347232418246e-01 1.513727793275583544e-01 1.579797386580531482e-01 1.631184848039935464e-01 1.667890177653795214e-01 1.698722654529437603e-01 1.745705476435178427e-01
9.307359307359307221e-02 1.709956709956710064e-01 2.056277056277056314e-01 2.337662337662337608e-01 2.489177489177489266e-01 2.662337662337662114e-01 2.770562770562770560e-01 2.835497835497835517e-01 2.965367965367965430e-01 3.073593073593073322e-01
3.144654088050314461e-02 7.127882599580712131e-02 7.966457023060796727e-02 8.385744234800839025e-02 8.805031446540879936e-02 8.805031446540879936e-02 9.224318658280922234e-02 9.433962264150944077e-02 9.853249475890984987e-02 1.006289308176100683e-01
5.434782608695652023e-03 1.449275362318840597e-02 1.992753623188405626e-02 2.355072463768115992e-02 2.355072463768115992e-02 2.355072463768115992e-02 2.355072463768115992e-02 2.536231884057971175e-02 2.536231884057971175e-02 2.536231884057971175e-02
1.757469244288224850e-03 7.029876977152899400e-03 7.029876977152899400e-03 1.054481546572934997e-02 1.054481546572934997e-02 1.054481546572934997e-02 1.230228471001757438e-02 1.230228471001757438e-02 1.230228471001757438e-02 1.230228471001757438e-02
1.831501831501831500e-03 1.831501831501831500e-03 1.831501831501831500e-03 1.831501831501831500e-03 1.831501831501831500e-03 1.831501831501831500e-03 1.831501831501831500e-03 1.831501831501831500e-03 1.831501831501831500e-03 1.831501831501831500e-03
2.099186565205982558e-03 1.364471267383888728e-02 5.011807924429283884e-02 7.727630543164523691e-02 8.029388611912884055e-02 8.226187352400944619e-02 8.291786932563631474e-02 8.436106008921542831e-02 8.475465757019154389e-02 8.567305169246916541e-02
9.141961603761263738e-04 1.658613033825257974e-02 3.957163379913804235e-02 4.910539375734621764e-02 5.041138827216925383e-02 5.158678333550999195e-02 5.197858168995690004e-02 5.263157894736841813e-02 5.289277785033302814e-02 5.302337730181533315e-02
0.000000000000000000e+00 3.348513260112510100e-03 1.500133940530404449e-02 1.794803107420305313e-02 1.794803107420305313e-02 1.808197160460755376e-02 1.834985266541655502e-02 1.834985266541655502e-02 1.834985266541655502e-02 1.834985266541655502e-02
1.071524243236003301e-03 9.911599249933029238e-03 2.839539244575408489e-02 3.442271631395660281e-02 3.522635949638360658e-02 3.616394320921510752e-02 3.629788373961961162e-02 3.643182427002410878e-02 3.656576480042861288e-02 3.669970533083311004e-02
1.733738294102758759e-02 3.910402429764616578e-02 4.682358896481903648e-02 4.960769425461908355e-02 5.024044545684636792e-02 5.049354593773728445e-02 5.099974689951911055e-02 5.112629713996456882e-02 5.125284738041002014e-02 5.125284738041002014e-02
1.058941058941058888e-01 2.307692307692307820e-01 2.707292707292707212e-01 2.867132867132867191e-01 2.987012987012986898e-01 3.136863136863136670e-01 3.236763236763236518e-01 3.316683316683316507e-01 3.376623376623376638e-01 3.426573426573426562e-01
8.586296617519514895e-02 1.812662619254119811e-01 2.090199479618386758e-01 2.298352124891587245e-01 2.437120555073720718e-01 2.558542931483087646e-01 2.653946227233304200e-01 2.714657415437987664e-01 2.740676496097138037e-01 2.810060711188204774e-01
1.463414634146341549e-02 5.463414634146341459e-02 1.014634146341463483e-01 1.346341463414634232e-01 1.453658536585365757e-01 1.580487804878048796e-01 1.639024390243902507e-01 1.639024390243902507e-01 1.697560975609756218e-01 1.756097560975609650e-01
4.797806716929403810e-03 3.015764222069911016e-02 5.071967100753940749e-02 5.962988348183687753e-02 6.237148732008224866e-02 6.374228923920494116e-02 6.648389307745031229e-02 6.854009595613433370e-02 6.991089787525701926e-02 7.059629883481836898e-02
1.855670103092783504e-02 7.938144329896906770e-02 1.329896907216494839e-01 1.525773195876288790e-01 1.577319587628865927e-01 1.608247422680412486e-01 1.670103092783505050e-01 1.721649484536082464e-01 1.762886597938144451e-01 1.783505154639175305e-01
5.261538461538461942e-01 6.553846153846153433e-01 6.717948717948717396e-01 6.800000000000000488e-01 6.820512820512820706e-01 6.912820512820513352e-01 6.933333333333333570e-01 6.953846153846153788e-01 6.974358974358974006e-01 6.994871794871795334e-01
2.748717948717948611e-01 4.133333333333333304e-01 4.389743589743589913e-01 4.441025641025641013e-01 4.482051282051282004e-01 4.523076923076922995e-01 4.564102564102563986e-01 4.584615384615384759e-01 4.584615384615384759e-01 4.625641025641025750e-01
1.189743589743589708e-01 2.543589743589743657e-01 2.851282051282051366e-01 2.943589743589743457e-01 2.984615384615384448e-01 3.025641025641025439e-01 3.035897435897436103e-01 3.046153846153846212e-01 3.076923076923077094e-01 3.117948717948718085e-01
6.974358974358974006e-02 1.958974358974358843e-01 2.471794871794871784e-01 2.523076923076922884e-01 2.553846153846153766e-01 2.594871794871794757e-01 2.594871794871794757e-01 2.594871794871794757e-01 2.594871794871794757e-01 2.594871794871794757e-01
5.641025641025641107e-02 1.558974358974359042e-01 1.846153846153846256e-01 1.876923076923076861e-01 1.907692307692307743e-01 1.928205128205128238e-01 1.928205128205128238e-01 1.928205128205128238e-01 1.928205128205128238e-01 1.928205128205128238e-01
5.857175039423293678e-03 1.621986933994142704e-02 2.635728767740481981e-02 3.311556656904707935e-02 3.536832619959450613e-02 3.807163775625140717e-02 4.054967334985357108e-02 4.212660509123676567e-02 4.370353683261996025e-02 4.415408875872944144e-02
0.000000000000000000e+00 0.000000000000000000e+00 0.000000000000000000e+00 0.000000000000000000e+00 6.849315068493150738e-04 2.054794520547945005e-03 2.968036529680365392e-03 3.424657534246575152e-03 4.794520547945205734e-03 7.762557077625570692e-03
0.000000000000000000e+00 0.000000000000000000e+00 0.000000000000000000e+00 5.492996429552320786e-04 5.492996429552320786e-04 5.492996429552320786e-04 1.098599285910464157e-03 2.197198571820928314e-03 4.119747322164240590e-03 1.345784125240318679e-02
1.992825827022718310e-04 3.188521323236349295e-03 9.366281387006776191e-03 1.933041052212036703e-02 2.172180151454762911e-02 2.471104025508170585e-02 2.590673575129533515e-02 2.630530091669987941e-02 2.750099641291351218e-02 2.829812674372259723e-02
9.560229445506691816e-04 2.676864244741873622e-03 9.751434034416826824e-03 2.390057361376672976e-02 2.887189292543021132e-02 3.154875717017208148e-02 3.384321223709368942e-02 3.518164435946462970e-02 3.747609942638623071e-02 3.881453154875717099e-02
2.205726405090137898e-01 3.138918345705196122e-01 3.414634146341463672e-01 3.563096500530222865e-01 3.616118769883350792e-01 3.679745493107104970e-01 3.775185577942735682e-01 3.796394485683987075e-01 3.870625662778366949e-01 3.891834570519618341e-01
1.504157218442932764e-01 2.033257747543461835e-01 2.161753590325019014e-01 2.214663643235071921e-01 2.237339380196523009e-01 2.267573696145124829e-01 2.275132275132275006e-01 2.290249433106575916e-01 2.320483749055177736e-01 2.350718065003779278e-01
1.680801850424055444e-01 2.282189668465690047e-01 2.513492675404780385e-01 2.582883577486507209e-01 2.629144178874325277e-01 2.659984579799537507e-01 2.667694680030840426e-01 2.690824980724749182e-01 2.698535080956052656e-01 2.721665381649961413e-01
2.104810996563573899e-01 2.852233676975944876e-01 3.049828178694158343e-01 3.101374570446735479e-01 3.170103092783504994e-01 3.204467353951890307e-01 3.238831615120275065e-01 3.273195876288659822e-01 3.290378006872852201e-01 3.316151202749140769e-01
2.352320675105485370e-01 3.101265822784810000e-01 3.354430379746835555e-01 3.459915611814345926e-01 3.533755274261603518e-01 3.586497890295358704e-01 3.670886075949367222e-01 3.734177215189873333e-01 3.808016877637130926e-01 3.818565400843881852e-01
0.000000000000000000e+00 0.000000000000000000e+00 0.000000000000000000e+00 0.000000000000000000e+00 0.000000000000000000e+00 0.000000000000000000e+00 0.000000000000000000e+00 0.000000000000000000e+00 0.000000000000000000e+00 0.000000000000000000e+00
5.998800239952009096e-04 5.998800239952009096e-04 5.998800239952009096e-04 5.998800239952009096e-04 5.998800239952009096e-04 5.998800239952009096e-04 5.998800239952009096e-04 5.998800239952009096e-04 5.998800239952009096e-04 5.998800239952009096e-04
0.000000000000000000e+00 5.998800239952009096e-04 5.998800239952009096e-04 5.998800239952009096e-04 5.998800239952009096e-04 5.998800239952009096e-04 5.998800239952009096e-04 5.998800239952009096e-04 5.998800239952009096e-04 5.998800239952009096e-04
0.000000000000000000e+00 0.000000000000000000e+00 0.000000000000000000e+00 0.000000000000000000e+00 0.000000000000000000e+00 0.000000000000000000e+00 0.000000000000000000e+00 0.000000000000000000e+00 0.000000000000000000e+00 0.000000000000000000e+00
0.000000000000000000e+00 0.000000000000000000e+00 0.000000000000000000e+00 0.000000000000000000e+00 0.000000000000000000e+00 0.000000000000000000e+00 0.000000000000000000e+00 0.000000000000000000e+00 0.000000000000000000e+00 0.000000000000000000e+00
8.816326530612245138e-02 1.991836734693877564e-01 2.424489795918367274e-01 2.636734693877550995e-01 2.832653061224489899e-01 2.987755102040816069e-01 3.134693877551020247e-01 3.240816326530612246e-01 3.387755102040816424e-01 3.518367346938775508e-01
9.773828756058158818e-02 1.995153473344103423e-01 2.552504038772213102e-01 2.875605815831986933e-01 3.117932148626817446e-01 3.271405492730209974e-01 3.408723747980613727e-01 3.489499192245557602e-01 3.610662358642972580e-01 3.731825525040387559e-01
3.510204081632652823e-02 9.306122448979592399e-02 1.191836734693877548e-01 1.314285714285714224e-01 1.363265306122448950e-01 1.420408163265306223e-01 1.444897959183673586e-01 1.477551020408163218e-01 1.502040816326530581e-01 1.542857142857142760e-01
1.306122448979591885e-02 3.265306122448979886e-02 4.408163265306122569e-02 5.061224489795918685e-02 5.469387755102040477e-02 5.714285714285714107e-02 5.795918367346938882e-02 5.795918367346938882e-02 5.877551020408162963e-02 5.959183673469387738e-02
9.124844462878473408e-03 1.368726669431771098e-02 1.700539195354624708e-02 1.824968892575694682e-02 1.866445458316051340e-02 1.866445458316051340e-02 1.907922024056407997e-02 2.032351721277478318e-02 2.073828287017834976e-02 2.115304852758191634e-02
8.381924198250728653e-02 1.574344023323615283e-01 1.782069970845480966e-01 1.856778425655976617e-01 1.895043731778425777e-01 1.927842565597667757e-01 1.946064139941690863e-01 1.967930029154519034e-01 1.986151603498542140e-01 2.004373177842565523e-01
2.666996536368134718e-01 4.166254329539831880e-01 4.502721425037110592e-01 4.609104403760514446e-01 4.668480950024740395e-01 4.727857496288965788e-01 4.784760019792181907e-01 4.804552201880257223e-01 4.831766452251360922e-01 4.863928748144483172e-01
2.702091577162238356e-01 4.166195590729225295e-01 4.423403052572074667e-01 4.527981910684002465e-01 4.578858111927642804e-01 4.655172413793103314e-01 4.700395703787450530e-01 4.723007348784624138e-01 4.765404183154324236e-01 4.788015828151497844e-01
5.277221108884435491e-02 1.246938321086617646e-01 1.545312847918058341e-01 1.603206412825651239e-01 1.629926519706078880e-01 1.652193275439768350e-01 1.663326653306613223e-01 1.696726786907147566e-01 1.701180138053885460e-01 1.716766867067468227e-01
2.204635387224420512e-02 1.093838326738270222e-01 2.334652345958168340e-01 2.990390050876201022e-01 3.123233465234595552e-01 3.182589033352176133e-01 3.244771057094403832e-01 3.275862068965517127e-01 3.321085358959864342e-01 3.340870548332391388e-01
2.571316151878811906e-01 4.001573873696636086e-01 4.422585087546724303e-01 4.660633484162896023e-01 4.806216801101711456e-01 4.941963407436553157e-01 5.020657092268345778e-01 5.144599645878418226e-01 5.225260672831005815e-01 5.288215620696439245e-01
9.895730867597875291e-02 1.619122565414125581e-01 1.898485146566988024e-01 2.042101121385008766e-01 2.120794806216801109e-01 2.175880385599055777e-01 2.248672044068463494e-01 2.323431044658666178e-01 2.380483966161715537e-01 2.415896124336021911e-01
2.301790281329923332e-02 4.170765296084989054e-02 4.957702144402911792e-02 5.449537674601612897e-02 5.705292150304937943e-02 5.862679519968522213e-02 5.980720047216210589e-02 6.138107416879795553e-02 6.216801101711587341e-02 6.315168207751327423e-02
1.447963800904977505e-01 2.433602203423175236e-01 2.815266574857367421e-01 2.974621286641747075e-01 3.047412945111154792e-01 3.116269919338973127e-01 3.171355498721227795e-01 3.220539051741097558e-01 3.263820578398583527e-01 3.305134762935274528e-01
5.764312413928782131e-02 1.078103482195553742e-01 1.371237458193979852e-01 1.483375959079283879e-01 1.552232933307102214e-01 1.593547117843792937e-01 1.636828644501278907e-01 1.676175486917174939e-01 1.693881566004328265e-01 1.729293724178634639e-01
1.142074006395614374e-03 1.347647327546824987e-02 1.158063042485153044e-01 2.010050251256281506e-01 2.425765189584284942e-01 2.537688442211055162e-01 2.562814070351758788e-01 2.603928734582001137e-01 2.649611694837825659e-01 2.702147099132024000e-01
6.785795068988916857e-04 4.297670210359647198e-03 5.338158787604614652e-02 1.648948201764306731e-01 2.189549875593757022e-01 2.363718615697806003e-01 2.431576566387695093e-01 2.467767473422302626e-01 2.515268038905225101e-01 2.558244741008821599e-01
0.000000000000000000e+00 6.852444038373687110e-04 1.416171767930561945e-02 8.177249885792599315e-02 1.354499771585198631e-01 1.601187756966651332e-01 1.649154865235267220e-01 1.674280493375970846e-01 1.722247601644586457e-01 1.751941525810872535e-01
4.338441614504640748e-02 1.374919058925102577e-01 1.806604791711634017e-01 1.918843082236132147e-01 1.972803798834448508e-01 2.011655514785236354e-01 2.061299374055687583e-01 2.087200518022879481e-01 2.117418519317936509e-01 2.139002805957262998e-01
2.055733211512106133e-03 2.672453174965737713e-02 7.423481041571493300e-02 9.730470534490634482e-02 1.064412973960712633e-01 1.100959342165372251e-01 1.130653266331658330e-01 1.151210598446779365e-01 1.178620374600274079e-01 1.206030150753768793e-01
8.380952380952380598e-02 1.433333333333333404e-01 1.566666666666666763e-01 1.614285714285714213e-01 1.623809523809523758e-01 1.633333333333333304e-01 1.647619047619047483e-01 1.652380952380952395e-01 1.652380952380952395e-01 1.652380952380952395e-01
8.968347010550996312e-02 1.518171160609613213e-01 1.705744431418522722e-01 1.735052754982414902e-01 1.746776084407971885e-01 1.770222743259085574e-01 1.776084407971864065e-01 1.776084407971864065e-01 1.776084407971864065e-01 1.776084407971864065e-01
9.779951100244498735e-03 3.789731051344743390e-02 5.562347188264058634e-02 5.806845965770170842e-02 6.051344743276283744e-02 6.173594132029339848e-02 6.356968215158924351e-02 6.356968215158924351e-02 6.418092909535452750e-02 6.418092909535452750e-02
1.390820584144645405e-02 7.927677329624478741e-02 1.182197496522948560e-01 1.247102457116365387e-01 1.274918868799258254e-01 1.274918868799258254e-01 1.279554937413073801e-01 1.307371349095966528e-01 1.321279554937413170e-01 1.321279554937413170e-01
0.000000000000000000e+00 4.159733777038269326e-03 1.331114808652246288e-02 2.412645590682196278e-02 2.412645590682196278e-02 2.579034941763727259e-02 2.579034941763727259e-02 2.579034941763727259e-02 2.579034941763727259e-02 2.662229617304492577e-02
1.830985915492957805e-01 3.239436619718309984e-01 3.670507895860008474e-01 3.751600512163892343e-01 3.811352966282543497e-01 3.896713615023474353e-01 3.965002134016218371e-01 4.020486555697823094e-01 4.054630815194195659e-01 4.088775074690567668e-01
8.920187793427229728e-02 1.907810499359795242e-01 2.244985061886470290e-01 2.385830132309005591e-01 2.458386683738796319e-01 2.518139137857447474e-01 2.569355527102005765e-01 2.616303883909517625e-01 2.654716175842936621e-01 2.688860435339308630e-01
2.902262057191634659e-02 8.322663252240716791e-02 1.186513017498933009e-01 1.263337601365770446e-01 1.293213828425096024e-01 1.323090055484421601e-01 1.365770379854887029e-01 1.378574477166026324e-01 1.395646606914212606e-01 1.412718736662398611e-01
1.792573623559539156e-02 6.231327358087921514e-02 8.621425522833973953e-02 9.218950064020486890e-02 9.560392658984208369e-02 9.688433632095604098e-02 9.859154929577464144e-02 1.002987622705932558e-01 1.020059752454118701e-01 1.041399914639351276e-01
1.408450704225352144e-02 4.011950490823730509e-02 5.676483141271873589e-02 6.444728979940247959e-02 6.615450277422108005e-02 6.743491250533503734e-02 6.914212548015365167e-02 7.212974818608620942e-02 7.469056764831412398e-02 7.554417413572343809e-02
1.730225988700564987e-01 2.789548022598870025e-01 3.142655367231638186e-01 3.262711864406779849e-01 3.319209039548022822e-01 3.372175141242937935e-01 3.425141242937853048e-01 3.453389830508474811e-01 3.474576271186440857e-01 3.485169491525423879e-01
1.641996557659208267e-01 2.626506024096385561e-01 2.943201376936316893e-01 3.053356282271945110e-01 3.125645438898451145e-01 3.173838209982788316e-01 3.222030981067125488e-01 3.253012048192771011e-01 3.273666092943201544e-01 3.294320137693631523e-01
1.345306675703151489e-01 2.063707217892239987e-01 2.355133852931209637e-01 2.433073534395120419e-01 2.483903761436801194e-01 2.534733988478481970e-01 2.575398170111826701e-01 2.599118942731277748e-01 2.616062351745170877e-01 2.643171806167400884e-01
1.103806228373702403e-01 1.667820069204152267e-01 1.899653979238754287e-01 1.993079584775086510e-01 2.024221453287197159e-01 2.065743944636678209e-01 2.093425605536332057e-01 2.121107266435986183e-01 2.134948096885813107e-01 2.152249134948096831e-01
1.087733227471218700e-01 1.806272330289797612e-01 2.012703453751488736e-01 2.159587137753076480e-01 2.223104406510520159e-01 2.254863040889241721e-01 2.290591504565303582e-01 2.298531163159984181e-01 2.338229456133386341e-01 2.366018261214767882e-01
8.819875776397514966e-02 2.074534161490683148e-01 2.627329192546583592e-01 2.819875776397515743e-01 2.962732919254658648e-01 3.055900621118012306e-01 3.124223602484472173e-01 3.161490683229813414e-01 3.229813664596273282e-01 3.279503105590061973e-01
5.155279503105589939e-02 2.577639751552794900e-01 3.863354037267080487e-01 4.130434782608695676e-01 4.254658385093167960e-01 4.360248447204969069e-01 4.440993788819875832e-01 4.496894409937888248e-01 4.571428571428571286e-01 4.645962732919254878e-01
2.746603662138216023e-02 1.373301831069108081e-01 1.937389249852333184e-01 2.040756054341405779e-01 2.076196101594802168e-01 2.114589486119314854e-01 2.147076196101594669e-01 2.164796219728293003e-01 2.200236266981689393e-01 2.217956290608387449e-01
9.052504526252263400e-03 3.047676523838261861e-02 4.888352444176222167e-02 5.401327700663850068e-02 5.582377791188895821e-02 5.672902836451418351e-02 5.793602896801448160e-02 5.823777911888956133e-02 5.853952926976463411e-02 5.884127942063970690e-02
9.317621266100301405e-03 5.316525075363113390e-02 9.235406960811180788e-02 1.005755001370238488e-01 1.033159769799945199e-01 1.057824061386681280e-01 1.077007399287475964e-01 1.096190737188270786e-01 1.104412167717182813e-01 1.120855028775006867e-01
2.099186565205982558e-03 1.364471267383888728e-02 5.011807924429283884e-02 7.727630543164523691e-02 8.029388611912884055e-02 8.226187352400944619e-02 8.291786932563631474e-02 8.436106008921542831e-02 8.475465757019154389e-02 8.567305169246916541e-02
9.141961603761263738e-04 1.658613033825257974e-02 3.957163379913804235e-02 4.910539375734621764e-02 5.041138827216925383e-02 5.158678333550999195e-02 5.197858168995690004e-02 5.263157894736841813e-02 5.289277785033302814e-02 5.302337730181533315e-02
0.000000000000000000e+00 3.348513260112510100e-03 1.500133940530404449e-02 1.794803107420305313e-02 1.794803107420305313e-02 1.808197160460755376e-02 1.834985266541655502e-02 1.834985266541655502e-02 1.834985266541655502e-02 1.834985266541655502e-02
1.071524243236003301e-03 9.911599249933029238e-03 2.839539244575408489e-02 3.442271631395660281e-02 3.522635949638360658e-02 3.616394320921510752e-02 3.629788373961961162e-02 3.643182427002410878e-02 3.656576480042861288e-02 3.669970533083311004e-02
1.733738294102758759e-02 3.910402429764616578e-02 4.682358896481903648e-02 4.960769425461908355e-02 5.024044545684636792e-02 5.049354593773728445e-02 5.099974689951911055e-02 5.112629713996456882e-02 5.125284738041002014e-02 5.125284738041002014e-02
0.000000000000000000e+00 7.194244604316546920e-04 2.517985611510791151e-03 1.654676258992805737e-02 2.194244604316546859e-02 2.230215827338129578e-02 2.230215827338129578e-02 2.230215827338129578e-02 2.230215827338129578e-02 2.230215827338129578e-02
0.000000000000000000e+00 2.877697841726618768e-03 1.151079136690647507e-02 3.956834532374100405e-02 5.719424460431654644e-02 6.834532374100719954e-02 7.266187050359712574e-02 7.338129496402877316e-02 7.697841726618705194e-02 7.733812949640288259e-02
0.000000000000000000e+00 1.079136690647481984e-03 4.676258992805755119e-03 2.877697841726618855e-02 4.208633093525179780e-02 4.928057553956834841e-02 5.035971223021582649e-02 5.107913669064748086e-02 5.179856115107913522e-02 5.251798561151078959e-02
7.194244604316546920e-04 2.158273381294963968e-03 1.582733812949640301e-02 8.165467625899280879e-02 1.183453237410071884e-01 1.280575539568345189e-01 1.287769784172661802e-01 1.294964028776978415e-01 1.298561151079136722e-01 1.302158273381295028e-01
0.000000000000000000e+00 0.000000000000000000e+00 0.000000000000000000e+00 7.194244604316546920e-04 5.395683453237410353e-03 1.438848920863309427e-02 2.086330935251798704e-02 2.158273381294964141e-02 2.194244604316546859e-02 2.266187050359712296e-02
3.431763766959297635e-01 5.051875498802873565e-01 5.538707102952913353e-01 5.682362330407023654e-01 5.746209098164405393e-01 5.833998403830805701e-01 5.905826017557861407e-01 5.961691939345570290e-01 6.017557861133280284e-01 6.025538707102953140e-01
2.146974063400576282e-01 3.270893371757925272e-01 3.667146974063400511e-01 3.854466858789625250e-01 3.926512968299711859e-01 3.940922190201728847e-01 3.962536023054755163e-01 3.976945244956772152e-01 3.998559077809798468e-01 4.077809798270893293e-01
6.277372262773722733e-02 1.094890510948905160e-01 1.255474452554744547e-01 1.313868613138686192e-01 1.335766423357664101e-01 1.343065693430657015e-01 1.364963503649634924e-01 1.372262773722627838e-01 1.372262773722627838e-01 1.386861313868613110e-01
3.284416491963661894e-02 6.848357791754018653e-02 7.826694619147449294e-02 8.315863032844164615e-02 8.525506638714186458e-02 8.735150244584206913e-02 8.735150244584206913e-02 8.805031446540879936e-02 8.805031446540879936e-02 8.805031446540879936e-02
6.802721088435373896e-03 1.785714285714285615e-02 2.295918367346938896e-02 2.465986394557823091e-02 2.465986394557823091e-02 2.465986394557823091e-02 2.465986394557823091e-02 2.465986394557823091e-02 2.636054421768707634e-02 2.636054421768707634e-02
4.107648725212464935e-02 1.175637393767705319e-01 1.515580736543909457e-01 1.728045325779036800e-01 1.756373937677053743e-01 1.813031161473087904e-01 1.898016997167138731e-01 1.926345609065155673e-01 1.983002832861189835e-01 2.053824362606232190e-01
0.000000000000000000e+00 0.000000000000000000e+00 0.000000000000000000e+00 1.841359773371104708e-02 5.949008498583569643e-02 9.490084985835693654e-02 9.915014164305949174e-02 1.048158640226628940e-01 1.062322946175637411e-01 1.090651558073654354e-01
1.417989417989417855e-01 2.846560846560846625e-01 3.396825396825396970e-01 3.544973544973544777e-01 3.661375661375661505e-01 3.788359788359788594e-01 3.830687830687830586e-01 3.894179894179894408e-01 3.915343915343915127e-01 4.000000000000000222e-01
4.969630038652678335e-03 4.362230811706239303e-02 7.067918277194920607e-02 7.840971838763113877e-02 8.172280508006626865e-02 8.337934842628381971e-02 8.448371065709552041e-02 8.558807288790723500e-02 8.834897846493650064e-02 9.000552181115405170e-02
4.000000000000000083e-03 3.599999999999999728e-02 1.213333333333333347e-01 2.093333333333333435e-01 2.226666666666666794e-01 2.333333333333333370e-01 2.373333333333333406e-01 2.399999999999999911e-01 2.399999999999999911e-01 2.426666666666666694e-01
3.384920634920635107e-01 4.920634920634920362e-01 5.416666666666666297e-01 5.563492063492063711e-01 5.682539682539682335e-01 5.769841269841269327e-01 5.809523809523809978e-01 5.865079365079365337e-01 5.900793650793650924e-01 5.944444444444444420e-01
1.308900523560209417e-01 2.219089810712847333e-01 2.533225936367297648e-01 2.686266612968183920e-01 2.750704792589609426e-01 2.839307289569069637e-01 2.891663310511478069e-01 2.944019331453886501e-01 2.956101490132903575e-01 2.976238421264599254e-01
1.308900523560209417e-01 2.408376963350785382e-01 2.738622633910591797e-01 2.935964559001208452e-01 2.980265807490938279e-01 3.093032621828433193e-01 3.133306484091824551e-01 3.161498187676198279e-01 3.193717277486911033e-01 3.254128070881997514e-01
2.456705598066854720e-02 4.148207813129278776e-02 5.477245267821184010e-02 6.121627064035441157e-02 6.443817962142570077e-02 6.645187273459524091e-02 6.886830447039871128e-02 7.088199758356826530e-02 7.209021345147000048e-02 7.370116794200563815e-02
1.570680628272251231e-02 3.101087394281111520e-02 3.745469190495368667e-02 4.188481675392670411e-02 4.269029399919452294e-02 4.591220298026580521e-02 4.832863471606926864e-02 5.275875956504228609e-02 5.396697543294402127e-02 5.517519130084574952e-02
2.577621558289396736e-02 5.506736965436438008e-02 6.795547744581136029e-02 7.674282366725249105e-02 8.025776215582894335e-02 8.142940831868775153e-02 8.494434680726420384e-02 8.787346221441125205e-02 9.197422378441710844e-02 9.431751611013473868e-02
1.991798476859988135e-02 4.569420035149385217e-02 5.741066198008201726e-02 6.268306971294669572e-02 6.795547744581136029e-02 6.912712360867018235e-02 7.147041593438781260e-02 7.264206209724663466e-02 7.732864674868189514e-02 8.084358523725834744e-02
1.991798476859988135e-02 4.452255418863503011e-02 6.033977738722905854e-02 6.268306971294669572e-02 6.502636203866432596e-02 6.795547744581136029e-02 7.205623901581721669e-02 7.264206209724663466e-02 7.439953134153486081e-02 7.498535442296426490e-02
1.390284757118928072e-01 2.345058626465661711e-01 2.724734785036292406e-01 2.914572864321607892e-01 2.992741485203797014e-01 3.065326633165829096e-01 3.132328308207705247e-01 3.171412618648799531e-01 3.216080402010050299e-01 3.277498604131769966e-01
2.167545401288810750e-02 4.159343878148798884e-02 5.623901581722319520e-02 6.385471587580550390e-02 6.619800820152313414e-02 6.854130052724077826e-02 7.088459285295840850e-02 7.147041593438781260e-02 7.674282366725249105e-02 7.908611599297012129e-02
3.274285714285714022e-01 5.080000000000000071e-01 5.514285714285713791e-01 5.657142857142857251e-01 5.725714285714286200e-01 5.794285714285714040e-01 5.874285714285714111e-01 5.954285714285714182e-01 6.017142857142857570e-01 6.097142857142857642e-01
1.600000000000000033e-01 2.879999999999999782e-01 3.325714285714285734e-01 3.491428571428571437e-01 3.559999999999999831e-01 3.622857142857142665e-01 3.662857142857142700e-01 3.714285714285714413e-01 3.777142857142857246e-01 3.817142857142857282e-01
7.771428571428570797e-02 1.405714285714285694e-01 1.594285714285714195e-01 1.788571428571428534e-01 1.902857142857142803e-01 2.011428571428571510e-01 2.045714285714285707e-01 2.097142857142857142e-01 2.137142857142857177e-01 2.165714285714285814e-01
8.057142857142857162e-02 1.457142857142857129e-01 1.891428571428571404e-01 2.079999999999999905e-01 2.222857142857142809e-01 2.297142857142857042e-01 2.359999999999999876e-01 2.422857142857142987e-01 2.497142857142857220e-01 2.560000000000000053e-01
6.143187066974595961e-02 1.247113163972286415e-01 1.653579676674364896e-01 1.824480369515011635e-01 1.916859122401847471e-01 1.972286374133949138e-01 2.036951501154734279e-01 2.096997690531177960e-01 2.157043879907621364e-01 2.198614318706697546e-01
3.152206544581206971e-01 5.028519963974782403e-01 5.583908736115280602e-01 5.821074752326628188e-01 5.902131492044431216e-01 5.995196637646352800e-01 6.067247072951065245e-01 6.115280696487541690e-01 6.190333233263284329e-01 6.265385770039026969e-01
1.451513279802347234e-01 2.464484249536751104e-01 2.896849907350216302e-01 3.140827671402099952e-01 3.264360716491661596e-01 3.347745521927115719e-01 3.424953675108091677e-01 3.505250154416306163e-01 3.604076590487955700e-01 3.684373069796170741e-01
4.694255713403335667e-02 8.523780111179740659e-02 9.789993823347745150e-02 1.056207535515750473e-01 1.114885731933292212e-01 1.173563928350833813e-01 1.213712168004941333e-01 1.235330450895614635e-01 1.266213712168005046e-01 1.303273625694873483e-01
7.936998147004323267e-02 1.426806670784434850e-01 1.797405806053119226e-01 1.924027177269919675e-01 1.998147004323656550e-01 2.041383570105003153e-01 2.084620135886349479e-01 2.112415071031500946e-01 2.140210006176652136e-01 2.174181593576281768e-01
3.150092649783817200e-02 6.022235948116121118e-02 8.060531192093885189e-02 9.172328597899938318e-02 9.789993823347745150e-02 1.031500926497838228e-01 1.068560840024706665e-01 1.087090796788140884e-01 1.111797405806053129e-01 1.133415688696726431e-01
9.523809523809523281e-02 2.278911564625850372e-01 2.781112444977991149e-01 2.901160464185674193e-01 2.925170068027210801e-01 2.939175670268107110e-01 2.953181272509003419e-01 2.955182072829131701e-01 2.963185274109643719e-01 2.975190076030412301e-01
9.314399144907619874e-03 2.824858757062146883e-02 3.802107191937700165e-02 4.183844861810963323e-02 4.214383875400824764e-02 4.260192395785616232e-02 4.260192395785616232e-02 4.260192395785616232e-02 4.260192395785616232e-02 4.275461902580546952e-02
3.038853917950944204e-03 1.432602561319730808e-02 2.127197742565660812e-02 2.387670935532884911e-02 2.431083134360755363e-02 2.496201432602561388e-02 2.517907532016496613e-02 2.517907532016496613e-02 2.517907532016496613e-02 2.561319730844367412e-02
2.546473134708428601e-04 2.291825821237586120e-03 2.801120448179271732e-03 2.801120448179271732e-03 2.801120448179271732e-03 3.310415075120957343e-03 3.565062388591800149e-03 3.565062388591800149e-03 3.565062388591800149e-03 3.565062388591800149e-03
5.092946269416857201e-04 1.527883880825057269e-03 2.546473134708428926e-03 2.801120448179271732e-03 2.801120448179271732e-03 2.801120448179271732e-03 2.801120448179271732e-03 2.801120448179271732e-03 2.801120448179271732e-03 2.801120448179271732e-03
