1.178571428571428548e-01 2.988095238095238027e-01 3.630952380952380820e-01 3.928571428571428492e-01 3.964285714285714080e-01 4.011904761904762085e-01 4.059523809523809534e-01 4.083333333333333259e-01 4.142857142857143127e-01 4.190476190476190577e-01
4.761904761904762334e-03 1.309523809523809555e-02 1.904761904761904934e-02 2.976190476190476025e-02 3.333333333333333287e-02 3.690476190476190549e-02 4.047619047619047811e-02 4.285714285714285754e-02 4.285714285714285754e-02 4.880952380952380959e-02
1.190476190476190584e-03 3.571428571428571317e-03 9.523809523809524669e-03 1.071428571428571438e-02 1.190476190476190410e-02 1.190476190476190410e-02 1.190476190476190410e-02 1.309523809523809555e-02 1.309523809523809555e-02 1.309523809523809555e-02
4.761904761904762334e-03 1.071428571428571438e-02 1.309523809523809555e-02 1.666666666666666644e-02 1.666666666666666644e-02 1.666666666666666644e-02 1.666666666666666644e-02 1.666666666666666644e-02 1.666666666666666644e-02 1.785714285714285615e-02
2.380952380952381167e-03 7.142857142857142634e-03 9.523809523809524669e-03 1.190476190476190410e-02 1.190476190476190410e-02 1.190476190476190410e-02 1.309523809523809555e-02 1.309523809523809555e-02 1.309523809523809555e-02 1.309523809523809555e-02
1.492052023121387405e-01 2.355491329479768858e-01 2.579479768786127059e-01 2.626445086705202492e-01 2.673410404624277370e-01 2.691473988439306297e-01 2.720375722543352803e-01 2.756502890173410658e-01 2.781791907514450934e-01 2.803468208092485536e-01
6.861947382695958442e-02 1.071331705994033046e-01 1.155410903173311604e-01 1.166259831841605643e-01 1.177108760509899682e-01 1.182533224844046632e-01 1.190669921345267196e-01 1.201518850013561096e-01 1.204231082180634710e-01 1.215080010848928610e-01
2.367144040714877604e-04 1.065214818321694786e-03 3.432358859036572282e-03 6.509646111965913112e-03 9.823647768966742300e-03 1.171736300153864395e-02 1.219079180968161980e-02 1.242750621375310685e-02 1.254586341578885038e-02 1.278257781986033917e-02
3.850596842510589039e-03 9.626492106276472380e-03 1.245026312411757173e-02 1.386214863303812141e-02 1.411885508920549329e-02 1.463226800154023878e-02 1.488897445770761066e-02 1.514568091387498427e-02 1.540238737004235615e-02 1.553074059812604296e-02
3.399258343634116442e-02 8.220024721878863017e-02 1.134116192830655068e-01 1.316440049443757809e-01 1.350432632880098904e-01 1.393695920889987672e-01 1.424598269468479728e-01 1.446229913473424111e-01 1.480222496909765206e-01 1.504944375772558629e-01
1.256544502617800985e-01 1.884816753926701616e-01 2.076788830715532164e-01 2.129144851657940596e-01 2.129144851657940596e-01 2.129144851657940596e-01 2.129144851657940596e-01 2.129144851657940596e-01 2.129144851657940596e-01 2.129144851657940596e-01
6.615776081424935839e-02 8.905852417302799473e-02 9.669211195928753555e-02 1.030534351145038219e-01 1.030534351145038219e-01 1.030534351145038219e-01 1.030534351145038219e-01 1.030534351145038219e-01 1.030534351145038219e-01 1.030534351145038219e-01
4.950495049504950729e-02 7.810781078107810471e-02 8.360836083608361169e-02 9.020902090209020896e-02 9.020902090209020896e-02 9.020902090209020896e-02 9.130913091309131313e-02 9.130913091309131313e-02 9.130913091309131313e-02 9.130913091309131313e-02
2.981260647359454743e-02 5.962521294718909487e-02 6.303236797274275327e-02 6.558773424190800228e-02 6.643952299829641861e-02 6.643952299829641861e-02 6.643952299829641861e-02 6.643952299829641861e-02 6.643952299829641861e-02 6.643952299829641861e-02
2.800658978583196040e-02 4.036243822075782223e-02 4.200988467874794408e-02 4.448105436573311644e-02 4.448105436573311644e-02 4.448105436573311644e-02 4.448105436573311644e-02 4.530477759472817390e-02 4.530477759472817390e-02 4.530477759472817390e-02
2.263374485596707786e-01 2.921810699588477389e-01 3.004115226337448763e-01 3.014403292181069838e-01 3.024691358024691468e-01 3.034979423868312542e-01 3.065843621399176877e-01 3.086419753086419582e-01 3.086419753086419582e-01 3.117283950617283916e-01
2.164599774520856723e-01 2.677564825253663794e-01 2.767756482525366435e-01 2.790304396843292234e-01 2.795941375422773545e-01 2.812852311161217478e-01 2.812852311161217478e-01 2.818489289740698789e-01 2.852311161217587210e-01 2.857948139797068521e-01
2.373737373737373757e-01 3.112373737373737570e-01 3.200757575757575690e-01 3.213383838383838120e-01 3.226010101010101105e-01 3.238636363636363535e-01 3.251262626262626521e-01 3.251262626262626521e-01 3.257575757575757458e-01 3.270202020202020443e-01
3.311011904761904656e-01 4.196428571428571508e-01 4.293154761904761640e-01 4.315476190476190688e-01 4.322916666666666852e-01 4.337797619047619180e-01 4.382440476190476164e-01 4.397321428571428492e-01 4.412202380952380820e-01 4.419642857142856984e-01
3.487654320987654266e-01 4.413580246913580418e-01 4.465020576131687458e-01 4.516460905349794497e-01 4.526748971193415572e-01 4.526748971193415572e-01 4.567901234567900981e-01 4.588477366255144241e-01 4.598765432098765316e-01 4.598765432098765316e-01
1.596660579180798345e-01 2.747195408296373431e-01 3.070701800156535599e-01 3.237672841116618905e-01 3.287242368901643896e-01 3.315940516566657781e-01 3.360292199321679996e-01 3.394208192016697212e-01 3.448995564831724425e-01 3.472475867466736088e-01
6.652752413253326669e-02 1.309679102530654782e-01 1.591442734150795846e-01 1.727106704930863601e-01 1.774067310200886927e-01 1.802765457865901366e-01 1.810592225410905254e-01 1.844508218105922193e-01 1.867988520740934133e-01 1.888859900860944407e-01
6.600573962953300289e-02 1.220975737020610491e-01 1.513175058700756692e-01 1.654056874510826947e-01 1.750587007565875264e-01 1.802765457865901366e-01 1.841899295590921082e-01 1.873206365770936632e-01 1.912340203495956070e-01 1.954082963735977174e-01
7.826767545003913626e-03 1.774067310200887204e-02 2.530654839551265203e-02 2.948082441951474161e-02 3.156796243151578640e-02 3.443777719801721648e-02 3.678580746151838970e-02 3.887294547351943796e-02 4.122097573702061118e-02 4.122097573702061118e-02
6.522306287503261066e-03 1.695799634750847981e-02 2.426297938951213137e-02 2.765457865901382872e-02 3.026350117401513037e-02 3.208974693451604326e-02 3.261153143751630706e-02 3.469866944951734838e-02 3.522045395251761218e-02 3.574223845551786904e-02
5.861297539149887964e-02 1.570469798657718186e-01 2.106487695749440781e-01 2.253243847874720485e-01 2.329306487695749495e-01 2.397315436241610753e-01 2.447427293064876885e-01 2.485906040268456296e-01 2.522595078299776361e-01 2.548545861297539239e-01
5.091764705882353276e-02 1.129411764705882393e-01 1.406117647058823528e-01 1.497411764705882387e-01 1.535999999999999865e-01 1.567999999999999949e-01 1.597176470588235198e-01 1.618823529411764772e-01 1.642352941176470627e-01 1.664941176470588202e-01
3.463529411764705579e-02 7.642352941176470960e-02 9.430588235294116994e-02 1.006117647058823589e-01 1.029647058823529443e-01 1.061647058823529388e-01 1.086117647058823521e-01 1.106823529411764678e-01 1.126588235294117696e-01 1.145411764705882296e-01
9.694117647058823548e-03 2.061176470588235374e-02 2.682352941176470440e-02 2.832941176470588074e-02 2.945882352941176299e-02 3.039999999999999994e-02 3.077647058823529402e-02 3.143529411764706127e-02 3.200000000000000067e-02 3.228235294117647036e-02
9.411764705882353201e-04 2.164705882352940987e-03 2.917647058823529590e-03 3.105882352941176632e-03 3.200000000000000153e-03 3.200000000000000153e-03 3.200000000000000153e-03 3.294117647058823675e-03 3.294117647058823675e-03 3.294117647058823675e-03
3.412256267409470578e-02 9.679665738161559452e-02 1.270891364902506926e-01 1.325441039925719655e-01 1.340529247910863531e-01 1.360259981429897957e-01 1.370705663881151282e-01 1.381151346332404883e-01 1.393918291550603483e-01 1.400882079851439310e-01
1.444896886903979929e-03 2.101668199133061715e-03 8.932089846315513157e-03 1.426507290161565800e-01 3.006699067384736579e-01 3.486142125311966211e-01 3.524234861421253195e-01 3.568895310652830943e-01 3.613555759884408136e-01 3.670038092736109259e-01
6.567713122290817860e-04 2.495730986470511004e-03 1.287271771969000431e-02 4.032575857086562188e-02 5.818993826349665166e-02 6.199921187442532233e-02 6.305004597399185839e-02 6.567713122290817773e-02 6.659661106002889852e-02 6.817286220937869567e-02
1.576251149349796503e-03 2.889793773807959858e-03 4.597399185603572719e-03 4.584263759358991192e-02 2.147642190989097477e-01 3.683173518980690786e-01 3.792197556810718573e-01 3.835544463417838168e-01 3.892026796269538735e-01 3.953763299619072469e-01
3.682337056585245974e-04 8.592119798698907634e-04 2.086657665398306341e-03 2.774027249294218692e-02 9.193568184607830984e-02 1.383331287590524039e-01 1.412789984043206215e-01 1.426291886584018787e-01 1.448385908923530141e-01 1.464342702835399468e-01
1.597051597051597077e-02 3.439803439803439805e-02 4.422604422604422408e-02 4.852579852579852471e-02 5.159705159705159361e-02 5.405405405405405705e-02 5.589680589680589423e-02 6.019656019656019486e-02 6.019656019656019486e-02 6.142506142506142658e-02
5.528255528255528184e-02 1.013513513513513570e-01 1.210073710073710090e-01 1.308353808353808490e-01 1.351351351351351426e-01 1.388206388206388309e-01 1.425061425061425191e-01 1.443488943488943355e-01 1.474201474201474182e-01 1.492628992628992624e-01
1.904176904176904314e-02 5.282555282555282533e-02 6.941031941031941543e-02 7.309582309582308979e-02 7.493857493857493390e-02 8.108108108108108558e-02 8.169533169533169104e-02 8.169533169533169104e-02 8.169533169533169104e-02 8.230958230958231037e-02
1.167076167076167015e-02 2.641277641277641267e-02 3.378378378378378566e-02 3.685503685503685456e-02 3.746928746928746695e-02 3.869778869778869868e-02 4.054054054054054279e-02 4.115479115479115518e-02 4.299754299754299930e-02 4.361179361179361169e-02
1.228501228501228427e-02 1.658476658476658316e-02 2.027027027027027140e-02 2.149877149877149965e-02 2.334152334152334030e-02 2.518427518427518441e-02 2.518427518427518441e-02 2.518427518427518441e-02 2.518427518427518441e-02 2.886977886977886917e-02
2.412116679132385866e-01 3.279730740463724925e-01 3.492894540014959137e-01 3.590127150336574480e-01 3.627524308152580423e-01 3.661181750186985884e-01 3.679880329094988856e-01 3.698578908002991827e-01 3.721017202692595283e-01 3.735976065818997771e-01
2.397487994089397834e-01 3.202807536017731604e-01 3.372737347617288384e-01 3.446619874399704520e-01 3.476172885112671085e-01 3.524196527521241129e-01 3.546361285555966192e-01 3.553749538234207694e-01 3.564831917251570226e-01 3.575914296268932202e-01
2.539109506618532075e-01 3.417569193742479028e-01 3.634175691937424624e-01 3.722422783794624990e-01 3.770557561171279382e-01 3.806658644203770314e-01 3.826714801444043301e-01 3.834737264340152274e-01 3.850782190132370775e-01 3.862815884476534234e-01
2.679449360865290286e-01 3.490658800393313665e-01 3.726647000983284164e-01 3.820058997050147509e-01 3.879056047197639856e-01 3.918387413962635124e-01 3.918387413962635124e-01 3.938053097345132758e-01 3.952802359882006122e-01 3.992133726647000835e-01
1.519174041297935152e-01 2.074729596853490676e-01 2.227138643067846646e-01 2.276302851524090454e-01 2.300884955752212357e-01 2.340216322517207348e-01 2.364798426745329529e-01 2.389380530973451433e-01 2.399213372664699973e-01 2.423795476892822154e-01
5.403761061946902311e-01 7.197640117994100750e-01 7.472345132743363205e-01 7.542404129793510714e-01 7.571902654867256333e-01 7.594026548672566657e-01 7.608775811209439466e-01 7.619837758112094628e-01 7.625368731563422209e-01 7.627212389380531032e-01
5.395176252319109356e-01 7.142857142857143016e-01 7.448979591836735192e-01 7.506493506493506773e-01 7.526901669758813140e-01 7.554730983302412328e-01 7.556586270871985533e-01 7.573283858998144380e-01 7.575139146567717585e-01 7.584415584415584721e-01
3.375342465753424781e-01 5.021004566210045539e-01 5.391780821917808719e-01 5.537899543378995704e-01 5.574429223744292727e-01 5.601826484018265218e-01 5.620091324200913174e-01 5.623744292237442544e-01 5.629223744292237708e-01 5.632876712328767077e-01
1.770411526509087577e-02 4.002260099821075556e-02 4.972219606365947675e-02 5.461907900932291143e-02 5.593747057161691655e-02 5.763254543742348662e-02 5.800922874093605852e-02 5.810339956681419976e-02 5.819757039269234100e-02 5.829174121857048918e-02
4.128169844702182442e-03 1.032042461175545524e-02 1.435030469825044307e-02 1.592294082956555862e-02 1.602123058777275497e-02 1.661096913701592265e-02 1.680754865343031187e-02 1.710241792805189745e-02 1.710241792805189745e-02 1.710241792805189745e-02
6.967363403006967063e-03 1.320132013201320148e-02 1.540154015401540115e-02 1.686835350201686817e-02 1.686835350201686817e-02 1.723505683901723623e-02 1.796846351301796887e-02 1.796846351301796887e-02 1.833516685001833346e-02 1.870187018701870152e-02
1.160928742994395482e-02 3.362690152121697307e-02 3.642914331465171851e-02 4.003202562049639618e-02 4.203362690152121633e-02 4.283426741393114162e-02 4.283426741393114162e-02 4.283426741393114162e-02 4.323458767013611120e-02 4.363490792634107385e-02
4.072756030051404019e-02 8.026888098062474886e-02 1.012257809410834347e-01 1.107156979043100037e-01 1.126927639383155377e-01 1.150652431791221869e-01 1.170423092131277210e-01 1.186239620403321537e-01 1.206010280743376878e-01 1.233689205219454382e-01
8.255006129955047567e-02 1.749080506742950458e-01 2.231303637106661353e-01 2.374335921536575300e-01 2.447895382100531148e-01 2.488761749080506680e-01 2.517368205966489803e-01 2.562321209644462527e-01 2.582754393134450432e-01 2.607274213322435807e-01
2.458009012699713391e-03 8.193363375665710727e-03 1.229004506349856696e-02 1.392871773863170806e-02 1.433838590741499421e-02 1.556739041376485090e-02 1.556739041376485090e-02 1.556739041376485090e-02 1.597705858254813704e-02 1.597705858254813704e-02
5.001299038711353590e-02 1.049623278773707397e-01 1.305533904910366194e-01 1.397765653416471743e-01 1.439334892179786884e-01 1.475707976097687668e-01 1.488698363211223563e-01 1.502987789036113186e-01 1.526370485840478075e-01 1.543257989088074877e-01
3.936087295401403258e-02 8.222915042868277069e-02 1.024941543257989057e-01 1.084697323980254591e-01 1.108080020784619341e-01 1.132761756300337819e-01 1.141855027279812945e-01 1.148350220836580893e-01 1.154845414393348979e-01 1.165237724084177695e-01
4.091971940763834692e-02 7.820213042348661547e-02 9.547934528448948077e-02 1.018446349701221110e-01 1.050922317485060986e-01 1.078202130423486643e-01 1.084697323980254591e-01 1.095089633671083446e-01 1.106780982073265751e-01 1.119771369186801785e-01
1.883606131462717617e-02 3.884125746947258984e-02 5.014289425824889485e-02 5.183164458300857508e-02 5.248116393868536983e-02 5.391010652117433216e-02 5.429981813458040901e-02 5.442972200571576796e-02 5.494933749025721070e-02 5.520914523252792860e-02
0.000000000000000000e+00 0.000000000000000000e+00 0.000000000000000000e+00 0.000000000000000000e+00 0.000000000000000000e+00 0.000000000000000000e+00 0.000000000000000000e+00 0.000000000000000000e+00 0.000000000000000000e+00 0.000000000000000000e+00
8.400173422935183765e-03 2.189464556687622035e-02 2.704313895512681573e-02 2.828961630175590852e-02 2.866897897246910992e-02 2.893995230869282620e-02 2.921092564491653901e-02 2.948189898114025528e-02 2.959028831562974041e-02 2.975287231736397156e-02
8.953945575582980196e-04 7.980690621715264693e-03 1.335305796706505281e-02 1.576673025265698524e-02 1.615603223420407353e-02 1.631175302682290676e-02 1.631175302682290676e-02 1.642854362128703255e-02 1.646747381944173999e-02 1.666212481021528413e-02
1.511830070300098402e-04 2.469322448156827110e-03 7.685136190692166448e-03 1.080958500264570313e-02 1.113714818454405661e-02 1.121273968805906220e-02 1.136392269508907163e-02 1.141431703076574260e-02 1.148990853428074645e-02 1.164109154131075588e-02
0.000000000000000000e+00 4.844849463605952269e-04 3.783596723958934215e-03 1.183527511823739831e-02 1.287345714615295914e-02 1.301188141654169989e-02 1.310416426346752879e-02 1.315030568693044237e-02 1.328872995731918312e-02 1.333487138078209670e-02
2.297794117647058792e-05 4.595588235294117583e-04 3.079044117647058727e-03 1.647518382352941221e-02 1.966911764705882304e-02 2.015165441176470715e-02 2.033547794117647120e-02 2.045036764705882373e-02 2.058823529411764677e-02 2.070312499999999931e-02
1.832572298325723104e-01 2.722983257229832366e-01 2.942161339421613397e-01 2.993911719939117422e-01 3.030441400304413890e-01 3.063926940639269403e-01 3.091324200913241893e-01 3.108066971080669649e-01 3.130898021308980428e-01 3.146118721461187429e-01
1.826484018264840125e-03 5.022831050228310397e-03 7.001522070015220658e-03 7.458143074581430852e-03 7.762557077625570692e-03 8.066971080669711400e-03 8.066971080669711400e-03 8.219178082191780019e-03 8.219178082191780019e-03 8.523592085235920726e-03
3.044140030441400135e-03 8.066971080669711400e-03 9.893455098934550440e-03 1.141552511415525051e-02 1.217656012176560054e-02 1.248097412480974125e-02 1.278538812785388196e-02 1.278538812785388196e-02 1.308980213089802093e-02 1.324200913242009128e-02
2.891933028919330215e-03 6.849315068493150305e-03 9.589041095890411467e-03 1.035007610350076150e-02 1.080669710806697083e-02 1.080669710806697083e-02 1.126331811263318189e-02 1.126331811263318189e-02 1.156773211567732086e-02 1.156773211567732086e-02
2.678191866232109905e-02 5.016295876434745393e-02 5.838174861839308394e-02 6.050729771857729644e-02 6.079070426526853033e-02 6.149922063199660116e-02 6.192433045203344505e-02 6.206603372537905505e-02 6.220773699872467200e-02 6.220773699872467200e-02
3.727923627684964214e-01 6.544152744630071794e-01 6.787589498806682053e-01 6.830548926014319289e-01 6.868735083532219177e-01 6.926014319809069564e-01 6.949880668257756300e-01 6.978520286396181493e-01 7.054892601431981269e-01 7.093078758949881157e-01
2.548926014319808919e-01 4.830548926014319733e-01 5.112171837708830990e-01 5.164677804295942920e-01 5.193317422434367003e-01 5.236276849642004239e-01 5.260143198090692085e-01 5.312649164677804015e-01 5.393794749403341138e-01 5.436754176610978373e-01
1.541766109785202843e-01 2.916467780429594092e-01 3.126491646778042921e-01 3.174224343675417503e-01 3.212410501193317391e-01 3.264916467780429321e-01 3.288782816229117167e-01 3.326968973747016500e-01 3.374701670644391638e-01 3.417661097852028873e-01
7.589498806682577758e-02 1.852028639618138461e-01 2.081145584725536957e-01 2.119331742243436845e-01 2.157517899761336455e-01 2.176610978520286399e-01 2.205250596658711315e-01 2.233890214797135954e-01 2.262529832935560870e-01 2.305489260143198105e-01
4.630071599045346153e-02 6.873508353221957634e-02 7.541766109785202898e-02 7.732696897374702338e-02 7.875894988066825531e-02 7.971360381861575251e-02 8.066825775656324971e-02 8.257756563245823023e-02 8.353221957040572743e-02 8.544152744630072183e-02
1.853122855181880690e-01 2.944406314344543696e-01 3.321894303363074896e-01 3.445435827041866683e-01 3.459162663006177252e-01 3.472889498970487265e-01 3.500343170899107847e-01 3.534660260809883159e-01 3.562113932738503741e-01 3.623884694577899634e-01
6.798866855524079988e-02 1.097733711048158589e-01 1.331444759206798778e-01 1.373937677053824469e-01 1.373937677053824469e-01 1.388101983002832940e-01 1.402266288951841411e-01 1.402266288951841411e-01 1.416430594900849882e-01 1.416430594900849882e-01
2.575423105224429812e-02 3.311258278145695622e-02 4.194260485651214038e-02 4.415011037527594162e-02 4.562178072111847116e-02 4.562178072111847116e-02 4.562178072111847116e-02 4.635761589403973593e-02 4.709345106696100069e-02 4.856512141280353023e-02
3.164091243561441974e-02 4.194260485651214038e-02 4.856512141280353023e-02 5.298013245033112578e-02 5.298013245033112578e-02 5.445180279617365532e-02 5.518763796909492009e-02 5.518763796909492009e-02 5.592347314201619179e-02 5.739514348785872133e-02
2.207505518763797081e-02 2.796173657100809590e-02 2.869757174392936067e-02 2.869757174392936067e-02 2.943340691685062543e-02 2.943340691685062543e-02 2.943340691685062543e-02 2.943340691685062543e-02 3.016924208977189020e-02 3.016924208977189020e-02
1.739130434782608647e-01 2.413793103448275967e-01 2.586206896551724310e-01 2.638680659670165074e-01 2.646176911544227961e-01 2.653673163418290848e-01 2.668665667166416622e-01 2.668665667166416622e-01 2.683658170914542951e-01 2.691154422788605838e-01
1.079460269865067518e-01 1.461769115442278777e-01 1.521739130434782705e-01 1.529235382308845592e-01 1.536731634182908479e-01 1.544227886056971644e-01 1.544227886056971644e-01 1.544227886056971644e-01 1.551724137931034531e-01 1.559220389805097418e-01
6.596701649175412685e-02 9.220389805097450875e-02 9.445277361319340259e-02 9.445277361319340259e-02 9.595202398800599386e-02 9.670164917541229643e-02 9.670164917541229643e-02 9.745127436281858513e-02 9.745127436281858513e-02 9.745127436281858513e-02
2.773613193403298358e-02 4.647676161919040566e-02 4.872563718140929256e-02 5.172413793103448204e-02 5.247376311844077768e-02 5.247376311844077768e-02 5.397301349325337588e-02 5.397301349325337588e-02 5.397301349325337588e-02 5.547226386806596715e-02
2.548725637181409320e-02 4.122938530734632928e-02 4.572713643178411003e-02 4.797601199400299693e-02 4.797601199400299693e-02 4.797601199400299693e-02 4.797601199400299693e-02 4.797601199400299693e-02 4.797601199400299693e-02 4.797601199400299693e-02
5.089928057553957386e-01 7.158273381294963933e-01 7.589928057553957386e-01 7.643884892086331151e-01 7.679856115107913661e-01 7.697841726618704916e-01 7.715827338129496171e-01 7.733812949640287426e-01 7.733812949640287426e-01 7.733812949640287426e-01
4.296435272045028286e-01 6.266416510318949529e-01 6.941838649155722685e-01 7.073170731707316694e-01 7.110694183864915141e-01 7.185741088180112035e-01 7.185741088180112035e-01 7.185741088180112035e-01 7.204502814258911814e-01 7.242026266416510261e-01
4.026465028355387665e-01 5.897920604914933529e-01 6.502835538752362865e-01 6.691871455576559047e-01 6.805293005671076978e-01 6.805293005671076978e-01 6.843100189035916658e-01 6.843100189035916658e-01 6.862003780718336499e-01 6.918714555765594909e-01
2.901639344262295084e-01 4.639344262295082011e-01 5.295081967213114416e-01 5.442622950819672178e-01 5.442622950819672178e-01 5.508196721311475752e-01 5.508196721311475752e-01 5.557377049180327599e-01 5.557377049180327599e-01 5.606557377049180557e-01
3.333333333333333148e-01 5.202020202020202211e-01 5.892255892255892080e-01 6.060606060606060774e-01 6.144781144781145121e-01 6.195286195286194841e-01 6.195286195286194841e-01 6.195286195286194841e-01 6.228956228956229468e-01 6.262626262626262985e-01
2.856135401974612131e-01 3.970380818053596550e-01 4.358251057827926545e-01 4.464033850493652755e-01 4.520451339915373956e-01 4.569816643159379521e-01 4.619181946403385086e-01 4.661495063469675570e-01 4.724964739069111297e-01 4.767277856135401781e-01
2.413793103448275967e-01 3.620689655172413812e-01 4.022988505747126520e-01 4.130747126436781769e-01 4.224137931034482873e-01 4.245689655172413812e-01 4.303160919540229834e-01 4.353448275862069061e-01 4.410919540229885083e-01 4.454022988505746961e-01
1.803399852180339880e-01 2.897265336289726601e-01 3.252032520325203180e-01 3.451589061345158860e-01 3.495934959349593640e-01 3.540280857354027866e-01 3.606799704360679759e-01 3.636363636363636465e-01 3.680709534368070690e-01 3.695491500369549320e-01
1.761194029850746134e-01 2.768656716417910446e-01 3.164179104477611859e-01 3.328358208955223829e-01 3.417910447761193793e-01 3.514925373134328290e-01 3.544776119402985315e-01 3.574626865671641784e-01 3.641791044776119257e-01 3.753731343283582267e-01
2.208955223880597063e-01 3.298507462686567360e-01 3.716417910447761264e-01 3.828358208955223718e-01 3.917910447761194237e-01 4.007462686567164201e-01 4.074626865671641673e-01 4.104477611940298698e-01 4.111940298507462677e-01 4.149253731343283680e-01
6.153279292557111563e-02 1.182756079587325010e-01 1.330140014738393495e-01 1.359616801768607219e-01 1.363301400147383935e-01 1.392778187177597660e-01 1.400147383935151091e-01 1.422254974207811384e-01 1.444362564480471678e-01 1.448047162859248393e-01
6.563446650959273154e-02 1.380006731740154868e-01 1.639178727701110783e-01 1.719959609559071068e-01 1.753618310333221186e-01 1.773813530797711258e-01 1.797374621339616341e-01 1.817569841804106412e-01 1.844496802423426507e-01 1.854594412655671543e-01
3.778588001325820095e-02 9.744779582366588921e-02 1.213125621478289701e-01 1.282731189923765336e-01 1.319191249585681125e-01 1.342393105734173142e-01 1.352336758369240832e-01 1.368909512761020963e-01 1.388796818031156899e-01 1.398740470666224589e-01
2.078239608801955851e-02 6.540342298288508160e-02 9.352078239608802024e-02 1.005501222493887514e-01 1.011613691931540354e-01 1.039119804400978064e-01 1.063569682151589285e-01 1.066625916870415636e-01 1.075794621026894826e-01 1.088019559902200506e-01
1.428996725215837989e-02 4.971717773146770020e-02 7.115212860970526743e-02 7.680857398035129124e-02 7.889252753795772399e-02 8.246501935099731506e-02 8.335814230425721283e-02 8.425126525751712447e-02 8.544209586186364558e-02 8.603751116403692001e-02
2.045670789724072236e-01 2.535680304471931712e-01 2.597526165556612865e-01 2.621313035204567155e-01 2.633206470028544022e-01 2.642721217887725738e-01 2.649857278782112302e-01 2.661750713606089169e-01 2.673644148430066592e-01 2.687916270218839165e-01
3.552340767530641208e-01 4.446453686960016305e-01 4.577054450472172187e-01 4.609202330721318130e-01 4.637331725939320970e-01 4.645368696001607178e-01 4.655414908579465494e-01 4.667470363672895362e-01 4.677516576250753677e-01 4.689572031344182990e-01
3.784743991640543426e-01 4.721003134796238343e-01 4.856844305120167071e-01 4.909090909090909061e-01 4.940438871473354365e-01 4.963427377220480663e-01 4.971786833855799115e-01 4.992685475444096355e-01 5.003134796238244419e-01 5.030303030303030498e-01
3.463368220742150116e-01 4.357754519505233071e-01 4.467174119885822803e-01 4.519505233111322795e-01 4.548049476688867943e-01 4.559942911512844810e-01 4.581351094196003948e-01 4.590865842055185664e-01 4.595623215984776522e-01 4.619410085632730811e-01
1.910085632730732508e-01 2.473834443387250281e-01 2.578496669838249433e-01 2.604662226450998874e-01 2.623691722169362306e-01 2.633206470028544022e-01 2.656993339676498311e-01 2.671265461465271440e-01 2.695052331113225730e-01 2.704567078972407446e-01
3.871959742801230064e-02 8.079396142018450966e-02 9.533128319821079777e-02 1.012021246854906409e-01 1.030192899077439217e-01 1.039977634889572289e-01 1.048364551299972025e-01 1.053955828906905229e-01 1.059547106513838433e-01 1.069331842325971504e-01
1.952845915694212744e-02 4.334365325077399467e-02 5.275065491783757776e-02 5.572755417956656160e-02 5.691831388425815791e-02 5.763276970707311569e-02 5.810907358894974728e-02 5.834722552988806654e-02 5.882352941176470507e-02 5.918075732317218396e-02
1.213346814964610769e-02 2.685091562745758886e-02 3.235591506572295384e-02 3.460285361195371279e-02 3.527693517582294186e-02 3.617571059431524266e-02 3.662509830356140000e-02 3.684979215818447174e-02 3.684979215818447174e-02 3.696213908549601107e-02
7.158351409978307676e-03 1.637744034707158333e-02 2.169197396963123622e-02 2.310195227765726722e-02 2.364425162689804891e-02 2.407809110629067356e-02 2.429501084598698415e-02 2.451193058568329822e-02 2.472885032537960881e-02 2.483731019522776584e-02
4.370536190171623626e-03 1.321820701417759231e-02 1.748214476068649451e-02 1.822833386632555230e-02 1.929431830295277525e-02 1.993390896492911249e-02 2.004050740859183305e-02 2.014710585225455708e-02 2.025370429591728111e-02 2.057349962690544626e-02
4.403669724770642620e-03 3.119266055045871733e-02 6.678899082568807988e-02 8.036697247706421632e-02 8.183486238532110268e-02 8.660550458715596256e-02 8.770642201834862040e-02 8.990825688073394995e-02 8.990825688073394995e-02 9.064220183486237925e-02
1.304347826086956451e-02 3.429951690821256283e-02 4.444444444444444614e-02 4.685990338164251062e-02 4.782608695652174058e-02 4.879227053140096360e-02 4.975845410628019355e-02 5.024154589371980506e-02 5.024154589371980506e-02 5.120772946859903502e-02
9.661835748792270287e-04 3.864734299516908115e-03 7.246376811594202987e-03 1.207729468599033802e-02 1.594202898550724570e-02 1.642512077294686068e-02 1.690821256038647219e-02 1.690821256038647219e-02 1.739130434782608717e-02 1.739130434782608717e-02
1.449275362318840597e-03 6.280193236714975633e-03 1.207729468599033802e-02 1.400966183574879273e-02 1.594202898550724570e-02 1.739130434782608717e-02 1.835748792270531365e-02 1.835748792270531365e-02 1.884057971014492863e-02 1.932367149758454014e-02
1.644359464627151088e-02 2.791586998087954019e-02 3.288718929254302176e-02 3.365200764818355311e-02 3.479923518164435708e-02 3.632887189292543367e-02 3.709369024856596503e-02 3.747609942638623071e-02 3.785850860420650332e-02 3.862332695984703468e-02
3.795698924731182866e-01 5.408602150537634712e-01 5.720430107526881525e-01 5.790322580645160810e-01 5.849462365591397983e-01 5.897849462365591933e-01 5.951612903225806939e-01 6.032258064516129448e-01 6.080645161290322287e-01 6.145161290322580516e-01
5.492115280043501774e-02 1.022294725394236048e-01 1.228928765633496428e-01 1.343121261555192958e-01 1.397498640565524863e-01 1.419249592169657403e-01 1.424687330070690539e-01 1.446438281674823356e-01 1.473626971179989031e-01 1.489940184883088714e-01
1.631321370309950919e-02 3.262642740619901838e-02 3.697661772702555416e-02 3.752039151712887460e-02 3.915171288743882205e-02 3.915171288743882205e-02 3.915171288743882205e-02 4.132680804785209688e-02 4.295812941816204433e-02 4.295812941816204433e-02
4.839586731919521406e-02 8.156606851549755288e-02 9.896682979880369602e-02 1.103860793909733490e-01 1.158238172920065256e-01 1.179989124524197935e-01 1.201740076128330614e-01 1.239804241435562837e-01 1.266992930940728790e-01 1.288743882544861330e-01
1.196302338227297514e-02 1.740076128330614313e-02 2.066340402392604844e-02 2.392604676454595028e-02 2.501359434475258423e-02 2.610114192495921817e-02 2.610114192495921817e-02 2.664491571506253514e-02 2.718868950516585212e-02 2.718868950516585212e-02
2.421984666882626147e-01 3.549292732966202180e-01 3.805204621531151910e-01 3.881870208400820532e-01 3.929381276320051963e-01 3.971493359248461363e-01 4.011445848180542062e-01 4.038440773134650552e-01 4.070834683079581073e-01 4.097829608033689563e-01
1.598099557283230721e-01 2.544001727675196944e-01 2.777237879278695587e-01 2.829068135190584421e-01 2.873339812115322522e-01 2.906813519058417117e-01 2.932728647014361534e-01 2.951085195983155218e-01 2.973760932944606306e-01 2.991037684915235917e-01
1.169420149011985710e-01 1.990065867616888085e-01 2.217903034229564974e-01 2.287010042112082864e-01 2.316164561062520333e-01 2.344239283014793174e-01 2.377712989957888046e-01 2.406867508908325237e-01 2.420904869884461796e-01 2.437101824856926779e-01
7.288629737609329806e-02 1.392938127632005196e-01 1.585141993305258512e-01 1.628333873231832540e-01 1.661807580174927135e-01 1.686642911132706923e-01 1.704999460101500885e-01 1.723356009070294848e-01 1.743872152035417233e-01 1.756829716013389442e-01
4.006046863189720308e-02 8.508800345535039167e-02 1.030126336248785163e-01 1.068999028182701649e-01 1.086275780153331122e-01 1.105712126120289435e-01 1.117589893100097154e-01 1.131627254076233713e-01 1.143505021056041432e-01 1.153223194039520588e-01
1.500579374275782252e-01 2.728852838933951142e-01 3.464658169177288749e-01 3.719582850521436779e-01 3.748551564310544371e-01 3.800695249130938702e-01 3.812282734646581517e-01 3.870220162224797256e-01 3.881807647740440070e-01 3.904982618771726810e-01
4.086636697997547696e-02 1.438496117695136911e-01 2.112791172864732225e-01 2.341642827952594985e-01 2.398855741724560675e-01 2.435635472006538738e-01 2.460155292194523835e-01 2.472415202288516523e-01 2.496935022476501898e-01 2.521454842664487273e-01
2.253894597282068285e-02 7.656612529002319867e-02 1.242956579383493604e-01 1.431885979449784574e-01 1.461716937354988477e-01 1.491547895260192380e-01 1.508120649651972234e-01 1.528007954922108169e-01 1.531322505800463973e-01 1.544580709313888023e-01
1.213224143160448847e-02 4.124962086745526113e-02 6.399757355171367679e-02 7.279344858962692733e-02 7.461328480436760224e-02 7.643312101910827716e-02 7.673642705489838733e-02 7.794965119805884191e-02 7.885956930542917243e-02 7.885956930542917243e-02
1.824262693827911246e-03 4.256612952265126024e-03 1.246579507449072609e-02 1.976284584980237194e-02 2.097902097902097987e-02 2.249923989054423978e-02 2.432350258437214821e-02 2.614776527820006011e-02 2.827607175433262399e-02 2.949224688355123192e-02
3.690036900369003583e-03 1.402214022140221318e-02 2.656826568265682753e-02 3.837638376383763900e-02 4.280442804428044590e-02 4.723247232472324586e-02 4.944649446494465278e-02 4.944649446494465278e-02 5.092250922509224814e-02 5.166051660516605276e-02
1.005025125628140718e-02 3.580402010050251493e-02 6.281407035175878839e-02 7.097989949748743921e-02 7.726130653266331805e-02 8.417085427135678755e-02 8.605527638190954565e-02 8.668341708542713631e-02 8.668341708542713631e-02 8.793969849246231762e-02
2.214022140221402150e-03 5.166051660516605450e-03 1.549815498154981548e-02 2.656826568265682753e-02 3.321033210332103441e-02 3.690036900369003670e-02 3.763837638376383438e-02 4.059040590405903898e-02 4.059040590405903898e-02 4.132841328413284360e-02
0.000000000000000000e+00 8.088235294117647814e-03 1.985294117647058709e-02 3.455882352941176683e-02 3.897058823529411797e-02 4.558823529411764469e-02 4.632352941176470784e-02 4.632352941176470784e-02 4.852941176470588341e-02 5.000000000000000278e-02
3.263707571801566405e-03 2.741514360313316093e-02 6.070496083550913635e-02 8.812010443864229381e-02 9.595300261096605110e-02 1.018276762402088725e-01 1.057441253263707581e-01 1.070496083550913774e-01 1.090078328981723271e-01 1.116187989556135796e-01
1.354713851257948604e-02 4.865910975946917405e-02 7.685927564279790292e-02 8.819463643903788230e-02 9.123583079900469961e-02 9.123583079900469961e-02 9.151230301354713881e-02 9.151230301354713881e-02 9.206524744263201721e-02 9.289466408625933480e-02
6.932409012131716041e-04 9.705372616984401374e-03 2.357019064124783389e-02 3.084922010398613579e-02 3.223570190641247835e-02 3.292894280762564962e-02 3.362218370883882090e-02 3.396880415944540654e-02 3.396880415944540654e-02 3.500866551126516346e-02
1.481248030255278951e-02 9.391742830129215514e-02 1.607311692404664316e-01 1.827923101166088748e-01 1.887803340687047027e-01 1.894106523794516217e-01 1.903561298455720141e-01 1.909864481563189331e-01 1.909864481563189331e-01 1.919319256224393255e-01
8.980115458627325672e-03 7.889672867222578823e-02 1.610006414368184702e-01 1.850545221295702425e-01 1.869788325849903732e-01 1.889031430404105316e-01 1.892238614496472016e-01 1.892238614496472016e-01 1.895445798588838993e-01 1.901860166773572669e-01
4.760393525864804742e-03 4.728657569025706414e-02 1.028245001586797908e-01 1.253570295144398605e-01 1.282132656299587448e-01 1.288479847667407252e-01 1.288479847667407252e-01 1.291653443351317154e-01 1.294827039035226779e-01 1.304347826086956486e-01
8.948545861297539390e-04 5.145413870246084986e-03 2.416107382550335483e-02 7.516778523489932307e-02 2.460850111856823230e-01 4.514541387024608721e-01 4.760626398210290877e-01 4.796420581655481130e-01 4.827740492170022324e-01 4.856823266219239543e-01
7.743933918430562224e-04 6.453278265358802432e-03 1.935983479607640556e-02 9.176561693340216930e-02 1.713990707279297865e-01 1.837893649974186860e-01 1.862416107382550423e-01 1.876613319566339810e-01 1.884357253484770234e-01 1.901135776974703095e-01
1.305312622373058459e-04 1.696906409084975942e-03 9.659313405560631186e-03 3.158856546142801286e-02 6.056650567810990815e-02 1.039028847408954431e-01 1.211330113562198163e-01 1.224383239785928751e-01 1.228299177653047886e-01 1.233520428142540204e-01
0.000000000000000000e+00 0.000000000000000000e+00 0.000000000000000000e+00 2.109259649862898134e-04 8.437038599451592534e-04 2.952963509808057170e-03 2.531111579835477673e-02 5.125500949166842540e-02 5.441889896646277119e-02 5.589538072136680108e-02
3.735059760956175234e-04 4.357569721115537448e-03 1.817729083665338766e-02 2.826195219123505895e-02 3.062749003984063800e-02 3.237051792828685159e-02 3.286852589641434119e-02 3.311752988047808599e-02 3.324203187250995839e-02 3.336653386454183079e-02
3.139841688654353424e-01 4.828496042216358641e-01 5.452946350043975654e-01 5.584872471416006956e-01 5.708003518029903800e-01 5.760773966578716099e-01 5.778364116094987235e-01 5.804749340369392829e-01 5.875109938434476264e-01 5.910290237467018537e-01
1.813725490196078372e-01 3.235294117647058987e-01 3.784313725490195957e-01 3.990196078431372806e-01 4.107843137254901800e-01 4.166666666666666852e-01 4.205882352941176516e-01 4.235294117647058765e-01 4.333333333333333481e-01 4.392156862745097978e-01
1.568627450980392135e-02 4.215686274509804210e-02 5.392156862745098311e-02 5.882352941176470507e-02 5.980392156862745362e-02 6.078431372549019523e-02 6.176470588235294379e-02 6.372549019607842702e-02 6.568627450980392413e-02 7.058823529411764608e-02
1.562500000000000000e-01 2.621527777777777901e-01 3.038194444444444198e-01 3.255208333333333148e-01 3.315972222222222099e-01 3.402777777777777901e-01 3.428819444444444198e-01 3.437500000000000000e-01 3.472222222222222099e-01 3.532986111111111049e-01
1.313725490196078483e-01 2.205882352941176405e-01 2.696078431372548878e-01 2.862745098039215508e-01 2.941176470588235392e-01 2.980392156862745057e-01 3.039215686274509554e-01 3.058823529411764941e-01 3.088235294117647189e-01 3.137254901960784270e-01
2.660452729693741913e-01 4.221038615179760201e-01 4.721704394141145178e-01 4.892143808255658977e-01 4.966711051930758902e-01 5.035952063914780341e-01 5.094540612516644806e-01 5.147802929427429675e-01 5.174434087882823219e-01 5.206391478029294140e-01
8.761651131824234329e-02 1.629826897470040004e-01 1.949400798934753654e-01 2.077230359520639280e-01 2.125166444740346217e-01 2.157123834886817693e-01 2.191744340878828134e-01 2.218375499334221124e-01 2.229027962716378097e-01 2.245006657789613835e-01
2.237017310252996036e-02 4.394141145139813381e-02 5.725699067909453821e-02 6.125166444740345884e-02 6.311584553928095698e-02 6.551264980026631768e-02 6.577896138482024202e-02 6.764314247669774016e-02 6.897470039946737574e-02 6.950732356857523830e-02
9.320905459387483771e-03 1.784287616511318411e-02 2.157123834886817693e-02 2.450066577896138631e-02 2.583222370173102536e-02 2.689747003994673660e-02 2.769640479360852350e-02 2.796271637816245131e-02 2.849533954727030693e-02 2.876165113182423475e-02
8.362183754993342266e-02 1.573901464713715059e-01 1.840213049267643008e-01 1.970705725699067878e-01 2.023968042609853579e-01 2.055925432756324778e-01 2.077230359520639280e-01 2.098535286284953505e-01 2.119840213049267730e-01 2.154460719041278172e-01
2.902675014228799366e-01 3.505976095617530097e-01 3.608423449060899069e-01 3.648264086511098236e-01 3.676721684689812086e-01 3.705179282868525936e-01 3.722253841775753913e-01 3.745019920318725104e-01 3.790552077404666931e-01 3.796243597040409590e-01
2.373345504335919731e-01 3.035143769968051131e-01 3.181195801004107482e-01 3.199452304883614873e-01 3.231401186672752113e-01 3.263350068461889353e-01 3.272478320401643326e-01 3.295298950251027148e-01 3.322683706070287402e-01 3.327247832040164388e-01
3.078579117330462744e-01 3.842841765339074511e-01 4.009687836383207804e-01 4.063509149623250605e-01 4.138858988159311303e-01 4.171151776103336761e-01 4.203444564047362775e-01 4.230355220667384453e-01 4.246501614639397459e-01 4.262648008611409911e-01
2.402597402597402565e-01 3.305194805194805463e-01 3.512987012987012769e-01 3.623376623376623473e-01 3.688311688311688430e-01 3.720779220779220631e-01 3.759740259740259605e-01 3.766233766233766378e-01 3.785714285714285587e-01 3.818181818181818343e-01
1.682435211846976530e-01 2.019744960921431576e-01 2.060880296174413817e-01 2.077334430275606658e-01 2.093788564376799777e-01 2.110242698477992618e-01 2.118469765528589177e-01 2.130810366104483877e-01 2.134923899629782018e-01 2.134923899629782018e-01
1.027749229188078131e-03 1.688445162237556946e-02 8.956100425781823859e-02 1.603288797533401755e-01 1.852885038907649273e-01 1.945382469534576442e-01 1.998238144178534625e-01 2.033475260607840174e-01 2.071648803406254680e-01 2.108354133020114429e-01
2.387305153770537692e-03 5.280157281280718762e-02 1.762392922342367607e-01 2.489818845667743363e-01 2.669568880775172182e-01 2.800168515657913137e-01 2.868979075972475923e-01 2.919533773346439931e-01 2.974301362168234597e-01 3.019238870945091802e-01
4.991924827484951234e-03 1.189252679489061736e-02 1.453531052708853348e-02 1.600352371164293075e-02 1.659080898546469104e-02 1.688445162237556946e-02 1.732491557774188881e-02 1.820584348847452752e-02 1.835266480692996499e-02 1.908677139920716623e-02
4.845103509029511160e-03 5.784759947144325204e-02 1.647335193070033899e-01 2.128909117603876022e-01 2.294817207458522967e-01 2.407869622669211451e-01 2.454852444574952275e-01 2.498898840111584141e-01 2.548818088386433645e-01 2.601673763030392106e-01
6.753780648950227783e-03 6.049038320364116816e-02 1.250917633240346549e-01 1.576860960211422802e-01 1.660549111731023375e-01 1.722214065482308154e-01 1.776537953310820817e-01 1.817647922478343725e-01 1.849948612538540593e-01 1.892526794890617980e-01
9.740259740259740728e-02 1.753246753246753276e-01 2.142857142857142738e-01 2.424242424242424310e-01 2.575757575757575690e-01 2.748917748917749093e-01 2.813852813852814050e-01 2.878787878787879007e-01 3.030303030303030387e-01 3.116883116883116811e-01
3.144654088050314461e-02 6.918238993710691676e-02 8.176100628930817182e-02 8.595387840670859481e-02 9.014675052410901779e-02 9.014675052410901779e-02 9.224318658280922234e-02 9.224318658280922234e-02 9.433962264150944077e-02 9.853249475890984987e-02
7.246376811594202987e-03 1.449275362318840597e-02 1.992753623188405626e-02 1.992753623188405626e-02 1.992753623188405626e-02 1.992753623188405626e-02 1.992753623188405626e-02 2.173913043478260809e-02 2.173913043478260809e-02 2.173913043478260809e-02
1.757469244288224850e-03 8.787346221441125552e-03 1.054481546572934997e-02 1.054481546572934997e-02 1.054481546572934997e-02 1.054481546572934997e-02 1.230228471001757438e-02 1.230228471001757438e-02 1.230228471001757438e-02 1.230228471001757438e-02
1.831501831501831500e-03 5.494505494505494934e-03 5.494505494505494934e-03 7.326007326007326001e-03 7.326007326007326001e-03 7.326007326007326001e-03 9.157509157509157935e-03 1.098901098901098987e-02 1.098901098901098987e-02 1.098901098901098987e-02
2.886381527158226289e-03 2.230385725531356528e-02 7.950669115717659552e-02 1.200472316977171383e-01 1.247704014694305946e-01 1.270007871949619394e-01 1.284439779585410668e-01 1.296247704014694413e-01 1.304119653634216724e-01 1.318551561270007999e-01
1.828392320752252748e-03 3.147446780723520826e-02 7.901266814679377970e-02 1.001697792869269965e-01 1.029123677680553739e-01 1.055243567977014463e-01 1.064385529580775813e-01 1.077445474729006175e-01 1.086587436332767387e-01 1.094423403421705687e-01
0.000000000000000000e+00 6.964907581034020592e-03 3.509241896597910249e-02 4.138762389499062166e-02 4.178944548620412702e-02 4.205732654701312828e-02 4.272702919903562796e-02 4.299491025984462922e-02 4.353067238146263174e-02 4.366461291186712890e-02
6.697026520225019550e-04 1.299223144923653851e-02 4.460219662469863677e-02 5.344227163139565751e-02 5.437985534422716538e-02 5.531743905705866632e-02 5.571926064827216474e-02 5.598714170908116600e-02 5.638896330029467135e-02 5.692472542191267387e-02
4.910149329283725744e-02 1.050366995697291778e-01 1.262971399645659298e-01 1.304732978992660108e-01 1.318653505441660378e-01 1.324981017463933153e-01 1.336370539104024258e-01 1.341432548721842588e-01 1.345229055935206197e-01 1.346494558339660919e-01
1.128871128871128809e-01 2.437562437562437456e-01 2.907092907092906908e-01 3.056943056943056680e-01 3.176823176823176942e-01 3.336663336663336921e-01 3.406593406593406703e-01 3.526473526473526410e-01 3.596403596403596192e-01 3.686313686313686389e-01
8.586296617519514895e-02 1.864700780572419725e-01 2.142237640936686949e-01 2.307025151777970517e-01 2.428447528187337445e-01 2.549869904596704373e-01 2.627927146574154382e-01 2.679965307892454573e-01 2.714657415437987664e-01 2.801387684301821501e-01
1.365853658536585365e-02 5.756097560975610011e-02 1.112195121951219529e-01 1.463414634146341375e-01 1.590243902439024415e-01 1.736585365853658414e-01 1.795121951219512124e-01 1.814634146341463361e-01 1.834146341463414598e-01 1.892682926829268308e-01
5.483207676490747459e-03 3.289924605894448129e-02 5.894448252227552781e-02 7.196710075394105455e-02 7.402330363262508983e-02 7.676490747087046096e-02 7.950651130911583209e-02 8.224811514736120321e-02 8.224811514736120321e-02 8.430431802604523850e-02
2.268041237113401984e-02 8.556701030927835183e-02 1.381443298969072253e-01 1.567010309278350499e-01 1.628865979381443341e-01 1.690721649484536182e-01 1.742268041237113319e-01 1.835051546391752442e-01 1.855670103092783574e-01 1.886597938144329856e-01
5.600000000000000533e-01 6.953846153846153788e-01 7.128205128205128416e-01 7.210256410256410398e-01 7.230769230769230616e-01 7.323076923076923261e-01 7.323076923076923261e-01 7.364102564102563697e-01 7.405128205128205243e-01 7.435897435897436125e-01
3.015384615384615330e-01 4.553846153846153877e-01 4.851282051282051477e-01 4.923076923076923350e-01 4.943589743589743568e-01 4.984615384615384559e-01 4.994871794871794668e-01 5.035897435897436214e-01 5.046153846153845768e-01 5.056410256410256432e-01
1.333333333333333315e-01 3.046153846153846212e-01 3.456410256410256676e-01 3.548717948717948767e-01 3.579487179487179649e-01 3.610256410256410531e-01 3.630769230769230749e-01 3.630769230769230749e-01 3.661538461538461631e-01 3.702564102564102622e-01
8.820512820512819985e-02 2.471794871794871784e-01 3.097435897435897312e-01 3.128205128205128194e-01 3.138461538461538303e-01 3.158974358974359076e-01 3.158974358974359076e-01 3.179487179487179294e-01 3.189743589743589958e-01 3.189743589743589958e-01
6.769230769230769051e-02 1.897435897435897356e-01 2.266666666666666552e-01 2.307692307692307820e-01 2.328205128205128316e-01 2.348717948717948811e-01 2.348717948717948811e-01 2.358974358974358920e-01 2.379487179487179416e-01 2.379487179487179416e-01
9.011038522189682848e-03 2.725839152962378914e-02 4.054967334985357108e-02 5.068709168731696385e-02 5.451678305924757828e-02 5.834647443117819271e-02 6.240144176616355121e-02 6.375309754449200172e-02 6.623113313809415870e-02 6.668168506420364683e-02
0.000000000000000000e+00 0.000000000000000000e+00 0.000000000000000000e+00 0.000000000000000000e+00 2.283105022831050156e-04 1.369863013698630148e-03 2.054794520547945005e-03 2.511415525114155198e-03 4.337899543378995540e-03 8.904109589041095743e-03
0.000000000000000000e+00 0.000000000000000000e+00 0.000000000000000000e+00 5.492996429552320786e-04 5.492996429552320786e-04 5.492996429552320786e-04 1.098599285910464157e-03 2.197198571820928314e-03 4.669046965119472668e-03 1.812688821752266033e-02
0.000000000000000000e+00 3.387803905938620991e-03 1.315265045834993970e-02 2.530888800318852050e-02 2.789956157831805644e-02 3.049023515344758892e-02 3.268234356317258060e-02 3.328019131127939179e-02 3.447588680749302803e-02 3.547229972100438694e-02
1.147227533460803105e-03 3.059273422562141468e-03 1.013384321223709424e-02 2.753346080305927451e-02 3.288718929254302176e-02 3.613766730401529736e-02 3.862332695984703468e-02 3.996175908221797496e-02 4.091778202676864262e-02 4.206500956022944659e-02
2.226935312831389291e-01 3.138918345705196122e-01 3.435843054082714509e-01 3.552492046659597169e-01 3.584305408271474258e-01 3.647932131495227881e-01 3.711558854718982059e-01 3.722163308589607755e-01 3.796394485683987075e-01 3.838812301166489860e-01
1.655328798185941030e-01 2.222222222222222099e-01 2.365835222978080188e-01 2.433862433862433727e-01 2.441421012849584182e-01 2.471655328798186002e-01 2.486772486772486634e-01 2.517006802721088454e-01 2.554799697656840451e-01 2.569916855631141361e-01
1.842713955281418681e-01 2.505782575173477467e-01 2.737085582112567250e-01 2.821896684656900467e-01 2.868157286044718535e-01 2.883577486507324372e-01 2.891287586738627846e-01 2.898997686969930765e-01 2.898997686969930765e-01 2.906707787201233684e-01
2.250859106529209674e-01 2.989690721649484462e-01 3.187285223367697373e-01 3.247422680412371254e-01 3.281786941580756012e-01 3.316151202749140769e-01 3.333333333333333148e-01 3.359106529209621717e-01 3.384879725085910840e-01 3.419243986254295598e-01
2.457805907172995741e-01 3.185654008438818519e-01 3.407172995780590741e-01 3.544303797468354444e-01 3.618143459915612037e-01 3.670886075949367222e-01 3.734177215189873333e-01 3.797468354430380000e-01 3.850210970464135185e-01 3.871308016877637037e-01
0.000000000000000000e+00 5.998800239952009096e-04 5.998800239952009096e-04 5.998800239952009096e-04 5.998800239952009096e-04 5.998800239952009096e-04 5.998800239952009096e-04 5.998800239952009096e-04 5.998800239952009096e-04 5.998800239952009096e-04
0.000000000000000000e+00 0.000000000000000000e+00 0.000000000000000000e+00 0.000000000000000000e+00 0.000000000000000000e+00 0.000000000000000000e+00 0.000000000000000000e+00 0.000000000000000000e+00 0.000000000000000000e+00 0.000000000000000000e+00
0.000000000000000000e+00 0.000000000000000000e+00 0.000000000000000000e+00 0.000000000000000000e+00 0.000000000000000000e+00 0.000000000000000000e+00 0.000000000000000000e+00 0.000000000000000000e+00 0.000000000000000000e+00 0.000000000000000000e+00
0.000000000000000000e+00 0.000000000000000000e+00 0.000000000000000000e+00 0.000000000000000000e+00 0.000000000000000000e+00 0.000000000000000000e+00 0.000000000000000000e+00 0.000000000000000000e+00 0.000000000000000000e+00 0.000000000000000000e+00
0.000000000000000000e+00 0.000000000000000000e+00 0.000000000000000000e+00 0.000000000000000000e+00 0.000000000000000000e+00 0.000000000000000000e+00 0.000000000000000000e+00 0.000000000000000000e+00 0.000000000000000000e+00 0.000000000000000000e+00
8.979591836734693300e-02 1.975510204081632748e-01 2.424489795918367274e-01 2.661224489795918635e-01 2.881632653061224625e-01 2.971428571428571530e-01 3.069387755102040982e-01 3.151020408163265341e-01 3.289795918367346972e-01 3.404081632653060963e-01
9.773828756058158818e-02 2.019386106623586308e-01 2.600969305331179426e-01 2.907915993537964483e-01 3.109854604200323336e-01 3.263327948303715864e-01 3.408723747980613727e-01 3.513731825525040486e-01 3.594507269789983805e-01 3.699515347334410564e-01
5.224489795918367541e-02 1.167346938775510184e-01 1.518367346938775397e-01 1.657142857142857029e-01 1.722448979591836848e-01 1.787755102040816391e-01 1.836734693877551117e-01 1.902040816326530659e-01 1.926530612244898022e-01 1.975510204081632748e-01
2.367346938775510140e-02 6.204081632653061368e-02 7.918367346938776086e-02 9.387755102040816479e-02 9.877551020408163740e-02 1.028571428571428553e-01 1.036734693877550961e-01 1.061224489795918324e-01 1.077551020408163279e-01 1.093877551020408095e-01
1.576109498133554387e-02 2.654500207382828533e-02 3.484031522189962732e-02 3.608461219411032705e-02 3.649937785151389363e-02 3.649937785151389363e-02 3.691414350891746021e-02 3.774367482372459337e-02 3.774367482372459337e-02 3.857320613853172653e-02
8.983236151603499198e-02 1.667274052478134039e-01 1.878644314868804788e-01 1.956997084548104948e-01 1.997084548104956225e-01 2.029883381924198205e-01 2.053571428571428492e-01 2.069970845481049482e-01 2.086370262390670471e-01 2.104591836734693855e-01
2.647204354280059402e-01 4.158832261256803497e-01 4.495299356754082210e-01 4.599208312716476788e-01 4.651162790697674354e-01 4.703117268678871921e-01 4.757545769421078763e-01 4.787234042553191737e-01 4.819396338446313433e-01 4.841662543295398580e-01
2.744488411531939009e-01 4.222724703222159315e-01 4.499717354437535177e-01 4.601469756924816412e-01 4.655172413793103314e-01 4.706048615036743654e-01 4.745618993781797745e-01 4.765404183154324236e-01 4.793668739400791523e-01 4.824759751271904817e-01
5.744822979291917125e-02 1.380538855488755157e-01 1.714540191494099419e-01 1.783567134268537191e-01 1.814740592295702448e-01 1.843687374749498897e-01 1.861500779336450750e-01 1.885994210643509306e-01 1.897127588510354179e-01 1.910487641950567861e-01
2.176370830977953502e-02 1.153193894855850804e-01 2.430751837196155896e-01 3.109101187111362186e-01 3.247597512719050394e-01 3.306953080836630976e-01 3.360655737704917878e-01 3.383267382702091486e-01 3.417184850197851897e-01 3.442622950819672067e-01
2.606728310053118003e-01 4.036986031870942182e-01 4.442258508754672319e-01 4.662600826283690991e-01 4.782608695652174058e-01 4.875073775329529790e-01 4.936061381074168808e-01 5.032461144993114477e-01 5.089514066496163558e-01 5.154436356482392512e-01
1.021050560692504383e-01 1.680110171158764598e-01 1.963407436553216701e-01 2.107023411371237442e-01 2.177847727719850468e-01 2.228998622860515477e-01 2.280149518001180486e-01 2.350973834349793512e-01 2.388353334644894854e-01 2.423765492819201228e-01
2.518197914617351790e-02 4.524886877828054182e-02 5.547904780641353673e-02 6.098760574463898965e-02 6.295494786543380517e-02 6.472555577414912387e-02 6.590596104662600763e-02 6.728310053118237433e-02 6.866024001573874103e-02 6.964391107613614185e-02
1.508951406649616245e-01 2.518197914617352207e-01 2.893960259689160042e-01 3.053314971473539141e-01 3.112335235097383190e-01 3.161518788117253509e-01 3.214637025378713209e-01 3.261853236277788559e-01 3.291363368089710861e-01 3.324808184143222545e-01
5.961046626008262989e-02 1.129254377336218751e-01 1.430257721817824179e-01 1.569939012394255262e-01 1.652567381467637264e-01 1.687979539641943638e-01 1.721424355695455322e-01 1.752901829628172314e-01 1.764705882352941291e-01 1.790281329923273657e-01
1.370488807674737422e-03 1.256281407035175941e-02 1.201461854728186340e-01 2.124257651895842813e-01 2.546825034262220067e-01 2.665600730927363826e-01 2.702147099132024000e-01 2.734125171311100888e-01 2.772955687528551594e-01 2.823206943809958847e-01
1.357159013797783371e-03 5.202442886224836402e-03 5.767925808640578939e-02 1.698710698936892194e-01 2.250622031214657426e-01 2.438362361456684058e-01 2.499434517077584184e-01 2.537887355801854983e-01 2.576340194526125504e-01 2.608007238181406784e-01
0.000000000000000000e+00 1.142074006395614374e-03 1.484696208314298729e-02 8.382823206943809669e-02 1.413887619917770788e-01 1.681132937414344386e-01 1.726815897670168909e-01 1.747373229785290083e-01 1.806761078117861963e-01 1.838739150296939129e-01
4.230520181308007610e-02 1.372760630261169734e-01 1.800129505719836043e-01 1.903734081588603633e-01 1.953377940859054585e-01 1.983595942154111891e-01 2.018130800777034328e-01 2.035398230088495686e-01 2.067774660047485558e-01 2.082883660695014072e-01
2.512562814070351796e-03 3.060758337140246851e-02 8.177249885792599315e-02 1.071265417999086311e-01 1.160347190497944270e-01 1.194609410689812662e-01 1.226587482868889967e-01 1.235724074920054871e-01 1.247144814984011002e-01 1.274554591137505577e-01
1.090476190476190460e-01 1.852380952380952295e-01 2.023809523809523836e-01 2.071428571428571563e-01 2.080952380952380831e-01 2.095238095238095288e-01 2.104761904761904834e-01 2.104761904761904834e-01 2.104761904761904834e-01 2.104761904761904834e-01
1.207502930832356353e-01 2.086752637749120787e-01 2.315357561547479459e-01 2.356389214536928622e-01 2.368112543962485328e-01 2.391559202813599017e-01 2.391559202813599017e-01 2.391559202813599017e-01 2.391559202813599017e-01 2.391559202813599017e-01
1.222493887530562429e-02 4.584352078239609107e-02 6.723716381418093357e-02 7.212713936430317774e-02 7.457212713936429982e-02 7.518337408312958381e-02 7.579462102689486780e-02 7.579462102689486780e-02 7.762836185819070589e-02 7.762836185819070589e-02
1.668984700973574417e-02 9.086694483078348872e-02 1.441817338896615730e-01 1.506722299490032557e-01 1.534538711172925285e-01 1.534538711172925285e-01 1.534538711172925285e-01 1.543810848400556379e-01 1.557719054242002743e-01 1.562355122855818290e-01
8.319467554076539302e-04 1.830282861896838711e-02 4.991680532445923191e-02 8.569051580698834603e-02 8.652246256239601307e-02 8.735440931780366625e-02 8.901830282861897259e-02 8.901830282861897259e-02 8.901830282861897259e-02 8.985024958402662576e-02
1.907810499359795242e-01 3.380281690140845008e-01 3.836961160904822643e-01 3.926589842082799930e-01 3.994878361075543949e-01 4.080239009816474804e-01 4.135723431498079528e-01 4.182671788305591387e-01 4.221084080239009828e-01 4.250960307298335406e-01
9.987195902688859872e-02 2.104139991463934989e-01 2.466922748612889460e-01 2.616303883909517625e-01 2.701664532650447925e-01 2.765685019206146067e-01 2.804097311139564508e-01 2.851045667947076367e-01 2.876653862569355513e-01 2.957746478873239382e-01
3.883909517712334780e-02 1.071276141698676854e-01 1.536491677336747630e-01 1.617584293640631776e-01 1.664532650448143358e-01 1.707212974818608509e-01 1.754161331626120368e-01 1.762697396500213509e-01 1.796841655996585518e-01 1.843790012804097378e-01
2.475458813486982462e-02 7.981220657276995312e-02 1.092616303883909568e-01 1.186513017498933009e-01 1.220657276995305157e-01 1.250533504054630873e-01 1.276141698676910019e-01 1.297481860862142455e-01 1.310285958173282028e-01 1.335894152795561174e-01
1.920614596670934537e-02 5.548442168160477861e-02 7.682458386683738150e-02 8.493384549722578225e-02 8.664105847204438271e-02 8.877507469056765410e-02 9.261630388390951207e-02 9.517712334613742664e-02 9.731113956466069803e-02 9.987195902688859872e-02
1.776129943502824937e-01 2.863700564971751183e-01 3.230932203389830781e-01 3.375706214689265794e-01 3.411016949152542166e-01 3.463983050847457834e-01 3.513418079096045088e-01 3.548728813559322015e-01 3.559322033898305038e-01 3.569915254237288060e-01
1.676419965576592119e-01 2.685025817555938277e-01 3.012048192771084598e-01 3.135972461273666134e-01 3.194492254733218850e-01 3.256454388984509341e-01 3.301204819277108182e-01 3.332185886402753705e-01 3.359724612736660898e-01 3.373493975903614217e-01
1.402914266350389627e-01 2.209420535411724951e-01 2.561843442900711421e-01 2.646560487970179842e-01 2.687224669603524019e-01 2.727888851236868750e-01 2.761775669264656119e-01 2.792273805489664529e-01 2.802439850898000850e-01 2.829549305320230301e-01
1.224913494809688613e-01 1.885813148788927363e-01 2.166089965397923756e-01 2.256055363321799179e-01 2.294117647058823428e-01 2.321799307958477554e-01 2.342560553633218079e-01 2.363321799307958604e-01 2.377162629757785528e-01 2.404844290657439376e-01
1.115522032552600240e-01 1.861849940452560415e-01 2.096069868995633079e-01 2.231044065105200480e-01 2.298531163159984181e-01 2.322350138944025422e-01 2.358078602620087283e-01 2.369988090512107903e-01 2.389837236998809122e-01 2.421595871377530684e-01
8.571428571428571508e-02 2.049689440993788803e-01 2.608695652173912971e-01 2.819875776397515743e-01 2.944099378881987472e-01 3.043478260869565410e-01 3.111801242236024723e-01 3.136645962732919068e-01 3.192546583850931485e-01 3.217391304347825831e-01
5.341614906832298226e-02 2.639751552795031042e-01 3.937888198757764080e-01 4.204968944099378714e-01 4.335403726708074723e-01 4.403726708074534035e-01 4.490683229813664523e-01 4.546583850931676940e-01 4.602484472049689357e-01 4.652173913043478048e-01
2.864737152982870655e-02 1.396928529238039007e-01 1.975782634376845870e-01 2.082102776137034761e-01 2.111636148848198558e-01 2.141169521559362077e-01 2.179562906083874763e-01 2.197282929710572819e-01 2.215002953337271152e-01 2.235676314235085782e-01
9.052504526252263400e-03 3.228726614363307268e-02 5.039227519613759948e-02 5.612552806276403100e-02 5.703077851538925630e-02 5.733252866626433603e-02 5.823777911888956133e-02 5.884127942063970690e-02 5.944477972238985941e-02 5.974652987326493914e-02
9.865716634694435966e-03 5.480953685941353931e-02 9.728692792545902412e-02 1.066045491915593307e-01 1.098931214031241416e-01 1.118114551932036238e-01 1.140038366675801551e-01 1.151000274047684346e-01 1.153740750890654976e-01 1.170183611948479030e-01
2.886381527158226289e-03 2.230385725531356528e-02 7.950669115717659552e-02 1.200472316977171383e-01 1.247704014694305946e-01 1.270007871949619394e-01 1.284439779585410668e-01 1.296247704014694413e-01 1.304119653634216724e-01 1.318551561270007999e-01
1.828392320752252748e-03 3.147446780723520826e-02 7.901266814679377970e-02 1.001697792869269965e-01 1.029123677680553739e-01 1.055243567977014463e-01 1.064385529580775813e-01 1.077445474729006175e-01 1.086587436332767387e-01 1.094423403421705687e-01
0.000000000000000000e+00 6.964907581034020592e-03 3.509241896597910249e-02 4.138762389499062166e-02 4.178944548620412702e-02 4.205732654701312828e-02 4.272702919903562796e-02 4.299491025984462922e-02 4.353067238146263174e-02 4.366461291186712890e-02
6.697026520225019550e-04 1.299223144923653851e-02 4.460219662469863677e-02 5.344227163139565751e-02 5.437985534422716538e-02 5.531743905705866632e-02 5.571926064827216474e-02 5.598714170908116600e-02 5.638896330029467135e-02 5.692472542191267387e-02
4.910149329283725744e-02 1.050366995697291778e-01 1.262971399645659298e-01 1.304732978992660108e-01 1.318653505441660378e-01 1.324981017463933153e-01 1.336370539104024258e-01 1.341432548721842588e-01 1.345229055935206197e-01 1.346494558339660919e-01
0.000000000000000000e+00 7.194244604316546920e-04 2.517985611510791151e-03 1.870503597122302047e-02 2.625899280575539479e-02 2.697841726618704916e-02 2.769784172661870353e-02 2.769784172661870353e-02 2.805755395683453071e-02 2.841726618705036136e-02
0.000000000000000000e+00 2.877697841726618768e-03 1.330935251798561099e-02 4.604316546762590029e-02 6.438848920863309011e-02 7.841726618705036067e-02 8.345323741007194818e-02 8.561151079136690434e-02 8.884892086330935246e-02 8.992805755395683054e-02
0.000000000000000000e+00 3.597122302158273460e-04 3.956834532374100752e-03 3.057553956834532446e-02 4.712230215827337837e-02 5.323741007194244396e-02 5.539568345323740706e-02 5.647482014388489208e-02 5.827338129496403146e-02 6.151079136690647264e-02
3.597122302158273460e-04 2.158273381294963968e-03 1.618705035971223019e-02 9.676258992805755743e-02 1.402877697841726501e-01 1.532374100719424426e-01 1.543165467625899345e-01 1.557553956834532294e-01 1.568345323741007213e-01 1.579136690647482133e-01
0.000000000000000000e+00 0.000000000000000000e+00 0.000000000000000000e+00 7.194244604316546920e-04 9.712230215827337421e-03 2.014388489208632921e-02 2.625899280575539479e-02 2.697841726618704916e-02 2.769784172661870353e-02 2.805755395683453071e-02
3.399840383080606765e-01 5.027932960893854997e-01 5.530726256983240496e-01 5.666400638467677942e-01 5.698324022346368256e-01 5.770151636073423962e-01 5.810055865921788243e-01 5.841979249800478557e-01 5.857940941739824270e-01 5.881883479648842838e-01
2.312680115273775261e-01 3.537463976945244837e-01 3.998559077809798468e-01 4.200288184438040195e-01 4.279538904899135576e-01 4.301152737752161337e-01 4.315561959654178881e-01 4.322766570605187098e-01 4.344380403458213413e-01 4.430835734870317011e-01
1.116788321167883208e-01 1.948905109489051102e-01 2.240875912408759052e-01 2.328467153284671520e-01 2.372262773722627616e-01 2.379562043795620530e-01 2.401459854014598438e-01 2.416058394160583989e-01 2.430656934306569261e-01 2.452554744525547448e-01
4.682040531097134833e-02 1.041229909154437472e-01 1.229909154437456298e-01 1.299790356394129875e-01 1.341719077568134244e-01 1.355695317959468849e-01 1.355695317959468849e-01 1.369671558350803731e-01 1.369671558350803731e-01 1.369671558350803731e-01
1.275510204081632681e-02 3.996598639455782587e-02 5.017006802721088454e-02 5.357142857142856845e-02 5.357142857142856845e-02 5.357142857142856845e-02 5.357142857142856845e-02 5.357142857142856845e-02 5.527210884353741388e-02 5.612244897959183659e-02
4.249291784702549646e-02 1.232294617563739342e-01 1.543909348441926399e-01 1.699716713881019858e-01 1.742209631728045272e-01 1.798866855524079433e-01 1.841359773371104847e-01 1.855524079320113318e-01 1.883852691218130260e-01 1.926345609065155673e-01
0.000000000000000000e+00 1.416430594900849925e-03 2.832861189801699851e-03 2.832861189801699764e-02 8.073654390934843772e-02 1.218130311614730871e-01 1.274787535410764894e-01 1.303116147308781836e-01 1.317280453257790307e-01 1.331444759206798778e-01
1.449735449735449766e-01 2.920634920634920806e-01 3.555555555555555691e-01 3.682539682539682779e-01 3.809523809523809312e-01 3.915343915343915127e-01 3.957671957671957674e-01 3.989417989417989308e-01 4.031746031746031855e-01 4.052910052910053129e-01
8.282716731087796935e-03 4.693539480949751597e-02 7.178354500276090677e-02 7.896189950303700300e-02 8.117062396466040441e-02 8.227498619547211900e-02 8.282716731087796935e-02 8.282716731087796935e-02 8.503589177250138464e-02 8.669243511871893570e-02
4.000000000000000083e-03 4.399999999999999745e-02 1.506666666666666710e-01 2.479999999999999982e-01 2.586666666666666559e-01 2.666666666666666630e-01 2.693333333333333135e-01 2.720000000000000195e-01 2.720000000000000195e-01 2.746666666666666701e-01
3.404761904761904878e-01 4.948412698412698596e-01 5.468253968253967701e-01 5.615079365079365115e-01 5.730158730158729785e-01 5.801587301587302070e-01 5.841269841269841612e-01 5.908730158730158832e-01 5.940476190476190466e-01 5.972222222222222099e-01
1.361256544502617849e-01 2.319774466371324895e-01 2.641965364478453537e-01 2.786951268626661204e-01 2.863471606927104340e-01 2.915827627869512773e-01 2.956101490132903575e-01 3.004430124848972983e-01 3.024567055980668662e-01 3.040676600886024761e-01
1.441804269029400010e-01 2.629883205799435908e-01 3.016512283527990057e-01 3.233991139750301835e-01 3.274265002013693193e-01 3.399113975030205181e-01 3.451469995972613614e-01 3.491743858236004971e-01 3.519935561820378700e-01 3.568264196536448107e-01
2.658074909383809775e-02 5.074506645187273207e-02 6.645187273459524091e-02 7.410390656463955450e-02 7.772855416834474618e-02 8.135320177204993786e-02 8.417237213048731070e-02 8.618606524365686472e-02 8.819975835682641874e-02 9.101892871526379158e-02
1.933145388642770746e-02 4.309303262182843236e-02 5.235602094240837667e-02 5.960531614981876697e-02 6.041079339508658580e-02 6.443817962142570077e-02 6.604913411196133843e-02 7.007652033830044647e-02 7.128473620620218165e-02 7.209021345147000048e-02
2.577621558289396736e-02 5.916813122437024342e-02 7.439953134153486081e-02 8.318687756297597768e-02 8.611599297012302590e-02 8.787346221441125205e-02 9.021675454012888229e-02 9.314586994727591662e-02 9.607498535442296483e-02 9.724663151728178689e-02
2.401874633860574121e-02 5.623901581722319520e-02 7.029876977152900441e-02 7.791446983011131311e-02 8.201523140011716950e-02 8.377270064440539565e-02 8.787346221441125205e-02 8.963093145869947820e-02 9.080257762155828638e-02 9.373169302870533459e-02
2.401874633860574121e-02 5.799648506151142136e-02 7.498535442296426490e-02 7.908611599297012129e-02 7.967193907439952538e-02 8.318687756297597768e-02 8.611599297012302590e-02 8.670181605155242999e-02 8.845928529584065614e-02 8.963093145869947820e-02
1.418202121719709663e-01 2.445561139028475661e-01 2.847571189279731740e-01 3.026242322724734812e-01 3.104410943606923379e-01 3.193746510329424915e-01 3.243997766610832167e-01 3.288665549972082380e-01 3.322166387493020734e-01 3.361250697934115017e-01
2.460456942003514877e-02 4.569420035149385217e-02 6.326889279437609981e-02 7.147041593438781260e-02 7.439953134153486081e-02 7.732864674868189514e-02 8.025776215582894335e-02 8.084358523725834744e-02 8.318687756297597768e-02 8.494434680726420384e-02
3.342857142857142971e-01 5.194285714285714617e-01 5.634285714285713897e-01 5.759999999999999565e-01 5.828571428571428514e-01 5.902857142857143025e-01 5.971428571428571974e-01 6.028571428571428692e-01 6.102857142857143202e-01 6.205714285714285516e-01
1.634285714285714231e-01 2.948571428571428732e-01 3.417142857142856927e-01 3.577142857142857069e-01 3.651428571428571579e-01 3.725714285714285534e-01 3.788571428571428368e-01 3.828571428571428403e-01 3.868571428571428439e-01 3.914285714285714035e-01
8.000000000000000167e-02 1.451428571428571290e-01 1.674285714285714266e-01 1.828571428571428570e-01 1.925714285714285601e-01 2.005714285714285672e-01 2.045714285714285707e-01 2.091428571428571304e-01 2.114285714285714379e-01 2.154285714285714415e-01
7.714285714285713802e-02 1.411428571428571532e-01 1.851428571428571368e-01 2.034285714285714308e-01 2.182857142857142774e-01 2.245714285714285607e-01 2.308571428571428441e-01 2.359999999999999876e-01 2.422857142857142987e-01 2.485714285714285821e-01
6.050808314087759848e-02 1.288683602771362458e-01 1.685912240184757604e-01 1.870669745958429553e-01 1.944572748267898443e-01 2.000000000000000111e-01 2.050808314087759765e-01 2.115473441108544905e-01 2.147806004618937614e-01 2.180138568129330323e-01
3.161212848994295888e-01 5.028519963974782403e-01 5.565896127289102768e-01 5.752026418492944826e-01 5.818072650855599104e-01 5.902131492044431216e-01 5.953167217051936744e-01 5.986190333233263328e-01 6.049234464124887412e-01 6.100270189132392940e-01
1.497838171710932642e-01 2.510809141445336512e-01 2.930821494749845657e-01 3.137739345274860869e-01 3.270537368746139761e-01 3.341568869672637554e-01 3.403335392217418098e-01 3.471278567016676808e-01 3.563928350833848180e-01 3.628783199505867807e-01
4.941321803582458122e-02 9.419394688079060773e-02 1.096355775169857993e-01 1.170475602223594869e-01 1.226065472513897525e-01 1.260037059913526880e-01 1.297096973440395318e-01 1.327980234712785590e-01 1.365040148239654028e-01 1.395923409512044577e-01
8.153180975911056283e-02 1.485484867201976589e-01 1.825200741198270415e-01 1.936380481778875728e-01 1.985793699814700497e-01 2.013588634959851686e-01 2.044471896232242236e-01 2.066090179122915260e-01 2.081531809759110674e-01 2.115503397158740029e-01
3.211859172328598161e-02 6.022235948116121118e-02 7.782581840642371906e-02 8.925262507720815863e-02 9.388511426806671334e-02 9.851760345892526805e-02 1.009882643607164926e-01 1.025324274243360062e-01 1.040765904879555337e-01 1.053119209388511390e-01
1.006402561024409698e-01 2.380952380952380820e-01 2.887154861944777884e-01 3.009203681472589209e-01 3.033213285314125818e-01 3.043217286914766118e-01 3.051220488195278135e-01 3.053221288515406417e-01 3.067226890756302726e-01 3.075230092036814744e-01
1.267369063979233504e-02 4.061688807451519639e-02 5.573369980149640857e-02 6.046724690792487644e-02 6.107802717972209833e-02 6.168880745151931327e-02 6.168880745151931327e-02 6.168880745151931327e-02 6.168880745151931327e-02 6.184150251946862048e-02
5.860646841762535281e-03 2.040373344909919562e-02 2.908617321467332414e-02 3.342739309746038667e-02 3.407857607987844345e-02 3.494682005643585943e-02 3.494682005643585943e-02 3.494682005643585943e-02 3.494682005643585943e-02 3.538094204471456394e-02
1.273236567354214463e-03 4.838298955946014612e-03 6.875477463712757926e-03 6.875477463712757926e-03 6.875477463712757926e-03 7.130124777183600299e-03 7.384772090654443538e-03 7.384772090654443538e-03 7.639419404125286778e-03 7.639419404125286778e-03
2.546473134708428601e-04 1.273236567354214463e-03 2.546473134708428926e-03 2.546473134708428926e-03 2.546473134708428926e-03 2.546473134708428926e-03 2.546473134708428926e-03 2.546473134708428926e-03 2.546473134708428926e-03 2.546473134708428926e-03
