8.333333333333333218e-03 2.142857142857142877e-02 2.380952380952380820e-02 2.857142857142857054e-02 2.976190476190476025e-02 3.214285714285713969e-02 3.333333333333333287e-02 3.452380952380952606e-02 3.690476190476190549e-02 3.928571428571428492e-02
0.000000000000000000e+00 0.000000000000000000e+00 2.380952380952381167e-03 2.380952380952381167e-03 3.571428571428571317e-03 3.571428571428571317e-03 4.761904761904762334e-03 4.761904761904762334e-03 4.761904761904762334e-03 4.761904761904762334e-03
0.000000000000000000e+00 0.000000000000000000e+00 0.000000000000000000e+00 0.000000000000000000e+00 2.380952380952381167e-03 2.380952380952381167e-03 3.571428571428571317e-03 3.571428571428571317e-03 3.571428571428571317e-03 3.571428571428571317e-03
0.000000000000000000e+00 1.190476190476190584e-03 1.190476190476190584e-03 1.190476190476190584e-03 1.190476190476190584e-03 1.190476190476190584e-03 1.190476190476190584e-03 2.380952380952381167e-03 2.380952380952381167e-03 3.571428571428571317e-03
1.190476190476190584e-03 1.190476190476190584e-03 1.190476190476190584e-03 2.380952380952381167e-03 4.761904761904762334e-03 5.952380952380952051e-03 7.142857142857142634e-03 7.142857142857142634e-03 7.142857142857142634e-03 7.142857142857142634e-03
6.502890173410404845e-03 1.011560693641618512e-02 1.011560693641618512e-02 1.119942196531791868e-02 1.300578034682080969e-02 1.445086705202312111e-02 1.589595375722543252e-02 1.770231213872832526e-02 1.842485549132948097e-02 1.914739884393063668e-02
1.084892866829400638e-03 1.627339300244100848e-03 1.627339300244100848e-03 1.898562516951450953e-03 2.169785733658801275e-03 3.254678600488201696e-03 3.254678600488201696e-03 3.525901817195551801e-03 3.525901817195551801e-03 4.339571467317602550e-03
0.000000000000000000e+00 0.000000000000000000e+00 0.000000000000000000e+00 0.000000000000000000e+00 0.000000000000000000e+00 0.000000000000000000e+00 0.000000000000000000e+00 0.000000000000000000e+00 0.000000000000000000e+00 0.000000000000000000e+00
1.283532280836862923e-04 1.283532280836862923e-04 1.283532280836862923e-04 1.283532280836862923e-04 1.283532280836862923e-04 2.567064561673725845e-04 2.567064561673725845e-04 2.567064561673725845e-04 2.567064561673725845e-04 3.850596842510589039e-04
1.854140914709517980e-03 5.562422744128553941e-03 7.725587144622991440e-03 1.081582200247218836e-02 1.328800988875154451e-02 1.576019777503090066e-02 1.699629171817058221e-02 1.885043263288009932e-02 2.039555006180469865e-02 2.255871446229913355e-02
1.570680628272251231e-02 2.443280977312390842e-02 2.617801047120418834e-02 2.617801047120418834e-02 2.792321116928446825e-02 2.792321116928446825e-02 3.141361256544502462e-02 3.315881326352530800e-02 3.315881326352530800e-02 3.490401396160558445e-02
7.633587786259541687e-03 1.272264631043256919e-02 1.272264631043256919e-02 1.272264631043256919e-02 1.526717557251908337e-02 1.526717557251908337e-02 1.526717557251908337e-02 1.653944020356233960e-02 1.653944020356233960e-02 1.653944020356233960e-02
2.200220022002200102e-03 4.400440044004400204e-03 4.400440044004400204e-03 4.400440044004400204e-03 4.400440044004400204e-03 5.500550055005500906e-03 5.500550055005500906e-03 5.500550055005500906e-03 5.500550055005500906e-03 5.500550055005500906e-03
1.703577512776831369e-03 2.555366269165246836e-03 2.555366269165246836e-03 2.555366269165246836e-03 2.555366269165246836e-03 2.555366269165246836e-03 2.555366269165246836e-03 2.555366269165246836e-03 2.555366269165246836e-03 2.555366269165246836e-03
0.000000000000000000e+00 0.000000000000000000e+00 0.000000000000000000e+00 0.000000000000000000e+00 0.000000000000000000e+00 0.000000000000000000e+00 0.000000000000000000e+00 8.237232289950576717e-04 8.237232289950576717e-04 8.237232289950576717e-04
3.086419753086419582e-03 4.115226337448560021e-03 5.144032921810699592e-03 7.201646090534979602e-03 7.201646090534979602e-03 9.259259259259258745e-03 9.259259259259258745e-03 9.259259259259258745e-03 1.234567901234567833e-02 1.234567901234567833e-02
0.000000000000000000e+00 0.000000000000000000e+00 0.000000000000000000e+00 1.127395715896279543e-03 1.127395715896279543e-03 1.127395715896279543e-03 1.127395715896279543e-03 1.127395715896279543e-03 1.691093573844419315e-03 1.691093573844419315e-03
1.262626262626262734e-03 4.419191919191919025e-03 5.050505050505050934e-03 5.050505050505050934e-03 6.313131313131313017e-03 6.313131313131313017e-03 6.313131313131313017e-03 6.944444444444444059e-03 8.207070707070707877e-03 8.207070707070707877e-03
8.928571428571428076e-03 1.116071428571428596e-02 1.339285714285714211e-02 1.562500000000000000e-02 1.636904761904761987e-02 1.711309523809523975e-02 1.860119047619047603e-02 1.934523809523809590e-02 2.083333333333333218e-02 2.157738095238095205e-02
4.115226337448560021e-03 6.172839506172839164e-03 8.230452674897120041e-03 8.230452674897120041e-03 8.230452674897120041e-03 8.230452674897120041e-03 1.028806584362139918e-02 1.028806584362139918e-02 1.028806584362139918e-02 1.028806584362139918e-02
1.226193582050613164e-02 2.165405687451082625e-02 2.504565614401252360e-02 2.713279415601356492e-02 3.000260892251500194e-02 3.339420819201669582e-02 3.782937646751891730e-02 4.096008348552047929e-02 4.513435950952256887e-02 4.983042003652491531e-02
7.826767545003913626e-04 4.174276024002086978e-03 5.739629533002869703e-03 7.826767545003913626e-03 9.653013305504826516e-03 1.174015131750586957e-02 1.278372032350639197e-02 1.565353509000782725e-02 1.617531959300808758e-02 1.695799634750847981e-02
2.348030263501174088e-03 4.696060527002348176e-03 6.522306287503261066e-03 9.392121054004696351e-03 1.200104356900599974e-02 1.252282807200626180e-02 1.460996608400730486e-02 1.747978085050874014e-02 1.982781111400991336e-02 2.217584137751108658e-02
0.000000000000000000e+00 0.000000000000000000e+00 0.000000000000000000e+00 5.217845030002608723e-04 1.043569006000521745e-03 1.304461257500652126e-03 1.565353509000782725e-03 2.087138012001043489e-03 2.087138012001043489e-03 2.087138012001043489e-03
0.000000000000000000e+00 2.608922515001304361e-04 5.217845030002608723e-04 5.217845030002608723e-04 7.826767545003913626e-04 1.826245760500913107e-03 2.869814766501434852e-03 2.869814766501434852e-03 2.869814766501434852e-03 2.869814766501434852e-03
8.053691275167785017e-04 2.147651006711409193e-03 3.221476510067114007e-03 4.563758389261744590e-03 5.995525727069351586e-03 7.427293064876957715e-03 9.038031319910514935e-03 1.011185682326621975e-02 1.127516778523489881e-02 1.208053691275167742e-02
9.411764705882353472e-05 6.588235294117647566e-04 1.129411764705882254e-03 1.694117647058823598e-03 2.258823529411764508e-03 2.635294117647059026e-03 3.576470588235294238e-03 4.235294117647058453e-03 5.270588235294118053e-03 5.552941176470588616e-03
6.588235294117647566e-04 1.317647058823529513e-03 1.882352941176470640e-03 3.105882352941176632e-03 4.705882352941176058e-03 7.058823529411764955e-03 8.376470588235294251e-03 1.054117647058823611e-02 1.242352941176470653e-02 1.430588235294117695e-02
1.882352941176470694e-04 6.588235294117647566e-04 1.129411764705882254e-03 1.600000000000000077e-03 2.070588235294117466e-03 2.352941176470588029e-03 2.447058823529411550e-03 3.011764705882353111e-03 3.482352941176470717e-03 4.235294117647058453e-03
0.000000000000000000e+00 0.000000000000000000e+00 0.000000000000000000e+00 0.000000000000000000e+00 0.000000000000000000e+00 0.000000000000000000e+00 0.000000000000000000e+00 0.000000000000000000e+00 0.000000000000000000e+00 0.000000000000000000e+00
1.160631383472609103e-04 3.481894150417827309e-04 5.803156917363044972e-04 8.124419684308263178e-04 1.044568245125348247e-03 1.044568245125348247e-03 1.276694521819869959e-03 1.508820798514391888e-03 1.624883936861652636e-03 1.740947075208913600e-03
0.000000000000000000e+00 5.254170497832654288e-04 7.881255746748982516e-04 3.546565086037041861e-03 5.779587547615919717e-03 7.618547221857349151e-03 8.538027058978063868e-03 1.011427820832786102e-02 1.116511230789439188e-02 1.234730066990673801e-02
0.000000000000000000e+00 0.000000000000000000e+00 1.313542624458163572e-04 3.940627873374491258e-04 6.567713122290817860e-04 6.567713122290817860e-04 6.567713122290817860e-04 9.194798371207146088e-04 1.050834099566530858e-03 1.050834099566530858e-03
1.313542624458163572e-04 5.254170497832654288e-04 6.567713122290817860e-04 1.313542624458163572e-03 3.677919348482858435e-03 6.042296072507552865e-03 6.961775909628267582e-03 8.012610009194797572e-03 9.063444108761330165e-03 9.851569683436227007e-03
0.000000000000000000e+00 0.000000000000000000e+00 1.227445685528415415e-04 4.909782742113661660e-04 8.592119798698907634e-04 9.819565484227323320e-04 1.227445685528415469e-03 1.227445685528415469e-03 1.350190254081256929e-03 1.472934822634098390e-03
3.071253071253071069e-03 5.528255528255528010e-03 9.828009828009827767e-03 1.351351351351351426e-02 1.719901719901719903e-02 2.088452088452088379e-02 2.149877149877149965e-02 2.334152334152334030e-02 2.457002457002456855e-02 2.518427518427518441e-02
6.142506142506142354e-04 1.842751842751842815e-03 4.299754299754299756e-03 4.914004914004913883e-03 5.528255528255528010e-03 7.371007371007371259e-03 1.044226044226044189e-02 1.228501228501228427e-02 1.289926289926289840e-02 1.351351351351351426e-02
6.142506142506142354e-04 1.842751842751842815e-03 2.457002457002456942e-03 3.071253071253071069e-03 3.685503685503685629e-03 4.914004914004913883e-03 4.914004914004913883e-03 4.914004914004913883e-03 6.142506142506142137e-03 6.142506142506142137e-03
0.000000000000000000e+00 0.000000000000000000e+00 0.000000000000000000e+00 0.000000000000000000e+00 0.000000000000000000e+00 0.000000000000000000e+00 0.000000000000000000e+00 0.000000000000000000e+00 0.000000000000000000e+00 0.000000000000000000e+00
0.000000000000000000e+00 0.000000000000000000e+00 6.142506142506142354e-04 1.842751842751842815e-03 3.071253071253071069e-03 3.685503685503685629e-03 3.685503685503685629e-03 3.685503685503685629e-03 3.685503685503685629e-03 3.685503685503685629e-03
2.991772625280478617e-03 4.487658937920717926e-03 4.487658937920717926e-03 5.609573672400897625e-03 6.357516828721016845e-03 7.479431563201196544e-03 8.227374719521316632e-03 8.601346297681375375e-03 8.975317875841435852e-03 9.349289454001496330e-03
2.216475803472478957e-03 2.585888437384558421e-03 3.324713705208718218e-03 4.063538973032877581e-03 4.432951606944957913e-03 5.541189508681197175e-03 6.280014776505356104e-03 7.018840044329515901e-03 7.388252678241596233e-03 7.757665312153675698e-03
3.208985158443642023e-03 9.225832330525471359e-03 1.002807862013638251e-02 1.042920176494183636e-02 1.163257119935820309e-02 1.403931006819093483e-02 1.484155635780184598e-02 1.604492579221821272e-02 1.604492579221821272e-02 1.684717208182912040e-02
6.391347099311700704e-03 9.832841691248770180e-03 1.081612586037364841e-02 1.130776794493608579e-02 1.278269419862340141e-02 1.278269419862340141e-02 1.278269419862340141e-02 1.573254670599803437e-02 1.622418879056047175e-02 1.671583087512290913e-02
4.916420845624385741e-04 4.916420845624385741e-04 4.916420845624385741e-04 1.474926253687315614e-03 3.441494591937069910e-03 4.424778761061946841e-03 4.424778761061946841e-03 5.899705014749262455e-03 6.391347099311700704e-03 6.391347099311700704e-03
2.894542772861356805e-02 3.963864306784660452e-02 4.166666666666666435e-02 4.258849557522123574e-02 4.351032448377581408e-02 4.498525073746312969e-02 4.553834808259586697e-02 4.627581120943952825e-02 4.793510324483776092e-02 4.885693215339233231e-02
1.781076066790352602e-02 2.337662337662337747e-02 2.523191094619665897e-02 2.615955473098330319e-02 2.653061224489795811e-02 2.708719851576994395e-02 2.708719851576994395e-02 2.708719851576994395e-02 2.782931354359925724e-02 2.801484230055658470e-02
9.132420091324200623e-04 2.009132420091323985e-03 2.009132420091323985e-03 2.009132420091323985e-03 2.191780821917808063e-03 2.191780821917808063e-03 2.191780821917808063e-03 2.191780821917808063e-03 2.191780821917808063e-03 2.191780821917808063e-03
0.000000000000000000e+00 0.000000000000000000e+00 0.000000000000000000e+00 0.000000000000000000e+00 0.000000000000000000e+00 0.000000000000000000e+00 0.000000000000000000e+00 0.000000000000000000e+00 0.000000000000000000e+00 0.000000000000000000e+00
0.000000000000000000e+00 0.000000000000000000e+00 0.000000000000000000e+00 0.000000000000000000e+00 0.000000000000000000e+00 0.000000000000000000e+00 0.000000000000000000e+00 0.000000000000000000e+00 0.000000000000000000e+00 0.000000000000000000e+00
0.000000000000000000e+00 0.000000000000000000e+00 0.000000000000000000e+00 0.000000000000000000e+00 0.000000000000000000e+00 0.000000000000000000e+00 3.667033370003667018e-04 3.667033370003667018e-04 3.667033370003667018e-04 3.667033370003667018e-04
0.000000000000000000e+00 0.000000000000000000e+00 4.003202562049639444e-04 4.003202562049639444e-04 4.003202562049639444e-04 4.003202562049639444e-04 4.003202562049639444e-04 4.003202562049639444e-04 4.003202562049639444e-04 4.003202562049639444e-04
1.186239620403321555e-03 1.186239620403321555e-03 1.186239620403321555e-03 1.186239620403321555e-03 1.186239620403321555e-03 1.977066034005535780e-03 1.977066034005535780e-03 1.977066034005535780e-03 1.977066034005535780e-03 1.977066034005535780e-03
4.086636697997548043e-04 4.086636697997548043e-04 4.086636697997548043e-04 4.086636697997548043e-04 1.225991009399264413e-03 1.634654679199019217e-03 2.043318348998774021e-03 2.043318348998774021e-03 2.043318348998774021e-03 2.043318348998774021e-03
4.096681687832855472e-04 4.096681687832855472e-04 4.096681687832855472e-04 4.096681687832855472e-04 4.096681687832855472e-04 4.096681687832855472e-04 4.096681687832855472e-04 4.096681687832855472e-04 8.193363375665710943e-04 1.229004506349856696e-03
3.897116134060795074e-04 9.093270979475188325e-04 9.093270979475188325e-04 1.299038711353598394e-03 1.818654195895037665e-03 1.948558067030397483e-03 2.078461938165757517e-03 2.208365809301117335e-03 2.338269680436477153e-03 2.598077422707196788e-03
0.000000000000000000e+00 0.000000000000000000e+00 1.299038711353598448e-04 2.598077422707196897e-04 5.196154845414393793e-04 6.495193556767991970e-04 9.093270979475188325e-04 9.093270979475188325e-04 9.093270979475188325e-04 1.169134840218238576e-03
1.299038711353598448e-04 1.299038711353598448e-04 2.598077422707196897e-04 5.196154845414393793e-04 6.495193556767991970e-04 9.093270979475188325e-04 9.093270979475188325e-04 1.169134840218238576e-03 1.428942582488958212e-03 2.078461938165757517e-03
0.000000000000000000e+00 0.000000000000000000e+00 0.000000000000000000e+00 0.000000000000000000e+00 2.598077422707196897e-04 2.598077422707196897e-04 2.598077422707196897e-04 2.598077422707196897e-04 2.598077422707196897e-04 2.598077422707196897e-04
0.000000000000000000e+00 0.000000000000000000e+00 0.000000000000000000e+00 0.000000000000000000e+00 0.000000000000000000e+00 0.000000000000000000e+00 0.000000000000000000e+00 0.000000000000000000e+00 0.000000000000000000e+00 0.000000000000000000e+00
0.000000000000000000e+00 0.000000000000000000e+00 0.000000000000000000e+00 0.000000000000000000e+00 0.000000000000000000e+00 0.000000000000000000e+00 0.000000000000000000e+00 0.000000000000000000e+00 0.000000000000000000e+00 0.000000000000000000e+00
0.000000000000000000e+00 0.000000000000000000e+00 0.000000000000000000e+00 0.000000000000000000e+00 0.000000000000000000e+00 0.000000000000000000e+00 0.000000000000000000e+00 0.000000000000000000e+00 0.000000000000000000e+00 0.000000000000000000e+00
0.000000000000000000e+00 0.000000000000000000e+00 0.000000000000000000e+00 0.000000000000000000e+00 0.000000000000000000e+00 0.000000000000000000e+00 0.000000000000000000e+00 0.000000000000000000e+00 0.000000000000000000e+00 0.000000000000000000e+00
0.000000000000000000e+00 0.000000000000000000e+00 0.000000000000000000e+00 0.000000000000000000e+00 0.000000000000000000e+00 0.000000000000000000e+00 0.000000000000000000e+00 0.000000000000000000e+00 0.000000000000000000e+00 0.000000000000000000e+00
0.000000000000000000e+00 0.000000000000000000e+00 0.000000000000000000e+00 0.000000000000000000e+00 0.000000000000000000e+00 0.000000000000000000e+00 0.000000000000000000e+00 0.000000000000000000e+00 0.000000000000000000e+00 0.000000000000000000e+00
1.217656012176560228e-03 1.674277016742770205e-03 2.587519025875190375e-03 2.739726027397260295e-03 3.348554033485540409e-03 4.261796042617960363e-03 4.566210045662100203e-03 5.175038051750380751e-03 5.175038051750380751e-03 5.327245053272450237e-03
0.000000000000000000e+00 0.000000000000000000e+00 0.000000000000000000e+00 0.000000000000000000e+00 0.000000000000000000e+00 0.000000000000000000e+00 0.000000000000000000e+00 0.000000000000000000e+00 0.000000000000000000e+00 0.000000000000000000e+00
0.000000000000000000e+00 0.000000000000000000e+00 0.000000000000000000e+00 0.000000000000000000e+00 0.000000000000000000e+00 0.000000000000000000e+00 0.000000000000000000e+00 0.000000000000000000e+00 0.000000000000000000e+00 0.000000000000000000e+00
0.000000000000000000e+00 0.000000000000000000e+00 0.000000000000000000e+00 0.000000000000000000e+00 0.000000000000000000e+00 0.000000000000000000e+00 0.000000000000000000e+00 0.000000000000000000e+00 0.000000000000000000e+00 0.000000000000000000e+00
0.000000000000000000e+00 0.000000000000000000e+00 0.000000000000000000e+00 0.000000000000000000e+00 0.000000000000000000e+00 0.000000000000000000e+00 0.000000000000000000e+00 0.000000000000000000e+00 0.000000000000000000e+00 0.000000000000000000e+00
4.152744630071598941e-02 7.684964200477327478e-02 8.305489260143197883e-02 8.448687350835322463e-02 9.212410501193317447e-02 9.689737470167064659e-02 1.031026252983293506e-01 1.054892601431980936e-01 1.088305489260143200e-01 1.136038186157517921e-01
1.145584725536992823e-02 2.100238663484486901e-02 2.577565632458233766e-02 2.768496420047732859e-02 3.150357995226730351e-02 3.532219570405727843e-02 3.818615751789976309e-02 4.057279236276849915e-02 4.152744630071598941e-02 4.343675417661097687e-02
4.773269689737470386e-03 1.193317422434367510e-02 1.479713603818615802e-02 1.527446300715990489e-02 1.909307875894988155e-02 2.052505966587112041e-02 2.386634844868735020e-02 2.529832935560859253e-02 2.625298329355608626e-02 2.720763723150357999e-02
9.546539379474940556e-04 5.250596658711217252e-03 5.727923627684964117e-03 7.159904534606205580e-03 8.114558472553698443e-03 8.591885441527447043e-03 8.591885441527447043e-03 1.050119331742243450e-02 1.097852028639618137e-02 1.097852028639618137e-02
0.000000000000000000e+00 0.000000000000000000e+00 4.773269689737470278e-04 4.773269689737470278e-04 9.546539379474940556e-04 1.909307875894988111e-03 1.909307875894988111e-03 1.909307875894988111e-03 1.909307875894988111e-03 1.909307875894988111e-03
1.990391214824982838e-02 3.019903912148249811e-02 3.157172271791352375e-02 3.706245710363761242e-02 4.461221688400823782e-02 5.078929306794784104e-02 5.353466026080988538e-02 5.559368565545641516e-02 5.833905284831845950e-02 5.902539464653397405e-02
7.082152974504249627e-04 1.416430594900849925e-03 2.124645892351274996e-03 2.124645892351274996e-03 2.124645892351274996e-03 2.832861189801699851e-03 2.832861189801699851e-03 2.832861189801699851e-03 3.541076487252124705e-03 4.249291784702549993e-03
0.000000000000000000e+00 0.000000000000000000e+00 0.000000000000000000e+00 0.000000000000000000e+00 0.000000000000000000e+00 7.358351729212656359e-04 7.358351729212656359e-04 7.358351729212656359e-04 7.358351729212656359e-04 7.358351729212656359e-04
1.471670345842531272e-03 1.471670345842531272e-03 1.471670345842531272e-03 1.471670345842531272e-03 1.471670345842531272e-03 1.471670345842531272e-03 1.471670345842531272e-03 1.471670345842531272e-03 1.471670345842531272e-03 1.471670345842531272e-03
0.000000000000000000e+00 0.000000000000000000e+00 0.000000000000000000e+00 0.000000000000000000e+00 0.000000000000000000e+00 0.000000000000000000e+00 0.000000000000000000e+00 0.000000000000000000e+00 0.000000000000000000e+00 0.000000000000000000e+00
5.247376311844078114e-03 8.995502248875561491e-03 9.745127436281858860e-03 1.049475262368815623e-02 1.049475262368815623e-02 1.199400299850074923e-02 1.199400299850074923e-02 1.424287856071963961e-02 1.424287856071963961e-02 1.724137931034482735e-02
1.499250374812593654e-03 4.497751124437780745e-03 4.497751124437780745e-03 4.497751124437780745e-03 4.497751124437780745e-03 5.247376311844078114e-03 6.746626686656671985e-03 9.745127436281858860e-03 1.124437781109445360e-02 1.424287856071963961e-02
0.000000000000000000e+00 7.496251874062968270e-04 2.248875562218890373e-03 2.248875562218890373e-03 2.248875562218890373e-03 2.248875562218890373e-03 2.248875562218890373e-03 2.248875562218890373e-03 2.248875562218890373e-03 2.248875562218890373e-03
7.496251874062968270e-04 7.496251874062968270e-04 7.496251874062968270e-04 7.496251874062968270e-04 7.496251874062968270e-04 1.499250374812593654e-03 2.998500749625187308e-03 2.998500749625187308e-03 5.247376311844078114e-03 5.247376311844078114e-03
7.496251874062968270e-04 7.496251874062968270e-04 7.496251874062968270e-04 7.496251874062968270e-04 7.496251874062968270e-04 7.496251874062968270e-04 7.496251874062968270e-04 7.496251874062968270e-04 7.496251874062968270e-04 7.496251874062968270e-04
1.564748201438848907e-01 2.338129496402877594e-01 2.464028776978417212e-01 2.500000000000000000e-01 2.535971223021582510e-01 2.589928057553956831e-01 2.607913669064748086e-01 2.643884892086331151e-01 2.715827338129496171e-01 2.787769784172661747e-01
8.067542213883677205e-02 1.200750469043151969e-01 1.369606003752345258e-01 1.407129455909943705e-01 1.444652908067542152e-01 1.500938086303940100e-01 1.519699812382739323e-01 1.519699812382739323e-01 1.557223264540337770e-01 1.632270168855534664e-01
7.372400756143666911e-02 1.058601134215500922e-01 1.190926275992438554e-01 1.228733459357277819e-01 1.266540642722117083e-01 1.304347826086956486e-01 1.342155009451795888e-01 1.361058601134215451e-01 1.455576559546313820e-01 1.493383742911153222e-01
2.459016393442622905e-02 4.426229508196721091e-02 4.754098360655737571e-02 5.409836065573770530e-02 5.409836065573770530e-02 5.573770491803278770e-02 5.573770491803278770e-02 6.065573770491803490e-02 6.065573770491803490e-02 6.229508196721311730e-02
3.872053872053871776e-02 6.734006734006733885e-02 7.239057239057239412e-02 7.407407407407406996e-02 7.744107744107743552e-02 8.249158249158249079e-02 8.417508417508418050e-02 8.585858585858585634e-02 9.090909090909091161e-02 9.259259259259258745e-02
4.724964739069111713e-02 7.263751763046544241e-02 8.321579689703807736e-02 9.308885754583920424e-02 1.001410437235542988e-01 1.093088857545839176e-01 1.205923836389280746e-01 1.269393511988716472e-01 1.332863187588152198e-01 1.361071932299012799e-01
4.310344827586207184e-02 6.537356321839080109e-02 7.399425287356321823e-02 7.830459770114941986e-02 9.626436781609194748e-02 1.048850574712643646e-01 1.163793103448275829e-01 1.257183908045977072e-01 1.343390804597701105e-01 1.408045977011494199e-01
1.330376940133037693e-02 2.069475240206947522e-02 2.512934220251293593e-02 3.252032520325203596e-02 3.843311160384331460e-02 4.138950480413895044e-02 4.656319290465631838e-02 5.321507760532150771e-02 5.617147080561715050e-02 5.912786400591278635e-02
1.417910447761194098e-02 2.686567164179104461e-02 3.507462686567164312e-02 4.253731343283582295e-02 4.850746268656716542e-02 5.597014925373134525e-02 6.343283582089552508e-02 6.716417910447761153e-02 6.940298507462686062e-02 7.761194029850745912e-02
2.985074626865671585e-02 4.029850746268656692e-02 5.000000000000000278e-02 5.746268656716417567e-02 7.238805970149253532e-02 8.358208955223880854e-02 9.477611940298506787e-02 9.925373134328357994e-02 1.149253731343283513e-01 1.238805970149253755e-01
2.210759027266028052e-03 4.421518054532056104e-03 5.158437730287398354e-03 5.158437730287398354e-03 5.895357406042741472e-03 6.632277081798083722e-03 7.369196757553426839e-03 8.106116433308769090e-03 9.579955784819455325e-03 9.948415622697125149e-03
1.346348030966004750e-03 2.692696061932009499e-03 3.702457085156513061e-03 3.702457085156513061e-03 3.702457085156513061e-03 4.039044092898014249e-03 4.375631100639515436e-03 4.375631100639515436e-03 5.385392123864018998e-03 5.385392123864018998e-03
3.314550878355982549e-04 3.314550878355982549e-04 3.314550878355982549e-04 6.629101756711965098e-04 1.657275439177991437e-03 2.983095790520384673e-03 3.314550878355982874e-03 3.314550878355982874e-03 3.977461054027179276e-03 3.977461054027179276e-03
0.000000000000000000e+00 3.056234718826405855e-04 1.833740831295843513e-03 2.139364303178483990e-03 2.444987775061124684e-03 2.444987775061124684e-03 2.750611246943765378e-03 3.056234718826406072e-03 3.667481662591687026e-03 4.584352078239609107e-03
0.000000000000000000e+00 0.000000000000000000e+00 0.000000000000000000e+00 2.977076510866329324e-04 2.977076510866329324e-04 1.190830604346531730e-03 1.190830604346531730e-03 1.786245906519797486e-03 2.381661208693063459e-03 2.679368859779696337e-03
1.665080875356803091e-03 2.140818268315889533e-03 2.140818268315889533e-03 2.140818268315889533e-03 2.140818268315889533e-03 2.616555661274976192e-03 2.616555661274976192e-03 2.854424357754519522e-03 2.854424357754519522e-03 3.092293054234062852e-03
1.406469760900140673e-03 2.009242515571629285e-03 2.411091018685955316e-03 2.411091018685955316e-03 2.612015270243118331e-03 2.612015270243118331e-03 2.612015270243118331e-03 2.612015270243118331e-03 2.812939521800281346e-03 2.812939521800281346e-03
1.880877742946708477e-03 2.716823406478578815e-03 2.716823406478578815e-03 2.925809822361546617e-03 2.925809822361546617e-03 2.925809822361546617e-03 3.134796238244513984e-03 3.552769070010449153e-03 3.552769070010449153e-03 3.761755485893416955e-03
2.616555661274976192e-03 5.708848715509039044e-03 6.422454804947668600e-03 6.660323501427212363e-03 7.136060894386299022e-03 7.849666983824929445e-03 8.325404376784015237e-03 8.325404376784015237e-03 8.563273073263558133e-03 9.276879162702188555e-03
1.665080875356803091e-03 2.378686964795432863e-03 2.616555661274976192e-03 3.330161750713606181e-03 4.519505233111322830e-03 5.946717411988581940e-03 6.422454804947668600e-03 7.849666983824929445e-03 7.849666983824929445e-03 8.801141769743101029e-03
0.000000000000000000e+00 2.795638803466592116e-04 2.795638803466592116e-04 2.795638803466592116e-04 6.989097008666480832e-04 6.989097008666480832e-04 6.989097008666480832e-04 6.989097008666480832e-04 8.386916410399776348e-04 8.386916410399776348e-04
1.190759704691593193e-04 1.190759704691593193e-04 1.190759704691593193e-04 1.190759704691593193e-04 1.190759704691593193e-04 1.190759704691593193e-04 1.190759704691593193e-04 1.190759704691593193e-04 1.190759704691593193e-04 1.190759704691593193e-04
0.000000000000000000e+00 0.000000000000000000e+00 0.000000000000000000e+00 0.000000000000000000e+00 0.000000000000000000e+00 0.000000000000000000e+00 0.000000000000000000e+00 0.000000000000000000e+00 0.000000000000000000e+00 0.000000000000000000e+00
0.000000000000000000e+00 0.000000000000000000e+00 0.000000000000000000e+00 0.000000000000000000e+00 0.000000000000000000e+00 0.000000000000000000e+00 0.000000000000000000e+00 0.000000000000000000e+00 0.000000000000000000e+00 0.000000000000000000e+00
0.000000000000000000e+00 0.000000000000000000e+00 0.000000000000000000e+00 0.000000000000000000e+00 0.000000000000000000e+00 0.000000000000000000e+00 0.000000000000000000e+00 0.000000000000000000e+00 0.000000000000000000e+00 0.000000000000000000e+00
0.000000000000000000e+00 0.000000000000000000e+00 7.339449541284403643e-04 1.467889908256880729e-03 1.834862385321101019e-03 2.201834862385321310e-03 2.935779816513761457e-03 4.403669724770642620e-03 4.403669724770642620e-03 4.770642201834862477e-03
0.000000000000000000e+00 0.000000000000000000e+00 0.000000000000000000e+00 0.000000000000000000e+00 0.000000000000000000e+00 0.000000000000000000e+00 0.000000000000000000e+00 0.000000000000000000e+00 0.000000000000000000e+00 0.000000000000000000e+00
0.000000000000000000e+00 0.000000000000000000e+00 0.000000000000000000e+00 0.000000000000000000e+00 0.000000000000000000e+00 0.000000000000000000e+00 0.000000000000000000e+00 0.000000000000000000e+00 0.000000000000000000e+00 0.000000000000000000e+00
0.000000000000000000e+00 0.000000000000000000e+00 0.000000000000000000e+00 0.000000000000000000e+00 0.000000000000000000e+00 9.661835748792270287e-04 9.661835748792270287e-04 9.661835748792270287e-04 9.661835748792270287e-04 9.661835748792270287e-04
0.000000000000000000e+00 0.000000000000000000e+00 0.000000000000000000e+00 0.000000000000000000e+00 0.000000000000000000e+00 0.000000000000000000e+00 0.000000000000000000e+00 0.000000000000000000e+00 3.824091778202676835e-04 3.824091778202676835e-04
4.408602150537634101e-02 6.989247311827956333e-02 7.419354838709676936e-02 8.118279569892472569e-02 9.516129032258063836e-02 1.091397849462365649e-01 1.177419354838709631e-01 1.290322580645161255e-01 1.333333333333333315e-01 1.360215053763440818e-01
1.087547580206633946e-03 5.437737901033170597e-03 6.525285481239804543e-03 7.069059271343121516e-03 8.156606851549754594e-03 1.141924959216965817e-02 1.359434475258292606e-02 1.576943991299619222e-02 1.631321370309950919e-02 1.740076128330614313e-02
0.000000000000000000e+00 0.000000000000000000e+00 0.000000000000000000e+00 0.000000000000000000e+00 0.000000000000000000e+00 0.000000000000000000e+00 0.000000000000000000e+00 0.000000000000000000e+00 0.000000000000000000e+00 0.000000000000000000e+00
1.087547580206633946e-03 2.718868950516585298e-03 3.806416530723219244e-03 4.350190320826535784e-03 4.350190320826535784e-03 5.437737901033170597e-03 7.069059271343121516e-03 8.156606851549754594e-03 8.156606851549754594e-03 8.156606851549754594e-03
0.000000000000000000e+00 0.000000000000000000e+00 0.000000000000000000e+00 0.000000000000000000e+00 0.000000000000000000e+00 0.000000000000000000e+00 0.000000000000000000e+00 0.000000000000000000e+00 0.000000000000000000e+00 0.000000000000000000e+00
4.103228593024511005e-03 7.018680488068243170e-03 8.314436885865457080e-03 8.962315084764064035e-03 1.047403088219414809e-02 1.187776697980779533e-02 1.414534067595292141e-02 1.533311737393370025e-02 1.619695497246517735e-02 1.727675197062952112e-02
1.187776697980779707e-03 2.051614296512255502e-03 2.915451895043731732e-03 3.239390994493035209e-03 3.671309793758773324e-03 4.751106791923118827e-03 5.938883489903897667e-03 7.018680488068243170e-03 7.666558686966850125e-03 8.638375985314760558e-03
7.558578987150415922e-04 2.267573696145124777e-03 2.915451895043731732e-03 3.779289493575207961e-03 3.887269193391642164e-03 4.211208292840946076e-03 4.751106791923118827e-03 4.967066191555987234e-03 5.398984990821725782e-03 5.722924090271029260e-03
1.079796998164345151e-04 3.239390994493035318e-04 7.558578987150415922e-04 1.079796998164345070e-03 1.835654896879386662e-03 2.699492495410862891e-03 3.455350394125904483e-03 3.563330093942338687e-03 3.887269193391642164e-03 4.643127092106683756e-03
2.159593996328690302e-04 4.319187992657380604e-04 5.398984990821725349e-04 9.718172983479105411e-04 1.079796998164345070e-03 1.079796998164345070e-03 1.511715797430083184e-03 1.619695497246517605e-03 2.159593996328690139e-03 2.267573696145124777e-03
1.158748551564310614e-02 2.201622247972189958e-02 2.954808806488991996e-02 3.360370799536500919e-02 3.476245654692931841e-02 3.707995365005793686e-02 4.113557358053302609e-02 4.519119351100810839e-02 4.577056778679026994e-02 4.634994206257242455e-02
1.225991009399264413e-03 4.086636697997548043e-03 6.129955046996322064e-03 8.173273395995096086e-03 8.581937065794850023e-03 9.807928075194115303e-03 1.021659174499386924e-02 1.103391908459337885e-02 1.185124642419288846e-02 1.185124642419288846e-02
0.000000000000000000e+00 3.314550878355982549e-04 6.629101756711965098e-04 9.943652635067948189e-04 9.943652635067948189e-04 1.657275439177991437e-03 2.320185614849187838e-03 2.320185614849187838e-03 2.651640702684786039e-03 2.651640702684786039e-03
9.099181073703367000e-04 9.099181073703367000e-04 9.099181073703367000e-04 9.099181073703367000e-04 9.099181073703367000e-04 9.099181073703367000e-04 1.213224143160448933e-03 1.213224143160448933e-03 1.516530178950561058e-03 1.516530178950561058e-03
0.000000000000000000e+00 0.000000000000000000e+00 0.000000000000000000e+00 0.000000000000000000e+00 0.000000000000000000e+00 0.000000000000000000e+00 0.000000000000000000e+00 0.000000000000000000e+00 6.080875646093037486e-04 6.080875646093037486e-04
7.380073800738007166e-04 7.380073800738007166e-04 2.214022140221402150e-03 5.166051660516605450e-03 5.166051660516605450e-03 5.904059040590405733e-03 6.642066420664206883e-03 7.380073800738007166e-03 8.118081180811807449e-03 8.118081180811807449e-03
0.000000000000000000e+00 2.512562814070351796e-03 3.140703517587939853e-03 3.768844221105527477e-03 3.768844221105527477e-03 3.768844221105527477e-03 3.768844221105527477e-03 3.768844221105527477e-03 3.768844221105527477e-03 3.768844221105527477e-03
0.000000000000000000e+00 0.000000000000000000e+00 7.380073800738007166e-04 2.952029520295202866e-03 3.690036900369003583e-03 5.166051660516605450e-03 5.904059040590405733e-03 7.380073800738007166e-03 7.380073800738007166e-03 7.380073800738007166e-03
0.000000000000000000e+00 0.000000000000000000e+00 7.352941176470588133e-04 7.352941176470588133e-04 7.352941176470588133e-04 7.352941176470588133e-04 1.470588235294117627e-03 1.470588235294117627e-03 1.470588235294117627e-03 1.470588235294117627e-03
2.610966057441253298e-03 2.610966057441253298e-03 3.263707571801566405e-03 3.263707571801566405e-03 3.263707571801566405e-03 3.263707571801566405e-03 3.263707571801566405e-03 5.874673629242819703e-03 6.527415143603132811e-03 6.527415143603132811e-03
0.000000000000000000e+00 2.764722145424384938e-04 2.764722145424384938e-04 5.529444290848769877e-04 5.529444290848769877e-04 5.529444290848769877e-04 5.529444290848769877e-04 5.529444290848769877e-04 5.529444290848769877e-04 5.529444290848769877e-04
0.000000000000000000e+00 0.000000000000000000e+00 0.000000000000000000e+00 0.000000000000000000e+00 0.000000000000000000e+00 0.000000000000000000e+00 0.000000000000000000e+00 0.000000000000000000e+00 0.000000000000000000e+00 0.000000000000000000e+00
0.000000000000000000e+00 3.151591553734635755e-04 6.303183107469271509e-04 9.454774661203907806e-04 9.454774661203907806e-04 1.890954932240781561e-03 2.521273242987708604e-03 2.521273242987708604e-03 2.521273242987708604e-03 2.521273242987708604e-03
0.000000000000000000e+00 3.207184092366901639e-04 6.414368184733803277e-04 9.621552277100705458e-04 9.621552277100705458e-04 1.282873636946760655e-03 1.282873636946760655e-03 1.282873636946760655e-03 1.282873636946760655e-03 1.282873636946760655e-03
0.000000000000000000e+00 3.173595683909869684e-04 6.347191367819739367e-04 6.347191367819739367e-04 6.347191367819739367e-04 6.347191367819739367e-04 6.347191367819739367e-04 9.520787051729610135e-04 9.520787051729610135e-04 9.520787051729610135e-04
0.000000000000000000e+00 0.000000000000000000e+00 1.118568232662192369e-03 3.131991051454138895e-03 7.606263982102907939e-03 1.096196868008948548e-02 1.297539149888143201e-02 1.431767337807606302e-02 1.655480984340044689e-02 1.812080536912751699e-02
0.000000000000000000e+00 0.000000000000000000e+00 0.000000000000000000e+00 2.581311306143521103e-04 2.581311306143521103e-04 3.871966959215281112e-04 3.871966959215281112e-04 3.871966959215281112e-04 5.162622612287042206e-04 6.453278265358802215e-04
0.000000000000000000e+00 0.000000000000000000e+00 0.000000000000000000e+00 0.000000000000000000e+00 0.000000000000000000e+00 0.000000000000000000e+00 0.000000000000000000e+00 0.000000000000000000e+00 0.000000000000000000e+00 0.000000000000000000e+00
0.000000000000000000e+00 0.000000000000000000e+00 0.000000000000000000e+00 0.000000000000000000e+00 0.000000000000000000e+00 0.000000000000000000e+00 0.000000000000000000e+00 0.000000000000000000e+00 0.000000000000000000e+00 0.000000000000000000e+00
0.000000000000000000e+00 0.000000000000000000e+00 0.000000000000000000e+00 0.000000000000000000e+00 0.000000000000000000e+00 0.000000000000000000e+00 0.000000000000000000e+00 0.000000000000000000e+00 0.000000000000000000e+00 0.000000000000000000e+00
2.902374670184696553e-02 4.925241864555848781e-02 5.364995602462620944e-02 6.068601583113456682e-02 6.420404573438874551e-02 7.211961301671064584e-02 7.563764291996481759e-02 7.827616534740544640e-02 8.267370272647317497e-02 8.531222515391380379e-02
7.843137254901960675e-03 1.470588235294117627e-02 1.568627450980392135e-02 1.764705882352941152e-02 2.058823529411764677e-02 2.352941176470588203e-02 2.647058823529411728e-02 2.745098039215686236e-02 3.137254901960784270e-02 3.431372549019608142e-02
0.000000000000000000e+00 9.803921568627450844e-04 9.803921568627450844e-04 9.803921568627450844e-04 9.803921568627450844e-04 9.803921568627450844e-04 9.803921568627450844e-04 9.803921568627450844e-04 9.803921568627450844e-04 9.803921568627450844e-04
0.000000000000000000e+00 2.604166666666666522e-03 3.472222222222222029e-03 5.208333333333333044e-03 5.208333333333333044e-03 7.812500000000000000e-03 1.041666666666666609e-02 1.041666666666666609e-02 1.388888888888888812e-02 1.475694444444444406e-02
0.000000000000000000e+00 9.803921568627450844e-04 2.941176470588235253e-03 5.882352941176470507e-03 5.882352941176470507e-03 6.862745098039215591e-03 6.862745098039215591e-03 6.862745098039215591e-03 6.862745098039215591e-03 6.862745098039215591e-03
3.222370173102529628e-02 5.672436750998668259e-02 6.684420772303595326e-02 7.163781624500666079e-02 7.936085219707057770e-02 9.081225033288947701e-02 9.853528628495339392e-02 1.051930758988015996e-01 1.118508655126498053e-01 1.158455392809587259e-01
2.130492676431424651e-03 4.793608521970705791e-03 7.723035952063915174e-03 7.723035952063915174e-03 9.587217043941411582e-03 1.171770972037283580e-02 1.278295605858854878e-02 1.304926764314247659e-02 1.517976031957390080e-02 1.651131824234354159e-02
0.000000000000000000e+00 2.663115845539280814e-04 5.326231691078561628e-04 7.989347536617842985e-04 1.065246338215712326e-03 2.663115845539281139e-03 3.728362183754993248e-03 3.994673768308921492e-03 4.527296937416777980e-03 5.059920106524633601e-03
0.000000000000000000e+00 0.000000000000000000e+00 2.663115845539280814e-04 2.663115845539280814e-04 5.326231691078561628e-04 5.326231691078561628e-04 1.065246338215712326e-03 1.065246338215712326e-03 1.597869507323568597e-03 2.130492676431424651e-03
2.663115845539281139e-03 6.657789613848202198e-03 7.723035952063915174e-03 8.788282290279626416e-03 1.038615179760319501e-02 1.145139813581890799e-02 1.384820239680426175e-02 1.491344873501997299e-02 1.517976031957390080e-02 1.571238348868175816e-02
6.260671599317017659e-03 9.675583380762664207e-03 1.081388730791121161e-02 1.138303927148548618e-02 1.138303927148548618e-02 1.195219123505976075e-02 1.252134319863403532e-02 1.422879908935685903e-02 1.479795105293113186e-02 1.479795105293113186e-02
9.128251939753537127e-04 1.825650387950707425e-03 2.738475581926061355e-03 3.651300775901414851e-03 4.107713372889091816e-03 4.107713372889091816e-03 4.107713372889091816e-03 5.933363760839798808e-03 6.389776357827475772e-03 6.389776357827475772e-03
6.996770721205597225e-03 1.130247578040904227e-02 1.184068891280947236e-02 1.237890204520990245e-02 1.506996770721205636e-02 1.668460710441334663e-02 1.668460710441334663e-02 1.776103336921421028e-02 1.776103336921421028e-02 1.776103336921421028e-02
5.194805194805194801e-03 6.493506493506493935e-03 7.142857142857142634e-03 7.792207792207792201e-03 8.441558441558440901e-03 9.740259740259740034e-03 1.038961038961038960e-02 1.038961038961038960e-02 1.038961038961038960e-02 1.103896103896103917e-02
0.000000000000000000e+00 0.000000000000000000e+00 0.000000000000000000e+00 4.113533525298231400e-04 4.113533525298231400e-04 8.227067050596462800e-04 8.227067050596462800e-04 8.227067050596462800e-04 1.234060057589469366e-03 1.234060057589469366e-03
0.000000000000000000e+00 8.809279107326383829e-04 3.083247687564234178e-03 5.432388782851269721e-03 7.194244604316547137e-03 8.368815151960064258e-03 1.057113492879166103e-02 1.115842020261341959e-02 1.321391866098957542e-02 1.424166789017765333e-02
4.212891447830360760e-04 3.791602303047324901e-03 1.081308804943125965e-02 1.572812807190001466e-02 1.909844123016430154e-02 2.246875438842859188e-02 2.597949726162055925e-02 2.892852127510181157e-02 3.187754528858306735e-02 3.398399101249824361e-02
2.936426369108794429e-04 2.936426369108794429e-04 4.404639553663191914e-04 7.341065922771986343e-04 8.809279107326383829e-04 8.809279107326383829e-04 8.809279107326383829e-04 1.027749229188078131e-03 1.027749229188078131e-03 1.027749229188078131e-03
7.341065922771986343e-04 4.257818235207751732e-03 8.515636470415503465e-03 1.101159888415798038e-02 1.394802525326677492e-02 1.615034503009837169e-02 1.835266480692996499e-02 2.040816326530612082e-02 2.393187490823667565e-02 2.554690941124651213e-02
0.000000000000000000e+00 1.468213184554397269e-03 2.202319776831595903e-03 2.936426369108794537e-03 3.376890324475113891e-03 4.404639553663191806e-03 4.991924827484951234e-03 6.313316693583908429e-03 6.900601967405666989e-03 7.341065922771986343e-03
8.658008658008658001e-03 2.380952380952380820e-02 3.246753246753246447e-02 3.896103896103896014e-02 5.194805194805195148e-02 5.411255411255411207e-02 6.060606060606060774e-02 6.493506493506492894e-02 7.142857142857142461e-02 7.142857142857142461e-02
2.096436058700209756e-03 6.289308176100629269e-03 6.289308176100629269e-03 6.289308176100629269e-03 6.289308176100629269e-03 6.289308176100629269e-03 6.289308176100629269e-03 1.048218029350104878e-02 1.048218029350104878e-02 1.048218029350104878e-02
0.000000000000000000e+00 0.000000000000000000e+00 0.000000000000000000e+00 0.000000000000000000e+00 0.000000000000000000e+00 3.623188405797101493e-03 3.623188405797101493e-03 3.623188405797101493e-03 3.623188405797101493e-03 3.623188405797101493e-03
0.000000000000000000e+00 1.757469244288224850e-03 1.757469244288224850e-03 1.757469244288224850e-03 1.757469244288224850e-03 1.757469244288224850e-03 3.514938488576449700e-03 3.514938488576449700e-03 5.272407732864674984e-03 5.272407732864674984e-03
0.000000000000000000e+00 1.831501831501831500e-03 1.831501831501831500e-03 1.831501831501831500e-03 1.831501831501831500e-03 1.831501831501831500e-03 1.831501831501831500e-03 1.831501831501831500e-03 1.831501831501831500e-03 1.831501831501831500e-03
0.000000000000000000e+00 0.000000000000000000e+00 2.623983206507478198e-04 2.623983206507478198e-04 2.623983206507478198e-04 2.623983206507478198e-04 2.623983206507478198e-04 2.623983206507478198e-04 2.623983206507478198e-04 2.623983206507478198e-04
0.000000000000000000e+00 0.000000000000000000e+00 2.611989029646075741e-04 2.611989029646075741e-04 2.611989029646075741e-04 5.223978059292151482e-04 5.223978059292151482e-04 5.223978059292151482e-04 5.223978059292151482e-04 5.223978059292151482e-04
0.000000000000000000e+00 0.000000000000000000e+00 0.000000000000000000e+00 0.000000000000000000e+00 0.000000000000000000e+00 0.000000000000000000e+00 0.000000000000000000e+00 0.000000000000000000e+00 0.000000000000000000e+00 0.000000000000000000e+00
0.000000000000000000e+00 0.000000000000000000e+00 2.678810608090008254e-04 2.678810608090008254e-04 2.678810608090008254e-04 2.678810608090008254e-04 2.678810608090008254e-04 2.678810608090008254e-04 2.678810608090008254e-04 2.678810608090008254e-04
0.000000000000000000e+00 0.000000000000000000e+00 2.531004808909137049e-04 2.531004808909137049e-04 2.531004808909137049e-04 2.531004808909137049e-04 2.531004808909137049e-04 2.531004808909137049e-04 2.531004808909137049e-04 2.531004808909137049e-04
1.498501498501498587e-02 3.296703296703296787e-02 4.395604395604395948e-02 4.895104895104895187e-02 5.694305694305694387e-02 6.793206793206793548e-02 7.592407592407592054e-02 8.591408591408591922e-02 8.991008991008990481e-02 9.790209790209790375e-02
8.673026886383347275e-03 1.908065915004336643e-02 2.688638334778837777e-02 3.295750216825672069e-02 3.729401561144839866e-02 4.683434518647007494e-02 5.377276669557675554e-02 5.810928013876843351e-02 6.504770164787511411e-02 6.764960971379010979e-02
0.000000000000000000e+00 9.756097560975609748e-04 3.902439024390243899e-03 7.804878048780487798e-03 1.268292682926829354e-02 1.560975609756097560e-02 1.658536585365853744e-02 1.756097560975609928e-02 1.756097560975609928e-02 1.756097560975609928e-02
0.000000000000000000e+00 6.854009595613434324e-04 2.056202878684030080e-03 2.741603838245373730e-03 2.741603838245373730e-03 2.741603838245373730e-03 2.741603838245373730e-03 2.741603838245373730e-03 4.797806716929403810e-03 4.797806716929403810e-03
0.000000000000000000e+00 1.030927835051546415e-03 3.092783505154639030e-03 6.185567010309278059e-03 9.278350515463917522e-03 9.278350515463917522e-03 1.030927835051546372e-02 1.030927835051546372e-02 1.237113402061855612e-02 1.546391752577319645e-02
3.076923076923077094e-02 3.897435897435897606e-02 4.512820512820513164e-02 4.615384615384615641e-02 4.615384615384615641e-02 4.717948717948718118e-02 4.820512820512820595e-02 4.820512820512820595e-02 4.923076923076923073e-02 5.128205128205128027e-02
1.025641025641025640e-03 1.025641025641025640e-03 1.025641025641025640e-03 1.025641025641025640e-03 1.025641025641025640e-03 4.102564102564102561e-03 4.102564102564102561e-03 4.102564102564102561e-03 4.102564102564102561e-03 5.128205128205128201e-03
1.025641025641025640e-03 2.051282051282051280e-03 2.051282051282051280e-03 2.051282051282051280e-03 2.051282051282051280e-03 2.051282051282051280e-03 2.051282051282051280e-03 3.076923076923076920e-03 3.076923076923076920e-03 5.128205128205128201e-03
1.025641025641025640e-03 1.025641025641025640e-03 1.025641025641025640e-03 1.025641025641025640e-03 1.025641025641025640e-03 1.025641025641025640e-03 1.025641025641025640e-03 2.051282051282051280e-03 2.051282051282051280e-03 2.051282051282051280e-03
0.000000000000000000e+00 0.000000000000000000e+00 0.000000000000000000e+00 0.000000000000000000e+00 0.000000000000000000e+00 0.000000000000000000e+00 0.000000000000000000e+00 0.000000000000000000e+00 0.000000000000000000e+00 0.000000000000000000e+00
0.000000000000000000e+00 0.000000000000000000e+00 0.000000000000000000e+00 4.505519261094841207e-04 4.505519261094841207e-04 4.505519261094841207e-04 6.758278891642261269e-04 6.758278891642261269e-04 1.126379815273710356e-03 1.126379815273710356e-03
0.000000000000000000e+00 0.000000000000000000e+00 0.000000000000000000e+00 0.000000000000000000e+00 0.000000000000000000e+00 0.000000000000000000e+00 0.000000000000000000e+00 4.566210045662100312e-04 1.141552511415525051e-03 1.141552511415525051e-03
0.000000000000000000e+00 0.000000000000000000e+00 0.000000000000000000e+00 0.000000000000000000e+00 2.746498214776160393e-04 5.492996429552320786e-04 5.492996429552320786e-04 5.492996429552320786e-04 5.492996429552320786e-04 5.492996429552320786e-04
0.000000000000000000e+00 0.000000000000000000e+00 1.992825827022718310e-04 1.992825827022718310e-04 1.992825827022718310e-04 1.992825827022718310e-04 1.992825827022718310e-04 1.992825827022718310e-04 1.992825827022718310e-04 1.992825827022718310e-04
0.000000000000000000e+00 0.000000000000000000e+00 0.000000000000000000e+00 0.000000000000000000e+00 0.000000000000000000e+00 1.912045889101338418e-04 3.824091778202676835e-04 5.736137667304015524e-04 5.736137667304015524e-04 7.648183556405353670e-04
2.014846235418876058e-02 3.075291622481442222e-02 3.605514316012725651e-02 3.711558854718981920e-02 4.347826086956521618e-02 4.772004241781548084e-02 6.256627783669141407e-02 6.680805938494167873e-02 6.892895015906680412e-02 7.317073170731706877e-02
7.558578987150415922e-04 2.267573696145124777e-03 3.023431594860166369e-03 5.291005291005290712e-03 7.558578987150415922e-03 7.558578987150415922e-03 8.314436885865457080e-03 9.070294784580499106e-03 9.070294784580499106e-03 9.070294784580499106e-03
7.710100231303006592e-04 2.313030069390902086e-03 3.855050115651503621e-03 5.397070161912104723e-03 6.168080185042405274e-03 8.481110254433307793e-03 9.252120277563608344e-03 9.252120277563608344e-03 9.252120277563608344e-03 9.252120277563608344e-03
0.000000000000000000e+00 2.577319587628865930e-03 5.154639175257731860e-03 6.872852233676975814e-03 8.591065292096220635e-03 9.450171821305841310e-03 9.450171821305841310e-03 9.450171821305841310e-03 1.288659793814432922e-02 1.288659793814432922e-02
1.054852320675105396e-03 7.383966244725738426e-03 1.160337552742616088e-02 1.371308016877637211e-02 1.582278481012658333e-02 2.004219409282700579e-02 2.215189873417721528e-02 2.637130801687763773e-02 2.848101265822784722e-02 2.953586497890295370e-02
0.000000000000000000e+00 0.000000000000000000e+00 0.000000000000000000e+00 0.000000000000000000e+00 0.000000000000000000e+00 0.000000000000000000e+00 0.000000000000000000e+00 0.000000000000000000e+00 0.000000000000000000e+00 0.000000000000000000e+00
0.000000000000000000e+00 0.000000000000000000e+00 0.000000000000000000e+00 0.000000000000000000e+00 0.000000000000000000e+00 0.000000000000000000e+00 0.000000000000000000e+00 0.000000000000000000e+00 0.000000000000000000e+00 0.000000000000000000e+00
0.000000000000000000e+00 0.000000000000000000e+00 0.000000000000000000e+00 0.000000000000000000e+00 0.000000000000000000e+00 0.000000000000000000e+00 0.000000000000000000e+00 0.000000000000000000e+00 0.000000000000000000e+00 0.000000000000000000e+00
0.000000000000000000e+00 0.000000000000000000e+00 0.000000000000000000e+00 0.000000000000000000e+00 0.000000000000000000e+00 0.000000000000000000e+00 0.000000000000000000e+00 0.000000000000000000e+00 0.000000000000000000e+00 0.000000000000000000e+00
0.000000000000000000e+00 0.000000000000000000e+00 0.000000000000000000e+00 0.000000000000000000e+00 0.000000000000000000e+00 0.000000000000000000e+00 0.000000000000000000e+00 0.000000000000000000e+00 0.000000000000000000e+00 0.000000000000000000e+00
6.530612244897959426e-03 2.530612244897959343e-02 4.081632653061224164e-02 4.816326530612245055e-02 5.795918367346938882e-02 6.857142857142857484e-02 8.244897959183673797e-02 9.469387755102040560e-02 1.053061224489795916e-01 1.199999999999999956e-01
1.050080775444264987e-02 2.261712439418416681e-02 4.361873990306947002e-02 5.573505654281098870e-02 7.027463651050080973e-02 8.400646203554119895e-02 9.612277867528271069e-02 1.033925686591276316e-01 1.098546042003230999e-01 1.219709208400646255e-01
0.000000000000000000e+00 1.632653061224489856e-03 1.632653061224489856e-03 1.632653061224489856e-03 3.265306122448979713e-03 3.265306122448979713e-03 3.265306122448979713e-03 3.265306122448979713e-03 3.265306122448979713e-03 4.081632653061224858e-03
0.000000000000000000e+00 8.163265306122449282e-04 2.448979591836734568e-03 4.081632653061224858e-03 4.897959183673469136e-03 5.714285714285714281e-03 5.714285714285714281e-03 6.530612244897959426e-03 7.346938775510203704e-03 7.346938775510203704e-03
0.000000000000000000e+00 0.000000000000000000e+00 0.000000000000000000e+00 0.000000000000000000e+00 0.000000000000000000e+00 0.000000000000000000e+00 0.000000000000000000e+00 0.000000000000000000e+00 4.147656574035669583e-04 8.295313148071339166e-04
0.000000000000000000e+00 1.093294460641399454e-03 1.093294460641399454e-03 1.275510204081632551e-03 1.639941690962099180e-03 2.186588921282798907e-03 2.551020408163265103e-03 3.279883381924198361e-03 3.279883381924198361e-03 3.279883381924198361e-03
3.686293913904008235e-02 5.616031667491341167e-02 6.185056902523503042e-02 6.729341909945571465e-02 7.446808510638297518e-02 8.238495794161306007e-02 8.881741712023751012e-02 9.351806036615536999e-02 1.001979218208807476e-01 1.048985650667986214e-01
2.091577162238552820e-02 3.137365743357829057e-02 3.363482193329564440e-02 3.617863199547766834e-02 4.126625211984171621e-02 4.522328999434709063e-02 4.776710005652911456e-02 5.115884680610514185e-02 5.568117580553985646e-02 5.737704918032787010e-02
4.453351146737920458e-04 2.449343130705855954e-03 2.672010688042752383e-03 3.785348474727232362e-03 5.566688933422400329e-03 7.793364506791360287e-03 8.684034736138945137e-03 9.574704965486529121e-03 1.113337786684480066e-02 1.224671565352928107e-02
0.000000000000000000e+00 1.978518937252685041e-03 5.370265686828717099e-03 9.327303561334087181e-03 1.215375918598077948e-02 1.582815149802148033e-02 1.921989824759751109e-02 2.176370830977953502e-02 2.487280949689089915e-02 2.600339174674957607e-02
5.547904780641353673e-02 8.931733228408419989e-02 9.974424552429667079e-02 1.091874877041117409e-01 1.184339956718473280e-01 1.333857957898878510e-01 1.442061774542592878e-01 1.550265591186307246e-01 1.605351170568561914e-01 1.648632697226047605e-01
9.836710603974030756e-03 1.849301593547117775e-02 2.419830808577611708e-02 2.773952390320676836e-02 3.049380287231949482e-02 3.501868975014755386e-02 3.836317135549872220e-02 4.288805823332677430e-02 4.701947668699586746e-02 4.997048986818807687e-02
1.573873696635844869e-03 3.344481605351170509e-03 4.524886877828054703e-03 5.705292150304937596e-03 7.082431634861302561e-03 8.656305331497146996e-03 9.443242179815070081e-03 1.062364745229195384e-02 1.141058430060987519e-02 1.278772378516624016e-02
9.443242179815070081e-03 1.809954751131221881e-02 2.321463702537871279e-02 2.714932126696832648e-02 3.088727129647845723e-02 3.462522132598858798e-02 3.895337399173716408e-02 4.269132402124729830e-02 4.662600826283690852e-02 5.075742671650600168e-02
9.836710603974032057e-04 2.164076332874286749e-03 3.541215817430651280e-03 5.115089514066496583e-03 7.082431634861302561e-03 9.246507967735588876e-03 1.101711587645091452e-02 1.239425536100727948e-02 1.554200275427896835e-02 1.750934487507377693e-02
0.000000000000000000e+00 9.136592051164915424e-04 2.284148012791228748e-03 4.568296025582457495e-03 6.395614435815441014e-03 8.679762448606669761e-03 9.593421653723161954e-03 1.096391046139789938e-02 1.233439926907263506e-02 1.416171767930561945e-02
4.523863379325944391e-04 9.047726758651888782e-04 1.809545351730377756e-03 4.750056548292241367e-03 7.690567744854105194e-03 8.595340420719294397e-03 1.063107894141596989e-02 1.244062429314634656e-02 1.379778330694413080e-02 1.425016964487672497e-02
0.000000000000000000e+00 2.284148012791228856e-04 1.142074006395614374e-03 2.055733211512106133e-03 2.740977615349474844e-03 3.654636820465966170e-03 4.111466423024212266e-03 4.568296025582457495e-03 5.481955230698949688e-03 5.481955230698949688e-03
8.633714655730627798e-04 3.021800129505719783e-03 3.885171595078782455e-03 4.964385927045110794e-03 5.827757392618174333e-03 8.633714655730628448e-03 1.100798618605655123e-02 1.208720051802287913e-02 1.467731491474206715e-02 1.661990071228145946e-02
0.000000000000000000e+00 0.000000000000000000e+00 6.852444038373687110e-04 9.136592051164915424e-04 1.370488807674737422e-03 2.055733211512106133e-03 2.284148012791228748e-03 2.740977615349474844e-03 2.740977615349474844e-03 3.197807217907720507e-03
0.000000000000000000e+00 4.761904761904761901e-04 4.761904761904761901e-04 4.761904761904761901e-04 4.761904761904761901e-04 4.761904761904761901e-04 4.761904761904761901e-04 4.761904761904761901e-04 4.761904761904761901e-04 4.761904761904761901e-04
0.000000000000000000e+00 0.000000000000000000e+00 0.000000000000000000e+00 0.000000000000000000e+00 0.000000000000000000e+00 0.000000000000000000e+00 0.000000000000000000e+00 0.000000000000000000e+00 0.000000000000000000e+00 0.000000000000000000e+00
0.000000000000000000e+00 6.112469437652811709e-04 6.112469437652811709e-04 6.112469437652811709e-04 1.222493887530562342e-03 2.444987775061124684e-03 2.444987775061124684e-03 2.444987775061124684e-03 3.667481662591687026e-03 3.667481662591687026e-03
0.000000000000000000e+00 0.000000000000000000e+00 0.000000000000000000e+00 0.000000000000000000e+00 0.000000000000000000e+00 0.000000000000000000e+00 0.000000000000000000e+00 0.000000000000000000e+00 4.636068613815484251e-04 4.636068613815484251e-04
0.000000000000000000e+00 0.000000000000000000e+00 0.000000000000000000e+00 0.000000000000000000e+00 0.000000000000000000e+00 0.000000000000000000e+00 0.000000000000000000e+00 0.000000000000000000e+00 0.000000000000000000e+00 0.000000000000000000e+00
1.664532650448143428e-02 3.243704652155356138e-02 3.457106274007682584e-02 3.670507895860008335e-02 4.097311139564660531e-02 4.993597951344429936e-02 5.633802816901408578e-02 5.889884763124200034e-02 6.530089628681177982e-02 6.828851899274435144e-02
5.548442168160478381e-03 1.365770379854886959e-02 1.536491677336747699e-02 1.707212974818608786e-02 2.091335894152795624e-02 2.134016218523260636e-02 2.560819462227912832e-02 2.859581732821169300e-02 3.030303030303030387e-02 3.158344003414426115e-02
4.268032437046521748e-04 3.414425949637217399e-03 3.841229193341869248e-03 5.121638924455825664e-03 5.548442168160478381e-03 5.975245411865130231e-03 7.682458386683738497e-03 8.109261630388390346e-03 8.109261630388390346e-03 8.109261630388390346e-03
8.536064874093043497e-04 2.987622705932565115e-03 5.121638924455825664e-03 5.975245411865130231e-03 5.975245411865130231e-03 7.682458386683738497e-03 9.389671361502347630e-03 1.067008109261630318e-02 1.365770379854886959e-02 1.451131028595817329e-02
0.000000000000000000e+00 2.134016218523260983e-03 2.987622705932565115e-03 2.987622705932565115e-03 4.268032437046521965e-03 4.268032437046521965e-03 4.694835680751173815e-03 5.975245411865130231e-03 7.682458386683738497e-03 8.109261630388390346e-03
3.177966101694915460e-03 6.709039548022598630e-03 9.180790960451977803e-03 9.887005649717514957e-03 1.024011299435028180e-02 1.129943502824858753e-02 1.306497175141242868e-02 1.341807909604519726e-02 1.553672316384180872e-02 1.553672316384180872e-02
7.228915662650602612e-03 1.376936316695352887e-02 1.652323580034423256e-02 1.824440619621342519e-02 1.927710843373494146e-02 2.134251290877797053e-02 2.271944922547332324e-02 2.444061962134251240e-02 2.616179001721170502e-02 2.650602409638554147e-02
3.388681802778719093e-03 6.099627245001694106e-03 8.471704506946797081e-03 8.810572687224670421e-03 8.810572687224670421e-03 1.050491358861402845e-02 1.186038630972551661e-02 1.219925449000338821e-02 1.321585903083700476e-02 1.457133175194849119e-02
1.730103806228373755e-03 2.768166089965397834e-03 3.806228373702422348e-03 3.806228373702422348e-03 4.152249134948097185e-03 4.152249134948097185e-03 4.844290657439445993e-03 4.844290657439445993e-03 6.920415224913495020e-03 7.266435986159169858e-03
7.939658594680428427e-04 3.572846367606193063e-03 4.366812227074235581e-03 5.160778086542278965e-03 6.351726875744342742e-03 7.542675664946407385e-03 8.336641524414449902e-03 8.336641524414449902e-03 9.924573243350536672e-03 1.071853910281857919e-02
1.242236024844720413e-02 2.981366459627329130e-02 4.099378881987577466e-02 5.155279503105589939e-02 6.335403726708074834e-02 8.260869565217390798e-02 9.689440993788819845e-02 1.049689440993788886e-01 1.105590062111801303e-01 1.173913043478260892e-01
1.055900621118012472e-02 5.217391304347825803e-02 7.515527950310559036e-02 8.322981366459626662e-02 9.192546583850931541e-02 1.049689440993788886e-01 1.149068322981366408e-01 1.198757763975155238e-01 1.298136645962733038e-01 1.385093167701863248e-01
0.000000000000000000e+00 8.860011813349084366e-04 3.248670998227997601e-03 4.725339633786178328e-03 5.316007088009450619e-03 7.383343177790904072e-03 8.564678086237448654e-03 8.860011813349085233e-03 9.155345540460720077e-03 9.746012994683993236e-03
0.000000000000000000e+00 6.035003017501508861e-04 6.035003017501508861e-04 9.052504526252262750e-04 9.052504526252262750e-04 1.207000603500301772e-03 1.207000603500301772e-03 1.207000603500301772e-03 1.207000603500301772e-03 1.207000603500301772e-03
0.000000000000000000e+00 5.480953685941354278e-04 8.221430528912030333e-04 8.221430528912030333e-04 8.221430528912030333e-04 8.221430528912030333e-04 8.221430528912030333e-04 8.221430528912030333e-04 8.221430528912030333e-04 8.221430528912030333e-04
0.000000000000000000e+00 0.000000000000000000e+00 2.623983206507478198e-04 2.623983206507478198e-04 2.623983206507478198e-04 2.623983206507478198e-04 2.623983206507478198e-04 2.623983206507478198e-04 2.623983206507478198e-04 2.623983206507478198e-04
0.000000000000000000e+00 0.000000000000000000e+00 2.611989029646075741e-04 2.611989029646075741e-04 2.611989029646075741e-04 5.223978059292151482e-04 5.223978059292151482e-04 5.223978059292151482e-04 5.223978059292151482e-04 5.223978059292151482e-04
0.000000000000000000e+00 0.000000000000000000e+00 0.000000000000000000e+00 0.000000000000000000e+00 0.000000000000000000e+00 0.000000000000000000e+00 0.000000000000000000e+00 0.000000000000000000e+00 0.000000000000000000e+00 0.000000000000000000e+00
0.000000000000000000e+00 0.000000000000000000e+00 2.678810608090008254e-04 2.678810608090008254e-04 2.678810608090008254e-04 2.678810608090008254e-04 2.678810608090008254e-04 2.678810608090008254e-04 2.678810608090008254e-04 2.678810608090008254e-04
0.000000000000000000e+00 0.000000000000000000e+00 2.531004808909137049e-04 2.531004808909137049e-04 2.531004808909137049e-04 2.531004808909137049e-04 2.531004808909137049e-04 2.531004808909137049e-04 2.531004808909137049e-04 2.531004808909137049e-04
0.000000000000000000e+00 0.000000000000000000e+00 0.000000000000000000e+00 0.000000000000000000e+00 0.000000000000000000e+00 0.000000000000000000e+00 0.000000000000000000e+00 0.000000000000000000e+00 0.000000000000000000e+00 0.000000000000000000e+00
0.000000000000000000e+00 1.079136690647481984e-03 1.079136690647481984e-03 1.438848920863309384e-03 3.956834532374100752e-03 4.676258992805755119e-03 5.395683453237410353e-03 7.913669064748201504e-03 9.712230215827337421e-03 1.079136690647482071e-02
0.000000000000000000e+00 0.000000000000000000e+00 0.000000000000000000e+00 0.000000000000000000e+00 0.000000000000000000e+00 0.000000000000000000e+00 0.000000000000000000e+00 3.597122302158273460e-04 1.438848920863309384e-03 1.438848920863309384e-03
0.000000000000000000e+00 0.000000000000000000e+00 0.000000000000000000e+00 0.000000000000000000e+00 0.000000000000000000e+00 0.000000000000000000e+00 0.000000000000000000e+00 0.000000000000000000e+00 0.000000000000000000e+00 0.000000000000000000e+00
0.000000000000000000e+00 0.000000000000000000e+00 0.000000000000000000e+00 0.000000000000000000e+00 0.000000000000000000e+00 0.000000000000000000e+00 0.000000000000000000e+00 0.000000000000000000e+00 0.000000000000000000e+00 0.000000000000000000e+00
2.553870710295291432e-02 3.671189146049481239e-02 4.389465283320032052e-02 5.027932960893854997e-02 5.347166799680766469e-02 5.746209098164405116e-02 6.225059856344772324e-02 7.102952913008779567e-02 7.262569832402235304e-02 7.661612130885873950e-02
3.602305475504322639e-03 7.204610951008645278e-03 7.204610951008645278e-03 1.008645533141210374e-02 1.080691642651296878e-02 1.152737752161383210e-02 1.152737752161383210e-02 1.152737752161383210e-02 1.224783861671469715e-02 1.296829971181556219e-02
0.000000000000000000e+00 7.299270072992700273e-04 7.299270072992700273e-04 1.459854014598540055e-03 1.459854014598540055e-03 1.459854014598540055e-03 1.459854014598540055e-03 1.459854014598540055e-03 1.459854014598540055e-03 1.459854014598540055e-03
0.000000000000000000e+00 0.000000000000000000e+00 0.000000000000000000e+00 0.000000000000000000e+00 0.000000000000000000e+00 0.000000000000000000e+00 0.000000000000000000e+00 0.000000000000000000e+00 0.000000000000000000e+00 0.000000000000000000e+00
0.000000000000000000e+00 0.000000000000000000e+00 0.000000000000000000e+00 0.000000000000000000e+00 0.000000000000000000e+00 0.000000000000000000e+00 0.000000000000000000e+00 0.000000000000000000e+00 0.000000000000000000e+00 0.000000000000000000e+00
2.832861189801699851e-03 8.498583569405099986e-03 1.274787535410764824e-02 1.558073654390934766e-02 1.983002832861189765e-02 1.983002832861189765e-02 2.549575070821529649e-02 3.116147308781869532e-02 3.966005665722379531e-02 4.815864022662889182e-02
0.000000000000000000e+00 0.000000000000000000e+00 0.000000000000000000e+00 2.832861189801699851e-03 9.915014164305948827e-03 9.915014164305948827e-03 9.915014164305948827e-03 9.915014164305948827e-03 9.915014164305948827e-03 9.915014164305948827e-03
1.693121693121693236e-02 2.857142857142857054e-02 4.338624338624338939e-02 4.973544973544973685e-02 6.137566137566137503e-02 7.301587301587302015e-02 7.830687830687831086e-02 8.253968253968253788e-02 8.677248677248677877e-02 9.735449735449736020e-02
0.000000000000000000e+00 2.208724461623412690e-03 3.313086692435118601e-03 3.313086692435118601e-03 4.417448923246825379e-03 6.073992269464384246e-03 7.178354500276090157e-03 8.834897846493650758e-03 8.834897846493650758e-03 1.104362230811706258e-02
0.000000000000000000e+00 0.000000000000000000e+00 1.333333333333333289e-03 8.000000000000000167e-03 8.000000000000000167e-03 1.066666666666666631e-02 1.333333333333333419e-02 1.333333333333333419e-02 1.333333333333333419e-02 1.333333333333333419e-02
3.253968253968254204e-02 5.198412698412698679e-02 5.833333333333333426e-02 6.309523809523809312e-02 7.023809523809523836e-02 7.499999999999999722e-02 7.936507936507936067e-02 8.293650793650793329e-02 8.650793650793650591e-02 8.769841269841269216e-02
1.610954490535642433e-03 4.832863471606926864e-03 8.054772452678212596e-03 8.860249697946033162e-03 1.087394281111558544e-02 1.167942005638340774e-02 1.369311316955296003e-02 1.490132903745469174e-02 1.490132903745469174e-02 1.490132903745469174e-02
6.846556584776480013e-03 1.248489730165122831e-02 1.409585179218687118e-02 1.651228352799033461e-02 1.812323801852597574e-02 1.933145388642770746e-02 2.134514699959726147e-02 2.174788562223117089e-02 2.376157873540072490e-02 2.698348771647201064e-02
0.000000000000000000e+00 4.027386226339106081e-04 4.027386226339106081e-04 4.027386226339106298e-03 4.832863471606926864e-03 6.443817962142569730e-03 6.846556584776480013e-03 6.846556584776480013e-03 7.249295207410390296e-03 7.249295207410390296e-03
0.000000000000000000e+00 2.013693113169553149e-03 2.819170358437374149e-03 4.430124848973016581e-03 4.832863471606926864e-03 6.443817962142569730e-03 7.249295207410390296e-03 9.262988320579944312e-03 1.006846556584776488e-02 1.047120418848167603e-02
4.100761570005858128e-03 7.615700058582307828e-03 8.201523140011716256e-03 1.347393087287639124e-02 1.523140011716461566e-02 2.284710017574692609e-02 2.519039250146455633e-02 2.987697715289982375e-02 3.046280023432923131e-02 3.339191564147627606e-02
1.757469244288224850e-03 3.514938488576449700e-03 4.686584651435266556e-03 6.444053895723491840e-03 7.615700058582307828e-03 9.958992384299940673e-03 1.054481546572934997e-02 1.054481546572934997e-02 1.347393087287639124e-02 1.581722319859402495e-02
0.000000000000000000e+00 5.858230814294083195e-04 3.514938488576449700e-03 3.514938488576449700e-03 4.100761570005858128e-03 9.373169302870533112e-03 1.113063854715875753e-02 1.113063854715875753e-02 1.230228471001757438e-02 1.288810779144698368e-02
1.228364042434394211e-02 1.842546063651591404e-02 2.568397543271914996e-02 3.350083752093802048e-02 3.852596314907872493e-02 4.355108877721942939e-02 5.136795086543829991e-02 5.639307649357900437e-02 6.141820212171970883e-02 6.644332774986040635e-02
1.757469244288224850e-03 1.757469244288224850e-03 4.100761570005858128e-03 5.272407732864674984e-03 5.858230814294083412e-03 7.029876977152899400e-03 1.113063854715875753e-02 1.230228471001757438e-02 1.405975395430579880e-02 1.464557703573520810e-02
6.457142857142857129e-02 9.257142857142856840e-02 1.005714285714285755e-01 1.074285714285714288e-01 1.125714285714285723e-01 1.182857142857142857e-01 1.211428571428571493e-01 1.251428571428571390e-01 1.297142857142857264e-01 1.331428571428571461e-01
2.800000000000000058e-02 4.800000000000000100e-02 5.199999999999999761e-02 5.771428571428571103e-02 5.885714285714285787e-02 6.171428571428571458e-02 6.742857142857143493e-02 7.314285714285714834e-02 7.828571428571429180e-02 8.514285714285714513e-02
6.857142857142856790e-03 1.542857142857142864e-02 1.942857142857142699e-02 2.228571428571428717e-02 2.285714285714285712e-02 2.628571428571428725e-02 2.742857142857142716e-02 3.085714285714285729e-02 3.257142857142857062e-02 3.485714285714285737e-02
1.028571428571428518e-02 1.600000000000000033e-02 1.714285714285714371e-02 2.114285714285714379e-02 2.285714285714285712e-02 2.571428571428571383e-02 2.857142857142857054e-02 3.028571428571428734e-02 3.257142857142857062e-02 3.542857142857142733e-02
6.928406466512702401e-03 1.431870669745958363e-02 1.616628175519630589e-02 2.078521939953810460e-02 2.124711316397228517e-02 2.170900692840646573e-02 2.355658198614318799e-02 2.725173210161662904e-02 2.956120092378752839e-02 3.371824480369515348e-02
9.246472530771540632e-02 1.513059141398979401e-01 1.720204142900030042e-01 1.843290303212248571e-01 1.969378564995496739e-01 2.164515160612428823e-01 2.263584509156409408e-01 2.320624437105974214e-01 2.389672770939657853e-01 2.443710597418192743e-01
2.347127856701667833e-02 3.922174181593576087e-02 5.033971587399629216e-02 6.022235948116121118e-02 6.886967263743051793e-02 8.029647930821494362e-02 8.894379246448425036e-02 9.326744904261889679e-02 1.006794317479925843e-01 1.068560840024706665e-01
1.544163063619518163e-03 2.779493514515132824e-03 3.088326127239036326e-03 4.941321803582458642e-03 8.956145768993206344e-03 1.111797405806053129e-02 1.327980234712785625e-02 1.420630018529956719e-02 1.420630018529956719e-02 1.698579369981470175e-02
7.411982705373687530e-03 9.882643607164917285e-03 1.204447189623224224e-02 1.327980234712785625e-02 1.513279802347127813e-02 1.822112415071031402e-02 2.007411982705373590e-02 2.316244595429277353e-02 2.378011117974057967e-02 2.686843730697961730e-02
2.161828289067325385e-03 3.088326127239036326e-03 5.558987029030265647e-03 7.103150092649783594e-03 9.264978381717109412e-03 1.204447189623224224e-02 1.297096973440395318e-02 1.544163063619518293e-02 1.698579369981470175e-02 1.852995676343421882e-02
2.000800320128051353e-04 1.600640256102441083e-03 2.400960384153661299e-03 2.400960384153661299e-03 3.401360544217686948e-03 3.601440576230492165e-03 3.801520608243297381e-03 4.001600640256102598e-03 4.601840736294517814e-03 4.801920768307322597e-03
0.000000000000000000e+00 0.000000000000000000e+00 0.000000000000000000e+00 0.000000000000000000e+00 0.000000000000000000e+00 0.000000000000000000e+00 0.000000000000000000e+00 0.000000000000000000e+00 0.000000000000000000e+00 0.000000000000000000e+00
0.000000000000000000e+00 0.000000000000000000e+00 0.000000000000000000e+00 0.000000000000000000e+00 0.000000000000000000e+00 0.000000000000000000e+00 0.000000000000000000e+00 0.000000000000000000e+00 0.000000000000000000e+00 2.170609941393531535e-04
0.000000000000000000e+00 0.000000000000000000e+00 0.000000000000000000e+00 0.000000000000000000e+00 0.000000000000000000e+00 0.000000000000000000e+00 2.546473134708428601e-04 2.546473134708428601e-04 2.546473134708428601e-04 2.546473134708428601e-04
0.000000000000000000e+00 0.000000000000000000e+00 0.000000000000000000e+00 0.000000000000000000e+00 0.000000000000000000e+00 0.000000000000000000e+00 0.000000000000000000e+00 0.000000000000000000e+00 0.000000000000000000e+00 0.000000000000000000e+00
