7.976190476190475609e-02 1.809523809523809479e-01 2.166666666666666741e-01 2.333333333333333370e-01 2.345238095238095233e-01 2.392857142857142960e-01 2.440476190476190410e-01 2.476190476190476275e-01 2.511904761904761862e-01 2.535714285714285587e-01
0.000000000000000000e+00 1.190476190476190584e-03 2.380952380952381167e-03 2.380952380952381167e-03 7.142857142857142634e-03 9.523809523809524669e-03 1.071428571428571438e-02 1.190476190476190410e-02 1.190476190476190410e-02 1.547619047619047672e-02
0.000000000000000000e+00 1.190476190476190584e-03 4.761904761904762334e-03 5.952380952380952051e-03 8.333333333333333218e-03 8.333333333333333218e-03 8.333333333333333218e-03 8.333333333333333218e-03 8.333333333333333218e-03 8.333333333333333218e-03
2.380952380952381167e-03 3.571428571428571317e-03 3.571428571428571317e-03 4.761904761904762334e-03 4.761904761904762334e-03 5.952380952380952051e-03 5.952380952380952051e-03 7.142857142857142634e-03 7.142857142857142634e-03 1.071428571428571438e-02
0.000000000000000000e+00 1.190476190476190584e-03 2.380952380952381167e-03 2.380952380952381167e-03 4.761904761904762334e-03 4.761904761904762334e-03 4.761904761904762334e-03 4.761904761904762334e-03 4.761904761904762334e-03 4.761904761904762334e-03
9.934971098265896194e-02 1.604046242774566366e-01 1.737716763005780485e-01 1.759393063583815087e-01 1.777456647398844014e-01 1.799132947976878616e-01 1.820809248554913218e-01 1.849710982658959446e-01 1.871387283236994326e-01 1.893063583815028927e-01
2.305397342012476328e-02 3.363167887171141651e-02 3.525901817195552235e-02 3.580146460537021735e-02 3.607268782207757180e-02 3.634391103878491930e-02 3.661513425549226680e-02 3.770002712232167069e-02 3.770002712232167069e-02 3.851369677244372014e-02
0.000000000000000000e+00 1.183572020357438802e-04 4.734288081429755208e-04 1.065214818321694786e-03 1.893715232571902083e-03 2.840572848857852908e-03 3.077287252929340831e-03 3.195644454965084792e-03 3.195644454965084792e-03 3.314001657000828320e-03
1.026825824669490338e-03 2.310358105506353423e-03 3.593890386343216725e-03 3.850596842510589039e-03 3.850596842510589039e-03 4.107303298677961352e-03 4.235656526761648159e-03 4.235656526761648159e-03 4.620716211012706846e-03 4.877422667180079593e-03
2.224969097651421576e-02 5.253399258343634248e-02 7.385661310259579448e-02 8.714462299134734247e-02 9.085290482076638363e-02 9.425216316440049313e-02 9.517923362175524649e-02 9.796044499381953430e-02 1.019777503090234794e-01 1.050679851668726850e-01
6.980802792321116890e-02 1.047120418848167533e-01 1.169284467713787024e-01 1.204188481675392691e-01 1.204188481675392691e-01 1.204188481675392691e-01 1.204188481675392691e-01 1.204188481675392691e-01 1.204188481675392691e-01 1.239092495636998220e-01
2.162849872773536797e-02 3.053435114503816675e-02 3.307888040712467920e-02 3.435114503816794063e-02 3.562340966921119512e-02 3.562340966921119512e-02 3.562340966921119512e-02 3.562340966921119512e-02 3.562340966921119512e-02 3.689567430025444961e-02
1.430143014301430218e-02 2.750275027502750366e-02 3.080308030803080230e-02 3.190319031903190300e-02 3.190319031903190300e-02 3.300330033003300023e-02 3.300330033003300023e-02 3.300330033003300023e-02 3.300330033003300023e-02 3.300330033003300023e-02
8.517887563884156410e-03 1.618398637137989649e-02 1.873935264054514549e-02 1.873935264054514549e-02 1.959114139693356182e-02 2.129471890971039102e-02 2.129471890971039102e-02 2.129471890971039102e-02 2.129471890971039102e-02 2.214650766609880736e-02
6.589785831960461374e-03 1.070840197693575038e-02 1.070840197693575038e-02 1.070840197693575038e-02 1.153212520593080784e-02 1.153212520593080784e-02 1.235584843492586529e-02 1.235584843492586529e-02 1.235584843492586529e-02 1.235584843492586529e-02
2.139917695473251003e-01 2.777777777777777901e-01 2.829218106995884940e-01 2.849794238683127645e-01 2.870370370370370350e-01 2.880658436213991980e-01 2.911522633744855759e-01 2.932098765432099019e-01 2.962962962962962798e-01 2.962962962962962798e-01
1.335963923337091241e-01 1.617812852311161231e-01 1.651634723788049652e-01 1.674182638105975174e-01 1.674182638105975174e-01 1.685456595264938073e-01 1.685456595264938073e-01 1.685456595264938073e-01 1.702367531003382284e-01 1.702367531003382284e-01
1.622474747474747514e-01 2.159090909090909116e-01 2.215909090909090884e-01 2.222222222222222099e-01 2.234848484848484806e-01 2.253787878787878729e-01 2.253787878787878729e-01 2.253787878787878729e-01 2.266414141414141437e-01 2.266414141414141437e-01
2.589285714285714524e-01 3.281250000000000000e-01 3.370535714285714524e-01 3.407738095238095344e-01 3.430059523809523836e-01 3.474702380952380820e-01 3.511904761904761640e-01 3.534226190476190688e-01 3.563988095238095344e-01 3.563988095238095344e-01
2.685185185185185452e-01 3.323045267489712074e-01 3.374485596707819113e-01 3.405349794238682892e-01 3.425925925925926152e-01 3.436213991769547227e-01 3.467078189300411561e-01 3.467078189300411561e-01 3.497942386831275896e-01 3.497942386831275896e-01
1.411427080615705598e-01 2.408035481346204043e-01 2.700234803026350106e-01 2.838507696321419527e-01 2.908948604226454515e-01 2.974171667101487282e-01 3.034176884946517272e-01 3.060266110096530046e-01 3.112444560396556148e-01 3.151578398121575586e-01
5.113488129402556787e-02 9.887816331854944185e-02 1.213148969475606603e-01 1.325332637620662557e-01 1.390555700495695324e-01 1.434907383250717539e-01 1.466214453430733089e-01 1.500130446125750028e-01 1.534046438820766967e-01 1.570571354030785294e-01
5.348291155752674109e-02 9.679102530654840053e-02 1.218366814505609241e-01 1.338377250195669221e-01 1.421862770675710874e-01 1.492303678580746140e-01 1.528828593790764467e-01 1.575789199060787793e-01 1.627967649360813895e-01 1.693190712235846662e-01
3.391599269501695615e-03 9.653013305504826516e-03 1.565353509000782725e-02 1.930602661100965303e-02 2.165405687451082625e-02 2.374119488651187104e-02 2.530654839551265203e-02 2.661100965301330459e-02 2.895903991651447781e-02 3.026350117401513037e-02
2.869814766501434852e-03 7.826767545003913626e-03 1.330550482650665230e-02 1.513175058700756519e-02 1.826245760500913237e-02 1.956691886250978493e-02 1.982781111400991336e-02 2.061048786851030559e-02 2.113227237151056592e-02 2.217584137751108658e-02
4.697986577181208212e-02 1.285011185682326529e-01 1.716331096196868078e-01 1.861297539149888158e-01 1.935570469798657822e-01 2.031319910514541305e-01 2.087695749440715842e-01 2.136017897091722628e-01 2.175391498881431851e-01 2.222818791946308825e-01
3.124705882352941250e-02 6.682352941176471217e-02 8.480000000000000038e-02 9.223529411764705421e-02 9.600000000000000200e-02 9.835294117647058743e-02 1.006117647058823589e-01 1.036235294117647115e-01 1.062588235294117667e-01 1.078588235294117709e-01
1.750588235294117667e-02 3.858823529411764541e-02 4.809411764705882192e-02 5.261176470588235093e-02 5.496470588235294330e-02 5.788235294117646812e-02 6.023529411764706049e-02 6.277647058823529469e-02 6.541176470588234981e-02 6.738823529411765156e-02
2.070588235294117466e-03 5.176470588235294532e-03 6.682352941176470870e-03 6.964705882352941434e-03 7.623529411764706082e-03 8.470588235294116905e-03 9.223529411764705074e-03 9.505882352941176505e-03 1.035294117647058906e-02 1.138823529411764693e-02
0.000000000000000000e+00 9.411764705882353472e-05 1.882352941176470694e-04 1.882352941176470694e-04 1.882352941176470694e-04 1.882352941176470694e-04 1.882352941176470694e-04 1.882352941176470694e-04 1.882352941176470694e-04 1.882352941176470694e-04
1.311513463324048313e-02 3.841689879294336168e-02 4.944289693593315049e-02 5.153203342618384308e-02 5.234447539461466875e-02 5.327298050139275820e-02 5.396935933147632009e-02 5.489786443825440954e-02 5.582636954503249899e-02 5.652274837511606087e-02
1.050834099566530858e-03 1.707605411795612860e-03 6.961775909628267582e-03 1.033758045448574803e-01 2.181794299225009726e-01 2.529883094706423252e-01 2.577170629186917306e-01 2.617890450545120040e-01 2.653356101405490719e-01 2.701957178510442925e-01
1.313542624458163572e-04 7.881255746748982516e-04 4.991461972941022007e-03 1.497438591882306602e-02 2.259293314068041431e-02 2.495730986470511004e-02 2.653356101405490719e-02 2.771574937606725506e-02 2.837252068829633489e-02 2.876658347563378418e-02
1.182188362012347215e-03 2.758439511362143718e-03 4.597399185603572719e-03 3.507158807303296932e-02 1.568369893603047405e-01 2.653356101405490719e-01 2.742676999868645660e-01 2.788650991724681560e-01 2.845133324576382683e-01 2.900302114803625653e-01
3.682337056585245974e-04 6.137228427642077346e-04 1.841168528292622987e-03 1.178347858107278712e-02 3.633239229164109824e-02 5.376212102614459643e-02 5.548054498588437383e-02 5.646250153430710378e-02 5.768994721983552315e-02 5.916288204246961807e-02
7.371007371007371259e-03 2.088452088452088379e-02 2.764127764127764092e-02 3.378378378378378566e-02 3.808353808353808628e-02 4.422604422604422408e-02 4.729729729729729992e-02 4.914004914004913710e-02 5.282555282555282533e-02 5.589680589680589423e-02
2.457002457002456855e-02 4.054054054054054279e-02 4.606879606879606820e-02 4.975429975429975643e-02 5.221130221130221294e-02 5.466830466830466945e-02 5.651105651105651356e-02 5.712530712530712595e-02 5.835380835380835074e-02 6.019656019656019486e-02
7.985257985257985386e-03 1.351351351351351426e-02 1.658476658476658316e-02 1.719901719901719903e-02 1.842751842751842728e-02 1.965601965601965553e-02 2.027027027027027140e-02 2.027027027027027140e-02 2.149877149877149965e-02 2.149877149877149965e-02
6.142506142506142354e-04 3.685503685503685629e-03 3.685503685503685629e-03 4.299754299754299756e-03 4.299754299754299756e-03 4.914004914004913883e-03 4.914004914004913883e-03 6.142506142506142137e-03 6.142506142506142137e-03 6.142506142506142137e-03
1.842751842751842815e-03 4.914004914004913883e-03 7.371007371007371259e-03 8.599508599508599513e-03 9.828009828009827767e-03 1.105651105651105602e-02 1.105651105651105602e-02 1.228501228501228427e-02 1.289926289926289840e-02 1.474201474201474252e-02
2.213911742707554142e-01 2.928197456993268388e-01 3.081525804038893201e-01 3.145100972326103084e-01 3.178758414360508544e-01 3.216155572176514488e-01 3.238593866866117943e-01 3.253552729992520431e-01 3.268511593118922920e-01 3.272251308900523403e-01
2.120428518655337879e-01 2.829700775766531007e-01 2.944218692279275684e-01 3.010712966383450317e-01 3.051348356113778859e-01 3.103066124861470487e-01 3.117842630217953492e-01 3.128925009235316024e-01 3.162172146287403063e-01 3.180642777983007097e-01
2.338547934215804147e-01 3.100681909346169052e-01 3.265142398716405769e-01 3.325310870437224176e-01 3.381468110709988095e-01 3.421580425190533514e-01 3.453670276774969961e-01 3.461692739671078933e-01 3.469715202567187906e-01 3.501805054151624352e-01
2.374631268436578069e-01 3.053097345132743112e-01 3.195673549655850265e-01 3.244837758112094628e-01 3.308751229105211245e-01 3.338249754178957973e-01 3.348082595870206513e-01 3.362831858407079877e-01 3.382497541789576956e-01 3.397246804326450320e-01
7.276302851524089899e-02 9.439528023598819928e-02 1.022615535889872113e-01 1.052114060963618425e-01 1.061946902654867242e-01 1.081612586037364737e-01 1.096361848574237963e-01 1.116027531956735458e-01 1.140609636184857362e-01 1.175024582104228082e-01
5.374262536873156693e-01 7.160766961651917617e-01 7.435471976401180072e-01 7.503687315634218757e-01 7.547935103244838295e-01 7.581120943952802671e-01 7.599557522123894238e-01 7.617994100294985804e-01 7.634587020648967437e-01 7.653023598820059004e-01
5.283858998144712604e-01 6.983302411873840709e-01 7.274582560296846134e-01 7.333951762523190920e-01 7.356215213358070493e-01 7.378478664192950065e-01 7.393320964749535706e-01 7.408163265306122458e-01 7.415584415584415279e-01 7.430426716141002030e-01
2.566210045662100647e-01 3.778995433789954506e-01 4.052968036529680518e-01 4.146118721461187207e-01 4.168036529680365088e-01 4.184474885844748915e-01 4.200913242009132187e-01 4.202739726027397427e-01 4.204566210045662111e-01 4.211872146118721405e-01
1.035879084659572505e-03 2.825124776344288373e-03 3.295978905735003246e-03 3.484320557491289196e-03 3.484320557491289196e-03 3.672662209247575145e-03 3.861003861003861094e-03 3.861003861003861094e-03 3.861003861003861094e-03 3.861003861003861094e-03
4.914487910359740435e-04 4.914487910359740435e-04 4.914487910359740435e-04 4.914487910359740435e-04 4.914487910359740435e-04 4.914487910359740435e-04 4.914487910359740435e-04 4.914487910359740435e-04 4.914487910359740435e-04 4.914487910359740435e-04
1.100110011001100051e-03 2.566923359002566858e-03 2.566923359002566858e-03 2.566923359002566858e-03 2.566923359002566858e-03 2.566923359002566858e-03 2.933626696002933614e-03 2.933626696002933614e-03 2.933626696002933614e-03 2.933626696002933614e-03
2.001601281024819722e-03 6.004803843074459600e-03 7.205764611689351867e-03 8.406725380304243267e-03 9.207365892714172023e-03 9.607686148919134667e-03 9.607686148919134667e-03 1.000800640512409904e-02 1.040832666132906342e-02 1.080864691753402780e-02
1.067615658362989356e-02 2.412020561486753756e-02 2.965599051008303844e-02 3.321470937129299833e-02 3.440094899169632292e-02 3.637801502570185697e-02 3.756425464610518156e-02 3.756425464610518156e-02 3.835508105970739101e-02 4.033214709371293200e-02
1.552921945239068256e-02 3.923171230077646121e-02 4.944830404577033045e-02 5.435226808336739157e-02 5.762157744176543001e-02 5.925623212096444575e-02 6.048222313036370756e-02 6.211687780956273025e-02 6.293420514916224506e-02 6.456885982836126081e-02
4.096681687832855472e-04 2.458009012699713391e-03 4.096681687832855363e-03 4.506349856616140639e-03 4.506349856616140639e-03 5.325686194182712059e-03 5.325686194182712059e-03 5.325686194182712059e-03 5.325686194182712059e-03 5.325686194182712059e-03
2.364250454663548856e-02 4.793452844894777881e-02 5.806703039750584633e-02 6.209405040270200155e-02 6.378280072746167484e-02 6.599116653676279087e-02 6.716030137698103530e-02 6.780982073265783006e-02 6.962847492855286924e-02 7.040789815536502294e-02
1.299038711353598351e-02 2.325279293322941171e-02 2.766952455183164378e-02 2.922837100545596159e-02 3.026760197453884013e-02 3.130683294362172214e-02 3.156664068589244004e-02 3.195635229929851689e-02 3.247596778383995964e-02 3.312548713951675439e-02
1.402961808261886205e-02 2.364250454663548856e-02 2.805923616523772410e-02 2.987789036113276328e-02 3.052740971680956150e-02 3.130683294362172214e-02 3.143673681475708109e-02 3.169654455702779899e-02 3.195635229929851689e-02 3.247596778383995964e-02
1.558846453624318030e-03 2.727981293842556606e-03 3.247596778383995877e-03 3.247596778383995877e-03 3.377500649519355694e-03 3.507404520654715512e-03 3.637308391790075330e-03 3.637308391790075330e-03 3.767212262925435148e-03 3.767212262925435148e-03
0.000000000000000000e+00 0.000000000000000000e+00 0.000000000000000000e+00 0.000000000000000000e+00 0.000000000000000000e+00 0.000000000000000000e+00 0.000000000000000000e+00 0.000000000000000000e+00 0.000000000000000000e+00 0.000000000000000000e+00
2.709733362237155721e-04 5.419466724474311442e-04 8.129200086711467705e-04 9.213093431606329776e-04 9.755040104053760812e-04 9.755040104053760812e-04 9.755040104053760812e-04 9.755040104053760812e-04 9.755040104053760812e-04 9.755040104053760812e-04
0.000000000000000000e+00 2.335811889282516361e-04 3.503717833923774812e-04 4.671623778565032721e-04 4.671623778565032721e-04 4.671623778565032721e-04 4.671623778565032721e-04 4.671623778565032721e-04 4.671623778565032721e-04 4.671623778565032721e-04
0.000000000000000000e+00 7.559150351500492011e-05 1.259858391916748443e-04 1.511830070300098402e-04 1.511830070300098402e-04 1.511830070300098402e-04 1.511830070300098402e-04 1.511830070300098402e-04 1.511830070300098402e-04 1.511830070300098402e-04
0.000000000000000000e+00 0.000000000000000000e+00 6.921213519437074090e-05 2.307071173145691634e-04 2.768485407774829636e-04 2.999192525089399179e-04 3.229899642403968180e-04 3.229899642403968180e-04 3.229899642403968180e-04 3.229899642403968180e-04
0.000000000000000000e+00 2.297794117647058792e-05 1.148897058823529396e-04 5.744485294117647250e-04 7.582720588235294283e-04 7.812500000000000434e-04 8.042279411764705500e-04 8.042279411764705500e-04 8.272058823529411650e-04 8.272058823529411650e-04
1.021308980213089801e-01 1.480974124809741332e-01 1.596651445966514593e-01 1.636225266362252573e-01 1.663622526636225341e-01 1.695585996955860097e-01 1.722983257229832588e-01 1.738203957382039588e-01 1.747336377473363844e-01 1.759512937595129334e-01
4.566210045662100312e-04 6.088280060882801138e-04 6.088280060882801138e-04 6.088280060882801138e-04 6.088280060882801138e-04 6.088280060882801138e-04 6.088280060882801138e-04 6.088280060882801138e-04 6.088280060882801138e-04 6.088280060882801138e-04
1.522070015220700285e-04 3.044140030441400569e-04 3.044140030441400569e-04 4.566210045662100312e-04 6.088280060882801138e-04 6.088280060882801138e-04 6.088280060882801138e-04 6.088280060882801138e-04 6.088280060882801138e-04 6.088280060882801138e-04
0.000000000000000000e+00 1.522070015220700285e-04 1.522070015220700285e-04 1.522070015220700285e-04 1.522070015220700285e-04 1.522070015220700285e-04 3.044140030441400569e-04 3.044140030441400569e-04 4.566210045662100312e-04 4.566210045662100312e-04
1.417032733456142753e-03 3.117472013603514187e-03 3.684285106985971548e-03 4.109394927022814135e-03 4.251098200368428476e-03 4.392801473714042816e-03 4.534504747059657156e-03 4.676208020405271497e-03 4.676208020405271497e-03 4.676208020405271497e-03
3.608591885441527203e-01 6.319809069212410924e-01 6.568019093078758530e-01 6.596658711217183724e-01 6.668257756563246152e-01 6.768496420047732665e-01 6.821002386634844594e-01 6.902147971360381717e-01 6.983293556085918841e-01 7.045346062052505465e-01
2.095465393794749276e-01 4.009546539379474916e-01 4.272076372315035675e-01 4.324582338902148160e-01 4.381861575178997437e-01 4.448687350835321963e-01 4.496420047732697101e-01 4.553699284009546377e-01 4.615751789976133557e-01 4.644391408114558195e-01
1.131264916467780435e-01 2.181384248210023746e-01 2.338902147971360368e-01 2.386634844868734950e-01 2.429594272076372186e-01 2.491646778042959365e-01 2.534606205250596878e-01 2.572792362768496210e-01 2.625298329355608695e-01 2.649164677804295986e-01
5.441527446300715998e-02 1.231503579952267363e-01 1.403341288782816165e-01 1.441527446300716053e-01 1.479713603818615664e-01 1.508353221957040580e-01 1.546539379474940468e-01 1.575178997613365106e-01 1.584725536992840078e-01 1.613365155131264994e-01
1.384248210023866429e-02 1.957040572792362668e-02 2.100238663484486901e-02 2.243436754176611134e-02 2.243436754176611134e-02 2.243436754176611134e-02 2.243436754176611134e-02 2.338902147971360507e-02 2.386634844868735020e-02 2.386634844868735020e-02
1.606039807824296561e-01 2.546328071379547198e-01 2.834591626630061922e-01 2.978723404255319007e-01 3.061084420041180754e-01 3.150308853809197229e-01 3.218943033630747852e-01 3.280713795470144301e-01 3.321894303363074896e-01 3.390528483184626074e-01
3.682719546742209416e-02 5.453257790368271768e-02 6.232294617563739064e-02 6.586402266288951535e-02 6.798866855524079988e-02 7.082152974504249410e-02 7.082152974504249410e-02 7.082152974504249410e-02 7.294617563739376476e-02 7.294617563739376476e-02
1.324503311258278145e-02 1.545253863134657922e-02 1.692420897718911049e-02 1.766004415011037526e-02 1.766004415011037526e-02 1.839587932303164003e-02 1.839587932303164003e-02 1.839587932303164003e-02 1.913171449595290827e-02 1.913171449595290827e-02
1.766004415011037526e-02 2.133922001471670257e-02 2.281089036055923558e-02 2.281089036055923558e-02 2.281089036055923558e-02 2.281089036055923558e-02 2.354672553348050035e-02 2.354672553348050035e-02 2.575423105224429812e-02 2.722590139808682766e-02
4.415011037527593815e-03 5.886681383370125087e-03 8.094186902133922862e-03 8.094186902133922862e-03 8.094186902133922862e-03 8.094186902133922862e-03 8.094186902133922862e-03 8.094186902133922862e-03 8.830022075055187630e-03 9.565857247976454134e-03
1.281859070464767547e-01 1.821589205397301237e-01 1.956521739130434867e-01 1.979010494752623806e-01 1.986506746626686692e-01 1.994002998500749579e-01 2.001499250374812466e-01 2.023988005997001405e-01 2.046476761619190343e-01 2.083958020989505333e-01
6.146926536731633917e-02 8.545727136431784110e-02 9.220389805097450875e-02 9.295352323838081132e-02 9.295352323838081132e-02 9.520239880059970516e-02 9.820089955022488770e-02 1.011994002998500702e-01 1.019490254872563728e-01 1.026986506746626754e-01
5.247376311844078114e-03 8.995502248875561491e-03 9.745127436281858860e-03 9.745127436281858860e-03 1.124437781109445360e-02 1.124437781109445360e-02 1.124437781109445360e-02 1.124437781109445360e-02 1.124437781109445360e-02 1.124437781109445360e-02
5.247376311844078114e-03 8.245877061469265856e-03 8.245877061469265856e-03 8.995502248875561491e-03 9.745127436281858860e-03 1.049475262368815623e-02 1.049475262368815623e-02 1.124437781109445360e-02 1.199400299850074923e-02 1.199400299850074923e-02
2.998500749625187308e-03 2.998500749625187308e-03 2.998500749625187308e-03 2.998500749625187308e-03 2.998500749625187308e-03 2.998500749625187308e-03 2.998500749625187308e-03 2.998500749625187308e-03 2.998500749625187308e-03 2.998500749625187308e-03
5.125899280575539896e-01 7.194244604316546443e-01 7.625899280575539896e-01 7.661870503597122406e-01 7.733812949640287426e-01 7.733812949640287426e-01 7.769784172661871047e-01 7.769784172661871047e-01 7.787769784172662302e-01 7.823741007194244812e-01
4.296435272045028286e-01 6.153846153846154188e-01 6.791744840525327787e-01 6.904315196998124238e-01 6.941838649155722685e-01 6.998123827392119800e-01 7.016885553470919579e-01 7.054409005628518026e-01 7.073170731707316694e-01 7.166979362101313367e-01
3.894139886578449894e-01 5.689981096408317507e-01 6.257088846880907163e-01 6.427221172022684614e-01 6.521739130434782705e-01 6.540642722117202545e-01 6.578449905482041116e-01 6.597353497164460956e-01 6.635160680529300636e-01 6.691871455576559047e-01
2.655737704918032516e-01 4.311475409836065809e-01 4.918032786885245811e-01 5.065573770491803574e-01 5.081967213114754189e-01 5.131147540983606037e-01 5.131147540983606037e-01 5.180327868852458995e-01 5.196721311475409610e-01 5.229508196721311952e-01
3.215488215488215284e-01 5.000000000000000000e-01 5.622895622895622836e-01 5.791245791245791530e-01 5.875420875420875877e-01 5.942760942760942910e-01 5.976430976430976427e-01 6.010101010101009944e-01 6.043771043771043461e-01 6.094276094276094291e-01
2.552891396332863105e-01 3.617771509167841959e-01 3.942172073342736227e-01 4.090267983074752922e-01 4.153737658674189204e-01 4.252468265162200334e-01 4.407616361071932110e-01 4.478138222849083472e-01 4.520451339915373956e-01 4.562764456981664440e-01
2.219827586206896686e-01 3.326149425287356354e-01 3.670977011494253039e-01 3.829022988505746961e-01 4.001436781609195581e-01 4.094827586206896686e-01 4.209770114942528729e-01 4.295977011494253039e-01 4.353448275862069061e-01 4.425287356321839227e-01
1.426459719142645910e-01 2.254249815225425058e-01 2.512934220251293316e-01 2.675535846267553808e-01 2.742054693274205701e-01 2.786400591278639927e-01 2.867701404286769895e-01 2.956393200295639456e-01 3.015521064301552312e-01 3.067257945306725575e-01
1.522388059701492435e-01 2.313432835820895539e-01 2.611940298507462455e-01 2.783582089552238958e-01 2.850746268656716431e-01 2.985074626865671377e-01 3.074626865671641895e-01 3.097014925373134386e-01 3.164179104477611859e-01 3.283582089552238847e-01
2.014925373134328346e-01 2.955223880597014907e-01 3.313432835820895317e-01 3.477611940298507287e-01 3.664179104477611748e-01 3.753731343283582267e-01 3.865671641791044721e-01 3.917910447761194237e-01 3.970149253731343197e-01 4.022388059701492713e-01
4.200442151805452995e-02 7.663964627855564260e-02 8.511422254974207458e-02 8.769344141488577549e-02 8.990420044215180484e-02 9.211495946941783419e-02 9.285187914517317731e-02 9.469417833456153510e-02 9.579955784819454978e-02 9.579955784819454978e-02
3.769774486704813299e-02 7.573207674183776716e-02 9.054190508246381941e-02 9.491753618310333485e-02 9.861999326825984791e-02 1.003029283069673538e-01 1.046785594076068693e-01 1.073712554695388788e-01 1.104005385392123895e-01 1.107371255469538907e-01
2.353331123632747615e-02 5.236990387802453045e-02 6.728538283062644731e-02 7.192575406032482299e-02 7.424593967517401083e-02 7.623467020218760437e-02 7.722903546569440114e-02 7.789194564136558974e-02 7.988067616837918328e-02 8.087504143188598005e-02
7.029339853300733791e-03 2.322738386308068406e-02 3.667481662591687286e-02 3.973105134474327893e-02 4.217603911980440101e-02 4.339853300733496205e-02 4.431540342298288804e-02 4.523227383863080708e-02 4.553789731051344908e-02 4.614914425427872613e-02
7.144983626079189944e-03 2.470973504019053149e-02 3.453408752604941734e-02 3.870199464126228284e-02 4.078594819886870865e-02 4.316760940756177167e-02 4.376302470973503916e-02 4.554927061625483470e-02 4.674010122060136968e-02 4.733551652277463717e-02
1.075166508087535694e-01 1.301141769743101861e-01 1.341579448144624154e-01 1.362987630827783014e-01 1.382017126546146446e-01 1.391531874405328162e-01 1.393910561370123591e-01 1.396289248334919020e-01 1.408182683158896165e-01 1.415318744053282451e-01
1.679726743017882218e-01 2.137834036568213858e-01 2.218203737191078995e-01 2.250351617440224938e-01 2.288527225236086093e-01 2.294554952782800750e-01 2.304601165360659065e-01 2.314647377938517103e-01 2.322684348000803589e-01 2.332730560578661905e-01
1.891327063740856906e-01 2.384535005224660276e-01 2.466039707419017679e-01 2.503657262277951823e-01 2.530825496342737901e-01 2.547544409613375360e-01 2.562173458725182651e-01 2.572622779519331271e-01 2.580982236154649723e-01 2.593521421107627956e-01
1.738820171265461345e-01 2.221693625118934257e-01 2.293054234062797403e-01 2.319219790675547122e-01 2.333491912464319695e-01 2.343006660323501411e-01 2.350142721217887698e-01 2.357278782112273985e-01 2.369172216936251130e-01 2.385823025689819132e-01
8.349191246431969526e-02 1.068030447193149407e-01 1.132254995242626128e-01 1.153663177925784988e-01 1.163177925784966704e-01 1.189343482397716423e-01 1.198858230256898139e-01 1.215509039010466280e-01 1.229781160799238854e-01 1.234538534728829712e-01
1.537601341906625653e-02 3.201006429969247696e-02 3.606374056471903927e-02 3.830025160749231383e-02 3.899916130835896083e-02 3.941850712887894764e-02 3.969807100922560783e-02 4.011741682974559464e-02 4.053676265026558839e-02 4.151523623147889558e-02
5.715646582519647544e-03 1.083591331269349867e-02 1.250297689926172830e-02 1.309835675160752645e-02 1.369373660395332287e-02 1.405096451536080003e-02 1.428911645629911929e-02 1.464634436770659645e-02 1.488449630864491571e-02 1.512264824958323324e-02
1.235816200426918376e-03 3.258060892034602991e-03 4.044489383215369230e-03 4.381530165149982899e-03 4.493877092461521366e-03 4.943264801707673503e-03 4.943264801707673503e-03 4.943264801707673503e-03 5.055611729019211104e-03 5.280305583642287172e-03
3.253796095444685455e-04 1.626898047722342673e-03 2.603036876355748364e-03 2.928416485900216856e-03 2.928416485900216856e-03 3.145336225596529183e-03 3.145336225596529183e-03 3.145336225596529183e-03 3.145336225596529183e-03 3.145336225596529183e-03
1.065984436627225333e-03 3.091354866218953053e-03 3.624347084532565828e-03 4.050740859183455875e-03 4.050740859183455875e-03 4.370536190171623626e-03 4.583733077497068216e-03 4.583733077497068216e-03 4.690331521159791378e-03 4.796929964822513673e-03
1.467889908256880729e-03 1.247706422018348554e-02 2.788990825688073341e-02 3.449541284403669777e-02 3.669724770642202039e-02 3.889908256880733606e-02 4.000000000000000083e-02 4.146788990825688026e-02 4.146788990825688026e-02 4.220183486238532344e-02
9.661835748792270287e-04 2.898550724637681195e-03 3.381642512077294872e-03 3.864734299516908115e-03 3.864734299516908115e-03 4.347826086956521792e-03 4.347826086956521792e-03 4.347826086956521792e-03 4.347826086956521792e-03 4.347826086956521792e-03
0.000000000000000000e+00 0.000000000000000000e+00 0.000000000000000000e+00 4.830917874396135144e-04 9.661835748792270287e-04 9.661835748792270287e-04 9.661835748792270287e-04 9.661835748792270287e-04 9.661835748792270287e-04 9.661835748792270287e-04
0.000000000000000000e+00 0.000000000000000000e+00 0.000000000000000000e+00 0.000000000000000000e+00 9.661835748792270287e-04 1.449275362318840597e-03 1.932367149758454057e-03 2.415458937198067518e-03 2.415458937198067518e-03 2.415458937198067518e-03
3.824091778202676835e-04 1.147227533460803105e-03 1.912045889101338363e-03 2.294455066921606209e-03 3.441682600382409314e-03 3.441682600382409314e-03 3.441682600382409314e-03 3.824091778202676727e-03 4.206500956022944139e-03 4.206500956022944139e-03
3.677419354838709631e-01 5.231182795698924304e-01 5.580645161290322953e-01 5.682795698924730798e-01 5.801075268817204034e-01 5.967741935483871218e-01 6.069892473118279064e-01 6.177419354838710186e-01 6.295698924731182311e-01 6.381720430107526987e-01
3.860793909733550855e-02 7.286568787384448131e-02 8.754758020663404305e-02 9.733550842849374163e-02 1.038607939097335453e-01 1.087547580206634085e-01 1.136487221315932578e-01 1.179989124524197935e-01 1.228928765633496428e-01 1.256117455138662242e-01
1.631321370309951136e-03 4.350190320826535784e-03 5.437737901033170597e-03 5.981511691136487570e-03 5.981511691136487570e-03 5.981511691136487570e-03 5.981511691136487570e-03 5.981511691136487570e-03 5.981511691136487570e-03 5.981511691136487570e-03
3.208265361609570487e-02 5.709624796084828563e-02 7.014681892332789992e-02 8.156606851549755288e-02 9.026644915715062445e-02 9.679173463839042812e-02 1.011419249592169639e-01 1.054921152800434997e-01 1.109298531810766764e-01 1.136487221315932578e-01
1.087547580206633946e-03 1.631321370309951136e-03 1.631321370309951136e-03 2.718868950516585298e-03 2.718868950516585298e-03 2.718868950516585298e-03 2.718868950516585298e-03 2.718868950516585298e-03 2.718868950516585298e-03 3.806416530723219244e-03
2.202785876255264064e-01 3.195119317568297368e-01 3.413238311197495101e-01 3.488824101068999095e-01 3.542813950977216075e-01 3.605442176870748416e-01 3.658352229780801323e-01 3.712342079689018304e-01 3.745815786632112898e-01 3.779289493575208048e-01
1.379980563654032988e-01 2.194147500269949258e-01 2.385271568945038223e-01 2.432782636864269654e-01 2.487852283770650985e-01 2.531044163697224736e-01 2.568837058632976733e-01 2.588273404599935046e-01 2.614188532555879463e-01 2.653061224489796088e-01
9.728970953460749915e-02 1.626174279235503839e-01 1.785984234963826911e-01 1.831335708886729363e-01 1.866969009826152659e-01 1.905841701760069007e-01 1.936076017708670827e-01 1.977108303638915876e-01 1.995464852607709838e-01 2.025699168556311380e-01
5.452974840729942624e-02 9.998920203001836204e-02 1.117589893100097154e-01 1.148904006046863185e-01 1.176978727999136165e-01 1.197494870964258690e-01 1.216931216931216864e-01 1.235287765900010826e-01 1.257963502861461913e-01 1.276320051830255875e-01
1.997624446604038401e-02 4.049238743116294337e-02 4.859086491739553204e-02 5.042651981427491437e-02 5.161429651225569321e-02 5.355793110895151754e-02 5.442176870748299117e-02 5.571752510528020508e-02 5.690530180326098392e-02 5.820105820105819783e-02
1.373117033603707959e-01 2.497103128621089296e-01 3.146002317497103018e-01 3.360370799536500641e-01 3.418308227114716380e-01 3.470451911935110156e-01 3.487833140208574934e-01 3.563151796060254894e-01 3.592120509849362486e-01 3.615295480880648671e-01
3.269309358398038434e-02 1.144258275439313383e-01 1.765427053534940616e-01 1.953412341642827843e-01 2.018798528810788750e-01 2.055578259092766535e-01 2.080098079280751910e-01 2.096444626072742068e-01 2.125051082958724913e-01 2.145484266448712818e-01
1.259529333775273423e-02 4.342061650646337340e-02 7.026847862114683763e-02 7.988067616837918328e-02 8.253231687106396541e-02 8.551541266158435572e-02 8.684123301292674679e-02 8.816705336426913786e-02 8.849850845210474604e-02 8.882996353994034033e-02
4.852896572641795733e-03 1.819836214740673183e-02 2.790415529269032330e-02 3.184713375796178331e-02 3.215043979375189348e-02 3.245374582954201059e-02 3.336366393691234111e-02 3.397027600849256840e-02 3.427358204428267857e-02 3.427358204428267857e-02
0.000000000000000000e+00 9.121313469139556230e-04 4.560656734569778006e-03 6.688963210702341018e-03 6.688963210702341018e-03 6.993006993006993001e-03 8.209182122225600065e-03 8.209182122225600065e-03 1.003344481605351196e-02 1.064153238066281593e-02
1.476014760147601433e-03 4.428044280442804299e-03 8.118081180811807449e-03 9.594095940959409749e-03 1.254612546125461262e-02 1.845018450184501835e-02 2.140221402214022295e-02 2.214022140221402063e-02 2.287822878228782178e-02 2.361623616236162293e-02
3.140703517587939853e-03 1.570351758793969710e-02 2.763819095477387106e-02 3.077889447236181047e-02 3.329145728643215923e-02 3.580402010050251493e-02 3.706030150753768931e-02 3.706030150753768931e-02 3.706030150753768931e-02 3.768844221105527303e-02
1.476014760147601433e-03 3.690036900369003583e-03 7.380073800738007166e-03 1.254612546125461262e-02 1.476014760147601433e-02 1.918819188191881950e-02 1.992619926199262065e-02 2.287822878228782178e-02 2.361623616236162293e-02 2.435424354243542408e-02
0.000000000000000000e+00 2.941176470588235253e-03 9.558823529411765441e-03 1.764705882352941152e-02 1.911764705882353088e-02 2.279411764705882235e-02 2.352941176470588203e-02 2.352941176470588203e-02 2.500000000000000139e-02 2.720588235294117696e-02
2.610966057441253298e-03 1.501305483028720668e-02 2.937336814621410025e-02 4.112271540469973619e-02 4.634464751958224799e-02 4.765013054830287420e-02 4.960835509138381005e-02 5.352480417754568870e-02 5.613577023498694807e-02 5.744125326370757428e-02
8.570638650815592605e-03 2.681780481061653287e-02 4.174730439590820796e-02 4.948852640309649165e-02 5.335913740669062655e-02 5.363560962123306575e-02 5.418855405031794414e-02 5.474149847940282254e-02 5.557091512303013320e-02 5.557091512303013320e-02
0.000000000000000000e+00 3.466204506065858021e-04 6.932409012131716041e-04 6.932409012131716041e-04 1.039861351819757352e-03 1.039861351819757352e-03 1.039861351819757352e-03 1.039861351819757352e-03 1.039861351819757352e-03 1.039861351819757352e-03
9.454774661203908456e-03 6.744405924992120938e-02 1.128269776236999616e-01 1.295304128584935377e-01 1.339426410337220263e-01 1.352032776552158921e-01 1.355184368105893378e-01 1.361487551213362845e-01 1.361487551213362845e-01 1.374093917428301226e-01
6.093649775497113168e-03 6.157793457344451493e-02 1.215522771007055830e-01 1.388710711994868563e-01 1.411161000641436847e-01 1.430404105195638154e-01 1.436818473380372108e-01 1.440025657472738807e-01 1.443232841565105784e-01 1.443232841565105784e-01
3.808314820691844054e-03 2.094573151380514295e-02 4.220882259600126918e-02 5.268168835290384239e-02 5.522056490003173640e-02 5.553792446842271968e-02 5.585528403681370990e-02 5.617264360520470012e-02 5.649000317359568341e-02 5.680736274198667363e-02
4.474272930648769695e-04 4.474272930648769478e-03 2.147651006711409280e-02 6.912751677852349563e-02 2.277404921700223739e-01 4.156599552572706746e-01 4.360178970917226171e-01 4.400447427293064928e-01 4.463087248322147871e-01 4.494407158836689065e-01
5.162622612287042206e-04 3.613835828600929327e-03 1.161590087764584334e-02 5.549819308208570057e-02 1.005420753742901352e-01 1.091894682498709412e-01 1.109963861641714011e-01 1.117707795560144574e-01 1.121579762519359785e-01 1.135776974703149172e-01
1.305312622373058459e-04 5.221250489492233835e-04 1.957968933559587309e-03 6.396031849627985960e-03 1.422790758386633519e-02 3.198015924813992633e-02 3.850672236000522025e-02 3.902884740895444515e-02 3.915937867119174964e-02 3.928990993342905413e-02
0.000000000000000000e+00 0.000000000000000000e+00 2.109259649862898134e-04 2.109259649862898134e-04 2.109259649862898134e-04 4.218519299725796267e-04 6.327778949588694184e-03 1.328833579413625857e-02 1.455389158405399723e-02 1.476481754904028672e-02
2.490039840637450156e-04 2.365537848605577757e-03 9.337649402390438627e-03 1.307270916334661408e-02 1.419322709163346567e-02 1.606075697211155340e-02 1.618525896414342580e-02 1.680776892430278779e-02 1.730577689243027739e-02 1.755478087649402219e-02
3.131046613896217856e-01 4.810905892700088060e-01 5.400175901495162245e-01 5.549692172383465794e-01 5.699208443271768232e-01 5.822339489885663966e-01 5.839929639401935102e-01 5.892700087950747401e-01 6.015831134564644245e-01 6.059806508355320975e-01
1.519607843137254777e-01 2.794117647058823595e-01 3.254901960784313819e-01 3.441176470588235281e-01 3.578431372549019662e-01 3.656862745098038991e-01 3.745098039215686292e-01 3.823529411764705621e-01 3.911764705882352922e-01 4.019607843137255054e-01
4.901960784313725422e-03 1.568627450980392135e-02 1.764705882352941152e-02 1.764705882352941152e-02 1.862745098039215660e-02 2.058823529411764677e-02 2.156862745098039186e-02 2.254901960784313694e-02 2.549019607843137220e-02 2.647058823529411728e-02
1.380208333333333426e-01 2.248263888888888951e-01 2.621527777777777901e-01 2.829861111111111049e-01 2.934027777777777901e-01 3.020833333333333148e-01 3.038194444444444198e-01 3.064236111111111049e-01 3.133680555555555802e-01 3.168402777777777901e-01
9.313725490196078649e-02 1.450980392156862864e-01 1.833333333333333204e-01 1.950980392156862753e-01 2.039215686274509776e-01 2.098039215686274550e-01 2.137254901960784215e-01 2.166666666666666741e-01 2.186274509803921573e-01 2.215686274509803821e-01
2.559254327563248999e-01 4.045272969374167915e-01 4.532623169107856120e-01 4.681757656458055972e-01 4.782956058588548331e-01 4.889480692410119733e-01 4.969374167776298146e-01 5.057256990679094288e-01 5.105193075898801780e-01 5.174434087882823219e-01
6.631158455392809070e-02 1.134487350199733652e-01 1.344873501997336795e-01 1.422103861517975965e-01 1.467376830892143935e-01 1.488681757656458160e-01 1.533954727030625853e-01 1.576564580559254303e-01 1.589880159786950797e-01 1.605858854860186535e-01
1.011984021304926720e-02 2.023968042609853440e-02 2.529960053262316974e-02 2.796271637816245131e-02 2.902796271637816256e-02 2.956058588548601818e-02 2.982689747003994599e-02 3.115845539280958851e-02 3.169107856191744066e-02 3.222370173102529628e-02
5.592543275632490089e-03 1.011984021304926720e-02 1.304926764314247659e-02 1.438082556591211737e-02 1.544607190412783035e-02 1.597869507323568597e-02 1.757656458055925283e-02 1.757656458055925283e-02 1.864181091877496754e-02 1.890812250332889535e-02
6.790945406125166450e-02 1.254327563249001409e-01 1.475366178428761665e-01 1.573901464713715059e-01 1.627163781624500760e-01 1.669773635153129210e-01 1.704394141145139929e-01 1.731025299600532641e-01 1.765645805592543360e-01 1.789613848202396829e-01
2.572566875355720151e-01 3.147410358565737032e-01 3.266932270916334535e-01 3.312464428002276362e-01 3.352305065452476085e-01 3.386454183266932039e-01 3.414911781445645889e-01 3.460443938531587715e-01 3.540125213431986606e-01 3.540125213431986606e-01
2.081241442263806474e-01 2.619808306709265344e-01 2.747603833865814860e-01 2.774988589685075113e-01 2.797809219534458935e-01 2.852578731172980553e-01 2.870835235052487389e-01 2.902784116841624629e-01 2.934732998630762424e-01 2.939297124600638855e-01
2.884822389666307774e-01 3.562970936490850171e-01 3.713670613562971012e-01 3.789020452099031155e-01 3.875134553283099970e-01 3.907427341227125983e-01 3.939720129171151997e-01 3.988159311087190462e-01 4.031216361679225146e-01 4.063509149623250605e-01
1.993506493506493615e-01 2.707792207792207861e-01 2.883116883116882967e-01 2.967532467532467688e-01 3.025974025974025872e-01 3.058441558441558628e-01 3.090909090909090828e-01 3.116883116883116811e-01 3.136363636363636576e-01 3.162337662337662558e-01
1.320444261620732085e-01 1.550802139037433247e-01 1.563142739613327947e-01 1.583710407239818929e-01 1.596051007815713629e-01 1.608391608391608329e-01 1.620732208967503030e-01 1.628959276018099589e-01 1.641299876593994289e-01 1.645413410119292430e-01
7.341065922771986343e-04 1.071795624724710023e-02 5.285567464395830167e-02 9.895756863896637556e-02 1.183379826750844271e-01 1.268536191454999185e-01 1.324328292468066326e-01 1.368374688004698192e-01 1.403611804434003740e-01 1.431507854940537450e-01
2.949024013481252749e-03 4.395450077236343067e-02 1.391658474933295808e-01 1.967420306136778430e-01 2.140148855497823466e-01 2.281982867574778862e-01 2.369049290829939591e-01 2.451902822637269941e-01 2.541777840190984628e-01 2.596545429012779294e-01
1.908677139920716406e-03 3.964175598296872452e-03 5.285567464395830514e-03 6.019674056673029149e-03 6.313316693583908429e-03 6.606959330494787709e-03 7.194244604316547137e-03 7.341065922771986343e-03 8.075172515049185845e-03 8.221993833504625052e-03
2.789605050653354897e-03 3.509029511085009351e-02 1.017471736896197326e-01 1.331669358390838442e-01 1.453531052708853244e-01 1.550433122889443571e-01 1.612098076640728350e-01 1.662017324915577854e-01 1.717809425928644718e-01 1.760387608280722382e-01
3.523711642930553532e-03 3.758625752459256869e-02 8.177947437967993116e-02 1.008662457788871009e-01 1.074732051093818808e-01 1.118778446630450674e-01 1.171634121274408996e-01 1.214212303626486522e-01 1.249449420055792070e-01 1.290559389223315256e-01
8.658008658008657654e-02 1.601731601731601617e-01 1.883116883116883189e-01 2.164502164502164483e-01 2.337662337662337608e-01 2.510822510822510734e-01 2.575757575757575690e-01 2.683982683982684136e-01 2.748917748917749093e-01 2.813852813852814050e-01
1.257861635220125854e-02 2.306079664570230559e-02 2.725366876310272510e-02 2.725366876310272510e-02 3.144654088050314461e-02 3.144654088050314461e-02 3.144654088050314461e-02 3.144654088050314461e-02 3.144654088050314461e-02 3.354297693920335610e-02
3.623188405797101493e-03 3.623188405797101493e-03 5.434782608695652023e-03 7.246376811594202987e-03 9.057971014492753950e-03 9.057971014492753950e-03 9.057971014492753950e-03 1.086956521739130405e-02 1.086956521739130405e-02 1.086956521739130405e-02
1.757469244288224850e-03 1.757469244288224850e-03 1.757469244288224850e-03 5.272407732864674984e-03 5.272407732864674984e-03 7.029876977152899400e-03 7.029876977152899400e-03 7.029876977152899400e-03 8.787346221441125552e-03 1.054481546572934997e-02
0.000000000000000000e+00 0.000000000000000000e+00 0.000000000000000000e+00 0.000000000000000000e+00 0.000000000000000000e+00 0.000000000000000000e+00 1.831501831501831500e-03 1.831501831501831500e-03 1.831501831501831500e-03 1.831501831501831500e-03
2.623983206507478198e-04 1.967987404880608675e-03 5.903962214641826460e-03 8.921542902125425764e-03 9.183941222776173530e-03 9.315140383101548280e-03 9.315140383101548280e-03 9.315140383101548280e-03 9.315140383101548280e-03 9.315140383101548280e-03
5.223978059292151482e-04 3.917983544469112907e-03 9.794958861172783568e-03 1.188455008488964286e-02 1.227634843933655441e-02 1.240694789081885942e-02 1.240694789081885942e-02 1.253754734230116269e-02 1.266814679378346596e-02 1.279874624526576923e-02
0.000000000000000000e+00 0.000000000000000000e+00 4.018215912135011838e-04 6.697026520225019550e-04 8.036431824270023677e-04 8.036431824270023677e-04 8.036431824270023677e-04 8.036431824270023677e-04 8.036431824270023677e-04 1.071524243236003301e-03
1.339405304045004127e-04 9.375837128315027804e-04 3.884275381730511751e-03 4.821859094562014857e-03 4.955799624966514619e-03 5.089740155371015248e-03 5.089740155371015248e-03 5.089740155371015248e-03 5.089740155371015248e-03 5.089740155371015248e-03
1.012401923563654819e-03 3.290306251581877946e-03 3.923057453809161883e-03 4.049607694254619278e-03 4.176157934700075805e-03 4.302708175145533200e-03 4.302708175145533200e-03 4.302708175145533200e-03 4.302708175145533200e-03 4.429258415590989727e-03
8.291708291708291267e-02 1.798201798201798096e-01 2.087912087912087988e-01 2.187812187812187836e-01 2.317682317682317750e-01 2.487512487512487380e-01 2.587412587412587506e-01 2.677322677322677147e-01 2.747252747252747485e-01 2.807192807192807060e-01
6.157849089332177034e-02 1.344319167389418923e-01 1.543798785776235860e-01 1.699913269731136156e-01 1.830008673026886357e-01 1.925411968777103189e-01 1.986123156981786653e-01 2.038161318300086844e-01 2.107545533391153580e-01 2.185602775368603590e-01
7.804878048780487798e-03 3.219512195121951303e-02 6.341463414634146423e-02 8.195121951219512535e-02 9.073170731707316805e-02 1.014634146341463483e-01 1.043902439024390200e-01 1.063414634146341436e-01 1.073170731707317055e-01 1.102439024390243910e-01
5.483207676490747459e-03 1.987662782727895802e-02 3.427004797806716685e-02 3.838245373543523048e-02 4.043865661411925883e-02 4.180945853324194439e-02 4.318026045236462995e-02 4.386566141192597967e-02 4.660726525017135080e-02 4.729266620973269358e-02
1.030927835051546372e-02 4.639175257731958935e-02 7.835051546391752497e-02 8.659793814432989456e-02 9.175257731958762208e-02 9.381443298969072142e-02 9.587628865979382076e-02 1.020618556701030910e-01 1.082474226804123751e-01 1.123711340206185599e-01
4.820512820512820595e-01 5.969230769230768896e-01 6.133333333333332860e-01 6.205128205128205288e-01 6.225641025641025506e-01 6.317948717948718151e-01 6.338461538461538369e-01 6.369230769230769251e-01 6.400000000000000133e-01 6.420512820512820351e-01
1.405128205128205188e-01 2.164102564102564075e-01 2.358974358974358920e-01 2.389743589743589802e-01 2.410256410256410298e-01 2.482051282051282171e-01 2.492307692307692280e-01 2.512820512820512775e-01 2.523076923076922884e-01 2.543589743589743657e-01
4.820512820512820595e-02 9.846153846153846145e-02 1.097435897435897478e-01 1.138461538461538469e-01 1.169230769230769212e-01 1.199999999999999956e-01 1.199999999999999956e-01 1.199999999999999956e-01 1.199999999999999956e-01 1.241025641025641085e-01
2.871794871794871792e-02 6.974358974358974006e-02 8.512820512820512553e-02 8.615384615384615030e-02 8.615384615384615030e-02 8.820512820512819985e-02 8.820512820512819985e-02 8.820512820512819985e-02 8.820512820512819985e-02 8.820512820512819985e-02
8.205128205128205121e-03 2.256410256410256582e-02 2.461538461538461536e-02 2.461538461538461536e-02 2.461538461538461536e-02 2.461538461538461536e-02 2.564102564102564014e-02 2.564102564102564014e-02 2.564102564102564014e-02 2.564102564102564014e-02
3.604415408875872966e-03 1.171435007884658736e-02 1.914845685965307562e-02 2.658256364045956388e-02 2.928587519711646839e-02 3.198918675377337290e-02 3.379139445821131155e-02 3.604415408875873139e-02 3.762108583014192598e-02 3.829691371930615124e-02
0.000000000000000000e+00 0.000000000000000000e+00 0.000000000000000000e+00 0.000000000000000000e+00 9.132420091324200623e-04 1.369863013698630148e-03 1.598173515981735245e-03 2.054794520547945005e-03 3.196347031963470489e-03 5.707762557077625254e-03
0.000000000000000000e+00 0.000000000000000000e+00 0.000000000000000000e+00 0.000000000000000000e+00 0.000000000000000000e+00 5.492996429552320786e-04 1.373249107388080197e-03 1.922548750343312275e-03 3.021148036253776432e-03 8.514144465806098086e-03
1.992825827022718310e-04 2.590673575129533775e-03 7.373455559984057502e-03 1.454762853726584287e-02 1.634117178158629030e-02 1.733758469509764921e-02 1.833399760860900812e-02 1.873256277401355238e-02 1.972897568752491129e-02 2.092467118373854060e-02
3.824091778202676835e-04 1.912045889101338363e-03 6.309751434034416642e-03 1.816443594646271684e-02 2.370936902485659692e-02 2.562141491395793572e-02 2.887189292543021132e-02 3.154875717017208148e-02 3.269598470363288545e-02 3.365200764818355311e-02
2.078472958642629820e-01 2.873806998939554824e-01 3.096500530222693337e-01 3.202545068928950300e-01 3.266171792152703923e-01 3.351007423117709494e-01 3.446447507953340206e-01 3.478260869565217295e-01 3.552492046659597169e-01 3.594909862142099954e-01
9.070294784580498759e-02 1.307634164777022046e-01 1.375661375661375585e-01 1.443688586545729402e-01 1.443688586545729402e-01 1.473922902494330944e-01 1.481481481481481399e-01 1.496598639455782309e-01 1.534391534391534306e-01 1.557067271352985671e-01
1.125674633770239047e-01 1.542020046260601518e-01 1.680801850424055444e-01 1.781033153430994498e-01 1.796453353893600613e-01 1.827293754818812566e-01 1.842713955281418681e-01 1.873554356206630633e-01 1.881264456437933830e-01 1.919814957594448701e-01
1.864261168384879763e-01 2.448453608247422586e-01 2.603092783505154828e-01 2.654639175257731964e-01 2.723367697594501480e-01 2.731958762886597669e-01 2.766323024054982982e-01 2.809278350515463929e-01 2.843642611683848687e-01 2.869415807560137255e-01
2.130801687763713148e-01 2.805907172995780741e-01 3.048523206751054815e-01 3.164556962025316666e-01 3.238396624472573704e-01 3.280590717299577963e-01 3.354430379746835555e-01 3.364978902953586481e-01 3.417721518987341667e-01 3.428270042194092593e-01
0.000000000000000000e+00 0.000000000000000000e+00 0.000000000000000000e+00 0.000000000000000000e+00 0.000000000000000000e+00 0.000000000000000000e+00 0.000000000000000000e+00 0.000000000000000000e+00 0.000000000000000000e+00 0.000000000000000000e+00
0.000000000000000000e+00 0.000000000000000000e+00 0.000000000000000000e+00 0.000000000000000000e+00 0.000000000000000000e+00 0.000000000000000000e+00 0.000000000000000000e+00 0.000000000000000000e+00 0.000000000000000000e+00 0.000000000000000000e+00
0.000000000000000000e+00 0.000000000000000000e+00 0.000000000000000000e+00 0.000000000000000000e+00 0.000000000000000000e+00 0.000000000000000000e+00 0.000000000000000000e+00 0.000000000000000000e+00 0.000000000000000000e+00 0.000000000000000000e+00
0.000000000000000000e+00 0.000000000000000000e+00 0.000000000000000000e+00 0.000000000000000000e+00 0.000000000000000000e+00 0.000000000000000000e+00 0.000000000000000000e+00 0.000000000000000000e+00 0.000000000000000000e+00 0.000000000000000000e+00
0.000000000000000000e+00 0.000000000000000000e+00 0.000000000000000000e+00 0.000000000000000000e+00 0.000000000000000000e+00 0.000000000000000000e+00 0.000000000000000000e+00 0.000000000000000000e+00 0.000000000000000000e+00 0.000000000000000000e+00
8.163265306122448328e-02 1.779591836734693844e-01 2.228571428571428648e-01 2.465306122448979453e-01 2.677551020408163174e-01 2.881632653061224625e-01 3.036734693877550795e-01 3.118367346938775708e-01 3.289795918367346972e-01 3.371428571428571330e-01
9.612277867528271069e-02 1.954765751211631764e-01 2.552504038772213102e-01 2.843295638126009939e-01 3.126009693053311556e-01 3.352180936995153293e-01 3.521809369951534596e-01 3.651050080775444240e-01 3.780290791599353883e-01 3.925686591276251747e-01
1.142857142857142856e-02 3.510204081632652823e-02 4.897959183673469136e-02 5.551020408163265252e-02 6.040816326530612512e-02 6.285714285714286143e-02 6.612244897959183854e-02 6.857142857142857484e-02 7.020408163265305646e-02 7.183673469387755195e-02
5.714285714285714281e-03 1.061224489795918428e-02 1.306122448979591885e-02 1.632653061224489943e-02 1.795918367346938799e-02 1.877551020408163227e-02 2.040816326530612082e-02 2.204081632653061285e-02 2.204081632653061285e-02 2.285714285714285712e-02
3.732890916632102679e-03 4.562422231439236704e-03 5.391953546246370729e-03 5.391953546246370729e-03 5.391953546246370729e-03 5.806719203649938175e-03 6.221484861053504754e-03 7.465781833264205358e-03 7.880547490667771937e-03 8.710078805474906830e-03
5.976676384839649941e-02 1.062317784256559816e-01 1.186224489795918435e-01 1.226311953352769712e-01 1.255466472303206904e-01 1.290087463556851277e-01 1.308309037900874661e-01 1.321064139941690863e-01 1.335641399416909736e-01 1.350218658892128332e-01
2.558139534883721034e-01 3.980702622464126761e-01 4.299851558634339432e-01 4.421078673923800051e-01 4.527461652647204460e-01 4.606630380999505170e-01 4.680851063829787329e-01 4.732805541810984895e-01 4.794656110836219565e-01 4.841662543295398580e-01
2.591859807801017435e-01 3.917467495760316720e-01 4.157716223855285609e-01 4.253815715093273164e-01 4.338609383832673916e-01 4.414923685698134426e-01 4.485585076314301811e-01 4.533634821933295589e-01 4.578858111927642804e-01 4.601469756924816412e-01
2.694277443776441766e-02 6.524159429971053414e-02 7.993765308394566727e-02 8.327766644399911544e-02 8.550434201736807627e-02 8.884435537742151057e-02 8.973502560676908935e-02 9.240703629481183956e-02 9.374304163883322161e-02 9.485637942551770896e-02
1.780667043527416754e-02 8.592425098925947358e-02 1.837196156020350357e-01 2.289429055963821402e-01 2.396834369700395762e-01 2.461842849067269745e-01 2.529677784058790291e-01 2.563595251554550702e-01 2.622950819672131284e-01 2.651215375918598016e-01
2.589022230965964955e-01 3.985835136730277450e-01 4.387172929372417651e-01 4.633090694471768689e-01 4.814086169584890773e-01 4.975408223490064841e-01 5.054101908321857461e-01 5.187881172535904195e-01 5.270509541609286197e-01 5.347235884320283850e-01
8.380877434585874697e-02 1.404682274247491536e-01 1.676175486917174939e-01 1.817824119614400991e-01 1.900452488687782715e-01 1.967342120794806082e-01 2.042101121385008766e-01 2.112925437733621792e-01 2.185717096203029786e-01 2.232933307102105136e-01
1.573873696635845129e-02 2.596891599449144272e-02 3.226441078103482046e-02 3.639582923470391362e-02 3.816643714341923926e-02 3.974031084005508890e-02 4.111745032461144866e-02 4.288805823332677430e-02 4.406846350580365806e-02 4.524886877828054182e-02
1.268935667912650112e-01 2.166043674995081769e-01 2.494589809167814254e-01 2.663781231556167639e-01 2.728703521542396038e-01 2.807397206374188658e-01 2.866417469998032708e-01 2.923470391501081789e-01 2.972653944520952107e-01 3.027739523903206775e-01
4.269132402124729830e-02 8.184143222506394533e-02 1.044658666142042058e-01 1.164666535510525264e-01 1.247294904583907127e-01 1.290576431241392819e-01 1.333857957898878510e-01 1.371237458193979852e-01 1.386976195160338488e-01 1.420421011213850171e-01
1.827318410232983085e-03 1.347647327546824987e-02 1.082686158063042442e-01 1.893558702603928834e-01 2.277295568752855104e-01 2.400639561443581593e-01 2.450890817724988568e-01 2.496573777980813091e-01 2.549109182275011154e-01 2.601644586569209494e-01
9.047726758651888782e-04 4.976249717258538451e-03 4.817914498982130839e-02 1.479303325039583727e-01 1.976928296765437798e-01 2.180502148835105070e-01 2.246098167835331449e-01 2.302646460076905599e-01 2.350147025559828073e-01 2.393123727663424571e-01
2.284148012791228856e-04 1.142074006395614374e-03 1.187756966651438983e-02 6.898126998629511286e-02 1.169483782549109174e-01 1.388761991777067162e-01 1.427592507994518145e-01 1.459570580173595311e-01 1.496116948378254929e-01 1.518958428506167191e-01
3.712497301964170354e-02 1.156917763867904153e-01 1.528167494064321119e-01 1.657673213900280607e-01 1.733218217137923456e-01 1.782862076408374685e-01 1.832505935678825915e-01 1.890783509605007684e-01 1.944744226203324045e-01 1.981437513490179048e-01
6.852444038373687110e-04 2.101416171767930482e-02 5.619004111466423257e-02 7.583371402466880518e-02 8.268615806304248361e-02 8.519872087711283237e-02 8.816811329374144024e-02 8.953860210141617593e-02 9.205116491548652469e-02 9.479214253083599606e-02
2.285714285714285712e-02 3.857142857142856901e-02 4.238095238095238027e-02 4.333333333333333481e-02 4.333333333333333481e-02 4.333333333333333481e-02 4.380952380952381209e-02 4.380952380952381209e-02 4.380952380952381209e-02 4.380952380952381209e-02
1.113716295427901598e-02 1.817116060961312951e-02 2.286049237983587418e-02 2.286049237983587418e-02 2.286049237983587418e-02 2.286049237983587418e-02 2.286049237983587418e-02 2.286049237983587418e-02 2.286049237983587418e-02 2.286049237983587418e-02
2.444987775061124684e-03 4.889975550122249368e-03 9.779951100244498735e-03 9.779951100244498735e-03 1.039119804400977926e-02 1.100244498777506151e-02 1.100244498777506151e-02 1.100244498777506151e-02 1.161369193154034203e-02 1.161369193154034203e-02
7.881316643486324311e-03 3.106165971256374600e-02 4.821511358368103795e-02 5.006954102920722904e-02 5.146036161335187931e-02 5.238757533611497486e-02 5.238757533611497486e-02 5.331478905887807040e-02 5.377839592025961818e-02 5.377839592025961818e-02
0.000000000000000000e+00 8.319467554076539302e-04 1.663893510815307860e-03 1.663893510815307860e-03 1.663893510815307860e-03 1.663893510815307860e-03 2.495840266222961682e-03 2.495840266222961682e-03 2.495840266222961682e-03 2.495840266222961682e-03
1.434058898847631325e-01 2.496798975672215037e-01 2.804097311139564508e-01 2.893725992317541795e-01 2.983354673495518528e-01 3.090055484421681542e-01 3.166880068288518979e-01 3.213828425096030839e-01 3.260776781903542698e-01 3.294921041399914707e-01
5.249679897567221393e-02 1.105420401195049140e-01 1.259069568928723737e-01 1.331626120358514742e-01 1.387110542040119465e-01 1.421254801536491752e-01 1.451131028595817329e-01 1.502347417840375621e-01 1.527955612462654766e-01 1.570635936833119917e-01
5.121638924455825664e-03 2.646180110968843202e-02 3.542466922748612607e-02 3.926589842082799792e-02 4.097311139564660531e-02 4.353393085787451988e-02 4.566794707639777740e-02 4.694835680751173468e-02 4.780196329492104185e-02 4.908237302603499913e-02
7.255655142979086647e-03 2.219376867264191353e-02 2.902262057191634659e-02 3.158344003414426115e-02 3.457106274007682584e-02 3.585147247119078312e-02 3.713188220230474040e-02 3.798548868971404063e-02 3.883909517712334780e-02 4.054630815194195520e-02
6.828851899274434797e-03 2.048655569782330266e-02 3.371745625266751867e-02 3.670507895860008335e-02 3.883909517712334780e-02 3.969270166453264803e-02 4.310712761416986977e-02 4.438753734528382705e-02 4.566794707639777740e-02 4.609475032010243445e-02
1.200564971751412469e-01 1.959745762711864459e-01 2.228107344632768438e-01 2.341101694915254106e-01 2.369350282485875592e-01 2.429378531073446423e-01 2.485875706214689396e-01 2.514124293785310882e-01 2.538841807909604786e-01 2.552966101694915113e-01
1.359724612736661065e-01 2.165232358003442437e-01 2.430292598967297713e-01 2.543889845094664537e-01 2.595524956970740038e-01 2.633390705679862220e-01 2.691910499139414936e-01 2.736660929432013778e-01 2.767641996557659301e-01 2.788296041308089279e-01
8.370044052863435946e-02 1.382582175533717261e-01 1.599457810911555367e-01 1.663842765164351145e-01 1.707895628600474280e-01 1.755337173839376375e-01 1.785835310064385062e-01 1.826499491697729516e-01 1.863774991528295566e-01 1.890884445950525294e-01
5.363321799307958770e-02 8.581314878892733200e-02 9.965397923875432551e-02 1.031141868512110704e-01 1.058823529411764691e-01 1.079584775086505216e-01 1.103806228373702403e-01 1.138408304498269852e-01 1.162629757785467177e-01 1.179930795847750902e-01
8.376339817387852549e-02 1.417229059150456605e-01 1.576022231044064970e-01 1.667328304882889911e-01 1.714966256450972670e-01 1.750694720127034532e-01 1.774513695911075772e-01 1.794362842397776991e-01 1.830091306073838853e-01 1.857880111155220393e-01
8.322981366459626662e-02 1.906832298136645898e-01 2.409937888198757650e-01 2.614906832298136696e-01 2.751552795031055876e-01 2.894409937888198781e-01 2.975155279503105543e-01 3.049689440993788581e-01 3.136645962732919068e-01 3.180124223602484590e-01
5.279503105590062362e-02 2.521739130434782483e-01 3.788819875776397450e-01 4.086956521739130710e-01 4.236024844720496785e-01 4.341614906832297893e-01 4.453416149068322727e-01 4.546583850931676940e-01 4.639751552795031153e-01 4.732919254658385366e-01
2.421736562315416480e-02 1.113408151210868308e-01 1.609568812758417067e-01 1.704075605434140495e-01 1.730655640874187717e-01 1.774955699940933274e-01 1.804489072652096793e-01 1.822209096278795126e-01 1.863555818074424109e-01 1.901949202598936794e-01
3.922751961375980922e-03 1.297525648762824432e-02 2.323476161738080928e-02 2.474351237175618709e-02 2.595051297525648865e-02 2.685576342788171395e-02 2.715751357875679020e-02 2.745926372963186646e-02 2.806276403138201550e-02 2.866626433313216801e-02
5.206906001644286131e-03 2.904905453548917507e-02 4.932858317347218330e-02 5.206906001644286131e-02 5.453548917511646943e-02 5.672787064949301461e-02 5.809810907097835014e-02 5.864620443957248297e-02 5.864620443957248297e-02 5.892025212386955285e-02
2.623983206507478198e-04 1.967987404880608675e-03 5.903962214641826460e-03 8.921542902125425764e-03 9.183941222776173530e-03 9.315140383101548280e-03 9.315140383101548280e-03 9.315140383101548280e-03 9.315140383101548280e-03 9.315140383101548280e-03
5.223978059292151482e-04 3.917983544469112907e-03 9.794958861172783568e-03 1.188455008488964286e-02 1.227634843933655441e-02 1.240694789081885942e-02 1.240694789081885942e-02 1.253754734230116269e-02 1.266814679378346596e-02 1.279874624526576923e-02
0.000000000000000000e+00 0.000000000000000000e+00 4.018215912135011838e-04 6.697026520225019550e-04 8.036431824270023677e-04 8.036431824270023677e-04 8.036431824270023677e-04 8.036431824270023677e-04 8.036431824270023677e-04 1.071524243236003301e-03
1.339405304045004127e-04 9.375837128315027804e-04 3.884275381730511751e-03 4.821859094562014857e-03 4.955799624966514619e-03 5.089740155371015248e-03 5.089740155371015248e-03 5.089740155371015248e-03 5.089740155371015248e-03 5.089740155371015248e-03
1.012401923563654819e-03 3.290306251581877946e-03 3.923057453809161883e-03 4.049607694254619278e-03 4.176157934700075805e-03 4.302708175145533200e-03 4.302708175145533200e-03 4.302708175145533200e-03 4.302708175145533200e-03 4.429258415590989727e-03
0.000000000000000000e+00 0.000000000000000000e+00 0.000000000000000000e+00 4.676258992805755119e-03 5.035971223021582302e-03 5.035971223021582302e-03 5.395683453237410353e-03 5.395683453237410353e-03 5.395683453237410353e-03 5.395683453237410353e-03
0.000000000000000000e+00 4.316546762589927935e-03 1.402877697841726536e-02 4.352517985611510654e-02 6.043165467625899456e-02 7.230215827338129508e-02 7.625899280575539063e-02 7.913669064748200810e-02 8.417266187050359560e-02 8.597122302158273499e-02
0.000000000000000000e+00 7.194244604316546920e-04 3.597122302158273568e-03 1.942446043165467484e-02 2.733812949640287635e-02 3.093525179856115165e-02 3.273381294964029103e-02 3.381294964028776912e-02 3.525179856115107785e-02 3.812949640287769532e-02
0.000000000000000000e+00 3.597122302158273460e-04 4.316546762589927935e-03 2.410071942446043169e-02 3.705035971223021724e-02 3.956834532374100405e-02 3.956834532374100405e-02 3.956834532374100405e-02 3.956834532374100405e-02 3.956834532374100405e-02
0.000000000000000000e+00 0.000000000000000000e+00 0.000000000000000000e+00 0.000000000000000000e+00 0.000000000000000000e+00 7.194244604316546920e-04 7.194244604316546920e-04 7.194244604316546920e-04 1.079136690647481984e-03 1.079136690647481984e-03
3.040702314445331012e-01 4.501197126895450928e-01 4.932162809257781277e-01 5.083798882681563880e-01 5.163607342378292442e-01 5.251396648044692750e-01 5.315243415802074489e-01 5.355147645650438770e-01 5.411013567438148764e-01 5.450917797286511934e-01
9.654178674351585054e-02 1.563400576368876027e-01 1.714697406340057739e-01 1.786743515850144071e-01 1.844380403458213136e-01 1.865994236311239174e-01 1.880403458213256440e-01 1.894812680115273706e-01 1.909221902017290973e-01 1.966858789625360315e-01
1.313868613138686157e-02 2.627737226277372315e-02 2.846715328467153139e-02 3.065693430656934310e-02 3.065693430656934310e-02 3.065693430656934310e-02 3.138686131386861367e-02 3.138686131386861367e-02 3.138686131386861367e-02 3.284671532846715480e-02
5.590496156533892105e-03 1.048218029350104878e-02 1.327742837176799397e-02 1.607267645003494089e-02 1.747030048916841521e-02 1.816911250873514891e-02 1.886792452830188607e-02 1.886792452830188607e-02 1.886792452830188607e-02 1.886792452830188607e-02
8.503401360544217370e-04 1.700680272108843474e-03 2.551020408163265103e-03 2.551020408163265103e-03 2.551020408163265103e-03 2.551020408163265103e-03 2.551020408163265103e-03 2.551020408163265103e-03 2.551020408163265103e-03 2.551020408163265103e-03
2.974504249291784821e-02 9.065155807365439522e-02 1.175637393767705319e-01 1.345609065155807249e-01 1.430594900849858353e-01 1.501416430594900986e-01 1.600566572237960283e-01 1.671388101983002916e-01 1.728045325779036800e-01 1.798866855524079433e-01
0.000000000000000000e+00 0.000000000000000000e+00 0.000000000000000000e+00 1.133144475920679940e-02 2.407932011331444591e-02 2.974504249291784821e-02 3.257790368271954590e-02 3.257790368271954590e-02 3.257790368271954590e-02 3.399433427762039994e-02
1.375661375661375585e-01 2.730158730158729896e-01 3.291005291005291156e-01 3.449735449735449877e-01 3.608465608465608598e-01 3.703703703703703498e-01 3.735449735449735686e-01 3.841269841269841501e-01 3.883597883597883493e-01 3.957671957671957674e-01
4.969630038652678335e-03 2.760905577029265645e-02 4.307012700165654268e-02 4.693539480949751597e-02 5.024848150193263197e-02 5.245720596355604726e-02 5.356156819436775490e-02 5.521811154058531290e-02 5.742683600220872125e-02 5.963556046383213655e-02
2.666666666666666578e-03 1.733333333333333254e-02 7.599999999999999811e-02 1.226666666666666600e-01 1.266666666666666774e-01 1.320000000000000062e-01 1.360000000000000098e-01 1.413333333333333386e-01 1.439999999999999891e-01 1.453333333333333421e-01
3.269841269841269882e-01 4.769841269841270104e-01 5.285714285714285809e-01 5.428571428571428159e-01 5.547619047619047894e-01 5.674603174603174427e-01 5.738095238095237693e-01 5.781746031746032299e-01 5.845238095238095566e-01 5.924603174603174649e-01
1.119613370922271506e-01 1.993556182037857505e-01 2.263391059202577438e-01 2.420459122029802734e-01 2.513089005235601969e-01 2.573499798630688451e-01 2.617801047120418834e-01 2.674184454289166291e-01 2.710430930326218069e-01 2.758759565042287476e-01
1.200161095449053528e-01 2.110350382601691444e-01 2.384212645992750679e-01 2.569472412404349426e-01 2.629883205799435908e-01 2.754732178815948451e-01 2.807088199758356883e-01 2.863471606927104340e-01 2.899718082964156118e-01 2.935964559001208452e-01
1.047120418848167603e-02 2.335884011276681549e-02 3.060813532017720578e-02 3.584373741441804206e-02 3.785743052758759608e-02 4.067660088602496893e-02 4.228755537656061353e-02 4.510672573499798638e-02 4.591220298026580521e-02 4.832863471606926864e-02
6.041079339508658580e-03 1.852597664115988862e-02 2.013693113169552976e-02 2.335884011276681549e-02 2.416431735803463432e-02 2.617801047120418834e-02 2.778896496173982947e-02 3.020539669754329290e-02 3.020539669754329290e-02 3.141361256544502462e-02
1.288810779144698368e-02 3.280609256004686503e-02 4.100761570005858475e-02 4.628002343292325627e-02 4.979496192149970857e-02 5.330990041007615393e-02 5.565319273579379111e-02 5.741066198008201726e-02 5.916813122437024342e-02 6.268306971294669572e-02
1.288810779144698368e-02 2.636203866432337492e-02 3.339191564147627606e-02 3.866432337434094757e-02 4.042179261862917372e-02 4.276508494434680396e-02 4.452255418863503011e-02 4.628002343292325627e-02 4.979496192149970857e-02 5.155243116578793472e-02
7.615700058582307828e-03 2.167545401288810750e-02 3.046280023432923131e-02 3.163444639718804990e-02 3.222026947861746093e-02 3.632103104862331733e-02 3.749267721148213245e-02 3.807850029291154348e-02 4.159343878148798884e-02 4.393673110720562602e-02
1.088777219430485804e-01 1.753210496929089868e-01 2.021217197096594198e-01 2.160804020100502432e-01 2.266890005583472867e-01 2.317141261864879842e-01 2.384142936906755994e-01 2.417643774427694070e-01 2.479061976549413737e-01 2.512562814070351536e-01
8.787346221441125552e-03 1.816051552431165866e-02 2.636203866432337492e-02 3.046280023432923131e-02 3.163444639718804990e-02 3.339191564147627606e-02 3.690685413005272142e-02 3.690685413005272142e-02 3.983596953719976269e-02 3.983596953719976269e-02
3.177142857142857268e-01 4.931428571428571606e-01 5.348571428571428088e-01 5.474285714285713755e-01 5.617142857142857215e-01 5.725714285714286200e-01 5.799999999999999600e-01 5.874285714285714111e-01 5.965714285714285303e-01 6.039999999999999813e-01
1.468571428571428528e-01 2.662857142857142922e-01 3.028571428571428803e-01 3.200000000000000067e-01 3.297142857142857375e-01 3.365714285714285769e-01 3.405714285714285805e-01 3.491428571428571437e-01 3.571428571428571508e-01 3.617142857142857104e-01
6.342857142857143138e-02 1.102857142857142925e-01 1.234285714285714292e-01 1.360000000000000098e-01 1.445714285714285730e-01 1.502857142857142725e-01 1.531428571428571361e-01 1.565714285714285836e-01 1.588571428571428634e-01 1.605714285714285594e-01
7.085714285714285465e-02 1.251428571428571390e-01 1.611428571428571432e-01 1.788571428571428534e-01 1.937142857142857277e-01 2.017142857142857071e-01 2.079999999999999905e-01 2.142857142857142738e-01 2.228571428571428648e-01 2.302857142857142880e-01
5.034642032332563300e-02 1.066974595842956064e-01 1.404157043879907529e-01 1.570438799076212533e-01 1.648960739030023159e-01 1.704387990762124827e-01 1.759815242494226217e-01 1.810623556581986149e-01 1.856812933025404067e-01 1.912240184757505734e-01
3.134193935755028582e-01 5.010507355148604569e-01 5.565896127289102768e-01 5.788051636145301604e-01 5.920144100870609050e-01 6.103272290603422023e-01 6.190333233263284329e-01 6.259381567096967691e-01 6.364455118583007831e-01 6.439507655358751581e-01
1.358863495985176140e-01 2.316244595429277353e-01 2.723903644224829890e-01 2.930821494749845657e-01 3.097591105620753349e-01 3.227300802964793158e-01 3.301420630018530034e-01 3.384805435453984157e-01 3.480543545398394056e-01 3.567016676961087263e-01
2.933909820877084532e-02 5.589870290302655781e-02 6.454601605929585761e-02 6.979617047560222887e-02 7.628165534280420546e-02 7.998764669549104922e-02 8.400247066090178738e-02 8.678196417541692020e-02 8.832612723903644769e-02 9.234095120444718585e-02
6.176652254478073173e-02 1.096355775169857993e-01 1.374305126621371276e-01 1.473131562693020258e-01 1.522544780728845026e-01 1.584311303273625571e-01 1.642989499691167310e-01 1.670784434836318777e-01 1.710932674490426297e-01 1.738727609635577487e-01
1.451513279802347199e-02 3.644224830142062804e-02 4.848672019765287028e-02 5.589870290302655781e-02 5.991352686843730985e-02 6.392835083384805495e-02 6.732550957381099044e-02 6.979617047560222887e-02 7.134033353922174248e-02 7.195799876466954514e-02
7.082833133253300939e-02 1.650660264105642261e-01 1.978791516606642764e-01 2.056822729091636603e-01 2.076830732292917203e-01 2.094837935174069521e-01 2.122849139655862416e-01 2.140856342537014734e-01 2.146858743497399025e-01 2.164865946378551342e-01
2.748511223087494147e-03 4.580852038479157201e-03 6.107802717972209312e-03 6.260497785921514784e-03 6.260497785921514784e-03 6.718582989769430330e-03 6.718582989769430330e-03 6.871278057718735802e-03 6.871278057718735802e-03 7.023973125668041273e-03
8.682439765574126141e-04 1.519426958975472102e-03 1.736487953114825228e-03 1.736487953114825228e-03 1.953548947254178571e-03 2.387670935532884824e-03 2.387670935532884824e-03 2.387670935532884824e-03 2.387670935532884824e-03 2.604731929672237951e-03
0.000000000000000000e+00 2.546473134708428601e-04 2.546473134708428601e-04 2.546473134708428601e-04 2.546473134708428601e-04 2.546473134708428601e-04 5.092946269416857201e-04 5.092946269416857201e-04 5.092946269416857201e-04 5.092946269416857201e-04
0.000000000000000000e+00 0.000000000000000000e+00 0.000000000000000000e+00 0.000000000000000000e+00 0.000000000000000000e+00 0.000000000000000000e+00 0.000000000000000000e+00 0.000000000000000000e+00 0.000000000000000000e+00 0.000000000000000000e+00
