1.273809523809523725e-01 3.095238095238095344e-01 3.761904761904761862e-01 4.011904761904762085e-01 4.035714285714285809e-01 4.083333333333333259e-01 4.107142857142856984e-01 4.130952380952380709e-01 4.166666666666666852e-01 4.178571428571428714e-01
3.571428571428571317e-03 1.071428571428571438e-02 2.142857142857142877e-02 3.452380952380952606e-02 3.690476190476190549e-02 4.047619047619047811e-02 4.523809523809523697e-02 4.642857142857143016e-02 4.761904761904761640e-02 5.238095238095238221e-02
2.380952380952381167e-03 7.142857142857142634e-03 1.428571428571428527e-02 1.666666666666666644e-02 1.666666666666666644e-02 1.785714285714285615e-02 1.785714285714285615e-02 1.785714285714285615e-02 1.785714285714285615e-02 1.785714285714285615e-02
4.761904761904762334e-03 1.190476190476190410e-02 1.428571428571428527e-02 1.547619047619047672e-02 1.547619047619047672e-02 1.785714285714285615e-02 1.785714285714285615e-02 1.785714285714285615e-02 1.785714285714285615e-02 1.785714285714285615e-02
2.380952380952381167e-03 7.142857142857142634e-03 9.523809523809524669e-03 1.428571428571428527e-02 1.428571428571428527e-02 1.428571428571428527e-02 1.547619047619047672e-02 1.547619047619047672e-02 1.547619047619047672e-02 1.666666666666666644e-02
1.539017341040462561e-01 2.416907514450866989e-01 2.630057803468208166e-01 2.666184971098266021e-01 2.695086705202311972e-01 2.702312138728323876e-01 2.716763005780346574e-01 2.752890173410404429e-01 2.778179190751445260e-01 2.789017341040462283e-01
8.163818822891238947e-02 1.285598047192839655e-01 1.407648494711147280e-01 1.421209655546514794e-01 1.434770816381882308e-01 1.442907512883102872e-01 1.448331977217249822e-01 1.467317602386764286e-01 1.470029834553837900e-01 1.478166531055058186e-01
4.734288081429755208e-04 2.012072434607646045e-03 5.326074091608474365e-03 1.065214818321694873e-02 1.574150787075393604e-02 1.893715232571901996e-02 1.952893833589773934e-02 1.976565273996922639e-02 1.988400994200497165e-02 2.035743875014794577e-02
5.647542035682197835e-03 1.386214863303812141e-02 1.681427287896290756e-02 1.784109870363239508e-02 1.848286484405082739e-02 1.912463098446925969e-02 1.912463098446925969e-02 1.963804389680400345e-02 1.976639712488769199e-02 1.989475035297137706e-02
3.275648949320148634e-02 7.818294190358467122e-02 1.053770086526576027e-01 1.217552533992583425e-01 1.242274412855376986e-01 1.282447466007416437e-01 1.304079110012360820e-01 1.319530284301606848e-01 1.334981458590852876e-01 1.344252163164400549e-01
1.273996509598603888e-01 1.867364746945898712e-01 2.024432809773124009e-01 2.076788830715532164e-01 2.076788830715532164e-01 2.076788830715532164e-01 2.076788830715532164e-01 2.094240837696335067e-01 2.094240837696335067e-01 2.094240837696335067e-01
7.251908396946564472e-02 1.017811704834605535e-01 1.119592875318066172e-01 1.170483460559796490e-01 1.170483460559796490e-01 1.170483460559796490e-01 1.170483460559796490e-01 1.170483460559796490e-01 1.170483460559796490e-01 1.170483460559796490e-01
5.060506050605060452e-02 8.690869086908691032e-02 9.790979097909791040e-02 1.034103410341034035e-01 1.034103410341034035e-01 1.034103410341034035e-01 1.045104510451045077e-01 1.045104510451045077e-01 1.045104510451045077e-01 1.045104510451045077e-01
3.407155025553662564e-02 6.643952299829641861e-02 7.325383304940374929e-02 7.580919931856899829e-02 7.580919931856899829e-02 7.580919931856899829e-02 7.580919931856899829e-02 7.666098807495741463e-02 7.666098807495741463e-02 7.666098807495741463e-02
3.212520593080724768e-02 4.942339373970346117e-02 5.189456342668863353e-02 5.436573311367380590e-02 5.436573311367380590e-02 5.601317957166392081e-02 5.601317957166392081e-02 5.683690280065897826e-02 5.683690280065897826e-02 5.683690280065897826e-02
2.314814814814814825e-01 2.993827160493827133e-01 3.076131687242798507e-01 3.086419753086419582e-01 3.086419753086419582e-01 3.096707818930041212e-01 3.117283950617283916e-01 3.127572016460905546e-01 3.127572016460905546e-01 3.158436213991769326e-01
2.226606538895152254e-01 2.784667418263810368e-01 2.874859075535513009e-01 2.897406989853438808e-01 2.897406989853438808e-01 2.908680947012401430e-01 2.919954904171364052e-01 2.925591882750845363e-01 2.953776775648252473e-01 2.959413754227733784e-01
2.436868686868686740e-01 3.188131313131313260e-01 3.270202020202020443e-01 3.282828282828282873e-01 3.289141414141414366e-01 3.301767676767676796e-01 3.308080808080808288e-01 3.308080808080808288e-01 3.314393939393939226e-01 3.320707070707070718e-01
3.355654761904761640e-01 4.241071428571428492e-01 4.352678571428571508e-01 4.367559523809523836e-01 4.375000000000000000e-01 4.389880952380952328e-01 4.419642857142856984e-01 4.427083333333333148e-01 4.441964285714285476e-01 4.449404761904761640e-01
3.559670781893004010e-01 4.516460905349794497e-01 4.567901234567900981e-01 4.598765432098765316e-01 4.609053497942386945e-01 4.609053497942386945e-01 4.650205761316872355e-01 4.670781893004115060e-01 4.681069958847736689e-01 4.691358024691357764e-01
1.607096269240803621e-01 2.684581267936342330e-01 2.979389512131489504e-01 3.138533785546569477e-01 3.175058700756587804e-01 3.206365770936603354e-01 3.240281763631620016e-01 3.271588833811635566e-01 3.321158361596660558e-01 3.342029741716671110e-01
6.444038612053222537e-02 1.252282807200626180e-01 1.528828593790764467e-01 1.627967649360813895e-01 1.674928254630837499e-01 1.698408557265849161e-01 1.708844247325854437e-01 1.729715627445864989e-01 1.747978085050873875e-01 1.761022697625880540e-01
6.417949386903208653e-02 1.184450821810592164e-01 1.455778763370727813e-01 1.565353509000782795e-01 1.641012261935820560e-01 1.687972867205843885e-01 1.708844247325854437e-01 1.729715627445864989e-01 1.758413775110879151e-01 1.800156535350899978e-01
8.348552048004173956e-03 1.695799634750847981e-02 2.504565614401252360e-02 2.974171667101487004e-02 3.104617792851552260e-02 3.261153143751630706e-02 3.443777719801721648e-02 3.522045395251761218e-02 3.678580746151838970e-02 3.678580746151838970e-02
6.522306287503261066e-03 1.617531959300808758e-02 2.295851813201147881e-02 2.556744064701278393e-02 2.791547091051395715e-02 2.921993216801460971e-02 3.026350117401513037e-02 3.104617792851552260e-02 3.156796243151578640e-02 3.261153143751630706e-02
5.574944071588366912e-02 1.501565995525727115e-01 1.991946308724832082e-01 2.117225950782997690e-01 2.168232662192393634e-01 2.213870246085011262e-01 2.242505592841163298e-01 2.271140939597315334e-01 2.291722595078299896e-01 2.306935123042505587e-01
4.922352941176470764e-02 1.075764705882352873e-01 1.328941176470588292e-01 1.400470588235294134e-01 1.430588235294117661e-01 1.456000000000000072e-01 1.473882352941176532e-01 1.483294117647058763e-01 1.495529411764705829e-01 1.504941176470588338e-01
3.444705882352941395e-02 7.529411764705881693e-02 9.214117647058824023e-02 9.760000000000000620e-02 9.938823529411765223e-02 1.012705882352941122e-01 1.027764705882352886e-01 1.037176470588235255e-01 1.050352941176470600e-01 1.062588235294117667e-01
1.119999999999999989e-02 2.428235294117647020e-02 3.143529411764706127e-02 3.275294117647058884e-02 3.350588235294117700e-02 3.425882352941176517e-02 3.463529411764705579e-02 3.501176470588235334e-02 3.529411764705882304e-02 3.576470588235294151e-02
2.164705882352940987e-03 4.517647058823529016e-03 5.741176470588235659e-03 6.023529411764706222e-03 6.117647058823529743e-03 6.117647058823529743e-03 6.211764705882353264e-03 6.211764705882353264e-03 6.211764705882353264e-03 6.211764705882353264e-03
3.586350974930362090e-02 1.038765088207985188e-01 1.369545032497678783e-01 1.426415970287836510e-01 1.446146703806870937e-01 1.462395543175487589e-01 1.471680594243268414e-01 1.480965645311049239e-01 1.493732590529247839e-01 1.498375116063138390e-01
1.313542624458163572e-03 2.364376724024694430e-03 8.800735583869696149e-03 1.447523972152896243e-01 3.034283462498358341e-01 3.508472349927755363e-01 3.538683830290292875e-01 3.566268225403914083e-01 3.605674504137659220e-01 3.651648495993695120e-01
6.567713122290817860e-04 3.152502298699593006e-03 1.615657428083541389e-02 4.649940890581899522e-02 6.804150794693288040e-02 7.119401024563247471e-02 7.211349008275318162e-02 7.395244975699460932e-02 7.474057533166951484e-02 7.539734664389859120e-02
1.576251149349796503e-03 2.364376724024694430e-03 3.940627873374491150e-03 4.571128333114409664e-02 2.166031787731511893e-01 3.714698541967687007e-01 3.817154866675423475e-01 3.859188230658084917e-01 3.905162222514120818e-01 3.955076842243530622e-01
4.909782742113661660e-04 7.364674113170491948e-04 2.209402233951147584e-03 3.424573462624278669e-02 1.092426660120289633e-01 1.612863630784337754e-01 1.646004664293604924e-01 1.659506566834417496e-01 1.680373143488400611e-01 1.692647600343684666e-01
1.719901719901719903e-02 3.624078624078624217e-02 4.299754299754299930e-02 4.606879606879606820e-02 4.791154791154791232e-02 4.914004914004913710e-02 5.159705159705159361e-02 5.343980343980343772e-02 5.405405405405405705e-02 5.405405405405405705e-02
5.958230958230958246e-02 1.081081081081081141e-01 1.277641277641277662e-01 1.345208845208845094e-01 1.388206388206388309e-01 1.443488943488943355e-01 1.474201474201474182e-01 1.480343980343980237e-01 1.498771498771498678e-01 1.523341523341523451e-01
2.702702702702702853e-02 7.186732186732186500e-02 9.213759213759213640e-02 9.643734643734644396e-02 9.766584766584766875e-02 1.044226044226044259e-01 1.062653562653562700e-01 1.062653562653562700e-01 1.062653562653562700e-01 1.062653562653562700e-01
1.289926289926289840e-02 2.948402948402948504e-02 3.746928746928746695e-02 3.931203931203931107e-02 3.931203931203931107e-02 4.054054054054054279e-02 4.176904176904176758e-02 4.299754299754299930e-02 4.545454545454545581e-02 4.606879606879606820e-02
2.149877149877149965e-02 3.439803439803439805e-02 4.176904176904176758e-02 4.484029484029484341e-02 4.729729729729729992e-02 4.852579852579852471e-02 4.914004914004913710e-02 4.914004914004913710e-02 4.975429975429975643e-02 5.282555282555282533e-02
2.415856394913986627e-01 3.287210172026925892e-01 3.500373971578160104e-01 3.575168287210171991e-01 3.601346297681376485e-01 3.627524308152580423e-01 3.638743455497382429e-01 3.646222887060583395e-01 3.668661181750186850e-01 3.676140613313388372e-01
2.445511636497968155e-01 3.243442925748060701e-01 3.405984484669375423e-01 3.465090506095308553e-01 3.494643516808275119e-01 3.531584780199482632e-01 3.542667159216845163e-01 3.546361285555966192e-01 3.550055411895086666e-01 3.561137790912449197e-01
2.535098275170477589e-01 3.393501805054151554e-01 3.598074608904933691e-01 3.670276774969915556e-01 3.706377858002406489e-01 3.722422783794624990e-01 3.734456478138788449e-01 3.742478941034897977e-01 3.750501403931006950e-01 3.758523866827115922e-01
2.649950835791543557e-01 3.431661750245821318e-01 3.643067846607669358e-01 3.716814159292035624e-01 3.770894788593903701e-01 3.795476892822025605e-01 3.800393313667649875e-01 3.810226155358898970e-01 3.820058997050147509e-01 3.839724680432645143e-01
1.592920353982300863e-01 2.153392330383480935e-01 2.320550639134709991e-01 2.354965585054080712e-01 2.384464110127826886e-01 2.418879056047197607e-01 2.438544739429695241e-01 2.453294001966568327e-01 2.458210422812192597e-01 2.458210422812192597e-01
5.398230088495574730e-01 7.190265486725663235e-01 7.464970501474926801e-01 7.531342182890855552e-01 7.558997050147492347e-01 7.575589970501475090e-01 7.590339233038347899e-01 7.595870206489675480e-01 7.599557522123894238e-01 7.601401179941003061e-01
5.395176252319109356e-01 7.139146567717996605e-01 7.439703153988868056e-01 7.497217068645639637e-01 7.512059369202226389e-01 7.536178107606679166e-01 7.539888682745825577e-01 7.543599257884971987e-01 7.547309833024118397e-01 7.556586270871985533e-01
3.430136986301369761e-01 5.099543378995433640e-01 5.488584474885844777e-01 5.632876712328767077e-01 5.662100456621004252e-01 5.689497716894976742e-01 5.709589041095890494e-01 5.711415525114155178e-01 5.713242009132419863e-01 5.715068493150684548e-01
2.486109803182973838e-02 5.452490818344477019e-02 7.015726527921649358e-02 7.778510217534607973e-02 7.957434786703079799e-02 8.155193521047179872e-02 8.230530181749694252e-02 8.230530181749694252e-02 8.268198512100950748e-02 8.268198512100950748e-02
8.551208964025948725e-03 2.182032632199724931e-02 3.105956359347356033e-02 3.538431295459013026e-02 3.626892077845488699e-02 3.764497739335561505e-02 3.784155690977000080e-02 3.833300570080597908e-02 3.862787497542755771e-02 3.872616473363475753e-02
1.796846351301796887e-02 3.447011367803447246e-02 4.070407040704070167e-02 4.547121378804547254e-02 4.620462046204620171e-02 4.657132379904656977e-02 4.730473047304730588e-02 4.803813714704803506e-02 4.877154382104877117e-02 4.913824715804913923e-02
3.522818254603683058e-02 7.485988791032825718e-02 8.767013610888710340e-02 9.327461969575660816e-02 9.567654123298638402e-02 9.727782225780624847e-02 9.807846277021617376e-02 9.887910328262609905e-02 9.927942353883106863e-02 9.927942353883106863e-02
6.801107156979042945e-02 1.352313167259786564e-01 1.637010676156583633e-01 1.751680506128904802e-01 1.775405298536971155e-01 1.810992487149070684e-01 1.834717279557137315e-01 1.846579675761170491e-01 1.858442071965203668e-01 1.886120996441281172e-01
1.058438904781364986e-01 2.284429914180629295e-01 2.864732325296281412e-01 3.097670617082141642e-01 3.203923171230077527e-01 3.244789538210053337e-01 3.257049448304045747e-01 3.310175725378013967e-01 3.342868818961994282e-01 3.383735185941969537e-01
8.603031544448996870e-03 3.318312167144613078e-02 4.629250307251126656e-02 5.079885292912740546e-02 5.161818926669398122e-02 5.325686194182711886e-02 5.325686194182711886e-02 5.448586644817697555e-02 5.489553461696026343e-02 5.489553461696026343e-02
5.157183684073785718e-02 1.114575214341387427e-01 1.415952195375422273e-01 1.527669524551831526e-01 1.562743569758378859e-01 1.595219537542218735e-01 1.608209924655754630e-01 1.623798389191997982e-01 1.641984931150948235e-01 1.656274356975837858e-01
4.663548973759418237e-02 9.742790335151987891e-02 1.230189659651857587e-01 1.287347362951415941e-01 1.319823330735255817e-01 1.345804104962327885e-01 1.354897375941803150e-01 1.356196414653156601e-01 1.363990646921278138e-01 1.371784879189399953e-01
4.975318264484281799e-02 9.236165237724083821e-02 1.126266562743569732e-01 1.191218498311249624e-01 1.231488698363211176e-01 1.256170433878929515e-01 1.270459859703819139e-01 1.280852169394647855e-01 1.293842556508184027e-01 1.295141595219537478e-01
2.987789036113276328e-02 6.469212782540920137e-02 8.248895817095348859e-02 8.677578591842037559e-02 8.846453624318004194e-02 8.963367108339828637e-02 9.054299818134579902e-02 9.054299818134579902e-02 9.093270979475188975e-02 9.119251753702260765e-02
0.000000000000000000e+00 1.299038711353598448e-04 2.598077422707196897e-04 3.897116134060795074e-04 5.196154845414393793e-04 5.196154845414393793e-04 5.196154845414393793e-04 5.196154845414393793e-04 5.196154845414393793e-04 5.196154845414393793e-04
1.788424019076522917e-02 4.476479514415781374e-02 5.565792326035118309e-02 5.858443529156730917e-02 5.955993930197268915e-02 6.058963797962280823e-02 6.145675265553869615e-02 6.237806199869933010e-02 6.264903533492303944e-02 6.297420333839150175e-02
2.102230700354264670e-03 2.016584264413905786e-02 3.355783080935881985e-02 3.803480359715030734e-02 3.854089617316151795e-02 3.920270954179156525e-02 3.939736053256510939e-02 3.978666251411219767e-02 4.005917390119515670e-02 4.048740608089695242e-02
3.275631818983546222e-04 6.778038148512107244e-03 2.015773427066797768e-02 2.749011011162345516e-02 2.877516567137853795e-02 2.910272885327689144e-02 2.937989769949857569e-02 2.965706654572025994e-02 2.988384105626527495e-02 3.018620707032529382e-02
9.228284692582766808e-05 1.430384127350328672e-03 8.605375475833430127e-03 2.454723728227015817e-02 2.678509632022147910e-02 2.729265197831353199e-02 2.752335909562809990e-02 2.773099550121121276e-02 2.786941977159995351e-02 2.816933902410889354e-02
2.297794117647058792e-05 8.042279411764705500e-04 5.422794117647058640e-03 2.971047794117646912e-02 3.547794117647058709e-02 3.642003676470588480e-02 3.674172794117647189e-02 3.697150735294117696e-02 3.727022058823529355e-02 3.749999999999999861e-02
1.978691019786910088e-01 2.942161339421613397e-01 3.173515981735159919e-01 3.226788432267884144e-01 3.260273972602739656e-01 3.283105022831050435e-01 3.307458143074581414e-01 3.325722983257229926e-01 3.340943683409436926e-01 3.347031963470319393e-01
2.891933028919330215e-03 1.004566210045662079e-02 1.339421613394216164e-02 1.491628614916286170e-02 1.537290715372907103e-02 1.582952815829528209e-02 1.598173515981735071e-02 1.628614916286149142e-02 1.628614916286149142e-02 1.689497716894977283e-02
3.957382039573820523e-03 1.141552511415525051e-02 1.369863013698630061e-02 1.506849315068493206e-02 1.537290715372907103e-02 1.552511415525114138e-02 1.613394216133942280e-02 1.613394216133942280e-02 1.628614916286149142e-02 1.674277016742770074e-02
4.414003044140030717e-03 1.156773211567732086e-02 1.445966514459665064e-02 1.582952815829528209e-02 1.628614916286149142e-02 1.643835616438356004e-02 1.689497716894977283e-02 1.689497716894977283e-02 1.704718417047184145e-02 1.735159817351598216e-02
3.216664304945444225e-02 6.064900099192291338e-02 7.170185631288082673e-02 7.524443814652118090e-02 7.552784469321241478e-02 7.651976760663171950e-02 7.779509706674224423e-02 7.793680034008786117e-02 7.836191016012469812e-02 7.850361343347031506e-02
3.704057279236276923e-01 6.510739856801909253e-01 6.749403341288783276e-01 6.773269689737470012e-01 6.811455847255369900e-01 6.854415274463007135e-01 6.887828162291169676e-01 6.911694510739856412e-01 6.978520286396181493e-01 7.016706443914081381e-01
2.534606205250596878e-01 4.830548926014319733e-01 5.116945107398568338e-01 5.169451073985680267e-01 5.202863961813842808e-01 5.245823389021480043e-01 5.274463007159904127e-01 5.326968973747017166e-01 5.398568019093078485e-01 5.412887828162291637e-01
1.532219570405727871e-01 2.902147971360382050e-01 3.112171837708830324e-01 3.159904534606205462e-01 3.198090692124104795e-01 3.250596658711217279e-01 3.293556085918854515e-01 3.326968973747016500e-01 3.355608591885441694e-01 3.384248210023866332e-01
7.971360381861575251e-02 1.871121718377088405e-01 2.114558472553699220e-01 2.147971360381861483e-01 2.186157517899761371e-01 2.214797136038186287e-01 2.243436754176610926e-01 2.257756563245823522e-01 2.286396181384248161e-01 2.300715990453460758e-01
5.202863961813842392e-02 7.684964200477327478e-02 8.400954653937947603e-02 8.639618138424820515e-02 8.735083532219570235e-02 8.830548926014319955e-02 8.926014319809069675e-02 9.021479713603818007e-02 9.069212410501192867e-02 9.164677804295942587e-02
1.818805765271105102e-01 2.882635552505147802e-01 3.239533287577213705e-01 3.356211393273850208e-01 3.369938229238160776e-01 3.390528483184626074e-01 3.404255319148936088e-01 3.431708991077556670e-01 3.452299245024021968e-01 3.500343170899107847e-01
8.002832861189801417e-02 1.232294617563739342e-01 1.480169971671388141e-01 1.522662889518413554e-01 1.529745042492917928e-01 1.558073654390934870e-01 1.579320113314447716e-01 1.593484419263456187e-01 1.600566572237960283e-01 1.600566572237960283e-01
2.796173657100809590e-02 3.605592347314201529e-02 4.562178072111847116e-02 5.003679175864606671e-02 5.077262693156733148e-02 5.077262693156733148e-02 5.077262693156733148e-02 5.077262693156733148e-02 5.224429727740986101e-02 5.298013245033112578e-02
3.016924208977189020e-02 3.973509933774834607e-02 4.488594554819720639e-02 4.930095658572479500e-02 5.003679175864606671e-02 5.077262693156733148e-02 5.077262693156733148e-02 5.077262693156733148e-02 5.150846210448859624e-02 5.224429727740986101e-02
2.722590139808682766e-02 3.384841795437822098e-02 3.532008830022075052e-02 3.532008830022075052e-02 3.605592347314201529e-02 3.679175864606328006e-02 3.826342899190581653e-02 3.826342899190581653e-02 3.899926416482708130e-02 3.899926416482708130e-02
1.761619190404797586e-01 2.488755622188905670e-01 2.661169415292353735e-01 2.706146926536731612e-01 2.721139430284857386e-01 2.728635682158920273e-01 2.728635682158920273e-01 2.728635682158920273e-01 2.743628185907046602e-01 2.751124437781109489e-01
1.161919040479760107e-01 1.589205397301349243e-01 1.664167916041978945e-01 1.664167916041978945e-01 1.671664167916042110e-01 1.671664167916042110e-01 1.679160419790104997e-01 1.679160419790104997e-01 1.679160419790104997e-01 1.679160419790104997e-01
7.496251874062968834e-02 1.049475262368815554e-01 1.094452773613193430e-01 1.094452773613193430e-01 1.109445277361319343e-01 1.116941529235382369e-01 1.116941529235382369e-01 1.124437781109445256e-01 1.131934032983508281e-01 1.131934032983508281e-01
4.347826086956521618e-02 6.896551724137930939e-02 7.421289355322338577e-02 7.796101949025487088e-02 7.871064467766117345e-02 7.871064467766117345e-02 7.946026986506746215e-02 7.946026986506746215e-02 7.946026986506746215e-02 8.020989505247376472e-02
4.047976011994002671e-02 6.746626686656671812e-02 7.496251874062968834e-02 7.721139430284858218e-02 7.796101949025487088e-02 7.796101949025487088e-02 7.796101949025487088e-02 7.796101949025487088e-02 7.796101949025487088e-02 7.796101949025487088e-02
4.946043165467625680e-01 6.978417266187050272e-01 7.356115107913668849e-01 7.392086330935251359e-01 7.446043165467626235e-01 7.482014388489208745e-01 7.500000000000000000e-01 7.517985611510791255e-01 7.517985611510791255e-01 7.517985611510791255e-01
4.183864915572232390e-01 6.097560975609755962e-01 6.716697936210130893e-01 6.848030018761726012e-01 6.885553470919324459e-01 6.904315196998124238e-01 6.904315196998124238e-01 6.904315196998124238e-01 6.904315196998124238e-01 6.941838649155722685e-01
3.950850661625708860e-01 5.803402646502835438e-01 6.408317580340264774e-01 6.578449905482041116e-01 6.672967863894140317e-01 6.672967863894140317e-01 6.672967863894140317e-01 6.672967863894140317e-01 6.691871455576559047e-01 6.748582230623818567e-01
2.868852459016393297e-01 4.573770491803278437e-01 5.229508196721311952e-01 5.393442622950819221e-01 5.393442622950819221e-01 5.459016393442622794e-01 5.459016393442622794e-01 5.508196721311475752e-01 5.508196721311475752e-01 5.540983606557376984e-01
3.316498316498316390e-01 5.151515151515151381e-01 5.808080808080807733e-01 5.976430976430976427e-01 6.043771043771043461e-01 6.094276094276094291e-01 6.111111111111111605e-01 6.111111111111111605e-01 6.127946127946127808e-01 6.161616161616161325e-01
2.891396332863187535e-01 3.984485190409026711e-01 4.344146685472496383e-01 4.421720733427362271e-01 4.442877291960507513e-01 4.471086036671368391e-01 4.492242595204513633e-01 4.506346967559943795e-01 4.520451339915373956e-01 4.527503526093089037e-01
2.413793103448275967e-01 3.635057471264367956e-01 4.037356321839080664e-01 4.102011494252873480e-01 4.166666666666666852e-01 4.173850574712643646e-01 4.188218390804597790e-01 4.216954022988505524e-01 4.224137931034482873e-01 4.245689655172413812e-01
1.810790835181079195e-01 2.919438285291943713e-01 3.259423503325942217e-01 3.429416112342941747e-01 3.466371027346636935e-01 3.495934959349593640e-01 3.518107908351810753e-01 3.555062823355506496e-01 3.577235772357723609e-01 3.599408721359940722e-01
1.791044776119402882e-01 2.820895522388059962e-01 3.201492537313432862e-01 3.373134328358208811e-01 3.432835820895522305e-01 3.492537313432835799e-01 3.507462686567164312e-01 3.522388059701492269e-01 3.544776119402985315e-01 3.597014925373134275e-01
2.238805970149253810e-01 3.313432835820895317e-01 3.694029850746268773e-01 3.768656716417910224e-01 3.828358208955223718e-01 3.880597014925373234e-01 3.940298507462686728e-01 3.962686567164179219e-01 3.977611940298507731e-01 4.007462686567164201e-01
6.853352984524686831e-02 1.293294030950626339e-01 1.451731761238025109e-01 1.477523949889462118e-01 1.477523949889462118e-01 1.488577745025792265e-01 1.492262343404568981e-01 1.495946941783345696e-01 1.503316138540899127e-01 1.503316138540899127e-01
6.765398855604173867e-02 1.443958263211040094e-01 1.723325479636486079e-01 1.787277011107371305e-01 1.817569841804106412e-01 1.831033322113766459e-01 1.837765062268596483e-01 1.854594412655671543e-01 1.861326152810501566e-01 1.861326152810501566e-01
3.811733510109380219e-02 9.744779582366588921e-02 1.223069274113357668e-01 1.302618495193901271e-01 1.335764003977460979e-01 1.358965860125952996e-01 1.362280411004308800e-01 1.382167716274444735e-01 1.385482267152800817e-01 1.385482267152800817e-01
2.292176039119804554e-02 7.334963325183374572e-02 1.057457212713936445e-01 1.121638141809290917e-01 1.139975550122249437e-01 1.167481662591687008e-01 1.182762836185819039e-01 1.185819070904645528e-01 1.191931540342298229e-01 1.198044009779951069e-01
1.369455194998511413e-02 5.061030068472759796e-02 7.383149746948496073e-02 8.038106579339089619e-02 8.335814230425721283e-02 8.603751116403692001e-02 8.693063411729681778e-02 8.782375707055671554e-02 8.841917237272997609e-02 8.931229532598987386e-02
2.852045670789724041e-01 3.515699333967650109e-01 3.594196003805898987e-01 3.617982873453853276e-01 3.625118934348239841e-01 3.632254995242625850e-01 3.637012369172216708e-01 3.641769743101807566e-01 3.653663177925784988e-01 3.663177925784966704e-01
4.044605183845690344e-01 5.069318866787221323e-01 5.209965842877235520e-01 5.248141450673096120e-01 5.272252360859955855e-01 5.278280088406670512e-01 5.288326300984529382e-01 5.298372513562387143e-01 5.314446453686959559e-01 5.326501908780389982e-01
4.269592476489028066e-01 5.285266457680251051e-01 5.423197492163009947e-01 5.471264367816092156e-01 5.492163009404388285e-01 5.515151515151515138e-01 5.536050156739812378e-01 5.546499477533960443e-01 5.552769070010449282e-01 5.563218390804597346e-01
4.262607040913415912e-01 5.354424357754519193e-01 5.480494766888677205e-01 5.535204567078972904e-01 5.547098001902949216e-01 5.563748810656518051e-01 5.580399619410085776e-01 5.597050428163653502e-01 5.606565176022835217e-01 5.618458610846812640e-01
2.388201712654614561e-01 3.087535680304471786e-01 3.208848715509038940e-01 3.235014272121788936e-01 3.258801141769743226e-01 3.265937202664129235e-01 3.294481446241674383e-01 3.308753568030446957e-01 3.325404376784015237e-01 3.332540437678401246e-01
4.417109309477215695e-02 9.393346379647748989e-02 1.100083869164104056e-01 1.150405367626502612e-01 1.168577019849035559e-01 1.175566116857701959e-01 1.182555213866368499e-01 1.188146491473301702e-01 1.190942130276768235e-01 1.204920324294101175e-01
2.548225768040009512e-02 5.548940223862824234e-02 6.715884734460586536e-02 7.073112645868064041e-02 7.239819004524887525e-02 7.323172183853297879e-02 7.370802572040961731e-02 7.406525363181709620e-02 7.406525363181709620e-02 7.418432960228625583e-02
1.393101898663071624e-02 3.201887428378833583e-02 3.808560835861139054e-02 4.078193461408830683e-02 4.134366925064599657e-02 4.235479159644983671e-02 4.280417930569598711e-02 4.291652623300752645e-02 4.325356701494214445e-02 4.336591394225367685e-02
8.134490238611713150e-03 1.930585683297179889e-02 2.440347071583514119e-02 2.548806941431670109e-02 2.581344902386117218e-02 2.613882863340563981e-02 2.613882863340563981e-02 2.613882863340563981e-02 2.624728850325379684e-02 2.635574837310195387e-02
5.969512845112461517e-03 1.662935721138471268e-02 2.185268095085811726e-02 2.249227161283445103e-02 2.313186227481078827e-02 2.345165760579895689e-02 2.355825604946167745e-02 2.366485449312440148e-02 2.387805138044984607e-02 2.387805138044984607e-02
8.807339449541285240e-03 4.183486238532110185e-02 7.963302752293577313e-02 9.357798165137615198e-02 9.541284403669725300e-02 9.798165137614678333e-02 9.908256880733945504e-02 9.981651376146788435e-02 9.981651376146788435e-02 1.001834862385321129e-01
2.028985507246376663e-02 5.169082125603864653e-02 6.859903381642512565e-02 7.198067632850241315e-02 7.342995169082125462e-02 7.439613526570047763e-02 7.632850241545893755e-02 7.729468599033816056e-02 7.777777777777777901e-02 7.971014492753622505e-02
4.830917874396135144e-04 5.314009661835749146e-03 1.111111111111111154e-02 1.690821256038647219e-02 2.173913043478260809e-02 2.270531400966183458e-02 2.270531400966183458e-02 2.318840579710144956e-02 2.318840579710144956e-02 2.367149758454106453e-02
1.932367149758454057e-03 7.246376811594202987e-03 1.352657004830917949e-02 1.787439613526570215e-02 2.028985507246376663e-02 2.270531400966183458e-02 2.318840579710144956e-02 2.318840579710144956e-02 2.415458937198067604e-02 2.463768115942029102e-02
2.065009560229445415e-02 3.365200764818355311e-02 3.862332695984703468e-02 4.053537284894837694e-02 4.130019120458890830e-02 4.168260038240918092e-02 4.244741873804971227e-02 4.244741873804971227e-02 4.244741873804971227e-02 4.282982791586997795e-02
3.672043010752688019e-01 5.241935483870967527e-01 5.543010752688172227e-01 5.591397849462365066e-01 5.623655913978494736e-01 5.650537634408602239e-01 5.688172043010752965e-01 5.715053763440860468e-01 5.747311827956989028e-01 5.779569892473118697e-01
6.253398586188145536e-02 1.169113648722131527e-01 1.343121261555192958e-01 1.441000543773790221e-01 1.479064709081022166e-01 1.500815660685154984e-01 1.506253398586188119e-01 1.511691136487221254e-01 1.538879825992387207e-01 1.555193039695486612e-01
2.120717781402936541e-02 4.187058183795541039e-02 4.513322457857531222e-02 4.567699836867863267e-02 4.730831973898858012e-02 4.730831973898858012e-02 4.730831973898858012e-02 4.893964110929853450e-02 5.002718868950516845e-02 5.111473626971180240e-02
5.057096247960848195e-02 9.026644915715062445e-02 1.065796628602501406e-01 1.158238172920065256e-01 1.201740076128330614e-01 1.212615551930397023e-01 1.234366503534529702e-01 1.256117455138662242e-01 1.266992930940728790e-01 1.294181620445894465e-01
1.631321370309950919e-02 2.392604676454595028e-02 2.610114192495921817e-02 2.882001087547580304e-02 3.045133224578575395e-02 3.153887982599238443e-02 3.153887982599238443e-02 3.262642740619901838e-02 3.371397498640565232e-02 3.425774877650897277e-02
2.384191771946873872e-01 3.460749379116725977e-01 3.706943094698196828e-01 3.767411726595399912e-01 3.800885433538494507e-01 3.824640967498110222e-01 3.840837922470575760e-01 3.859194471439369445e-01 3.873231832415505727e-01 3.890508584386135338e-01
1.578663211316272408e-01 2.478134110787172106e-01 2.700572292409026964e-01 2.738365187344778962e-01 2.764280315300723379e-01 2.783716661267681691e-01 2.793434834251160570e-01 2.802073210236475376e-01 2.813950977216283511e-01 2.820429759205269615e-01
1.157542382032177991e-01 1.946873987690314334e-01 2.157434402332361612e-01 2.209264658244250168e-01 2.233020192203865606e-01 2.249217147176330867e-01 2.266493899146960478e-01 2.278371666126768058e-01 2.280531260123096760e-01 2.295648418097397669e-01
7.180650037792894735e-02 1.362703811683403654e-01 1.536551128387863008e-01 1.574344023323615283e-01 1.592700572292408967e-01 1.609977324263038578e-01 1.615376309253860332e-01 1.625094482237339488e-01 1.640211640211640121e-01 1.647770219198790576e-01
4.060036713097937844e-02 8.595184105388187223e-02 1.009610193283662638e-01 1.040924306230428670e-01 1.057121261202893792e-01 1.070078825180866000e-01 1.078717201166180806e-01 1.087355577151495473e-01 1.090594968145988525e-01 1.098153547133138980e-01
1.558516801853997713e-01 2.798377752027809695e-01 3.534183082271147303e-01 3.777520278099652518e-01 3.789107763615295332e-01 3.823870220162224887e-01 3.835457705677867701e-01 3.858632676709153886e-01 3.864426419466975848e-01 3.876013904982618663e-01
4.536166734777278414e-02 1.528402125051082916e-01 2.206783816918675978e-01 2.431548835308540990e-01 2.476501838986513993e-01 2.492848385778504428e-01 2.517368205966489803e-01 2.529628116060482212e-01 2.541888026154474622e-01 2.550061299550470117e-01
2.320185614849187838e-02 7.921776599270799468e-02 1.286045740802121418e-01 1.471660589990056445e-01 1.501491547895260070e-01 1.524693404043752087e-01 1.534637056678820055e-01 1.547895260192243827e-01 1.547895260192243827e-01 1.551209811070599909e-01
1.304215953897482592e-02 4.640582347588716877e-02 7.249014255383681715e-02 8.280254777070063243e-02 8.401577191386108701e-02 8.553230209281165175e-02 8.613891416439187210e-02 8.735213830755232667e-02 8.826205641492265719e-02 8.826205641492265719e-02
2.128306476132563012e-03 5.472788081483733955e-03 1.550623289753724592e-02 2.341137123745819226e-02 2.553967771359075614e-02 2.675585284280936407e-02 2.888415931894192795e-02 3.070842201276983985e-02 3.253268470659775174e-02 3.374885983581635968e-02
5.166051660516605450e-03 1.992619926199262065e-02 3.394833948339483209e-02 4.723247232472324586e-02 5.535055350553505504e-02 6.125461254612546425e-02 6.494464944649445959e-02 6.494464944649445959e-02 6.568265682656826421e-02 6.715867158671587345e-02
1.005025125628140718e-02 5.087939698492462137e-02 8.165829145728643879e-02 9.610552763819095456e-02 1.055276381909547728e-01 1.136934673366834236e-01 1.180904522613065305e-01 1.199748743718593025e-01 1.218592964824120606e-01 1.231155778894472419e-01
2.214022140221402150e-03 5.904059040590405733e-03 1.476014760147601433e-02 2.509225092250922523e-02 3.173431734317343211e-02 3.616236162361623901e-02 3.616236162361623901e-02 3.911439114391143668e-02 3.985239852398524130e-02 3.985239852398524130e-02
0.000000000000000000e+00 9.558823529411765441e-03 2.573529411764705760e-02 4.558823529411764469e-02 4.852941176470588341e-02 5.294117647058823456e-02 5.441176470588235392e-02 5.588235294117647328e-02 5.808823529411764885e-02 5.808823529411764885e-02
4.569190600522193488e-03 2.937336814621410025e-02 6.396866840731070536e-02 9.268929503916449597e-02 1.005221932114882533e-01 1.083550913838120106e-01 1.122715404699738961e-01 1.129242819843341988e-01 1.148825065274151486e-01 1.174934725848564010e-01
1.631186065800387108e-02 5.695327619574232919e-02 8.847110865358032150e-02 1.011888305225324830e-01 1.039535526679568750e-01 1.047829693115841926e-01 1.050594415261266179e-01 1.050594415261266179e-01 1.056123859552114963e-01 1.058888581697539355e-01
1.386481802426343208e-03 1.317157712305025950e-02 3.466204506065857782e-02 4.679376083188908214e-02 4.956672443674176726e-02 5.025996533795493854e-02 5.129982668977469545e-02 5.164644714038128109e-02 5.199306759098786673e-02 5.303292894280762365e-02
1.575795776867318018e-02 9.990545225338795521e-02 1.771194453198865482e-01 1.991805861960289914e-01 2.045382918373778725e-01 2.051686101481247915e-01 2.054837693034982649e-01 2.064292467696186573e-01 2.064292467696186573e-01 2.073747242357390497e-01
8.980115458627325672e-03 8.082103912764593279e-02 1.642078255291853639e-01 1.911481719050673600e-01 1.930724823604874907e-01 1.953175112251443191e-01 1.956382296343810168e-01 1.959589480436177145e-01 1.959589480436177145e-01 1.969211032713277798e-01
6.029831799428752616e-03 4.919073310060298465e-02 1.050460171374166946e-01 1.298000634719136681e-01 1.342430974293875034e-01 1.345604569977784937e-01 1.348778165661694561e-01 1.351951761345604464e-01 1.355125357029514366e-01 1.361472548397334170e-01
6.711409395973154000e-04 4.697986577181207692e-03 2.259507829977628474e-02 7.225950782997762889e-02 2.382550335570469691e-01 4.402684563758389458e-01 4.635346756152125547e-01 4.664429530201342211e-01 4.682326621923937338e-01 4.697986577181207934e-01
7.743933918430562224e-04 6.840474961280330543e-03 2.000516262261228806e-02 9.641197728446050663e-02 1.818533815178110524e-01 1.942436757872999520e-01 1.957924625709860644e-01 1.970831182240578294e-01 1.977284460505936980e-01 1.991481672689726368e-01
1.305312622373058459e-04 2.219031458034199326e-03 1.383631379715441825e-02 4.320584780054823049e-02 8.445372666753687974e-02 1.371883566114084352e-01 1.574207022581908255e-01 1.591176086672758117e-01 1.595092024539877251e-01 1.600313275029369431e-01
2.109259649862898134e-04 2.109259649862898134e-04 2.109259649862898134e-04 4.218519299725796267e-04 1.054629824931448958e-03 2.742037544821767682e-03 3.142796878295717883e-02 6.053575195106517676e-02 6.433241932081838754e-02 6.559797511073613141e-02
2.490039840637450156e-04 3.735059760956175451e-03 1.855079681274900485e-02 2.975597609561753121e-02 3.174800796812748960e-02 3.324203187250995839e-02 3.361553784860557559e-02 3.386454183266932039e-02 3.398904382470119279e-02 3.423804780876493759e-02
3.131046613896217856e-01 4.802110817941952492e-01 5.400175901495162245e-01 5.514511873350923521e-01 5.620052770448549229e-01 5.672823218997361527e-01 5.681618293755497096e-01 5.699208443271768232e-01 5.725593667546173826e-01 5.751978891820580531e-01
1.754901960784313597e-01 3.147058823529411686e-01 3.725490196078431460e-01 3.901960784313725505e-01 3.970588235294117418e-01 3.990196078431372806e-01 4.029411764705882470e-01 4.029411764705882470e-01 4.068627450980392135e-01 4.098039215686274384e-01
2.254901960784313694e-02 5.588235294117647328e-02 6.666666666666666574e-02 7.156862745098038769e-02 7.352941176470588480e-02 7.549019607843136803e-02 7.745098039215686514e-02 7.941176470588234837e-02 8.235294117647058709e-02 8.627450980392156743e-02
1.562500000000000000e-01 2.604166666666666852e-01 3.020833333333333148e-01 3.211805555555555802e-01 3.255208333333333148e-01 3.315972222222222099e-01 3.359375000000000000e-01 3.359375000000000000e-01 3.368055555555555802e-01 3.411458333333333148e-01
1.333333333333333315e-01 2.225490196078431238e-01 2.774509803921568762e-01 2.941176470588235392e-01 3.019607843137254721e-01 3.068627450980392357e-01 3.117647058823529438e-01 3.127450980392156854e-01 3.147058823529411686e-01 3.186274509803921351e-01
2.636484687083888168e-01 4.106524633821571069e-01 4.583222370173102300e-01 4.724367509986684421e-01 4.780292942743009088e-01 4.828229027962716580e-01 4.862849533954727299e-01 4.878828229027962760e-01 4.894806924101198220e-01 4.921438082556591209e-01
8.894806924101197887e-02 1.621837549933421996e-01 1.917443408788282178e-01 2.002663115845539354e-01 2.050599201065246291e-01 2.074567243675099759e-01 2.095872170439413984e-01 2.117177097203728486e-01 2.122503328894806973e-01 2.127829560585885460e-01
2.316910785619174379e-02 4.447403462050598943e-02 5.832223701731025639e-02 6.205059920106524574e-02 6.284953395472703264e-02 6.418109187749666822e-02 6.498002663115845512e-02 6.684420772303595326e-02 6.711051930758987760e-02 6.737683089214380194e-02
9.853528628495339392e-03 1.997336884154460659e-02 2.503328894806924193e-02 2.716378162450066441e-02 2.876165113182423475e-02 2.929427430093209037e-02 2.982689747003994599e-02 2.982689747003994599e-02 2.982689747003994599e-02 3.009320905459387380e-02
8.335552596537949832e-02 1.544607190412782827e-01 1.794940079893475315e-01 1.914780292942742934e-01 1.954727030625832140e-01 1.968042609853528635e-01 1.992010652463382103e-01 2.010652463382157085e-01 2.026631158455392823e-01 2.045272969374167804e-01
2.902675014228799366e-01 3.505976095617530097e-01 3.608423449060899069e-01 3.648264086511098236e-01 3.665338645418326768e-01 3.688104723961297404e-01 3.727945361411497127e-01 3.739328400682982445e-01 3.773477518497438954e-01 3.773477518497438954e-01
2.441807393884071198e-01 3.121862163395709988e-01 3.258785942492012921e-01 3.277042446371519757e-01 3.299863076220903579e-01 3.331811958010040819e-01 3.336376083979917806e-01 3.354632587859425197e-01 3.377453217708809019e-01 3.377453217708809019e-01
3.100107642626480087e-01 3.848223896663078847e-01 4.004305705059203468e-01 4.047362755651238153e-01 4.117330462863293961e-01 4.138858988159311303e-01 4.171151776103336761e-01 4.198062432723358439e-01 4.214208826695371446e-01 4.224973089343380117e-01
2.422077922077922052e-01 3.285714285714285698e-01 3.487012987012986787e-01 3.564935064935064735e-01 3.623376623376623473e-01 3.629870129870129691e-01 3.655844155844155674e-01 3.662337662337662447e-01 3.668831168831168665e-01 3.681818181818181657e-01
1.801727684080625391e-01 2.192513368983957101e-01 2.233648704236939619e-01 2.250102838338132460e-01 2.270670505964623720e-01 2.287124640065816561e-01 2.295351707116413120e-01 2.311805841217605961e-01 2.315919374742904102e-01 2.320032908268202521e-01
1.027749229188078131e-03 1.688445162237556946e-02 9.176332403464983190e-02 1.603288797533401755e-01 1.851416825723095072e-01 1.940977829980913283e-01 1.986492438702099628e-01 2.005579210101306742e-01 2.026134194685068335e-01 2.051093818822493087e-01
2.949024013481252749e-03 5.238028366802415653e-02 1.746945653700323065e-01 2.451902822637269941e-01 2.620418480550484319e-01 2.711697795253475429e-01 2.758039601179609335e-01 2.784721247015868317e-01 2.814211487150681257e-01 2.846510321584047043e-01
4.845103509029511160e-03 1.292027602407869701e-02 1.615034503009837169e-02 1.893995008075172529e-02 1.967405667302892305e-02 2.055498458376156176e-02 2.128909117603875953e-02 2.187637644986051982e-02 2.187637644986051982e-02 2.231684040522683918e-02
4.698282190574071086e-03 5.593892233152253368e-02 1.612098076640728350e-01 2.071648803406254680e-01 2.218470121861694233e-01 2.305094699750403764e-01 2.337395389810600632e-01 2.374100719424460382e-01 2.404933196300102771e-01 2.434297459991190682e-01
7.341065922771986343e-03 6.151813243282924781e-02 1.267067978270444983e-01 1.585670239318749120e-01 1.663485538100132055e-01 1.709000146821318400e-01 1.731023344589634472e-01 1.757451181911613702e-01 1.776537953310820817e-01 1.798561151079136611e-01
9.523809523809523281e-02 1.774891774891775020e-01 2.207792207792207695e-01 2.467532467532467522e-01 2.619047619047619180e-01 2.748917748917749093e-01 2.813852813852814050e-01 2.878787878787879007e-01 2.987012987012986898e-01 3.073593073593073322e-01
2.935010482180293659e-02 6.918238993710691676e-02 8.595387840670859481e-02 8.805031446540879936e-02 9.224318658280922234e-02 9.224318658280922234e-02 9.433962264150944077e-02 9.643605870020964532e-02 9.853249475890984987e-02 1.027253668763102729e-01
1.086956521739130405e-02 2.173913043478260809e-02 2.898550724637681195e-02 3.079710144927536378e-02 3.079710144927536378e-02 3.079710144927536378e-02 3.079710144927536378e-02 3.079710144927536378e-02 3.260869565217391214e-02 3.260869565217391214e-02
3.514938488576449700e-03 7.029876977152899400e-03 8.787346221441125552e-03 8.787346221441125552e-03 8.787346221441125552e-03 8.787346221441125552e-03 1.054481546572934997e-02 1.054481546572934997e-02 1.054481546572934997e-02 1.054481546572934997e-02
1.831501831501831500e-03 5.494505494505494934e-03 7.326007326007326001e-03 1.098901098901098987e-02 1.098901098901098987e-02 1.098901098901098987e-02 1.098901098901098987e-02 1.098901098901098987e-02 1.098901098901098987e-02 1.098901098901098987e-02
4.985568092364209281e-03 3.791655733403306167e-02 1.252951981107320867e-01 1.864340068223563351e-01 1.945683547625295107e-01 1.987667278929414749e-01 2.012595119391235865e-01 2.030963001836788295e-01 2.050642875885594352e-01 2.075570716347415468e-01
2.350790126681468004e-03 4.035523050803186546e-02 1.065691524095598863e-01 1.363458273475251503e-01 1.403944103434765500e-01 1.433981977275695374e-01 1.450959905968395025e-01 1.462713856601802198e-01 1.480997779809324899e-01 1.487527752383439872e-01
2.678810608090008254e-04 1.259040985802303836e-02 5.344227163139565751e-02 6.536297883739619619e-02 6.683632467184570658e-02 6.790784891508169774e-02 6.911331368872221381e-02 6.991695687114921065e-02 7.112242164478971285e-02 7.139030270559872104e-02
1.339405304045003910e-03 1.861773372622555628e-02 6.429145459416019115e-02 7.741762657380123203e-02 7.862309134744173422e-02 7.996249665148673358e-02 8.049825877310473610e-02 8.156978301634074113e-02 8.197160460755424649e-02 8.277524778998124333e-02
1.193368767400658087e-01 2.495570741584408891e-01 2.982789167299417787e-01 3.091622374082510505e-01 3.134649455833966036e-01 3.156162996709693802e-01 3.178942039989876012e-01 3.204252088078967109e-01 3.218172614527967657e-01 3.227031131359149319e-01
1.108891108891108951e-01 2.457542457542457592e-01 2.927072927072927322e-01 3.086913086913086746e-01 3.156843156843157083e-01 3.286713286713286442e-01 3.346653346653346572e-01 3.416583416583416355e-01 3.466533466533466279e-01 3.486513486513486693e-01
8.673026886383347622e-02 1.856027753686036452e-01 2.142237640936686949e-01 2.289679098005203695e-01 2.385082393755420527e-01 2.480485689505637359e-01 2.541196877710321100e-01 2.584562012142237464e-01 2.610581092801387837e-01 2.653946227233304200e-01
1.560975609756097560e-02 5.951219512195121686e-02 1.170731707317073239e-01 1.512195121951219468e-01 1.619512195121951270e-01 1.746341463414634032e-01 1.775609756097560887e-01 1.804878048780487743e-01 1.814634146341463361e-01 1.863414634146341453e-01
8.224811514736120321e-03 3.632625085675120213e-02 6.716929403701164814e-02 8.156271418779986737e-02 8.498971898560657434e-02 8.773132282385195935e-02 9.047292666209733047e-02 9.184372858122001604e-02 9.184372858122001604e-02 9.252912954078135188e-02
2.268041237113401984e-02 8.556701030927835183e-02 1.463917525773195949e-01 1.628865979381443341e-01 1.690721649484536182e-01 1.711340206185567037e-01 1.742268041237113319e-01 1.814432989690721587e-01 1.835051546391752442e-01 1.855670103092783574e-01
5.661538461538461187e-01 7.015384615384615552e-01 7.179487179487179516e-01 7.251282051282050833e-01 7.282051282051281715e-01 7.343589743589743479e-01 7.353846153846154143e-01 7.374358974358974361e-01 7.374358974358974361e-01 7.394871794871794579e-01
3.353846153846153921e-01 4.974358974358974450e-01 5.292307692307692824e-01 5.353846153846153477e-01 5.425641025641025905e-01 5.446153846153846123e-01 5.456410256410256787e-01 5.476923076923077005e-01 5.487179487179487669e-01 5.497435897435897223e-01
1.466666666666666674e-01 3.466666666666666785e-01 3.938461538461538458e-01 4.041025641025641213e-01 4.082051282051282204e-01 4.123076923076923195e-01 4.153846153846154077e-01 4.174358974358974295e-01 4.194871794871795068e-01 4.225641025641025394e-01
9.641025641025641191e-02 2.923076923076923239e-01 3.651282051282051522e-01 3.712820512820512731e-01 3.733333333333333504e-01 3.784615384615384603e-01 3.794871794871794712e-01 3.825641025641025594e-01 3.835897435897435703e-01 3.846153846153846367e-01
8.000000000000000167e-02 2.461538461538461675e-01 2.933333333333333348e-01 2.964102564102564230e-01 2.974358974358974339e-01 3.025641025641025439e-01 3.025641025641025439e-01 3.046153846153846212e-01 3.056410256410256321e-01 3.056410256410256321e-01
8.109934669970713522e-03 2.725839152962378914e-02 3.919801757152512056e-02 4.775850416760531875e-02 5.023653976120747572e-02 5.429150709619283421e-02 5.767064654201396745e-02 5.879702635728768084e-02 6.037395809867086849e-02 6.104978598783510069e-02
0.000000000000000000e+00 0.000000000000000000e+00 0.000000000000000000e+00 2.283105022831050156e-04 9.132420091324200623e-04 1.826484018264840125e-03 2.739726027397260295e-03 2.968036529680365392e-03 5.479452054794520591e-03 9.360730593607305070e-03
0.000000000000000000e+00 0.000000000000000000e+00 2.746498214776160393e-04 2.746498214776160393e-04 2.746498214776160393e-04 2.746498214776160393e-04 8.239494644328481179e-04 1.922548750343312275e-03 5.218346608074704747e-03 2.032408678934358864e-02
0.000000000000000000e+00 2.989238740534077166e-03 1.195695496213630866e-02 2.471104025508170585e-02 2.630530091669987941e-02 2.909525707453168575e-02 3.068951773614985931e-02 3.108808290155440357e-02 3.228377839776803288e-02 3.328019131127939179e-02
7.648183556405353670e-04 2.485659655831739916e-03 9.942638623326959663e-03 2.829827915869980934e-02 3.288718929254302176e-02 3.594646271510516106e-02 3.881453154875717099e-02 3.996175908221797496e-02 4.110898661567877893e-02 4.263862332695984858e-02
2.237539766702014710e-01 3.160127253446447515e-01 3.467656415694591598e-01 3.594909862142099954e-01 3.626723223753976488e-01 3.679745493107104970e-01 3.743372216330859148e-01 3.753976670201484844e-01 3.775185577942735682e-01 3.806998939554612771e-01
1.678004535147392395e-01 2.275132275132275006e-01 2.418745275888133095e-01 2.486772486772486634e-01 2.501889644746787544e-01 2.517006802721088454e-01 2.517006802721088454e-01 2.532123960695389364e-01 2.554799697656840451e-01 2.554799697656840451e-01
1.835003855050115762e-01 2.482652274479568155e-01 2.729375481881264331e-01 2.783346183500385318e-01 2.829606784888203386e-01 2.845026985350809778e-01 2.868157286044718535e-01 2.883577486507324372e-01 2.883577486507324372e-01 2.898997686969930765e-01
2.250859106529209674e-01 3.024054982817869219e-01 3.247422680412371254e-01 3.316151202749140769e-01 3.367697594501718461e-01 3.384879725085910840e-01 3.402061855670103219e-01 3.436426116838487976e-01 3.445017182130584166e-01 3.479381443298968923e-01
2.447257383966244815e-01 3.227848101265822778e-01 3.502109704641350185e-01 3.649789029535864815e-01 3.734177215189873333e-01 3.786919831223628519e-01 3.829113924050632778e-01 3.881856540084387963e-01 3.902953586497890370e-01 3.913502109704641296e-01
1.799640071985602946e-03 4.799040191961607277e-03 5.998800239952009963e-03 7.198560287942411783e-03 7.798440311937612258e-03 7.798440311937612258e-03 7.798440311937612258e-03 7.798440311937612258e-03 7.798440311937612258e-03 7.798440311937612258e-03
5.998800239952009096e-04 5.998800239952009096e-04 5.998800239952009096e-04 5.998800239952009096e-04 5.998800239952009096e-04 5.998800239952009096e-04 5.998800239952009096e-04 5.998800239952009096e-04 5.998800239952009096e-04 5.998800239952009096e-04
0.000000000000000000e+00 0.000000000000000000e+00 0.000000000000000000e+00 0.000000000000000000e+00 0.000000000000000000e+00 0.000000000000000000e+00 0.000000000000000000e+00 0.000000000000000000e+00 0.000000000000000000e+00 0.000000000000000000e+00
1.199760047990401819e-03 1.799640071985602946e-03 1.799640071985602946e-03 2.999400119976004982e-03 2.999400119976004982e-03 2.999400119976004982e-03 2.999400119976004982e-03 2.999400119976004982e-03 2.999400119976004982e-03 2.999400119976004982e-03
5.998800239952009096e-04 1.199760047990401819e-03 1.799640071985602946e-03 2.399520095980803638e-03 2.399520095980803638e-03 2.399520095980803638e-03 2.399520095980803638e-03 2.399520095980803638e-03 2.399520095980803638e-03 2.399520095980803638e-03
8.979591836734693300e-02 1.926530612244898022e-01 2.359183673469387732e-01 2.538775510204081542e-01 2.726530612244897900e-01 2.800000000000000266e-01 2.848979591836734437e-01 2.930612244897959351e-01 3.012244897959183709e-01 3.085714285714285521e-01
9.854604200323101304e-02 1.995153473344103423e-01 2.560581583198707767e-01 2.835218093699515274e-01 2.996768982229402467e-01 3.101777059773828671e-01 3.214862681744749540e-01 3.295638126009692859e-01 3.360258481421647958e-01 3.408723747980613727e-01
4.816326530612245055e-02 1.167346938775510184e-01 1.485714285714285765e-01 1.624489795918367396e-01 1.689795918367346939e-01 1.714285714285714302e-01 1.746938775510204211e-01 1.795918367346938660e-01 1.828571428571428570e-01 1.869387755102040749e-01
2.530612244897959343e-02 6.530612244897959773e-02 8.571428571428571508e-02 9.795918367346938271e-02 1.012244897959183737e-01 1.028571428571428553e-01 1.028571428571428553e-01 1.036734693877550961e-01 1.044897959183673508e-01 1.053061224489795916e-01
1.824968892575694682e-02 3.193695562007466127e-02 4.189133139776026610e-02 4.396515968477809899e-02 4.437992534218166557e-02 4.437992534218166557e-02 4.520945665698879873e-02 4.520945665698879873e-02 4.562422231439236531e-02 4.603898797179593189e-02
8.746355685131194935e-02 1.643586005830903751e-01 1.847667638483964925e-01 1.911443148688046767e-01 1.946064139941690863e-01 1.958819241982507342e-01 1.975218658892128332e-01 1.989795918367346927e-01 2.000728862973761013e-01 2.009839650145772705e-01
2.617516081147946427e-01 4.111825828797625038e-01 4.435922810489856261e-01 4.510143493320138419e-01 4.547253834735279776e-01 4.569520039584364368e-01 4.591786244433448960e-01 4.609104403760514446e-01 4.621474517565561380e-01 4.631370608609599038e-01
2.710570944036178598e-01 4.163369135104578733e-01 4.409270774448841301e-01 4.499717354437535177e-01 4.536461277557942151e-01 4.553420011305822634e-01 4.578858111927642804e-01 4.581684567552289367e-01 4.584511023176935929e-01 4.595816845675522733e-01
5.833890002226675697e-02 1.398352260075707010e-01 1.732353596081050995e-01 1.803607214428857852e-01 1.839234023602761003e-01 1.863727454909819559e-01 1.874860832776664432e-01 1.897127588510354179e-01 1.901580939657092073e-01 1.908260966377198775e-01
2.317693612210288204e-02 1.167326172979084170e-01 2.453363482193329503e-01 3.106274731486715623e-01 3.210853589598643421e-01 3.256076879592990636e-01 3.295647258338044172e-01 3.304126625211984414e-01 3.326738270209157466e-01 3.335217637083097708e-01
2.530001967342120905e-01 3.873696635844973701e-01 4.231752901829627933e-01 4.416683061184339953e-01 4.497344088136926987e-01 4.552429667519181655e-01 4.581939799331103402e-01 4.656698799921306087e-01 4.696045642337202675e-01 4.727523116269919390e-01
9.462915601023018375e-02 1.540428880582333238e-01 1.784379303560889307e-01 1.894550462325398366e-01 1.941766673224473716e-01 1.985048199881959408e-01 2.026362384418650409e-01 2.079480621680110108e-01 2.103088727129647784e-01 2.122762148337595800e-01
2.557544757033248031e-02 4.446193192996262394e-02 5.252803462522132733e-02 5.646271886681093755e-02 5.783985835136730425e-02 6.000393468424158883e-02 6.138107416879795553e-02 6.236474522919535635e-02 6.256147944127483929e-02 6.354515050167224011e-02
1.444029116663387846e-01 2.406059413732047902e-01 2.738540232146370323e-01 2.882156206964391343e-01 2.927405075742671725e-01 2.970686602400157139e-01 3.002164076332874409e-01 3.033641550265591125e-01 3.043478260869565410e-01 3.067086366319102808e-01
5.882352941176470507e-02 1.099744245524296726e-01 1.373204800314774821e-01 1.471571906354515180e-01 1.534526854219948888e-01 1.562069643911076222e-01 1.587645091481408588e-01 1.601416486326972255e-01 1.613220539051741231e-01 1.632893960259689248e-01
6.852444038373687110e-04 1.164915486523526722e-02 1.126084970306075878e-01 1.957514846962083166e-01 2.357240749200548158e-01 2.439470077661032299e-01 2.464595705801735925e-01 2.494289629968022004e-01 2.528551850159890257e-01 2.560529922338967701e-01
9.047726758651888782e-04 4.297670210359647198e-03 5.383397421397873722e-02 1.608233431350373221e-01 2.153358968559149489e-01 2.334313503732187156e-01 2.399909522732413536e-01 2.427052703008369117e-01 2.454195883284324697e-01 2.476815200180954579e-01
2.284148012791228856e-04 1.370488807674737422e-03 1.416171767930561945e-02 7.994518044769301224e-02 1.306532663316583021e-01 1.534947464595705913e-01 1.569209684787574166e-01 1.596619460941068880e-01 1.628597533120146323e-01 1.653723161260849672e-01
4.144183034750701516e-02 1.327433628318584191e-01 1.741851931793654273e-01 1.830347507014893071e-01 1.864882365637815786e-01 1.877832937621411735e-01 1.895100366932872815e-01 1.912367796244334173e-01 1.936110511547593227e-01 1.942585797539391201e-01
2.055733211512106133e-03 2.969392416628597459e-02 7.788944723618090871e-02 1.048423937871174050e-01 1.135221562357240782e-01 1.158063042485153044e-01 1.190041114664230210e-01 1.194609410689812662e-01 1.212882594792142471e-01 1.231155778894472419e-01
1.300000000000000044e-01 2.114285714285714379e-01 2.380952380952380820e-01 2.447619047619047639e-01 2.457142857142857184e-01 2.466666666666666730e-01 2.471428571428571364e-01 2.476190476190476275e-01 2.476190476190476275e-01 2.476190476190476275e-01
1.459554513481828852e-01 2.520515826494724720e-01 2.860492379835873344e-01 2.930832356389214688e-01 2.948417350527549607e-01 2.971864009378663574e-01 2.971864009378663574e-01 2.983587338804220557e-01 2.983587338804220557e-01 2.989449003516999048e-01
2.139364303178484250e-02 7.212713936430317774e-02 1.020782396088019545e-01 1.088019559902200506e-01 1.118581907090464567e-01 1.130806845965770108e-01 1.136919315403422948e-01 1.136919315403422948e-01 1.149144254278728627e-01 1.149144254278728627e-01
2.178952248493277663e-02 1.154381084840055693e-01 1.794158553546592594e-01 1.891515994436717696e-01 1.923968474733425971e-01 1.937876680574872612e-01 1.951784886416318976e-01 1.956420955030134523e-01 1.965693092257765340e-01 1.970329160871580887e-01
8.319467554076539302e-04 3.161397670549084826e-02 8.652246256239601307e-02 1.339434276206322716e-01 1.389351081530781906e-01 1.397670549084858438e-01 1.414309484193011779e-01 1.414309484193011779e-01 1.414309484193011779e-01 1.422628951747088311e-01
1.899274434485702101e-01 3.341869398207426567e-01 3.790012804097311339e-01 3.858301323090055357e-01 3.913785744771660080e-01 3.977806231327358222e-01 4.011950490823730231e-01 4.029022620571916513e-01 4.046094750320102240e-01 4.058898847631242091e-01
1.028595817328211703e-01 2.151088348271446848e-01 2.513871105420401042e-01 2.629107981220657475e-01 2.697396500213401493e-01 2.735808792146820489e-01 2.748612889457959785e-01 2.774221084080238930e-01 2.799829278702518076e-01 2.842509603072983504e-01
4.396073410157917000e-02 1.310285958173282028e-01 1.848058045241143810e-01 1.963294921041399965e-01 1.993171148100725543e-01 2.027315407597097829e-01 2.074263764404609411e-01 2.091335894152795694e-01 2.116944088775074562e-01 2.134016218523260844e-01
2.944942381562100017e-02 9.517712334613742664e-02 1.310285958173282028e-01 1.387110542040119465e-01 1.421254801536491752e-01 1.446862996158770898e-01 1.476739223218096475e-01 1.498079385403329189e-01 1.502347417840375621e-01 1.519419547588561625e-01
1.963294921041399896e-02 6.530089628681177982e-02 9.346991037131882618e-02 1.020059752454118701e-01 1.045667947076397847e-01 1.062740076824583851e-01 1.096884336320955999e-01 1.122492530943235145e-01 1.139564660691421288e-01 1.160904822876653864e-01
1.779661016949152519e-01 2.874293785310734206e-01 3.237994350282485945e-01 3.372175141242937935e-01 3.407485875706214862e-01 3.453389830508474811e-01 3.481638418079096020e-01 3.516949152542372947e-01 3.524011299435028111e-01 3.538135593220338992e-01
1.631669535283993000e-01 2.626506024096385561e-01 2.932874354561101349e-01 3.049913941480206780e-01 3.098106712564543952e-01 3.142857142857142794e-01 3.173838209982788316e-01 3.191049913941479965e-01 3.204819277108433839e-01 3.211703958691910499e-01
1.460521856997628043e-01 2.297526262283971499e-01 2.633005760759064562e-01 2.707556760420196662e-01 2.738054896645205072e-01 2.768553032870213482e-01 2.802439850898000850e-01 2.822771941714672939e-01 2.829549305320230301e-01 2.839715350728566623e-01
1.294117647058823650e-01 1.961937716262975862e-01 2.238754325259515454e-01 2.328719723183390877e-01 2.363321799307958604e-01 2.380622837370242328e-01 2.408304498269896177e-01 2.435986159169550302e-01 2.453287197231834027e-01 2.470588235294117752e-01
1.115522032552600240e-01 1.834061135371179152e-01 2.064311234616911517e-01 2.199285430726478641e-01 2.250893211591901422e-01 2.274712187375942940e-01 2.302500992457324203e-01 2.310440651052004801e-01 2.322350138944025422e-01 2.346169114728066663e-01
8.509316770186335643e-02 2.012422360248447284e-01 2.546583850931676829e-01 2.714285714285714080e-01 2.813664596273292018e-01 2.900621118012422506e-01 2.956521739130434923e-01 2.968944099378881818e-01 2.999999999999999889e-01 3.024844720496894235e-01
5.155279503105589939e-02 2.565217391304348005e-01 3.838509316770186142e-01 4.080745341614906985e-01 4.192546583850931818e-01 4.236024844720496785e-01 4.279503105590062306e-01 4.316770186335403547e-01 4.366459627329192794e-01 4.403726708074534035e-01
2.805670407560543339e-02 1.391021854695806137e-01 1.963969285292380407e-01 2.073242764323685872e-01 2.096869462492616520e-01 2.117542823390431150e-01 2.138216184288245780e-01 2.150029533372711243e-01 2.170702894270525596e-01 2.185469580626107633e-01
9.052504526252263400e-03 3.922751961375980922e-02 6.276403138201569476e-02 6.849728424864212628e-02 6.970428485214243131e-02 7.000603500301749715e-02 7.060953530476765660e-02 7.181653590826794775e-02 7.181653590826794775e-02 7.211828605914302748e-02
1.068785968758564041e-02 6.330501507262263627e-02 1.126335982460948265e-01 1.222252671964921961e-01 1.260619347766511467e-01 1.285283639353247409e-01 1.304466977254042093e-01 1.320909838311866147e-01 1.323650315154837054e-01 1.334612222526719572e-01
4.985568092364209281e-03 3.791655733403306167e-02 1.252951981107320867e-01 1.864340068223563351e-01 1.945683547625295107e-01 1.987667278929414749e-01 2.012595119391235865e-01 2.030963001836788295e-01 2.050642875885594352e-01 2.075570716347415468e-01
2.350790126681468004e-03 4.035523050803186546e-02 1.065691524095598863e-01 1.363458273475251503e-01 1.403944103434765500e-01 1.433981977275695374e-01 1.450959905968395025e-01 1.462713856601802198e-01 1.480997779809324899e-01 1.487527752383439872e-01
2.678810608090008254e-04 1.259040985802303836e-02 5.344227163139565751e-02 6.536297883739619619e-02 6.683632467184570658e-02 6.790784891508169774e-02 6.911331368872221381e-02 6.991695687114921065e-02 7.112242164478971285e-02 7.139030270559872104e-02
1.339405304045003910e-03 1.861773372622555628e-02 6.429145459416019115e-02 7.741762657380123203e-02 7.862309134744173422e-02 7.996249665148673358e-02 8.049825877310473610e-02 8.156978301634074113e-02 8.197160460755424649e-02 8.277524778998124333e-02
1.193368767400658087e-01 2.495570741584408891e-01 2.982789167299417787e-01 3.091622374082510505e-01 3.134649455833966036e-01 3.156162996709693802e-01 3.178942039989876012e-01 3.204252088078967109e-01 3.218172614527967657e-01 3.227031131359149319e-01
3.597122302158273460e-04 1.798561151079136784e-03 5.395683453237410353e-03 2.410071942446043169e-02 3.201438848920862973e-02 3.237410071942446038e-02 3.273381294964029103e-02 3.345323741007194540e-02 3.345323741007194540e-02 3.381294964028776912e-02
0.000000000000000000e+00 2.877697841726618768e-03 1.366906474820143817e-02 4.568345323741006964e-02 6.438848920863309011e-02 7.482014388489208190e-02 7.877697841726619132e-02 8.057553956834531683e-02 8.345323741007194818e-02 8.417266187050359560e-02
0.000000000000000000e+00 3.597122302158273460e-04 3.597122302158273568e-03 3.273381294964029103e-02 5.035971223021582649e-02 5.647482014388489208e-02 5.827338129496403146e-02 5.899280575539568583e-02 6.007194244604316391e-02 6.151079136690647264e-02
3.597122302158273460e-04 1.798561151079136784e-03 1.942446043165467484e-02 1.071942446043165492e-01 1.571942446043165520e-01 1.708633093525179780e-01 1.719424460431654700e-01 1.733812949640287648e-01 1.741007194244604261e-01 1.744604316546762568e-01
0.000000000000000000e+00 0.000000000000000000e+00 0.000000000000000000e+00 7.194244604316546920e-04 1.115107913669064789e-02 2.446043165467625888e-02 3.309352517985611475e-02 3.489208633093525413e-02 3.561151079136690850e-02 3.705035971223021724e-02
3.383878691141261053e-01 5.011971268954509284e-01 5.490822027134876215e-01 5.618515562649640804e-01 5.658419792498005085e-01 5.714285714285713969e-01 5.754189944134078250e-01 5.786113328012769674e-01 5.794094173982442531e-01 5.794094173982442531e-01
2.363112391930835832e-01 3.616714697406340218e-01 4.077809798270893293e-01 4.286743515850144348e-01 4.373198847262247946e-01 4.387608069164264935e-01 4.394812680115273706e-01 4.394812680115273706e-01 4.409221902017291250e-01 4.474063400576369087e-01
1.321167883211678828e-01 2.277372262773722511e-01 2.635036496350364743e-01 2.722627737226277489e-01 2.751824817518248034e-01 2.766423357664233307e-01 2.781021897810219135e-01 2.795620437956204407e-01 2.802919708029197321e-01 2.824817518248174952e-01
5.660377358490566169e-02 1.285814116002795271e-01 1.516422082459818188e-01 1.600279524807826648e-01 1.628232005590496134e-01 1.656184486373165621e-01 1.656184486373165621e-01 1.663172606568832923e-01 1.663172606568832923e-01 1.663172606568832923e-01
1.530612244897959148e-02 5.782312925170068202e-02 7.823129251700680631e-02 8.418367346938775142e-02 8.503401360544217413e-02 8.503401360544217413e-02 8.503401360544217413e-02 8.503401360544217413e-02 8.673469387755101956e-02 8.758503401360544227e-02
4.249291784702549646e-02 1.303116147308781836e-01 1.699716713881019858e-01 1.855524079320113318e-01 1.926345609065155673e-01 1.997167138810198306e-01 2.025495750708215248e-01 2.025495750708215248e-01 2.025495750708215248e-01 2.039660056657223719e-01
0.000000000000000000e+00 1.416430594900849925e-03 1.416430594900849925e-03 2.832861189801699764e-02 8.356940509915014581e-02 1.260623229461756423e-01 1.331444759206798778e-01 1.388101983002832940e-01 1.402266288951841411e-01 1.416430594900849882e-01
1.407407407407407496e-01 2.857142857142856984e-01 3.449735449735449877e-01 3.566137566137566051e-01 3.671957671957671865e-01 3.767195767195767320e-01 3.788359788359788594e-01 3.788359788359788594e-01 3.809523809523809312e-01 3.830687830687830586e-01
8.282716731087796935e-03 4.803975704030922361e-02 6.902263942573164113e-02 7.564881281060187312e-02 7.675317504141358771e-02 7.675317504141358771e-02 7.785753727222528842e-02 7.785753727222528842e-02 7.896189950303700300e-02 7.951408061844285335e-02
1.333333333333333289e-03 5.066666666666666541e-02 1.533333333333333215e-01 2.439999999999999947e-01 2.573333333333333584e-01 2.640000000000000124e-01 2.653333333333333099e-01 2.680000000000000160e-01 2.706666666666666665e-01 2.733333333333333171e-01
3.396825396825396970e-01 4.932539682539682779e-01 5.432539682539682113e-01 5.579365079365079527e-01 5.666666666666666519e-01 5.722222222222221877e-01 5.746031746031745602e-01 5.773809523809523281e-01 5.781746031746032299e-01 5.805555555555556024e-01
1.397503020539669627e-01 2.347966169955698623e-01 2.641965364478453537e-01 2.770841723721305105e-01 2.831252517116391587e-01 2.871526379379782390e-01 2.899718082964156118e-01 2.923882400322190822e-01 2.939991945227547476e-01 2.952074103906564551e-01
1.385420861860652553e-01 2.529198550140958623e-01 2.867498993153443365e-01 3.056786145791381415e-01 3.097060008054772218e-01 3.197744663713250057e-01 3.233991139750301835e-01 3.258155457108336539e-01 3.270237615787354168e-01 3.294401933145388872e-01
2.617801047120418834e-02 4.752315747080144981e-02 6.081353201772050215e-02 6.846556584776479493e-02 7.128473620620218165e-02 7.490938380990737333e-02 7.692307692307692735e-02 7.813129279097864865e-02 7.933950865888038384e-02 8.095046314941603538e-02
1.973419250906162034e-02 3.785743052758759608e-02 4.550946435763189579e-02 5.155054369714055784e-02 5.316149818767619550e-02 5.638340716874748471e-02 5.879983890455094814e-02 6.081353201772050215e-02 6.081353201772050215e-02 6.242448650825613982e-02
2.577621558289396736e-02 5.916813122437024342e-02 7.322788517867603875e-02 7.791446983011131311e-02 7.967193907439952538e-02 8.084358523725834744e-02 8.260105448154657359e-02 8.435852372583479974e-02 8.553016988869360793e-02 8.728763913298183408e-02
2.050380785002929238e-02 5.506736965436438008e-02 7.029876977152900441e-02 7.732864674868189514e-02 7.967193907439952538e-02 8.201523140011716950e-02 8.260105448154657359e-02 8.260105448154657359e-02 8.318687756297597768e-02 8.435852372583479974e-02
2.460456942003514877e-02 5.799648506151142136e-02 7.615700058582308696e-02 8.025776215582894335e-02 8.142940831868775153e-02 8.318687756297597768e-02 8.494434680726420384e-02 8.553016988869360793e-02 8.670181605155242999e-02 8.670181605155242999e-02
1.423785594639865870e-01 2.462311557788944838e-01 2.836404243439419326e-01 2.992741485203797014e-01 3.054159687325516681e-01 3.115577889447236348e-01 3.132328308207705247e-01 3.137911781127861732e-01 3.160245672808487116e-01 3.182579564489112500e-01
2.401874633860574121e-02 5.038078500292911266e-02 6.678383128295255211e-02 7.557117750439366899e-02 7.850029291154071720e-02 8.084358523725834744e-02 8.201523140011716950e-02 8.260105448154657359e-02 8.318687756297597768e-02 8.435852372583479974e-02
3.365714285714285769e-01 5.205714285714285738e-01 5.639999999999999458e-01 5.759999999999999565e-01 5.817142857142857393e-01 5.885714285714285232e-01 5.914285714285714146e-01 5.971428571428571974e-01 6.017142857142857570e-01 6.068571428571428727e-01
1.714285714285714302e-01 3.074285714285714399e-01 3.559999999999999831e-01 3.691428571428571614e-01 3.765714285714285570e-01 3.834285714285714519e-01 3.914285714285714035e-01 3.942857142857142949e-01 3.971428571428571308e-01 3.994285714285714106e-01
8.228571428571428148e-02 1.497142857142857164e-01 1.708571428571428463e-01 1.880000000000000004e-01 1.982857142857142874e-01 2.057142857142857106e-01 2.085714285714285743e-01 2.119999999999999940e-01 2.154285714285714415e-01 2.188571428571428612e-01
7.714285714285713802e-02 1.400000000000000133e-01 1.857142857142857206e-01 2.017142857142857071e-01 2.154285714285714415e-01 2.205714285714285849e-01 2.251428571428571446e-01 2.331428571428571517e-01 2.382857142857142951e-01 2.434285714285714386e-01
6.281755196304850131e-02 1.307159353348729680e-01 1.676674364896073854e-01 1.833718244803695108e-01 1.912240184757505734e-01 1.972286374133949138e-01 2.032332563510392542e-01 2.087759815242494210e-01 2.106235565819861433e-01 2.133949191685912128e-01
3.074151906334434137e-01 4.872410687481236735e-01 5.376763734614229406e-01 5.532873011107775074e-01 5.583908736115280602e-01 5.646952867006904686e-01 5.670969678775142908e-01 5.694986490543380020e-01 5.749024317021915742e-01 5.803062143500450354e-01
1.389746757257566412e-01 2.313156269302038270e-01 2.705373687461395948e-01 2.875231624459542723e-01 2.949351451513279598e-01 2.995676343421865284e-01 3.026559604694255556e-01 3.072884496602841242e-01 3.137739345274860869e-01 3.184064237183446555e-01
4.725138974675725800e-02 8.863495985176034209e-02 1.037677578752316254e-01 1.096355775169857993e-01 1.136504014823965375e-01 1.161210623841877759e-01 1.182828906732550922e-01 1.210623841877702250e-01 1.241507103150092661e-01 1.266213712168005046e-01
7.689932056825200812e-02 1.349598517603458891e-01 1.649166151945645475e-01 1.754169240271772623e-01 1.794317479925880143e-01 1.822112415071031610e-01 1.856084002470660965e-01 1.874613959234095184e-01 1.886967263743051237e-01 1.902408894379246374e-01
3.397158739962940349e-02 6.300185299567634400e-02 8.307597282273007644e-02 9.203211859172329146e-02 9.481161210623842428e-02 9.759110562075355710e-02 9.913526868437307071e-02 1.003705991352686899e-01 1.022235948116121118e-01 1.031500926497838228e-01
9.743897559023609323e-02 2.314925970388155285e-01 2.799119647859143467e-01 2.895158063225289902e-01 2.915166066426570501e-01 2.925170068027210801e-01 2.931172468987595092e-01 2.933173269307722819e-01 2.935174069627851101e-01 2.935174069627851101e-01
1.450603145518399723e-02 4.840433653992975982e-02 6.596426935409986647e-02 7.222476714002137865e-02 7.298824247976790081e-02 7.359902275156512963e-02 7.375171781951442296e-02 7.375171781951442296e-02 7.375171781951442296e-02 7.405710795541303737e-02
8.682439765574126792e-03 2.952029520295202866e-02 4.254395485131321625e-02 4.710223572823963450e-02 4.862166268721510726e-02 4.970696765791187549e-02 4.970696765791187549e-02 4.970696765791187549e-02 4.970696765791187549e-02 4.992402865205122775e-02
1.782531194295900075e-03 1.094983447924624369e-02 1.476954418130888708e-02 1.578813343519226003e-02 1.629742806213394304e-02 1.706137000254647276e-02 1.731601731601731600e-02 1.757066462948815924e-02 1.757066462948815924e-02 1.757066462948815924e-02
1.018589253883371440e-03 3.310415075120957343e-03 5.602240896358543464e-03 5.602240896358543464e-03 5.856888209829386703e-03 5.856888209829386703e-03 6.111535523300229075e-03 6.111535523300229075e-03 6.111535523300229075e-03 6.111535523300229075e-03
