1.273809523809523725e-01 3.083333333333333481e-01 3.690476190476190688e-01 3.916666666666666630e-01 3.940476190476190355e-01 3.964285714285714080e-01 3.988095238095238360e-01 4.000000000000000222e-01 4.011904761904762085e-01 4.011904761904762085e-01
2.380952380952381167e-03 9.523809523809524669e-03 1.904761904761904934e-02 3.214285714285713969e-02 3.333333333333333287e-02 3.690476190476190549e-02 4.166666666666666435e-02 4.285714285714285754e-02 4.285714285714285754e-02 4.642857142857143016e-02
0.000000000000000000e+00 3.571428571428571317e-03 1.071428571428571438e-02 1.309523809523809555e-02 1.309523809523809555e-02 1.428571428571428527e-02 1.428571428571428527e-02 1.428571428571428527e-02 1.428571428571428527e-02 1.428571428571428527e-02
3.571428571428571317e-03 9.523809523809524669e-03 1.071428571428571438e-02 1.190476190476190410e-02 1.190476190476190410e-02 1.309523809523809555e-02 1.309523809523809555e-02 1.309523809523809555e-02 1.309523809523809555e-02 1.309523809523809555e-02
2.380952380952381167e-03 7.142857142857142634e-03 9.523809523809524669e-03 1.190476190476190410e-02 1.190476190476190410e-02 1.190476190476190410e-02 1.309523809523809555e-02 1.309523809523809555e-02 1.309523809523809555e-02 1.309523809523809555e-02
1.463150289017341177e-01 2.330202312138728304e-01 2.507225433526011349e-01 2.539739884393063529e-01 2.550578034682081108e-01 2.554190751445086782e-01 2.561416184971098131e-01 2.565028901734103806e-01 2.572254335260115710e-01 2.579479768786127059e-01
7.702739354488744028e-02 1.225928939517222649e-01 1.334418226200162760e-01 1.347979387035530274e-01 1.350691619202603611e-01 1.350691619202603611e-01 1.353403851369677224e-01 1.353403851369677224e-01 1.353403851369677224e-01 1.356116083536750838e-01
3.550716061072316135e-04 1.775358030536158122e-03 3.077287252929340831e-03 7.574860930287608332e-03 1.171736300153864395e-02 1.420286424428926497e-02 1.443957864836075203e-02 1.467629305243224082e-02 1.491300745650372787e-02 1.514972186057521666e-02
3.722243614426902665e-03 9.369785650109100500e-03 1.142343729944808074e-02 1.206520343986651304e-02 1.232190989603388492e-02 1.257861635220125854e-02 1.257861635220125854e-02 1.270696958028494361e-02 1.283532280836863042e-02 1.283532280836863042e-02
2.781211372064277057e-02 6.458590852904820545e-02 8.714462299134734247e-02 1.007416563658838082e-01 1.013597033374536438e-01 1.029048207663782466e-01 1.029048207663782466e-01 1.029048207663782466e-01 1.032138442521631644e-01 1.035228677379480822e-01
1.343804537521814946e-01 1.972076788830715577e-01 2.129144851657940596e-01 2.164048865619546125e-01 2.164048865619546125e-01 2.164048865619546125e-01 2.164048865619546125e-01 2.181500872600349028e-01 2.181500872600349028e-01 2.181500872600349028e-01
7.379134860050889921e-02 9.669211195928753555e-02 1.081424936386768398e-01 1.132315521628498717e-01 1.132315521628498717e-01 1.132315521628498717e-01 1.132315521628498717e-01 1.132315521628498717e-01 1.132315521628498717e-01 1.132315521628498717e-01
5.170517051705170175e-02 8.580858085808580615e-02 9.570957095709571594e-02 1.012101210121012090e-01 1.012101210121012090e-01 1.012101210121012090e-01 1.023102310231023132e-01 1.023102310231023132e-01 1.023102310231023132e-01 1.023102310231023132e-01
3.236797274275979297e-02 6.303236797274275327e-02 6.814310051107325128e-02 7.069846678023850028e-02 7.069846678023850028e-02 7.069846678023850028e-02 7.069846678023850028e-02 7.069846678023850028e-02 7.069846678023850028e-02 7.069846678023850028e-02
3.130148270181219022e-02 4.859967051070840371e-02 5.189456342668863353e-02 5.436573311367380590e-02 5.436573311367380590e-02 5.436573311367380590e-02 5.436573311367380590e-02 5.436573311367380590e-02 5.436573311367380590e-02 5.436573311367380590e-02
2.283950617283950490e-01 2.983539094650205503e-01 3.055555555555555802e-01 3.065843621399176877e-01 3.065843621399176877e-01 3.096707818930041212e-01 3.106995884773662286e-01 3.117283950617283916e-01 3.117283950617283916e-01 3.148148148148148251e-01
2.237880496054114876e-01 2.846674182638105899e-01 2.931228861330326674e-01 2.942502818489289851e-01 2.942502818489289851e-01 2.953776775648252473e-01 2.959413754227733784e-01 2.965050732807215095e-01 2.981961668545659583e-01 2.987598647125140894e-01
2.474747474747474862e-01 3.188131313131313260e-01 3.270202020202020443e-01 3.282828282828282873e-01 3.289141414141414366e-01 3.301767676767676796e-01 3.308080808080808288e-01 3.308080808080808288e-01 3.314393939393939226e-01 3.314393939393939226e-01
3.318452380952380820e-01 4.166666666666666852e-01 4.270833333333333148e-01 4.285714285714285476e-01 4.285714285714285476e-01 4.293154761904761640e-01 4.308035714285714524e-01 4.308035714285714524e-01 4.315476190476190688e-01 4.322916666666666852e-01
3.508230452674896971e-01 4.423868312757201493e-01 4.475308641975308532e-01 4.516460905349794497e-01 4.516460905349794497e-01 4.516460905349794497e-01 4.547325102880658276e-01 4.557613168724279906e-01 4.557613168724279906e-01 4.578189300411522611e-01
1.455778763370727813e-01 2.423689016436211818e-01 2.684581267936342330e-01 2.801982781111401200e-01 2.830680928776415084e-01 2.846334463866423414e-01 2.869814766501435077e-01 2.882859379076441186e-01 2.901121836681450628e-01 2.911557526741455626e-01
5.400469606052700489e-02 1.054004696060527047e-01 1.275763109835637843e-01 1.351421862770675608e-01 1.377511087920688659e-01 1.390555700495695324e-01 1.393164623010696712e-01 1.398382468040699211e-01 1.400991390555700600e-01 1.411427080615705598e-01
5.400469606052700489e-02 9.783459431254891425e-02 1.179232976780589665e-01 1.249673884685624792e-01 1.288807722410644507e-01 1.314896947560657559e-01 1.322723715105661446e-01 1.333159405165666445e-01 1.356639707800678385e-01 1.382728932950691436e-01
6.783198539003391231e-03 1.382728932950691436e-02 1.774067310200887204e-02 2.087138012001043402e-02 2.165405687451082625e-02 2.191494912601095815e-02 2.348030263501173914e-02 2.374119488651187104e-02 2.452387164101226327e-02 2.452387164101226327e-02
4.696060527002348176e-03 9.913905557004956681e-03 1.434907383250717469e-02 1.591442734150795568e-02 1.747978085050874014e-02 1.826245760500913237e-02 1.852334985650926080e-02 1.930602661100965303e-02 1.982781111400991336e-02 2.034959561701017369e-02
4.733780760626397910e-02 1.270693512304250650e-01 1.667114093959731480e-01 1.746756152125279737e-01 1.777181208053691397e-01 1.798657718120805493e-01 1.814765100671140996e-01 1.833557046979865657e-01 1.840715883668903874e-01 1.843400447427293032e-01
4.131764705882352839e-02 9.044705882352940818e-02 1.087999999999999939e-01 1.136941176470588205e-01 1.154823529411764665e-01 1.170823529411764707e-01 1.180235294117647077e-01 1.184941176470588192e-01 1.189647058823529446e-01 1.197176470588235259e-01
2.992941176470588147e-02 6.362352941176470378e-02 7.576470588235294235e-02 7.924705882352940656e-02 8.037647058823529922e-02 8.131764705882353617e-02 8.188235294117647556e-02 8.235294117647058709e-02 8.254117647058822893e-02 8.310588235294118220e-02
9.694117647058823548e-03 2.192941176470588130e-02 2.776470588235294135e-02 2.917647058823529330e-02 2.964705882352941177e-02 3.011764705882353024e-02 3.039999999999999994e-02 3.058823529411764872e-02 3.068235294117646964e-02 3.077647058823529402e-02
1.976470588235293945e-03 4.329411764705881974e-03 5.647058823529412137e-03 5.929411764705882701e-03 6.117647058823529743e-03 6.211764705882353264e-03 6.400000000000000307e-03 6.588235294117647349e-03 6.588235294117647349e-03 6.682352941176470870e-03
3.528319405756731586e-02 9.923398328690807846e-02 1.308031569173630504e-01 1.353296193129062130e-01 1.367223769730733507e-01 1.378830083565459608e-01 1.383472609099350159e-01 1.385793871866295157e-01 1.396239554317548759e-01 1.397400185701021258e-01
1.444896886903979929e-03 2.364376724024694430e-03 8.012610009194797572e-03 1.345067647445159498e-01 2.876658347563378348e-01 3.325889925128070468e-01 3.345593064494942759e-01 3.369236831735190063e-01 3.391567056350978659e-01 3.424405621962432478e-01
6.567713122290817860e-04 2.364376724024694430e-03 1.182188362012347345e-02 3.861815315907000945e-02 5.713910416393012254e-02 5.937212662550899606e-02 5.989754367529226409e-02 6.173650334953369179e-02 6.291869171154604312e-02 6.370681728622093476e-02
1.444896886903979929e-03 2.364376724024694430e-03 3.677919348482858435e-03 4.387232365690266894e-02 2.097727571259687396e-01 3.597793248390910303e-01 3.687114146854065244e-01 3.710757914094312548e-01 3.737028766583475603e-01 3.767240246946013671e-01
6.137228427642077346e-04 7.364674113170491948e-04 1.595679391186940067e-03 3.044065300110470121e-02 1.001595679391186905e-01 1.493801399288081366e-01 1.523260095740763542e-01 1.535534552596047597e-01 1.550263900822388685e-01 1.562538357677672740e-01
1.965601965601965553e-02 3.501228501228501044e-02 4.299754299754299930e-02 4.606879606879606820e-02 4.729729729729729992e-02 4.791154791154791232e-02 5.036855036855036882e-02 5.036855036855036882e-02 5.098280098280098122e-02 5.098280098280098122e-02
6.326781326781326376e-02 1.093366093366093389e-01 1.265356265356265275e-01 1.289926289926290048e-01 1.320638820638820599e-01 1.351351351351351426e-01 1.375921375921375922e-01 1.375921375921375922e-01 1.400491400491400418e-01 1.412776412776412804e-01
2.702702702702702853e-02 7.186732186732186500e-02 9.029484029484029228e-02 9.398034398034398051e-02 9.520884520884520530e-02 1.001228501228501183e-01 1.007371007371007376e-01 1.007371007371007376e-01 1.007371007371007376e-01 1.007371007371007376e-01
1.351351351351351426e-02 3.255528255528255394e-02 3.931203931203931107e-02 4.115479115479115518e-02 4.115479115479115518e-02 4.238329238329237997e-02 4.361179361179361169e-02 4.422604422604422408e-02 4.606879606879606820e-02 4.606879606879606820e-02
2.027027027027027140e-02 3.255528255528255394e-02 3.869778869778869868e-02 4.115479115479115518e-02 4.361179361179361169e-02 4.606879606879606820e-02 4.729729729729729992e-02 4.791154791154791232e-02 4.852579852579852471e-02 5.159705159705159361e-02
2.356020942408376950e-01 3.178758414360508544e-01 3.358264771877337296e-01 3.406881077038145245e-01 3.433059087509349183e-01 3.444278234854151188e-01 3.451757666417352155e-01 3.459237097980553677e-01 3.474195961106955610e-01 3.477935676888556649e-01
2.393793867750277082e-01 3.165866272626524092e-01 3.321019578869597311e-01 3.369043221278167910e-01 3.391207979312892418e-01 3.409678611008496452e-01 3.409678611008496452e-01 3.413372737347617480e-01 3.413372737347617480e-01 3.417066863686737954e-01
2.478941034897713669e-01 3.337344564781387635e-01 3.501805054151624352e-01 3.553951062976333786e-01 3.578018451664661259e-01 3.590052146008824718e-01 3.594063377456879205e-01 3.598074608904933691e-01 3.598074608904933691e-01 3.598074608904933691e-01
2.635201573254670748e-01 3.397246804326450320e-01 3.579154375614552741e-01 3.623402163225172279e-01 3.647984267453294183e-01 3.667649950835791817e-01 3.667649950835791817e-01 3.672566371681416086e-01 3.672566371681416086e-01 3.677482792527040356e-01
1.568338249754178959e-01 2.089478859390363763e-01 2.232055063913470916e-01 2.251720747295968550e-01 2.276302851524090454e-01 2.295968534906588088e-01 2.300884955752212357e-01 2.310717797443461174e-01 2.310717797443461174e-01 2.310717797443461174e-01
5.387168141592920678e-01 7.151548672566371279e-01 7.426253687315633734e-01 7.485250737463127191e-01 7.505530973451327581e-01 7.522123893805309214e-01 7.529498525073746729e-01 7.531342182890855552e-01 7.533185840707964376e-01 7.535029498525073199e-01
5.352504638218923416e-01 7.115027829313543828e-01 7.413729128014842074e-01 7.465677179962894039e-01 7.473098330241186860e-01 7.493506493506493227e-01 7.495361781076066432e-01 7.499072356215212842e-01 7.500927643784787158e-01 7.510204081632653184e-01
3.391780821917808053e-01 5.031963470319634757e-01 5.419178082191781209e-01 5.557990867579908345e-01 5.579908675799086781e-01 5.600000000000000533e-01 5.614611872146119120e-01 5.616438356164383805e-01 5.616438356164383805e-01 5.618264840182648490e-01
2.486109803182973838e-02 5.405405405405405705e-02 6.902721536867878482e-02 7.580751483190507900e-02 7.769093134946793155e-02 7.938600621527450163e-02 7.995103117054336295e-02 7.995103117054336295e-02 8.032771447405594178e-02 8.032771447405594178e-02
9.337527029683507368e-03 2.378612148614114505e-02 3.263219972478867414e-02 3.705523884411244390e-02 3.823471594259877926e-02 3.921761352467072886e-02 3.961077255749950732e-02 4.000393159032828577e-02 4.010222134853548559e-02 4.010222134853548559e-02
2.273560689402273627e-02 4.290429042904290308e-02 4.987165383204986840e-02 5.390539053905390315e-02 5.427209387605427121e-02 5.500550055005500732e-02 5.610561056105610456e-02 5.683901723505684067e-02 5.720572057205720873e-02 5.830583058305830596e-02
3.923138510808647089e-02 8.166533226581265681e-02 9.447558046437150303e-02 9.927942353883106863e-02 1.012810248198558888e-01 1.036829463570856646e-01 1.044835868694955899e-01 1.048839071257005595e-01 1.052842273819055291e-01 1.052842273819055291e-01
7.077896401739817989e-02 1.360221431395808589e-01 1.648873072360616809e-01 1.751680506128904802e-01 1.771451166468960003e-01 1.814946619217081836e-01 1.830763147489126164e-01 1.834717279557137315e-01 1.842625543693159340e-01 1.862396204033214819e-01
1.078872088271352614e-01 2.235390273804658823e-01 2.819779321618308132e-01 3.011851246424193107e-01 3.089497343686146147e-01 3.130363710666121957e-01 3.142623620760114367e-01 3.187576624438087647e-01 3.212096444626072467e-01 3.236616264814057842e-01
1.269971323228185137e-02 3.973781237197869520e-02 5.530520278574354437e-02 5.940188447357640233e-02 6.104055714870954691e-02 6.267922982384269148e-02 6.349856616140925336e-02 6.431790249897582912e-02 6.472757066775911006e-02 6.554690700532568581e-02
4.780462457781241986e-02 9.846713432060275051e-02 1.227591582229150408e-01 1.306832943621719922e-01 1.328916601714731083e-01 1.348402182385035064e-01 1.353598337230449422e-01 1.361392569498570959e-01 1.367887763055339045e-01 1.376981034034814311e-01
4.494673941283450214e-02 9.249155624837619716e-02 1.175630033775006550e-01 1.232787737074564766e-01 1.254871395167576065e-01 1.270459859703819139e-01 1.276955053260587225e-01 1.279553130683294404e-01 1.287347362951415941e-01 1.293842556508184027e-01
4.689529747986490027e-02 8.560665107820213116e-02 1.034034814237464323e-01 1.088594440114315359e-01 1.113276175630033837e-01 1.131462717588984090e-01 1.139256949857105766e-01 1.145752143413873714e-01 1.152247336970641661e-01 1.154845414393348979e-01
2.805923616523772410e-02 6.248376201610807840e-02 7.950116913484021886e-02 8.378799688230709197e-02 8.495713172252533640e-02 8.599636269160820801e-02 8.664588204728500276e-02 8.664588204728500276e-02 8.677578591842037559e-02 8.703559366069109349e-02
0.000000000000000000e+00 2.598077422707196897e-04 5.196154845414393793e-04 6.495193556767991970e-04 7.794232268121590148e-04 7.794232268121590148e-04 7.794232268121590148e-04 7.794232268121590148e-04 7.794232268121590148e-04 7.794232268121590148e-04
2.140689356167353036e-02 5.110557121179275936e-02 6.378712334706264364e-02 6.655105137654454550e-02 6.741816605246044036e-02 6.877303273357901481e-02 6.974853674398438785e-02 7.121179275959245436e-02 7.148276609581617758e-02 7.202471276826359625e-02
2.958695059757854382e-03 2.818546346400903346e-02 4.765056254136333658e-02 5.422976602950908831e-02 5.500836999260326488e-02 5.598162494647097864e-02 5.656557791879160413e-02 5.757776307081403228e-02 5.812278584497995032e-02 5.909604079884766409e-02
3.527603497366896181e-04 9.474135107213949372e-03 2.759089878297679363e-02 3.809811777156247442e-02 3.960994784186257223e-02 4.026507420565928613e-02 4.069342605891097808e-02 4.144934109406103045e-02 4.190289011515106049e-02 4.240683347191775976e-02
6.921213519437074090e-05 1.937939785442380908e-03 1.123543661321951825e-02 3.229899642403968180e-02 3.555196677817510503e-02 3.640558311223901500e-02 3.682085592340523378e-02 3.718998731110854938e-02 3.758218941054331658e-02 3.806667435690391094e-02
2.297794117647058792e-05 8.272058823529411650e-04 6.433823529411764400e-03 3.568474264705882165e-02 4.234834558823529632e-02 4.345128676470588064e-02 4.402573529411765024e-02 4.439338235294117835e-02 4.503676470588235253e-02 4.542738970588235115e-02
1.908675799086758107e-01 2.811263318112633414e-01 3.013698630136986134e-01 3.045662100456620891e-01 3.068493150684931670e-01 3.079147640791476404e-01 3.092846270928462649e-01 3.100456621004566427e-01 3.112633181126331916e-01 3.120243531202435139e-01
2.891933028919330215e-03 1.050228310502283186e-02 1.339421613394216164e-02 1.476407914764079135e-02 1.522070015220700068e-02 1.552511415525114138e-02 1.567732115677321000e-02 1.628614916286149142e-02 1.659056316590563213e-02 1.704718417047184145e-02
3.957382039573820523e-03 1.232876712328767090e-02 1.552511415525114138e-02 1.659056316590563213e-02 1.750380517503805078e-02 1.780821917808219149e-02 1.796042617960426011e-02 1.796042617960426011e-02 1.811263318112633219e-02 1.826484018264840081e-02
6.088280060882800271e-03 1.202435312024353192e-02 1.552511415525114138e-02 1.643835616438356004e-02 1.704718417047184145e-02 1.719939117199391007e-02 1.765601217656012287e-02 1.796042617960426011e-02 1.811263318112633219e-02 1.811263318112633219e-02
3.684285106985971114e-02 7.113504321949837284e-02 8.247130508714750619e-02 8.573048037409664035e-02 8.643899674082471118e-02 8.686410656086156201e-02 8.785602947428085285e-02 8.813943602097208674e-02 8.842284256766330675e-02 8.898965566104577452e-02
3.656324582338902340e-01 6.410501193317422741e-01 6.668257756563246152e-01 6.692124105011932889e-01 6.720763723150358082e-01 6.754176610978520623e-01 6.782816229116944706e-01 6.797136038186157858e-01 6.835322195704057746e-01 6.868735083532219177e-01
2.467780429594272074e-01 4.754176610978520512e-01 5.021479713603818062e-01 5.069212410501193755e-01 5.093078758949880491e-01 5.116945107398568338e-01 5.136038186157517726e-01 5.174224343675417614e-01 5.226730310262529544e-01 5.245823389021480043e-01
1.503579952267303232e-01 2.849642004773269566e-01 3.026252983293555854e-01 3.069212410501193089e-01 3.097852028639618283e-01 3.121718377088305574e-01 3.155131264916467559e-01 3.178997613365155406e-01 3.202863961813842697e-01 3.212410501193317391e-01
7.350835322195703458e-02 1.837708830548926142e-01 2.052505966587112041e-01 2.085918854415274581e-01 2.119331742243436845e-01 2.128878281622911817e-01 2.147971360381861483e-01 2.167064439140811427e-01 2.181384248210023746e-01 2.186157517899761371e-01
5.011933174224343646e-02 7.923627684964200391e-02 8.544152744630072183e-02 8.782816229116945095e-02 8.830548926014319955e-02 8.926014319809069675e-02 9.116945107398567727e-02 9.212410501193317447e-02 9.260143198090692307e-02 9.355608591885442027e-02
1.743308167467398639e-01 2.731640356897734878e-01 3.033630748112560171e-01 3.136582017844886661e-01 3.150308853809197229e-01 3.170899107755662527e-01 3.177762525737817256e-01 3.198352779684282554e-01 3.218943033630747852e-01 3.246396705559368434e-01
7.861189801699716706e-02 1.218130311614730871e-01 1.437677053824362727e-01 1.473087818696883766e-01 1.501416430594900986e-01 1.529745042492917928e-01 1.536827195467422025e-01 1.543909348441926399e-01 1.543909348441926399e-01 1.543909348441926399e-01
3.090507726269315844e-02 3.826342899190581653e-02 4.856512141280353023e-02 5.224429727740986101e-02 5.298013245033112578e-02 5.298013245033112578e-02 5.298013245033112578e-02 5.298013245033112578e-02 5.371596762325239055e-02 5.371596762325239055e-02
3.164091243561441974e-02 4.047093451066961084e-02 4.635761589403973593e-02 5.150846210448859624e-02 5.150846210448859624e-02 5.298013245033112578e-02 5.298013245033112578e-02 5.298013245033112578e-02 5.298013245033112578e-02 5.371596762325239055e-02
3.311258278145695622e-02 4.120676968359087561e-02 4.267844002943340515e-02 4.267844002943340515e-02 4.341427520235466991e-02 4.415011037527594162e-02 4.562178072111847116e-02 4.562178072111847116e-02 4.562178072111847116e-02 4.562178072111847116e-02
1.754122938530734699e-01 2.428785607196401741e-01 2.601199400299850084e-01 2.631184407796102187e-01 2.638680659670165074e-01 2.646176911544227961e-01 2.646176911544227961e-01 2.646176911544227961e-01 2.653673163418290848e-01 2.661169415292353735e-01
1.154422788605697220e-01 1.566716641679160305e-01 1.619190404797601068e-01 1.619190404797601068e-01 1.626686656671664233e-01 1.626686656671664233e-01 1.634182908545727120e-01 1.634182908545727120e-01 1.634182908545727120e-01 1.634182908545727120e-01
8.170914542728635599e-02 1.146926536731634194e-01 1.206896551724137984e-01 1.206896551724137984e-01 1.221889055472263896e-01 1.229385307346326783e-01 1.229385307346326783e-01 1.236881559220389809e-01 1.236881559220389809e-01 1.236881559220389809e-01
5.322338830584707331e-02 7.871064467766117345e-02 8.920539730134932621e-02 9.220389805097450875e-02 9.295352323838081132e-02 9.295352323838081132e-02 9.295352323838081132e-02 9.295352323838081132e-02 9.295352323838081132e-02 9.445277361319340259e-02
4.422788605697151182e-02 7.196401799100449193e-02 8.245877061469265856e-02 8.470764617691153853e-02 8.470764617691153853e-02 8.470764617691153853e-02 8.470764617691153853e-02 8.470764617691153853e-02 8.470764617691153853e-02 8.470764617691153853e-02
4.910071942446043169e-01 6.888489208633093996e-01 7.230215827338128953e-01 7.266187050359712574e-01 7.320143884892086339e-01 7.356115107913668849e-01 7.374100719424460104e-01 7.392086330935251359e-01 7.392086330935251359e-01 7.392086330935251359e-01
4.183864915572232390e-01 6.041275797373358847e-01 6.622889305816135330e-01 6.754221388367729340e-01 6.791744840525327787e-01 6.810506566604127565e-01 6.810506566604127565e-01 6.810506566604127565e-01 6.810506566604127565e-01 6.848030018761726012e-01
3.856332703213610769e-01 5.689981096408317507e-01 6.181474480151228912e-01 6.351606805293005253e-01 6.446124763705104455e-01 6.446124763705104455e-01 6.446124763705104455e-01 6.446124763705104455e-01 6.465028355387523185e-01 6.521739130434782705e-01
2.819672131147540894e-01 4.459016393442623016e-01 5.065573770491803574e-01 5.229508196721311952e-01 5.229508196721311952e-01 5.278688524590163800e-01 5.278688524590163800e-01 5.311475409836065031e-01 5.311475409836065031e-01 5.327868852459016757e-01
3.333333333333333148e-01 5.084175084175084347e-01 5.707070707070707183e-01 5.875420875420875877e-01 5.942760942760942910e-01 5.976430976430976427e-01 5.993265993265993741e-01 5.993265993265993741e-01 6.010101010101009944e-01 6.043771043771043461e-01
2.820874471086036728e-01 3.899858956276445743e-01 4.245416078984485253e-01 4.294781382228490818e-01 4.301833568406205899e-01 4.315937940761636060e-01 4.337094499294781302e-01 4.351198871650211464e-01 4.358251057827926545e-01 4.358251057827926545e-01
2.327586206896551657e-01 3.520114942528735358e-01 3.886494252873562982e-01 3.936781609195402210e-01 3.972701149425287293e-01 3.972701149425287293e-01 3.972701149425287293e-01 3.979885057471264642e-01 3.979885057471264642e-01 3.979885057471264642e-01
1.729490022172948949e-01 2.801182557280118002e-01 3.118994826311899393e-01 3.237250554323725105e-01 3.252032520325203180e-01 3.259423503325942217e-01 3.274205469327420293e-01 3.288987435328898923e-01 3.303769401330376998e-01 3.311160384331116036e-01
1.731343283582089665e-01 2.701492537313432973e-01 3.082089552238805874e-01 3.208955223880596841e-01 3.238805970149253866e-01 3.268656716417910335e-01 3.276119402985074869e-01 3.291044776119402826e-01 3.305970149253731338e-01 3.335820895522387808e-01
2.149253731343283569e-01 3.216417910447761375e-01 3.574626865671641784e-01 3.634328358208955279e-01 3.641791044776119257e-01 3.679104477611940260e-01 3.701492537313432751e-01 3.708955223880597285e-01 3.723880597014925242e-01 3.738805970149253755e-01
6.853352984524686831e-02 1.282240235814296192e-01 1.448047162859248393e-01 1.481208548268238834e-01 1.484893146647015549e-01 1.492262343404568981e-01 1.492262343404568981e-01 1.503316138540899127e-01 1.507000736919675843e-01 1.507000736919675843e-01
6.361494446314372442e-02 1.342982160888589738e-01 1.555031975765735486e-01 1.605520026926960664e-01 1.632446987546280759e-01 1.639178727701110783e-01 1.642544597778525794e-01 1.645910467855940806e-01 1.649276337933355818e-01 1.652642208010770830e-01
3.712296983758700542e-02 9.479615512098110708e-02 1.160092807424593919e-01 1.216440172356645644e-01 1.239642028505137522e-01 1.249585681140205490e-01 1.249585681140205490e-01 1.256214782896917515e-01 1.259529333775273319e-01 1.259529333775273319e-01
2.169926650366748103e-02 6.723716381418093357e-02 9.627139364303179125e-02 1.011613691931540354e-01 1.011613691931540354e-01 1.033007334963325224e-01 1.042176039119804415e-01 1.045232273838630765e-01 1.048288508557457255e-01 1.051344743276283605e-01
1.399225960107174788e-02 4.763322417386126745e-02 6.757963679666567636e-02 7.383149746948496073e-02 7.561774337600477014e-02 7.680857398035129124e-02 7.740398928252456567e-02 7.799940458469782623e-02 7.829711223578446344e-02 7.889252753795772399e-02
3.361084681255946949e-01 4.153187440532825625e-01 4.248334919124643339e-01 4.264985727878211064e-01 4.269743101807801922e-01 4.274500475737392780e-01 4.276879162702188486e-01 4.279257849666983637e-01 4.286393910561370202e-01 4.288772597526165353e-01
4.040586698814546684e-01 5.035161744022503827e-01 5.155716294956801393e-01 5.191882660237090441e-01 5.209965842877235520e-01 5.213984327908378624e-01 5.220012055455093281e-01 5.226039783001807937e-01 5.234076753064095255e-01 5.248141450673096120e-01
4.321839080459770055e-01 5.354231974921630499e-01 5.471264367816092156e-01 5.510971786833855912e-01 5.525600835945663203e-01 5.536050156739812378e-01 5.548589341692790056e-01 5.559038662486938120e-01 5.559038662486938120e-01 5.567398119122256572e-01
4.364890580399619635e-01 5.497145575642244930e-01 5.608943862987630924e-01 5.661274976213129806e-01 5.668411037107516925e-01 5.680304471931494348e-01 5.689819219790676064e-01 5.704091341579448082e-01 5.706470028544243789e-01 5.718363463368221211e-01
2.400095147478591706e-01 3.127973358705994356e-01 3.232635585156993230e-01 3.249286393910561510e-01 3.258801141769743226e-01 3.263558515699334084e-01 3.275451950523310951e-01 3.282588011417697516e-01 3.294481446241674383e-01 3.299238820171265241e-01
4.179480011182554883e-02 8.792284036902432709e-02 1.034386357282639085e-01 1.080514397539837912e-01 1.094492591557170852e-01 1.101481688565837253e-01 1.107072966172770456e-01 1.108470785574503792e-01 1.109868604976237128e-01 1.115459882583170192e-01
2.429149797570850228e-02 5.251250297689925850e-02 6.322934031912359754e-02 6.680161943319838647e-02 6.858775899023576705e-02 6.942129078351988447e-02 6.965944272445820373e-02 7.001667063586568263e-02 7.001667063586568263e-02 7.013574660633484226e-02
1.303224356813841196e-02 3.067071115604988116e-02 3.561397595775755293e-02 3.774856757667677948e-02 3.797326143129985121e-02 3.864734299516908028e-02 3.887203684979215895e-02 3.909673070441523762e-02 3.943377148634984869e-02 3.954611841366138802e-02
9.002169197396962461e-03 2.071583514099782988e-02 2.570498915401301515e-02 2.722342733188720318e-02 2.754880694143167080e-02 2.787418655097613843e-02 2.798264642082429546e-02 2.798264642082429546e-02 2.809110629067245249e-02 2.819956616052060605e-02
5.436520626798848309e-03 1.577656966208293432e-02 2.046690118324272570e-02 2.068009807056817029e-02 2.121309028888178350e-02 2.142628717620722809e-02 2.153288561986994865e-02 2.174608250719539324e-02 2.195927939452084129e-02 2.195927939452084129e-02
8.807339449541285240e-03 3.853211009174312141e-02 7.376146788990825542e-02 8.550458715596330472e-02 8.587155963302751938e-02 8.807339449541284893e-02 8.917431192660550676e-02 8.917431192660550676e-02 8.917431192660550676e-02 8.954128440366972141e-02
2.415458937198067604e-02 5.845410628019323540e-02 7.294685990338163617e-02 7.729468599033816056e-02 7.874396135265700203e-02 8.019323671497584349e-02 8.115942028985506651e-02 8.212560386473430341e-02 8.260869565217390798e-02 8.309178743961352642e-02
9.661835748792270287e-04 5.797101449275362389e-03 1.304347826086956451e-02 1.980676328502415512e-02 2.415458937198067604e-02 2.560386473429951751e-02 2.657004830917874399e-02 2.753623188405797048e-02 2.753623188405797048e-02 2.850241545893719697e-02
2.415458937198067518e-03 6.763285024154589743e-03 1.449275362318840597e-02 2.125603864734299658e-02 2.512077294685990253e-02 2.850241545893719697e-02 2.898550724637681195e-02 2.898550724637681195e-02 2.946859903381642345e-02 3.043478260869565341e-02
1.988527724665391933e-02 3.785850860420650332e-02 4.435946462715105454e-02 4.512428298279158589e-02 4.512428298279158589e-02 4.627151051625238987e-02 4.627151051625238987e-02 4.665391969407265554e-02 4.703632887189292816e-02 4.703632887189292816e-02
3.456989247311827995e-01 4.994623655913978388e-01 5.258064516129031807e-01 5.290322580645161477e-01 5.306451612903225756e-01 5.306451612903225756e-01 5.317204301075268980e-01 5.333333333333333259e-01 5.354838709677419706e-01 5.376344086021505042e-01
5.111473626971180240e-02 1.054921152800434997e-01 1.207177814029363749e-01 1.283306144643828195e-01 1.315932572050027283e-01 1.337683523654159823e-01 1.343121261555192958e-01 1.348558999456226093e-01 1.359434475258292641e-01 1.364872213159325776e-01
2.338227297444263331e-02 4.458945078847199872e-02 4.785209352909190056e-02 4.893964110929853450e-02 5.002718868950516845e-02 5.111473626971180240e-02 5.111473626971180240e-02 5.111473626971180240e-02 5.165851005981511590e-02 5.165851005981511590e-02
4.404567699836867828e-02 7.884719956498097149e-02 9.461663947797716023e-02 1.000543773790103369e-01 1.033170201196302318e-01 1.038607939097335453e-01 1.049483414899401862e-01 1.065796628602501406e-01 1.076672104404567676e-01 1.092985318107667220e-01
1.576943991299619222e-02 2.827623708537248606e-02 3.099510603588907093e-02 3.262642740619901838e-02 3.534529635671560671e-02 3.643284393692224066e-02 3.643284393692224066e-02 3.697661772702555416e-02 3.752039151712887460e-02 3.860793909733550855e-02
2.316164561062520333e-01 3.330093942338840374e-01 3.546053341971709405e-01 3.588165424900118805e-01 3.611920958859734521e-01 3.630277507828528205e-01 3.637836086815678383e-01 3.646474462800993188e-01 3.650793650793650591e-01 3.657272432782636695e-01
1.499838030450275361e-01 2.361516034985422785e-01 2.544001727675196944e-01 2.572076449627470063e-01 2.593672389590757077e-01 2.606629953568729285e-01 2.610949141561386688e-01 2.615268329554044091e-01 2.619587517546701494e-01 2.621747111543029640e-01
1.108951517114782487e-01 1.846452866861029996e-01 2.017060792570996575e-01 2.052694093510420148e-01 2.071050642479213832e-01 2.079689018464528638e-01 2.091566785444336496e-01 2.101284958427815652e-01 2.101284958427815652e-01 2.105604146420473055e-01
6.791923118453731256e-02 1.286038224813735031e-01 1.446927977540222454e-01 1.475002699492495295e-01 1.490119857466796205e-01 1.499838030450275361e-01 1.504157218442932764e-01 1.512795594428247570e-01 1.524673361408055150e-01 1.525753158406219501e-01
3.854875283446711903e-02 8.195659216067378849e-02 9.513011553827879774e-02 9.761364863405679049e-02 9.836950653277183598e-02 9.901738473167044641e-02 9.944930353093618669e-02 1.000971817298347971e-01 1.004211208292840884e-01 1.008530396285498287e-01
1.535341830822711529e-01 2.757821552723059289e-01 3.499420625724217748e-01 3.719582850521436779e-01 3.731170336037080149e-01 3.754345307068366333e-01 3.760139049826187740e-01 3.771726535341830555e-01 3.771726535341830555e-01 3.783314020857473925e-01
4.781364936657131470e-02 1.544748671843073073e-01 2.194523906824683290e-01 2.411115651818553363e-01 2.447895382100531148e-01 2.456068655496526365e-01 2.472415202288516523e-01 2.480588475684511740e-01 2.488761749080506680e-01 2.488761749080506680e-01
2.154458070931388955e-02 7.457739476300961901e-02 1.229698375870069554e-01 1.408684123301292557e-01 1.428571428571428492e-01 1.451773284719920509e-01 1.461716937354988477e-01 1.471660589990056445e-01 1.471660589990056445e-01 1.474975140868412249e-01
1.122232332423415274e-02 4.155292690324537130e-02 6.642402183803457205e-02 7.521989687594783647e-02 7.643312101910827716e-02 7.703973309068851139e-02 7.734303912647862156e-02 7.855626326963906225e-02 7.885956930542917243e-02 7.885956930542917243e-02
1.520218911523259263e-03 3.952569169960474041e-03 1.307388263910003005e-02 2.097902097902097987e-02 2.189115232593493582e-02 2.280328367284889177e-02 2.462754636667680019e-02 2.553967771359075614e-02 2.705989662511401606e-02 2.797202797202797200e-02
6.642066420664206883e-03 1.918819188191881950e-02 3.321033210332103441e-02 4.428044280442804126e-02 5.239852398523985044e-02 5.756457564575645502e-02 6.051660516605165963e-02 6.051660516605165963e-02 6.051660516605165963e-02 6.125461254612546425e-02
1.005025125628140718e-02 4.899497487437185633e-02 7.788944723618090871e-02 9.170854271356783383e-02 9.924623115577889398e-02 1.036432160804020147e-01 1.061557788944723635e-01 1.067839195979899541e-01 1.080402010050251216e-01 1.092964824120603029e-01
2.214022140221402150e-03 7.380073800738007166e-03 1.549815498154981548e-02 2.509225092250922523e-02 3.099630996309963096e-02 3.542435424354243440e-02 3.542435424354243440e-02 3.837638376383763900e-02 3.911439114391143668e-02 3.911439114391143668e-02
0.000000000000000000e+00 7.352941176470588133e-03 2.132352941176470645e-02 3.970588235294117418e-02 4.191176470588234976e-02 4.485294117647058848e-02 4.558823529411764469e-02 4.705882352941176405e-02 4.852941176470588341e-02 4.852941176470588341e-02
3.916449086161879513e-03 2.937336814621410025e-02 6.070496083550913635e-02 8.550913838120104138e-02 9.334203655352479867e-02 9.986945169712793668e-02 1.037859007832898223e-01 1.037859007832898223e-01 1.050913838120104415e-01 1.057441253263707581e-01
1.410008294166436270e-02 5.004147083218136310e-02 7.962399778822228102e-02 9.151230301354713881e-02 9.427702515897151692e-02 9.455349737351395611e-02 9.455349737351395611e-02 9.455349737351395611e-02 9.482996958805639531e-02 9.482996958805639531e-02
1.733102253032928848e-03 1.629116117850953199e-02 4.090121317157712627e-02 5.719237435008665826e-02 6.273830155979202849e-02 6.377816291161178541e-02 6.481802426343154233e-02 6.516464471403812797e-02 6.551126516464471361e-02 6.655112651646447053e-02
1.670343523479356912e-02 9.769933816577371088e-02 1.730223763000315051e-01 1.919319256224393255e-01 1.966593129530412876e-01 1.969744721084147610e-01 1.972896312637882066e-01 1.979199495745351534e-01 1.979199495745351534e-01 1.982351087299085990e-01
8.659397049390634912e-03 7.985888389993585357e-02 1.626042334830019309e-01 1.879409878127004385e-01 1.898652982681205970e-01 1.917896087235407276e-01 1.924310455420141230e-01 1.927517639512507930e-01 1.927517639512507930e-01 1.927517639512507930e-01
8.251348778165662479e-03 5.522056490003173640e-02 1.107584893684544630e-01 1.367819739765153975e-01 1.399555696604252719e-01 1.405902887972072246e-01 1.412250079339892050e-01 1.412250079339892050e-01 1.418597270707711855e-01 1.421770866391621757e-01
4.474272930648769695e-04 3.579418344519015756e-03 1.834451901565995607e-02 6.420581655480984973e-02 2.190156599552572636e-01 4.125279642058165552e-01 4.315436241610738355e-01 4.337807606263981985e-01 4.355704697986577112e-01 4.362416107382550146e-01
7.743933918430562224e-04 6.711409395973154217e-03 1.819824470831182123e-02 8.595766649457924069e-02 1.643004646360350929e-01 1.752710376871450815e-01 1.768198244708311939e-01 1.777232834279814100e-01 1.781104801239029312e-01 1.794011357769746962e-01
1.305312622373058459e-04 1.827437671322281734e-03 1.357525127267980754e-02 4.203106644041247619e-02 8.354000783187573442e-02 1.345777313666623176e-01 1.538963581777835765e-01 1.549406082756820124e-01 1.549406082756820124e-01 1.553322020623939537e-01
0.000000000000000000e+00 0.000000000000000000e+00 0.000000000000000000e+00 0.000000000000000000e+00 2.109259649862898134e-04 2.531111579835477760e-03 2.995148702805315241e-02 5.673908458131195903e-02 6.053575195106517676e-02 6.137945581101033471e-02
2.490039840637450156e-04 3.610557768924302618e-03 1.469123505976095700e-02 2.377988047808764910e-02 2.490039840637450069e-02 2.589641434262948336e-02 2.614541832669322816e-02 2.626992031872510056e-02 2.639442231075697295e-02 2.651892430278884535e-02
3.104661389621811707e-01 4.714160070360597921e-01 5.268249780123130943e-01 5.382585751978892219e-01 5.470536499560246790e-01 5.505716798592787953e-01 5.514511873350923521e-01 5.523306948109059089e-01 5.540897097625330225e-01 5.558487247141600252e-01
1.656862745098039158e-01 2.941176470588235392e-01 3.411764705882353033e-01 3.588235294117647078e-01 3.656862745098038991e-01 3.676470588235294379e-01 3.686274509803921795e-01 3.686274509803921795e-01 3.735294117647058876e-01 3.764705882352941124e-01
1.960784313725490169e-02 4.607843137254902244e-02 5.392156862745098311e-02 5.784313725490196345e-02 5.882352941176470507e-02 6.176470588235294379e-02 6.176470588235294379e-02 6.274509803921568540e-02 6.470588235294118251e-02 6.666666666666666574e-02
1.510416666666666574e-01 2.456597222222222099e-01 2.838541666666666852e-01 2.994791666666666852e-01 3.012152777777777901e-01 3.046875000000000000e-01 3.064236111111111049e-01 3.064236111111111049e-01 3.072916666666666852e-01 3.081597222222222099e-01
1.303921568627451066e-01 2.049019607843137192e-01 2.568627450980391913e-01 2.725490196078431127e-01 2.784313725490196179e-01 2.823529411764705843e-01 2.843137254901960675e-01 2.852941176470588092e-01 2.862745098039215508e-01 2.872549019607842924e-01
2.418109187749667155e-01 3.760319573901464985e-01 4.165113182423435534e-01 4.266311584553927894e-01 4.314247669773635385e-01 4.348868175765645550e-01 4.367509986684420809e-01 4.370173102529960052e-01 4.375499334221038539e-01 4.388814913448734756e-01
7.696404793608521699e-02 1.360852197070572533e-01 1.600532623169107771e-01 1.672436750998668453e-01 1.704394141145139929e-01 1.715046604527296903e-01 1.733688415446071884e-01 1.744340878828229136e-01 1.744340878828229136e-01 1.744340878828229136e-01
2.023968042609853440e-02 3.675099866844207946e-02 4.740346205059919882e-02 4.953395472703062824e-02 4.980026631158455258e-02 5.086551264980026382e-02 5.113182423435419510e-02 5.166444740346205072e-02 5.193075898801598200e-02 5.246338215712383762e-02
9.587217043941411582e-03 1.731025299600532502e-02 2.103861517976032131e-02 2.183754993342210474e-02 2.290279627163781598e-02 2.316910785619174379e-02 2.316910785619174379e-02 2.343541944074567160e-02 2.343541944074567160e-02 2.343541944074567160e-02
7.403462050599200761e-02 1.366178428761651020e-01 1.552596537949400834e-01 1.637816245006657734e-01 1.664447403462050723e-01 1.677762982689746940e-01 1.685752330226364948e-01 1.699067909454061165e-01 1.704394141145139929e-01 1.712383488681757659e-01
2.868525896414342857e-01 3.471826977803073588e-01 3.557199772339214583e-01 3.591348890153671092e-01 3.614114968696641728e-01 3.631189527603870260e-01 3.659647125782584109e-01 3.665338645418326768e-01 3.688104723961297404e-01 3.688104723961297404e-01
2.377909630305796440e-01 3.035143769968051131e-01 3.153811045184847228e-01 3.176631675034231050e-01 3.199452304883614873e-01 3.222272934732998695e-01 3.226837060702875126e-01 3.240529438612505531e-01 3.263350068461889353e-01 3.263350068461889353e-01
3.083961248654467080e-01 3.837459634015070176e-01 3.977395048439181791e-01 4.015069967707212140e-01 4.079655543595263612e-01 4.101184068891280954e-01 4.117330462863293961e-01 4.133476856835306967e-01 4.149623250807319974e-01 4.155005382131323755e-01
2.422077922077922052e-01 3.214285714285714524e-01 3.422077922077921830e-01 3.499999999999999778e-01 3.545454545454545525e-01 3.551948051948051743e-01 3.577922077922077726e-01 3.584415584415584499e-01 3.597402597402597491e-01 3.597402597402597491e-01
1.793500617030028832e-01 2.180172768408062400e-01 2.213081036610448360e-01 2.229535170711641201e-01 2.241875771287535901e-01 2.258329905388729020e-01 2.262443438914027161e-01 2.278897573015220002e-01 2.278897573015220002e-01 2.283011106540518420e-01
1.027749229188078131e-03 1.453531052708853348e-02 8.794596975480839518e-02 1.501982087799148546e-01 1.711936573190427358e-01 1.782410806049038454e-01 1.804434003817354248e-01 1.813243282924680566e-01 1.826457201585670320e-01 1.838202907062105318e-01
2.387305153770537692e-03 4.830782193512147410e-02 1.613537424519028152e-01 2.206150821513832294e-01 2.332537564948743147e-01 2.394326639516921873e-01 2.419603988203903877e-01 2.433646959696671719e-01 2.453307119786546919e-01 2.470158685577868163e-01
4.991924827484951234e-03 1.145206283952429974e-02 1.453531052708853348e-02 1.747173689619732628e-02 1.805902217001908658e-02 1.849948612538540593e-02 1.879312876229628435e-02 1.952723535457348558e-02 1.952723535457348558e-02 1.967405667302892305e-02
4.257818235207751732e-03 5.197474673322566296e-02 1.504918514168257226e-01 1.923359271766260370e-01 2.037879900161503333e-01 2.096608427543679432e-01 2.112758772573777588e-01 2.130377330788430501e-01 2.150932315372192094e-01 2.164146234033181571e-01
5.872852738217589075e-03 5.329613859932462450e-02 1.127587725737777130e-01 1.390397885773014264e-01 1.443253560416972447e-01 1.479958890030832475e-01 1.494641021876376430e-01 1.506386727352811705e-01 1.519600646013801182e-01 1.531346351490236457e-01
8.658008658008657654e-02 1.688311688311688319e-01 2.099567099567099526e-01 2.380952380952380820e-01 2.532467532467532201e-01 2.662337662337662114e-01 2.705627705627705604e-01 2.748917748917749093e-01 2.857142857142856984e-01 2.943722943722943963e-01
2.725366876310272510e-02 6.498951781970649377e-02 7.756813417190776272e-02 7.966457023060796727e-02 8.176100628930817182e-02 8.176100628930817182e-02 8.385744234800839025e-02 8.595387840670859481e-02 8.805031446540879936e-02 9.224318658280922234e-02
9.057971014492753950e-03 2.173913043478260809e-02 2.898550724637681195e-02 2.898550724637681195e-02 2.898550724637681195e-02 2.898550724637681195e-02 2.898550724637681195e-02 2.898550724637681195e-02 2.898550724637681195e-02 2.898550724637681195e-02
1.757469244288224850e-03 5.272407732864674984e-03 7.029876977152899400e-03 7.029876977152899400e-03 7.029876977152899400e-03 7.029876977152899400e-03 8.787346221441125552e-03 8.787346221441125552e-03 8.787346221441125552e-03 8.787346221441125552e-03
1.831501831501831500e-03 3.663003663003663000e-03 5.494505494505494934e-03 1.098901098901098987e-02 1.098901098901098987e-02 1.098901098901098987e-02 1.098901098901098987e-02 1.098901098901098987e-02 1.098901098901098987e-02 1.098901098901098987e-02
5.641563893991078694e-03 4.159013382314353385e-02 1.365783258987142423e-01 1.977171346103384908e-01 2.053266859092101881e-01 2.091314615586460368e-01 2.116242456048281206e-01 2.138546313303594792e-01 2.156914195749147223e-01 2.177906061401206905e-01
2.220190675199164299e-03 4.505681076139480407e-02 1.171477079796264809e-01 1.503199686561316473e-01 1.538461538461538547e-01 1.567193417787645371e-01 1.580253362935875594e-01 1.585477340995167794e-01 1.602455269687867445e-01 1.606373253232336318e-01
8.036431824270023677e-04 1.620680417894454842e-02 6.348781141173319431e-02 7.835521028663273990e-02 7.956067506027324210e-02 8.103402089472273861e-02 8.237342619876775185e-02 8.344495044200375689e-02 8.478435574604875624e-02 8.545405839807125592e-02
1.741226895258505148e-03 2.303777122957407011e-02 7.607822126975623267e-02 9.134744173586926974e-02 9.375837128315028801e-02 9.509777658719528737e-02 9.590141976962228421e-02 9.710688454326278640e-02 9.858023037771229680e-02 9.884811143852129112e-02
1.349025563148570084e-01 2.777777777777777901e-01 3.308023285244242051e-01 3.418121994431789212e-01 3.475069602632244736e-01 3.506707162743609163e-01 3.526955201214882485e-01 3.553530751708428026e-01 3.571247785370792460e-01 3.586433814224246897e-01
1.108891108891108951e-01 2.247752247752247690e-01 2.677322677322677147e-01 2.797202797202797409e-01 2.857142857142856984e-01 2.957042957042956832e-01 2.987012987012986898e-01 3.016983016983016963e-01 3.036963036963036822e-01 3.056943056943056680e-01
8.326105810928013939e-02 1.786643538594969716e-01 2.020815264527320021e-01 2.168256721595837044e-01 2.228967909800520508e-01 2.263660017346053877e-01 2.298352124891587245e-01 2.324371205550737340e-01 2.333044232437120613e-01 2.367736339982653981e-01
1.365853658536585365e-02 5.365853658536585274e-02 1.034146341463414581e-01 1.346341463414634232e-01 1.463414634146341375e-01 1.531707317073170704e-01 1.560975609756097560e-01 1.580487804878048796e-01 1.580487804878048796e-01 1.600000000000000033e-01
6.854009595613433890e-03 3.152844413982179572e-02 5.894448252227552781e-02 7.059629883481836898e-02 7.196710075394105455e-02 7.265250171350240427e-02 7.333790267306374011e-02 7.470870459218642567e-02 7.470870459218642567e-02 7.470870459218642567e-02
2.268041237113401984e-02 8.144329896907216704e-02 1.412371134020618535e-01 1.567010309278350499e-01 1.597938144329896781e-01 1.608247422680412486e-01 1.618556701030927913e-01 1.639175257731958768e-01 1.649484536082474195e-01 1.659793814432989623e-01
5.589743589743589869e-01 6.943589743589743124e-01 7.107692307692308198e-01 7.169230769230768852e-01 7.199999999999999734e-01 7.251282051282050833e-01 7.251282051282050833e-01 7.261538461538461497e-01 7.261538461538461497e-01 7.271794871794872162e-01
3.364102564102564030e-01 4.994871794871794668e-01 5.312820512820513041e-01 5.384615384615384359e-01 5.405128205128204577e-01 5.425641025641025905e-01 5.435897435897435459e-01 5.446153846153846123e-01 5.466666666666666341e-01 5.497435897435897223e-01
1.487179487179487170e-01 3.558974358974358876e-01 4.020512820512820440e-01 4.092307692307692313e-01 4.123076923076923195e-01 4.164102564102564186e-01 4.194871794871795068e-01 4.205128205128205177e-01 4.205128205128205177e-01 4.235897435897436059e-01
9.743589743589743668e-02 2.974358974358974339e-01 3.682051282051281849e-01 3.702564102564102622e-01 3.723076923076922840e-01 3.774358974358974494e-01 3.794871794871794712e-01 3.815384615384615485e-01 3.846153846153846367e-01 3.856410256410256476e-01
8.615384615384615030e-02 2.533333333333333548e-01 2.984615384615384448e-01 3.046153846153846212e-01 3.056410256410256321e-01 3.097435897435897312e-01 3.107692307692307421e-01 3.117948717948718085e-01 3.148717948717948967e-01 3.148717948717948967e-01
7.884658706915972926e-03 2.478035593602162523e-02 3.694525794097770072e-02 4.573102050011263603e-02 4.843433205676954401e-02 5.293985131786438370e-02 5.631899076368551693e-02 5.812119846812344864e-02 5.924757828339716204e-02 5.992340617256138730e-02
0.000000000000000000e+00 0.000000000000000000e+00 0.000000000000000000e+00 2.283105022831050156e-04 9.132420091324200623e-04 1.598173515981735245e-03 2.283105022831050102e-03 2.511415525114155198e-03 5.479452054794520591e-03 9.817351598173516131e-03
0.000000000000000000e+00 0.000000000000000000e+00 2.746498214776160393e-04 2.746498214776160393e-04 2.746498214776160393e-04 2.746498214776160393e-04 8.239494644328481179e-04 2.197198571820928314e-03 5.767646251029936826e-03 1.950013732491073792e-02
0.000000000000000000e+00 3.188521323236349295e-03 1.096054204862494975e-02 2.212036667995217337e-02 2.371462734157034694e-02 2.690314866480669753e-02 2.809884416102032684e-02 2.829812674372259723e-02 2.909525707453168575e-02 3.009166998804304466e-02
5.736137667304015524e-04 1.529636711281070734e-03 8.604206500956022852e-03 2.562141491395793572e-02 2.944550669216061331e-02 3.250478011472275608e-02 3.422562141491395510e-02 3.499043977055449339e-02 3.632887189292543367e-02 3.728489483747610134e-02
2.226935312831389291e-01 3.160127253446447515e-01 3.425238600212088813e-01 3.552492046659597169e-01 3.594909862142099954e-01 3.637327677624602185e-01 3.679745493107104970e-01 3.679745493107104970e-01 3.690349946977730666e-01 3.700954400848356363e-01
1.670445956160241940e-01 2.207105064247921467e-01 2.350718065003779278e-01 2.388510959939531275e-01 2.403628117913832185e-01 2.411186696900982640e-01 2.426303854875283550e-01 2.426303854875283550e-01 2.426303854875283550e-01 2.426303854875283550e-01
1.835003855050115762e-01 2.459521973785659121e-01 2.698535080956052656e-01 2.744795682343870724e-01 2.783346183500385318e-01 2.783346183500385318e-01 2.821896684656900467e-01 2.829606784888203386e-01 2.829606784888203386e-01 2.829606784888203386e-01
2.242268041237113485e-01 2.989690721649484462e-01 3.178694158075601184e-01 3.247422680412371254e-01 3.307560137457044580e-01 3.324742268041236959e-01 3.341924398625429338e-01 3.376288659793814650e-01 3.376288659793814650e-01 3.402061855670103219e-01
2.405063291139240556e-01 3.164556962025316666e-01 3.407172995780590741e-01 3.502109704641350185e-01 3.544303797468354444e-01 3.597046413502109630e-01 3.628691983122362963e-01 3.670886075949367222e-01 3.691983122362869074e-01 3.713080168776371481e-01
2.399520095980803638e-03 5.998800239952009963e-03 7.198560287942411783e-03 8.398320335932813602e-03 8.398320335932813602e-03 8.398320335932813602e-03 8.398320335932813602e-03 8.398320335932813602e-03 8.398320335932813602e-03 8.398320335932813602e-03
1.799640071985602946e-03 1.799640071985602946e-03 1.799640071985602946e-03 1.799640071985602946e-03 1.799640071985602946e-03 1.799640071985602946e-03 1.799640071985602946e-03 1.799640071985602946e-03 1.799640071985602946e-03 1.799640071985602946e-03
0.000000000000000000e+00 1.799640071985602946e-03 1.799640071985602946e-03 1.799640071985602946e-03 1.799640071985602946e-03 1.799640071985602946e-03 1.799640071985602946e-03 1.799640071985602946e-03 1.799640071985602946e-03 1.799640071985602946e-03
1.199760047990401819e-03 2.399520095980803638e-03 2.999400119976004982e-03 4.799040191961607277e-03 4.799040191961607277e-03 4.799040191961607277e-03 5.398920215956808620e-03 5.398920215956808620e-03 5.398920215956808620e-03 5.398920215956808620e-03
1.199760047990401819e-03 3.599280143971205891e-03 4.199160167966406801e-03 5.398920215956808620e-03 5.398920215956808620e-03 5.398920215956808620e-03 5.398920215956808620e-03 5.398920215956808620e-03 5.398920215956808620e-03 5.398920215956808620e-03
8.571428571428571508e-02 1.804081632653061207e-01 2.146938775510204012e-01 2.285714285714285643e-01 2.391836734693877642e-01 2.408163265306122458e-01 2.432653061224489821e-01 2.473469387755102000e-01 2.546938775510204089e-01 2.579591836734693722e-01
8.885298869143780365e-02 1.801292407108238958e-01 2.197092084006461998e-01 2.374798061389337689e-01 2.463651050080775395e-01 2.528271405492730217e-01 2.552504038772213102e-01 2.584814216478190652e-01 2.600969305331179426e-01 2.625201938610662311e-01
4.897959183673469136e-02 1.167346938775510184e-01 1.453061224489795855e-01 1.559183673469387854e-01 1.640816326530612212e-01 1.648979591836734759e-01 1.689795918367346939e-01 1.730612244897959118e-01 1.771428571428571297e-01 1.779591836734693844e-01
2.775510204081632626e-02 7.183673469387755195e-02 9.306122448979592399e-02 1.044897959183673508e-01 1.093877551020408095e-01 1.102040816326530642e-01 1.102040816326530642e-01 1.110204081632653050e-01 1.118367346938775458e-01 1.126530612244898005e-01
1.824968892575694682e-02 3.359601824968892758e-02 4.396515968477809899e-02 4.728328494400663856e-02 4.769805060141020514e-02 4.769805060141020514e-02 4.769805060141020514e-02 4.811281625881377172e-02 4.852758191621733830e-02 4.894234757362090488e-02
8.145043731778425777e-02 1.523323615160349920e-01 1.696428571428571508e-01 1.743804664723032083e-01 1.769314868804664764e-01 1.776603498542274062e-01 1.789358600583090264e-01 1.793002915451895052e-01 1.798469387755101956e-01 1.805758017492711254e-01
2.590301830776843284e-01 4.035131123206333603e-01 4.341909945571499341e-01 4.393864423552696907e-01 4.411182582879762393e-01 4.430974764967837709e-01 4.443344878772884643e-01 4.448292924294903750e-01 4.453240969816922301e-01 4.455714992577931577e-01
2.679479932165064748e-01 4.050310910118711250e-01 4.287733182589033576e-01 4.349915206331260720e-01 4.375353306953080890e-01 4.383832673827021131e-01 4.397964951950254497e-01 4.397964951950254497e-01 4.400791407574901060e-01 4.403617863199547622e-01
5.388554887552883532e-02 1.262525050100200275e-01 1.563126252505009917e-01 1.614339790692496113e-01 1.638833221999554668e-01 1.661099977733244137e-01 1.672233355600089011e-01 1.681140057893564799e-01 1.683366733466933884e-01 1.685593409040302693e-01
2.091577162238552820e-02 1.076879592990390017e-01 2.286602600339174562e-01 2.902769926512153709e-01 2.993216506500848140e-01 3.029960429621255114e-01 3.058224985867721846e-01 3.066704352741662087e-01 3.078010175240248891e-01 3.086489542114188578e-01
2.337202439504229845e-01 3.556954554397009916e-01 3.869761951603383765e-01 4.017312610662994166e-01 4.066496163682864484e-01 4.097973637615581199e-01 4.121581743065119152e-01 4.162895927601810153e-01 4.176667322447373820e-01 4.192406059413731900e-01
7.692307692307692735e-02 1.243360220342317468e-01 1.400747590005902155e-01 1.477473932716899530e-01 1.501082038166437205e-01 1.530592169978359229e-01 1.546330906944717587e-01 1.567971670273460572e-01 1.583710407239818929e-01 1.589612433602203556e-01
2.262443438914027091e-02 3.737950029510132138e-02 4.229785559708833242e-02 4.485540035412158288e-02 4.603580562659846664e-02 4.662600826283690852e-02 4.721621089907535040e-02 4.780641353531379228e-02 4.800314774739326829e-02 4.800314774739326829e-02
1.296478457603777168e-01 2.095219358646468744e-01 2.354908518591383171e-01 2.461144993114302570e-01 2.494589809167814254e-01 2.522132598858941588e-01 2.545740704308478985e-01 2.555577414912453271e-01 2.565414125516427557e-01 2.573283493999606319e-01
4.819988195947275122e-02 8.990753492032264871e-02 1.089907534920322579e-01 1.156797167027346085e-01 1.204013377926421435e-01 1.213850088530395444e-01 1.225654141255164281e-01 1.229588825496753940e-01 1.241392878221522778e-01 1.253196930946291476e-01
4.568296025582457712e-04 1.050708085883965241e-02 1.011877569666514431e-01 1.809045226130653328e-01 2.149383280036546440e-01 2.211055276381909684e-01 2.227044312471448129e-01 2.249885792599360390e-01 2.275011420740064016e-01 2.306989492919141183e-01
6.785795068988916857e-04 3.166704365528160911e-03 4.817914498982130839e-02 1.479303325039583727e-01 1.979190228455100786e-01 2.123953856593530920e-01 2.171454422076453394e-01 2.187287943904094034e-01 2.207645329111060928e-01 2.223478850938701568e-01
2.284148012791228856e-04 1.142074006395614374e-03 1.164915486523526722e-02 7.126541799908633901e-02 1.190041114664230210e-01 1.379625399725902257e-01 1.411603471904979423e-01 1.439013248058474137e-01 1.457286432160803946e-01 1.475559616263133755e-01
3.712497301964170354e-02 1.221670623785883897e-01 1.564860781351176400e-01 1.642564213252752092e-01 1.668465357219943990e-01 1.677099071875674530e-01 1.685732786531405070e-01 1.703000215842866427e-01 1.715950787826462376e-01 1.720267645154327785e-01
1.598903608953860253e-03 2.398355413430790228e-02 6.989492919141160332e-02 9.479214253083599606e-02 1.016445865692096884e-01 1.039287345820009145e-01 1.066697121973503859e-01 1.068981269986295085e-01 1.089538602101416120e-01 1.103243490178163477e-01
1.390476190476190588e-01 2.223809523809523736e-01 2.509523809523809268e-01 2.576190476190476364e-01 2.580952380952380998e-01 2.585714285714285632e-01 2.590476190476190266e-01 2.600000000000000089e-01 2.600000000000000089e-01 2.600000000000000089e-01
1.617819460726846459e-01 2.749120750293083115e-01 3.106682297772567214e-01 3.188745603751465540e-01 3.206330597889800460e-01 3.235638921453692918e-01 3.235638921453692918e-01 3.259085580304806329e-01 3.264947245017584820e-01 3.264947245017584820e-01
2.078239608801955851e-02 8.740831295843520810e-02 1.234718826405867970e-01 1.332518337408312992e-01 1.363080684596577052e-01 1.369193154034229754e-01 1.381418092909535433e-01 1.381418092909535433e-01 1.387530562347188134e-01 1.387530562347188134e-01
2.318034306907742342e-02 1.163653222067686649e-01 1.812702828001854505e-01 1.928604543347241518e-01 1.965693092257765340e-01 1.970329160871580887e-01 1.993509503940658345e-01 2.002781641168289162e-01 2.012053778395920256e-01 2.016689847009735803e-01
2.495840266222961682e-03 4.492512479201331288e-02 1.173044925124792082e-01 1.780366056572379452e-01 1.846921797004991705e-01 1.855241264559068237e-01 1.871880199667221301e-01 1.871880199667221301e-01 1.880199667221297832e-01 1.905158069883527427e-01
1.818181818181818232e-01 3.162612035851472547e-01 3.572343149807938323e-01 3.640631668800682896e-01 3.670507895860008474e-01 3.700384122919334051e-01 3.730260349978659629e-01 3.730260349978659629e-01 3.738796414852753047e-01 3.743064447289799479e-01
9.261630388390951207e-02 1.937686726419120820e-01 2.300469483568075013e-01 2.381562099871959159e-01 2.432778489116517173e-01 2.449850618864703455e-01 2.466922748612889460e-01 2.471190781049935892e-01 2.479726845924029033e-01 2.496798975672215037e-01
4.054630815194195520e-02 1.224925309432351728e-01 1.702944942381562077e-01 1.809645753307725091e-01 1.839521980367050669e-01 1.860862142552283383e-01 1.886470337174562528e-01 1.903542466922748533e-01 1.920614596670934815e-01 1.929150661545027678e-01
2.816901408450704289e-02 9.560392658984208369e-02 1.284677763551002883e-01 1.348698250106700747e-01 1.365770379854887029e-01 1.378574477166026324e-01 1.399914639351259038e-01 1.412718736662398611e-01 1.416986769099445043e-01 1.429790866410584615e-01
2.005975245411865254e-02 6.402048655569782254e-02 8.962868117797695433e-02 9.645753307725138392e-02 9.816474605206999826e-02 9.859154929577464144e-02 1.007255655142979128e-01 1.028595817328211703e-01 1.037131882202304706e-01 1.049935979513444279e-01
1.740819209039548010e-01 2.771892655367231839e-01 3.089689265536723073e-01 3.202683615819209018e-01 3.223870056497175063e-01 3.252118644067796827e-01 3.283898305084745894e-01 3.308615819209039799e-01 3.308615819209039799e-01 3.308615819209039799e-01
1.590361445783132488e-01 2.523235800344234003e-01 2.788296041308089279e-01 2.881239242685025848e-01 2.925989672977624689e-01 2.960413080895008542e-01 2.987951807228915735e-01 3.001721170395869054e-01 3.012048192771084598e-01 3.018932874354561258e-01
1.399525584547610946e-01 2.161978990172822856e-01 2.450016943409013825e-01 2.517790579464588285e-01 2.548288715689596695e-01 2.561843442900711421e-01 2.575398170111826701e-01 2.592341579125719830e-01 2.599118942731277748e-01 2.602507624534056152e-01
1.280276816608996449e-01 1.903114186851211087e-01 2.159169550173010432e-01 2.238754325259515454e-01 2.266435986159169580e-01 2.269896193771626380e-01 2.294117647058823428e-01 2.314878892733563953e-01 2.325259515570934354e-01 2.332179930795847678e-01
1.067884080984517620e-01 1.734815402937673612e-01 1.953156014291385356e-01 2.064311234616911517e-01 2.111949186184993998e-01 2.123858674077014619e-01 2.139737991266375539e-01 2.143707820563715838e-01 2.151647479158396159e-01 2.167526796347757079e-01
8.633540372670807372e-02 1.968944099378882040e-01 2.478260869565217517e-01 2.633540372670807317e-01 2.714285714285714080e-01 2.751552795031055876e-01 2.788819875776397672e-01 2.795031055900620842e-01 2.813664596273292018e-01 2.826086956521738913e-01
5.155279503105589939e-02 2.465838509316770066e-01 3.670807453416148891e-01 3.925465838509316630e-01 4.012422360248447117e-01 4.037267080745341463e-01 4.068322981366459534e-01 4.080745341614906985e-01 4.111801242236025056e-01 4.111801242236025056e-01
2.539870053160070765e-02 1.314235085646780765e-01 1.869462492616656701e-01 1.961015948021264110e-01 1.978735971647962166e-01 1.996455995274660500e-01 1.999409332545776796e-01 1.999409332545776796e-01 2.002362669816893093e-01 2.014176018901358556e-01
7.543753771876885589e-03 3.500301750150874858e-02 5.340977670488835510e-02 5.914302957151478662e-02 6.035003017501508471e-02 6.035003017501508471e-02 6.095353047676523722e-02 6.125528062764031695e-02 6.125528062764031695e-02 6.155703077851538974e-02
1.013976431899150411e-02 5.946834749246368568e-02 1.035900246642915828e-01 1.115374075089065470e-01 1.134557412989860292e-01 1.145519320361742949e-01 1.156481227733625605e-01 1.164702658262537632e-01 1.167443135105508401e-01 1.175664565634420428e-01
5.641563893991078694e-03 4.159013382314353385e-02 1.365783258987142423e-01 1.977171346103384908e-01 2.053266859092101881e-01 2.091314615586460368e-01 2.116242456048281206e-01 2.138546313303594792e-01 2.156914195749147223e-01 2.177906061401206905e-01
2.220190675199164299e-03 4.505681076139480407e-02 1.171477079796264809e-01 1.503199686561316473e-01 1.538461538461538547e-01 1.567193417787645371e-01 1.580253362935875594e-01 1.585477340995167794e-01 1.602455269687867445e-01 1.606373253232336318e-01
8.036431824270023677e-04 1.620680417894454842e-02 6.348781141173319431e-02 7.835521028663273990e-02 7.956067506027324210e-02 8.103402089472273861e-02 8.237342619876775185e-02 8.344495044200375689e-02 8.478435574604875624e-02 8.545405839807125592e-02
1.741226895258505148e-03 2.303777122957407011e-02 7.607822126975623267e-02 9.134744173586926974e-02 9.375837128315028801e-02 9.509777658719528737e-02 9.590141976962228421e-02 9.710688454326278640e-02 9.858023037771229680e-02 9.884811143852129112e-02
1.349025563148570084e-01 2.777777777777777901e-01 3.308023285244242051e-01 3.418121994431789212e-01 3.475069602632244736e-01 3.506707162743609163e-01 3.526955201214882485e-01 3.553530751708428026e-01 3.571247785370792460e-01 3.586433814224246897e-01
7.194244604316546920e-04 1.438848920863309384e-03 5.395683453237410353e-03 2.517985611510791324e-02 3.453237410071942348e-02 3.525179856115107785e-02 3.525179856115107785e-02 3.525179856115107785e-02 3.525179856115107785e-02 3.561151079136690850e-02
0.000000000000000000e+00 2.158273381294963968e-03 1.151079136690647507e-02 4.136690647482014344e-02 5.611510791366906142e-02 6.402877697841725946e-02 6.690647482014389080e-02 6.798561151079136888e-02 7.050359712230215570e-02 7.086330935251798635e-02
0.000000000000000000e+00 0.000000000000000000e+00 2.877697841726618768e-03 3.093525179856115165e-02 4.676258992805755466e-02 5.215827338129496588e-02 5.323741007194244396e-02 5.359712230215827461e-02 5.395683453237409832e-02 5.467625899280575269e-02
3.597122302158273460e-04 1.438848920863309384e-03 2.050359712230215986e-02 1.082733812949640273e-01 1.633093525179856176e-01 1.773381294964028743e-01 1.787769784172661969e-01 1.802158273381294917e-01 1.816546762589928143e-01 1.820143884892086450e-01
0.000000000000000000e+00 0.000000000000000000e+00 0.000000000000000000e+00 7.194244604316546920e-04 1.366906474820143817e-02 2.913669064748201573e-02 3.920863309352518034e-02 4.244604316546762846e-02 4.244604316546762846e-02 4.352517985611510654e-02
3.455706304868316203e-01 4.972067039106145003e-01 5.442936951316839078e-01 5.562649640861930811e-01 5.594573024740622236e-01 5.650438946528332229e-01 5.682362330407023654e-01 5.714285714285713969e-01 5.714285714285713969e-01 5.714285714285713969e-01
2.283861671469740728e-01 3.602305475504322674e-01 3.984149855907780924e-01 4.200288184438040195e-01 4.279538904899135576e-01 4.293948126801152565e-01 4.301152737752161337e-01 4.301152737752161337e-01 4.308357348703170109e-01 4.365994236311239174e-01
1.401459854014598660e-01 2.423357664233576625e-01 2.744525547445255675e-01 2.846715328467153139e-01 2.875912408759124239e-01 2.890510948905109512e-01 2.905109489051094784e-01 2.919708029197080057e-01 2.919708029197080057e-01 2.941605839416058243e-01
5.171208944793850154e-02 1.264849755415793087e-01 1.488469601677148979e-01 1.579315164220824463e-01 1.600279524807826648e-01 1.614255765199161530e-01 1.614255765199161530e-01 1.621243885394828832e-01 1.621243885394828832e-01 1.621243885394828832e-01
1.785714285714285615e-02 6.122448979591836593e-02 7.738095238095238360e-02 8.503401360544217413e-02 8.503401360544217413e-02 8.503401360544217413e-02 8.503401360544217413e-02 8.503401360544217413e-02 8.758503401360544227e-02 8.758503401360544227e-02
3.399433427762039994e-02 1.175637393767705319e-01 1.458923512747875295e-01 1.600566572237960283e-01 1.657223796033994445e-01 1.713881019830028329e-01 1.713881019830028329e-01 1.713881019830028329e-01 1.713881019830028329e-01 1.728045325779036800e-01
0.000000000000000000e+00 0.000000000000000000e+00 0.000000000000000000e+00 2.691218130311614706e-02 7.932011331444759061e-02 1.203966005665722400e-01 1.260623229461756423e-01 1.303116147308781836e-01 1.317280453257790307e-01 1.345609065155807249e-01
1.227513227513227501e-01 2.624338624338624082e-01 3.153439153439153708e-01 3.238095238095238249e-01 3.301587301587301515e-01 3.386243386243386055e-01 3.407407407407407329e-01 3.407407407407407329e-01 3.417989417989418244e-01 3.439153439153438963e-01
7.178354500276090157e-03 4.196576477084483503e-02 5.742683600220872125e-02 6.294864715626725948e-02 6.294864715626725948e-02 6.294864715626725948e-02 6.294864715626725948e-02 6.350082827167310984e-02 6.350082827167310984e-02 6.350082827167310984e-02
2.666666666666666578e-03 4.800000000000000100e-02 1.453333333333333421e-01 2.293333333333333335e-01 2.386666666666666659e-01 2.453333333333333199e-01 2.453333333333333199e-01 2.479999999999999982e-01 2.479999999999999982e-01 2.506666666666666488e-01
3.333333333333333148e-01 4.805555555555555691e-01 5.269841269841269993e-01 5.392857142857142572e-01 5.452380952380951884e-01 5.492063492063492536e-01 5.515873015873016261e-01 5.531746031746032077e-01 5.535714285714286031e-01 5.543650793650793940e-01
1.280708819975835688e-01 2.154651631091421549e-01 2.404349577124446358e-01 2.537253322593636673e-01 2.597664115988723155e-01 2.625855819573096883e-01 2.641965364478453537e-01 2.650020136931131587e-01 2.654047523157470612e-01 2.658074909383809636e-01
1.300845751107531090e-01 2.319774466371324895e-01 2.617801047120418834e-01 2.758759565042287476e-01 2.795006041079339254e-01 2.867498993153443365e-01 2.891663310511478069e-01 2.911800241643173748e-01 2.919855014095851797e-01 2.931937172774868872e-01
2.295610149013290260e-02 4.188481675392670411e-02 5.195328231977446726e-02 5.799436165928312237e-02 6.000805477245267638e-02 6.202174788562223040e-02 6.363270237615786806e-02 6.403544099879178442e-02 6.403544099879178442e-02 6.524365686669351960e-02
1.772049939589206632e-02 3.383004430124848805e-02 3.946838501812324068e-02 4.430124848973016755e-02 4.510672573499798638e-02 4.671768022553363098e-02 4.792589609343535922e-02 5.034232782923882266e-02 5.034232782923882266e-02 5.074506645187273207e-02
2.284710017574692609e-02 5.096660808435852369e-02 6.151142355008787366e-02 6.561218512009373005e-02 6.736965436438195620e-02 6.736965436438195620e-02 6.795547744581136029e-02 6.854130052724077826e-02 6.854130052724077826e-02 6.854130052724077826e-02
1.874633860574106622e-02 4.862331575864089345e-02 5.858230814294083239e-02 6.151142355008787366e-02 6.385471587580550390e-02 6.502636203866432596e-02 6.502636203866432596e-02 6.502636203866432596e-02 6.561218512009373005e-02 6.561218512009373005e-02
2.050380785002929238e-02 4.803749267721148242e-02 6.209724663151728469e-02 6.619800820152313414e-02 6.678383128295255211e-02 6.795547744581136029e-02 6.912712360867018235e-02 6.912712360867018235e-02 7.029876977152900441e-02 7.029876977152900441e-02
1.328866554997208127e-01 2.345058626465661711e-01 2.691233947515354608e-01 2.808486878838637457e-01 2.847571189279731740e-01 2.897822445561138993e-01 2.908989391401451963e-01 2.914572864321607892e-01 2.925739810161920862e-01 2.925739810161920862e-01
2.108963093145869994e-02 4.510837727006444114e-02 6.092560046865846263e-02 6.736965436438195620e-02 7.029876977152900441e-02 7.147041593438781260e-02 7.264206209724663466e-02 7.264206209724663466e-02 7.322788517867603875e-02 7.439953134153486081e-02
3.274285714285714022e-01 5.068571428571428950e-01 5.457142857142857073e-01 5.531428571428571583e-01 5.565714285714286058e-01 5.600000000000000533e-01 5.611428571428571654e-01 5.645714285714286129e-01 5.668571428571428372e-01 5.697142857142857286e-01
1.685714285714285665e-01 3.039999999999999925e-01 3.502857142857143113e-01 3.605714285714285983e-01 3.639999999999999902e-01 3.697142857142857175e-01 3.748571428571428332e-01 3.771428571428571686e-01 3.794285714285714484e-01 3.800000000000000044e-01
8.114285714285714157e-02 1.382857142857142896e-01 1.605714285714285594e-01 1.737142857142857100e-01 1.788571428571428534e-01 1.828571428571428570e-01 1.851428571428571368e-01 1.857142857142857206e-01 1.885714285714285843e-01 1.902857142857142803e-01
7.028571428571428470e-02 1.245714285714285691e-01 1.617142857142857271e-01 1.748571428571428499e-01 1.822857142857142732e-01 1.857142857142857206e-01 1.880000000000000004e-01 1.914285714285714202e-01 1.954285714285714237e-01 1.977142857142857035e-01
5.727482678983833453e-02 1.085450346420323287e-01 1.353348729792147875e-01 1.468822170900692947e-01 1.519630484988452601e-01 1.561200923787528783e-01 1.602771362586604964e-01 1.635103926096997673e-01 1.635103926096997673e-01 1.662817551963048368e-01
2.806964875412789051e-01 4.428099669768837954e-01 4.872410687481236735e-01 4.989492644851395986e-01 5.022515761032723125e-01 5.067547283098168265e-01 5.085559891924347209e-01 5.097568297808465765e-01 5.127589312518763265e-01 5.157610327229060765e-01
1.204447189623224224e-01 2.016676961087090769e-01 2.297714638665843134e-01 2.424336009882643583e-01 2.464484249536751104e-01 2.495367510809141376e-01 2.510809141445336512e-01 2.535515750463249174e-01 2.591105620753551553e-01 2.618900555898702742e-01
3.798641136504014859e-02 7.195799876466954514e-02 8.184064237183447110e-02 8.554663372452131487e-02 8.832612723903644769e-02 8.956145768993205303e-02 9.110562075355158052e-02 9.203211859172329146e-02 9.295861642989500240e-02 9.450277949351451601e-02
6.423718344657196322e-02 1.087090796788140884e-01 1.315626930203829537e-01 1.371216800494132193e-01 1.389746757257566412e-01 1.399011735639283383e-01 1.414453366275478796e-01 1.426806670784434850e-01 1.429894996911673932e-01 1.436071649166151820e-01
2.903026559604694398e-02 5.250154416306362232e-02 6.763434218653489871e-02 7.504632489190858624e-02 7.659048795552809985e-02 7.875231624459543001e-02 8.029647930821494362e-02 8.122297714638665456e-02 8.184064237183447110e-02 8.214947498455836550e-02
9.143657462985194107e-02 2.182873149259703938e-01 2.647058823529411797e-01 2.741096438575429950e-01 2.757102841136454541e-01 2.767106842737094841e-01 2.767106842737094841e-01 2.769107643057223123e-01 2.769107643057223123e-01 2.769107643057223123e-01
1.343716597953886066e-02 4.870972667582836729e-02 6.626965948999846701e-02 7.237746220797068586e-02 7.283554741181859360e-02 7.344632768361582242e-02 7.344632768361582242e-02 7.344632768361582242e-02 7.344632768361582242e-02 7.359902275156512963e-02
7.814195789016714286e-03 3.038853917950944117e-02 4.362925982200998448e-02 4.840460169307575500e-02 5.014108964619058001e-02 5.100933362274798905e-02 5.100933362274798905e-02 5.100933362274798905e-02 5.100933362274798905e-02 5.122639461688734824e-02
3.310415075120957343e-03 1.375095492742551585e-02 1.884390119684237197e-02 1.960784313725490169e-02 2.011713776419658817e-02 2.037178507766743141e-02 2.062643239113827465e-02 2.088107970460911789e-02 2.088107970460911789e-02 2.088107970460911789e-02
7.639419404125286344e-04 3.565062388591800149e-03 6.366182836771072315e-03 6.366182836771072315e-03 6.620830150241914687e-03 6.620830150241914687e-03 6.875477463712757926e-03 6.875477463712757926e-03 6.875477463712757926e-03 6.875477463712757926e-03
