5.119047619047618902e-02 1.154761904761904823e-01 1.380952380952381042e-01 1.452380952380952495e-01 1.476190476190476220e-01 1.535714285714285809e-01 1.547619047619047672e-01 1.571428571428571397e-01 1.619047619047619124e-01 1.678571428571428437e-01
1.190476190476190584e-03 2.380952380952381167e-03 3.571428571428571317e-03 4.761904761904762334e-03 7.142857142857142634e-03 7.142857142857142634e-03 8.333333333333333218e-03 8.333333333333333218e-03 8.333333333333333218e-03 9.523809523809524669e-03
0.000000000000000000e+00 1.190476190476190584e-03 1.190476190476190584e-03 1.190476190476190584e-03 2.380952380952381167e-03 2.380952380952381167e-03 2.380952380952381167e-03 2.380952380952381167e-03 2.380952380952381167e-03 2.380952380952381167e-03
0.000000000000000000e+00 1.190476190476190584e-03 1.190476190476190584e-03 1.190476190476190584e-03 1.190476190476190584e-03 1.190476190476190584e-03 1.190476190476190584e-03 1.190476190476190584e-03 1.190476190476190584e-03 1.190476190476190584e-03
0.000000000000000000e+00 0.000000000000000000e+00 0.000000000000000000e+00 0.000000000000000000e+00 1.190476190476190584e-03 1.190476190476190584e-03 1.190476190476190584e-03 1.190476190476190584e-03 1.190476190476190584e-03 1.190476190476190584e-03
4.190751445086705190e-02 6.719653179190751557e-02 7.261560693641617992e-02 7.333815028901734256e-02 7.514450867052023531e-02 7.658959537572254672e-02 7.875722543352600691e-02 8.020231213872831832e-02 8.273121387283237371e-02 8.381502890173410381e-02
7.051803634391103602e-03 1.003525901817195476e-02 1.003525901817195476e-02 1.003525901817195476e-02 1.112015188500135691e-02 1.193382153512340636e-02 1.220504475183075734e-02 1.247626796853810657e-02 1.247626796853810657e-02 1.328993761866015776e-02
0.000000000000000000e+00 1.183572020357438802e-04 2.367144040714877604e-04 2.367144040714877604e-04 3.550716061072316135e-04 4.734288081429755208e-04 4.734288081429755208e-04 4.734288081429755208e-04 4.734288081429755208e-04 4.734288081429755208e-04
3.850596842510589039e-04 8.984725965858041813e-04 1.283532280836863085e-03 1.283532280836863085e-03 1.411885508920549459e-03 1.668591965087921989e-03 1.668591965087921989e-03 1.796945193171608363e-03 1.925298421255294519e-03 1.925298421255294519e-03
1.483312731767614384e-02 3.182941903584672605e-02 4.542645241038319182e-02 5.377008652657602056e-02 5.686032138442521922e-02 6.025957972805933566e-02 6.087762669962917123e-02 6.242274412855376708e-02 6.365883807169345210e-02 6.613102595797280825e-02
5.410122164048865312e-02 8.027923211169284146e-02 8.900523560209423757e-02 9.075043630017451401e-02 9.249563699825480434e-02 9.424083769633508079e-02 9.598603839441535723e-02 9.598603839441535723e-02 9.947643979057591013e-02 1.012216404886562005e-01
2.162849872773536797e-02 3.053435114503816675e-02 3.307888040712467920e-02 3.435114503816794063e-02 3.689567430025444961e-02 3.689567430025444961e-02 3.689567430025444961e-02 3.689567430025444961e-02 3.944020356234096553e-02 3.944020356234096553e-02
1.760176017601760082e-02 2.970297029702970160e-02 3.190319031903190300e-02 3.190319031903190300e-02 3.190319031903190300e-02 3.300330033003300023e-02 3.410341034103410440e-02 3.410341034103410440e-02 3.630363036303630581e-02 3.630363036303630581e-02
5.962521294718910007e-03 1.362862010221465095e-02 1.618398637137989649e-02 1.618398637137989649e-02 1.618398637137989649e-02 1.788756388415672915e-02 1.788756388415672915e-02 1.788756388415672915e-02 1.788756388415672915e-02 1.788756388415672915e-02
5.766062602965403919e-03 7.413509060955518828e-03 7.413509060955518828e-03 7.413509060955518828e-03 7.413509060955518828e-03 8.237232289950576283e-03 8.237232289950576283e-03 8.237232289950576283e-03 8.237232289950576283e-03 8.237232289950576283e-03
1.697530864197530909e-01 2.170781893004115337e-01 2.232510288065843729e-01 2.263374485596707786e-01 2.263374485596707786e-01 2.273662551440329138e-01 2.283950617283950490e-01 2.283950617283950490e-01 2.304526748971193473e-01 2.345679012345678882e-01
6.708004509582864150e-02 8.060879368658399602e-02 8.342728297632469314e-02 8.511837655016911419e-02 8.511837655016911419e-02 8.624577226606539027e-02 8.737316798196166634e-02 8.737316798196166634e-02 8.850056369785794241e-02 8.850056369785794241e-02
9.532828282828283151e-02 1.287878787878787845e-01 1.332070707070707183e-01 1.338383838383838398e-01 1.338383838383838398e-01 1.351010101010101105e-01 1.382575757575757458e-01 1.382575757575757458e-01 1.382575757575757458e-01 1.382575757575757458e-01
1.852678571428571508e-01 2.395833333333333426e-01 2.477678571428571508e-01 2.514880952380952328e-01 2.522321428571428492e-01 2.537202380952380820e-01 2.574404761904761640e-01 2.589285714285714524e-01 2.619047619047619180e-01 2.626488095238095344e-01
1.954732510288065828e-01 2.417695473251028904e-01 2.469135802469135665e-01 2.500000000000000000e-01 2.510288065843621630e-01 2.530864197530864335e-01 2.582304526748971374e-01 2.602880658436214079e-01 2.613168724279835153e-01 2.644032921810699488e-01
1.192277589355596190e-01 2.021914949126011052e-01 2.261935820506131012e-01 2.376728411166188493e-01 2.428906861466214318e-01 2.483694234281241808e-01 2.530654839551265134e-01 2.559352987216279574e-01 2.603704669971301788e-01 2.653274197756326780e-01
3.052439342551526227e-02 6.183146360553091331e-02 7.618053743803808453e-02 8.296373597704148617e-02 8.557265849204279129e-02 8.974693451604487393e-02 9.287764153404644285e-02 9.548656404904774797e-02 1.001826245760500944e-01 1.020088703365510108e-01
3.782937646751891730e-02 6.835376989303418305e-02 8.713801200104356881e-02 9.679102530654840053e-02 1.038351160970519133e-01 1.111400991390555648e-01 1.158361596660579113e-01 1.200104356900600078e-01 1.262718497260631456e-01 1.307070180015653671e-01
1.565353509000782725e-03 4.956952778502478341e-03 8.609444299504304121e-03 1.017479780850508685e-02 1.147925906600573941e-02 1.200104356900599974e-02 1.382728932950691436e-02 1.617531959300808758e-02 1.878424210800939270e-02 2.008870336551004526e-02
2.608922515001304253e-03 4.956952778502478341e-03 9.131228802504566186e-03 1.095747456300547908e-02 1.174015131750586957e-02 1.252282807200626180e-02 1.356639707800678246e-02 1.408818158100704453e-02 1.617531959300808758e-02 1.669710409600834791e-02
3.534675615212527766e-02 9.431767337807606122e-02 1.258165548098434117e-01 1.375391498881431696e-01 1.453243847874720329e-01 1.532885906040268587e-01 1.588366890380313312e-01 1.652796420581655601e-01 1.706487695749440703e-01 1.761968680089485428e-01
1.628235294117647003e-02 3.651764705882352968e-02 4.574117647058823649e-02 5.025882352941176551e-02 5.374117647058823666e-02 5.562352941176470361e-02 5.778823529411764720e-02 6.023529411764706049e-02 6.277647058823529469e-02 6.484705882352941042e-02
9.882352941176470590e-03 2.192941176470588130e-02 2.814117647058823543e-02 3.058823529411764872e-02 3.341176470588235609e-02 3.548235294117647182e-02 3.727058823529411785e-02 4.028235294117647053e-02 4.244705882352941412e-02 4.470588235294117863e-02
1.317647058823529513e-03 2.917647058823529590e-03 4.047058823529411410e-03 4.611764705882352537e-03 5.176470588235294532e-03 6.117647058823529743e-03 6.682352941176470870e-03 7.435294117647059040e-03 8.094117647058822820e-03 9.035294117647058032e-03
0.000000000000000000e+00 0.000000000000000000e+00 0.000000000000000000e+00 0.000000000000000000e+00 0.000000000000000000e+00 0.000000000000000000e+00 0.000000000000000000e+00 0.000000000000000000e+00 9.411764705882353472e-05 9.411764705882353472e-05
4.990714948932219522e-03 1.474001857010213620e-02 1.845403899721448360e-02 1.984679665738161430e-02 1.996285979572887809e-02 2.031104921077065903e-02 2.054317548746517966e-02 2.100742804085422438e-02 2.170380687093778974e-02 2.205199628597957415e-02
7.881255746748982516e-04 1.576251149349796503e-03 5.254170497832654288e-03 7.579140943123603702e-02 1.568369893603047405e-01 1.804807566005516839e-01 1.838959674241429088e-01 1.884933666097464988e-01 1.924339944831209848e-01 1.962432680940496554e-01
0.000000000000000000e+00 1.313542624458163572e-04 1.970313936687245575e-03 6.173650334953369005e-03 9.588861158544594726e-03 1.129646657034020715e-02 1.182188362012347345e-02 1.195323788256928872e-02 1.261000919479837203e-02 1.300407198213581958e-02
9.194798371207146088e-04 2.101668199133061715e-03 4.203336398266123430e-03 2.600814396427163916e-02 1.098121634047024842e-01 1.824510705372389407e-01 1.912518061211086196e-01 1.950610797320373180e-01 1.999211874425325108e-01 2.057007749901484384e-01
3.682337056585245974e-04 6.137228427642077346e-04 1.104701116975573792e-03 5.646250153430711072e-03 1.607953848042224104e-02 2.160304406530011087e-02 2.258500061372284429e-02 2.344421259359273299e-02 2.405793543635694268e-02 2.442616914201546641e-02
5.528255528255528010e-03 1.228501228501228427e-02 1.842751842751842728e-02 1.965601965601965553e-02 2.334152334152334030e-02 2.948402948402948504e-02 3.255528255528255394e-02 3.439803439803439805e-02 3.808353808353808628e-02 4.054054054054054279e-02
6.142506142506142137e-03 1.351351351351351426e-02 1.965601965601965553e-02 2.334152334152334030e-02 2.641277641277641267e-02 2.702702702702702853e-02 2.886977886977886917e-02 3.009828009828009743e-02 3.132678132678132915e-02 3.439803439803439805e-02
1.228501228501228471e-03 6.142506142506142137e-03 7.371007371007371259e-03 7.371007371007371259e-03 8.599508599508599513e-03 1.105651105651105602e-02 1.105651105651105602e-02 1.105651105651105602e-02 1.228501228501228427e-02 1.289926289926289840e-02
6.142506142506142354e-04 3.071253071253071069e-03 3.685503685503685629e-03 4.914004914004913883e-03 4.914004914004913883e-03 5.528255528255528010e-03 5.528255528255528010e-03 5.528255528255528010e-03 5.528255528255528010e-03 5.528255528255528010e-03
6.142506142506142354e-04 1.228501228501228471e-03 1.842751842751842815e-03 3.071253071253071069e-03 3.071253071253071069e-03 3.685503685503685629e-03 4.299754299754299756e-03 4.914004914004913883e-03 5.528255528255528010e-03 5.528255528255528010e-03
1.465968586387434436e-01 1.940912490650710531e-01 2.030665669409124907e-01 2.079281974569932578e-01 2.105459985041136795e-01 2.124158563949139766e-01 2.139117427075542255e-01 2.154076290201944743e-01 2.172774869109947715e-01 2.172774869109947715e-01
1.385297377170299216e-01 1.869227927595123739e-01 1.935722201699298095e-01 1.968969338751385412e-01 2.002216475803472451e-01 2.028075360177317987e-01 2.035463612855559767e-01 2.050240118212042773e-01 2.061322497229405304e-01 2.083487255264130089e-01
1.841155234657039785e-01 2.402727637384677040e-01 2.519053349378259088e-01 2.539109506618532075e-01 2.591255515443240953e-01 2.631367829923786372e-01 2.647412755716004873e-01 2.663457681508222819e-01 2.667468912956277305e-01 2.695547533092659265e-01
1.833824975417895908e-01 2.315634218289085444e-01 2.413962635201573337e-01 2.428711897738446424e-01 2.458210422812192597e-01 2.472959685349065961e-01 2.497541789577187865e-01 2.517207472959685499e-01 2.531956735496558308e-01 2.556538839724680212e-01
3.490658800393313388e-02 4.621435594886922488e-02 5.063913470993117172e-02 5.260570304818092124e-02 5.457227138643067771e-02 5.703048180924286809e-02 5.752212389380530894e-02 5.899705014749262455e-02 6.194690265486725578e-02 6.342182890855457833e-02
5.223082595870206513e-01 6.921091445427728361e-01 7.177359882005899250e-01 7.240044247787610354e-01 7.275073746312684664e-01 7.300884955752212635e-01 7.319321533923304202e-01 7.337758112094395768e-01 7.359882005899704982e-01 7.380162241887905372e-01
4.857142857142857095e-01 6.387755102040816313e-01 6.643784786641929729e-01 6.695732838589981695e-01 6.717996289424861267e-01 6.742115027829314045e-01 6.745825602968460455e-01 6.764378478664192507e-01 6.777365491651206053e-01 6.788497217068645284e-01
1.048401826484018223e-01 1.499543378995433773e-01 1.610958904109588974e-01 1.665753424657534232e-01 1.674885844748858488e-01 1.689497716894977075e-01 1.693150684931506722e-01 1.694977168949771684e-01 1.694977168949771684e-01 1.702283105022830978e-01
5.650249552688577396e-04 6.591957811470006059e-04 6.591957811470006059e-04 7.533666070251435806e-04 7.533666070251435806e-04 9.417082587814295299e-04 9.417082587814295299e-04 9.417082587814295299e-04 9.417082587814295299e-04 9.417082587814295299e-04
0.000000000000000000e+00 0.000000000000000000e+00 0.000000000000000000e+00 0.000000000000000000e+00 0.000000000000000000e+00 0.000000000000000000e+00 0.000000000000000000e+00 0.000000000000000000e+00 0.000000000000000000e+00 0.000000000000000000e+00
7.334066740007334035e-04 1.100110011001100051e-03 1.100110011001100051e-03 1.100110011001100051e-03 1.466813348001466807e-03 1.466813348001466807e-03 1.833516685001833563e-03 1.833516685001833563e-03 1.833516685001833563e-03 1.833516685001833563e-03
4.003202562049639444e-04 3.202562049639711556e-03 4.003202562049639444e-03 4.003202562049639444e-03 4.403522818254603823e-03 4.403522818254603823e-03 4.403522818254603823e-03 4.403522818254603823e-03 4.403522818254603823e-03 4.403522818254603823e-03
3.558718861209964231e-03 9.094503756425464241e-03 1.107156979043100002e-02 1.225780941083432114e-02 1.225780941083432114e-02 1.383946223803875046e-02 1.463028865164096512e-02 1.502570185844207158e-02 1.502570185844207158e-02 1.621194147884539444e-02
7.764609726195341281e-03 1.879852881078871926e-02 2.206783816918675770e-02 2.451982018798528826e-02 2.656313853698406141e-02 2.860645688598283456e-02 2.901512055578259197e-02 2.901512055578259197e-02 3.064977523498161119e-02 3.064977523498161119e-02
0.000000000000000000e+00 8.193363375665710943e-04 8.193363375665710943e-04 1.638672675133142189e-03 2.048340843916427682e-03 2.048340843916427682e-03 2.048340843916427682e-03 2.048340843916427682e-03 2.048340843916427682e-03 2.048340843916427682e-03
1.026240581969342647e-02 2.143413873733437253e-02 2.598077422707196701e-02 2.818914003637308305e-02 2.922837100545596159e-02 2.987789036113276328e-02 3.026760197453884013e-02 3.091712133021564182e-02 3.182644842816315794e-02 3.234606391270460068e-02
2.598077422707196788e-03 4.676539360872954305e-03 6.365289685632631936e-03 6.755001299038711389e-03 6.884905170174071207e-03 7.404520654715510478e-03 7.404520654715510478e-03 7.534424525850870295e-03 7.534424525850870295e-03 7.794232268121589931e-03
4.027020005196155217e-03 6.625097427903351571e-03 7.794232268121589931e-03 8.313847752663030069e-03 8.963367108339828290e-03 9.482982592881267561e-03 9.612886464016628246e-03 9.872694206287347882e-03 9.872694206287347882e-03 1.013250194855806752e-02
0.000000000000000000e+00 3.897116134060795074e-04 7.794232268121590148e-04 7.794232268121590148e-04 7.794232268121590148e-04 7.794232268121590148e-04 9.093270979475188325e-04 9.093270979475188325e-04 9.093270979475188325e-04 9.093270979475188325e-04
0.000000000000000000e+00 0.000000000000000000e+00 0.000000000000000000e+00 0.000000000000000000e+00 0.000000000000000000e+00 0.000000000000000000e+00 0.000000000000000000e+00 0.000000000000000000e+00 0.000000000000000000e+00 0.000000000000000000e+00
0.000000000000000000e+00 0.000000000000000000e+00 0.000000000000000000e+00 0.000000000000000000e+00 0.000000000000000000e+00 0.000000000000000000e+00 0.000000000000000000e+00 0.000000000000000000e+00 0.000000000000000000e+00 0.000000000000000000e+00
0.000000000000000000e+00 0.000000000000000000e+00 0.000000000000000000e+00 0.000000000000000000e+00 0.000000000000000000e+00 0.000000000000000000e+00 0.000000000000000000e+00 0.000000000000000000e+00 0.000000000000000000e+00 0.000000000000000000e+00
0.000000000000000000e+00 0.000000000000000000e+00 0.000000000000000000e+00 2.519716783833497224e-05 2.519716783833497224e-05 2.519716783833497224e-05 2.519716783833497224e-05 2.519716783833497224e-05 2.519716783833497224e-05 2.519716783833497224e-05
0.000000000000000000e+00 0.000000000000000000e+00 0.000000000000000000e+00 4.614142346291383404e-05 4.614142346291383404e-05 4.614142346291383404e-05 4.614142346291383404e-05 6.921213519437074090e-05 6.921213519437074090e-05 6.921213519437074090e-05
0.000000000000000000e+00 0.000000000000000000e+00 0.000000000000000000e+00 0.000000000000000000e+00 2.297794117647058792e-05 2.297794117647058792e-05 2.297794117647058792e-05 2.297794117647058792e-05 2.297794117647058792e-05 2.297794117647058792e-05
4.748858447488584628e-02 7.031963470319634035e-02 7.686453576864535342e-02 7.899543378995434184e-02 8.066971080669710359e-02 8.310502283105022925e-02 8.477929984779300487e-02 8.630136986301370494e-02 8.767123287671232945e-02 8.888888888888889228e-02
0.000000000000000000e+00 1.522070015220700285e-04 1.522070015220700285e-04 1.522070015220700285e-04 1.522070015220700285e-04 1.522070015220700285e-04 1.522070015220700285e-04 1.522070015220700285e-04 1.522070015220700285e-04 1.522070015220700285e-04
1.522070015220700285e-04 1.522070015220700285e-04 1.522070015220700285e-04 1.522070015220700285e-04 1.522070015220700285e-04 1.522070015220700285e-04 1.522070015220700285e-04 1.522070015220700285e-04 3.044140030441400569e-04 3.044140030441400569e-04
0.000000000000000000e+00 1.522070015220700285e-04 1.522070015220700285e-04 1.522070015220700285e-04 1.522070015220700285e-04 1.522070015220700285e-04 1.522070015220700285e-04 1.522070015220700285e-04 1.522070015220700285e-04 3.044140030441400569e-04
1.417032733456142861e-04 7.085163667280713765e-04 8.502196400736857168e-04 1.133626186764914289e-03 1.133626186764914289e-03 1.275329460110528629e-03 1.417032733456142753e-03 1.417032733456142753e-03 1.417032733456142753e-03 1.417032733456142753e-03
3.532219570405727982e-01 6.133651551312648831e-01 6.386634844868734895e-01 6.424821002386634783e-01 6.496420047732697212e-01 6.606205250596658418e-01 6.673031026252983500e-01 6.739856801909307471e-01 6.821002386634844594e-01 6.916467780429593759e-01
1.861575178997613433e-01 3.584725536992839912e-01 3.842482100238663323e-01 3.909307875894987849e-01 3.961813842482100334e-01 4.019093078758949611e-01 4.085918854415274692e-01 4.176610978520286510e-01 4.248210023866348384e-01 4.324582338902148160e-01
8.878281622911694815e-02 1.737470167064439075e-01 1.880668257756563377e-01 1.933174224343675307e-01 1.990453460620525139e-01 2.033412887828162374e-01 2.071599045346061985e-01 2.119331742243436845e-01 2.152744630071599108e-01 2.195704057279236343e-01
3.914081145584725335e-02 9.260143198090692307e-02 1.054892601431980936e-01 1.088305489260143200e-01 1.136038186157517921e-01 1.174224343675417670e-01 1.202863961813842447e-01 1.226730310262529877e-01 1.236276849642004710e-01 1.274463007159904460e-01
5.727923627684964117e-03 1.002386634844868764e-02 1.050119331742243450e-02 1.193317422434367510e-02 1.193317422434367510e-02 1.193317422434367510e-02 1.241050119331742196e-02 1.241050119331742196e-02 1.288782816229116883e-02 1.288782816229116883e-02
1.201098146877144779e-01 1.894303363074811286e-01 2.107069320521619826e-01 2.216884008236101600e-01 2.340425531914893664e-01 2.415923129718599849e-01 2.470830473575840736e-01 2.512010981468771331e-01 2.553191489361701927e-01 2.628689087165408389e-01
1.416430594900849882e-02 2.337110481586402236e-02 2.832861189801699764e-02 2.903682719546742119e-02 2.974504249291784821e-02 3.257790368271954590e-02 3.257790368271954590e-02 3.257790368271954590e-02 3.399433427762039994e-02 3.399433427762039994e-02
2.943340691685062543e-03 3.679175864606328179e-03 3.679175864606328179e-03 4.415011037527593815e-03 4.415011037527593815e-03 4.415011037527593815e-03 4.415011037527593815e-03 5.150846210448859451e-03 5.150846210448859451e-03 5.150846210448859451e-03
8.830022075055187630e-03 9.565857247976454134e-03 9.565857247976454134e-03 1.030169242089771890e-02 1.030169242089771890e-02 1.030169242089771890e-02 1.177336276674025017e-02 1.250919793966151668e-02 1.398086828550404795e-02 1.398086828550404795e-02
2.207505518763796908e-03 2.207505518763796908e-03 2.207505518763796908e-03 2.207505518763796908e-03 2.207505518763796908e-03 2.207505518763796908e-03 2.207505518763796908e-03 2.207505518763796908e-03 2.207505518763796908e-03 2.207505518763796908e-03
6.596701649175412685e-02 9.295352323838081132e-02 9.745127436281858513e-02 1.019490254872563728e-01 1.019490254872563728e-01 1.034482758620689641e-01 1.034482758620689641e-01 1.079460269865067518e-01 1.101949025487256317e-01 1.169415292353823133e-01
2.248875562218890720e-02 3.373313343328335906e-02 3.673163418290854854e-02 3.748125937031484417e-02 3.748125937031484417e-02 3.823088455772113980e-02 3.823088455772113980e-02 3.898050974512743544e-02 4.122938530734632928e-02 4.197901049475262492e-02
1.499250374812593654e-03 5.247376311844078114e-03 5.247376311844078114e-03 5.247376311844078114e-03 6.746626686656671985e-03 6.746626686656671985e-03 6.746626686656671985e-03 6.746626686656671985e-03 6.746626686656671985e-03 7.496251874062968487e-03
1.499250374812593654e-03 1.499250374812593654e-03 1.499250374812593654e-03 2.248875562218890373e-03 2.248875562218890373e-03 2.998500749625187308e-03 2.998500749625187308e-03 2.998500749625187308e-03 3.748125937031484244e-03 3.748125937031484244e-03
1.499250374812593654e-03 1.499250374812593654e-03 2.248875562218890373e-03 2.248875562218890373e-03 2.248875562218890373e-03 2.248875562218890373e-03 2.248875562218890373e-03 2.248875562218890373e-03 2.248875562218890373e-03 2.248875562218890373e-03
4.820143884892086339e-01 6.780575539568345356e-01 7.158273381294963933e-01 7.212230215827337698e-01 7.248201438848921319e-01 7.320143884892086339e-01 7.338129496402877594e-01 7.374100719424460104e-01 7.464028776978417490e-01 7.482014388489208745e-01
3.827392120075047144e-01 5.459662288930581253e-01 6.022514071294559068e-01 6.191369606003752635e-01 6.228893058161351082e-01 6.322701688555346644e-01 6.341463414634146423e-01 6.397748592870543538e-01 6.416510318949343317e-01 6.472795497185741542e-01
3.402646502835538489e-01 4.858223062381852309e-01 5.330812854442343873e-01 5.500945179584121325e-01 5.576559546313799576e-01 5.614366729678639256e-01 5.633270321361059096e-01 5.652173913043477826e-01 5.689981096408317507e-01 5.746691871455577028e-01
2.114754098360655810e-01 3.344262295081967262e-01 3.770491803278688270e-01 3.901639344262294862e-01 3.918032786885246033e-01 3.967213114754098435e-01 3.983606557377049051e-01 4.032786885245901454e-01 4.065573770491803240e-01 4.065573770491803240e-01
2.794612794612794660e-01 4.242424242424242542e-01 4.747474747474747514e-01 4.865319865319865378e-01 4.915824915824915653e-01 4.966329966329966483e-01 5.033670033670033517e-01 5.050505050505050830e-01 5.084175084175084347e-01 5.101010101010100550e-01
2.263751763046544518e-01 3.117066290550070673e-01 3.349788434414668337e-01 3.476727785613540345e-01 3.561354019746121313e-01 3.667136812411847524e-01 3.751763046544429048e-01 3.815232722143864774e-01 3.864598025387870339e-01 3.892806770098730662e-01
1.731321839080459668e-01 2.636494252873562982e-01 2.945402298850574585e-01 3.081896551724138122e-01 3.239942528735632044e-01 3.347701149425287293e-01 3.455459770114942541e-01 3.512931034482758563e-01 3.606321839080459668e-01 3.663793103448275690e-01
8.499630450849962604e-02 1.426459719142645910e-01 1.589061345158906124e-01 1.714708056171470874e-01 1.759053954175905377e-01 1.788617886178861804e-01 1.840354767184035345e-01 1.899482631189948201e-01 1.973392461197339132e-01 2.017738359201773912e-01
1.119402985074626905e-01 1.619402985074626933e-01 1.813432835820895650e-01 1.955223880597014852e-01 2.067164179104477584e-01 2.171641791044776060e-01 2.246268656716417789e-01 2.291044776119403048e-01 2.395522388059701524e-01 2.470149253731343253e-01
1.514925373134328457e-01 2.216417910447761319e-01 2.529850746268656470e-01 2.664179104477611970e-01 2.798507462686566916e-01 2.873134328358208922e-01 3.029850746268656914e-01 3.074626865671641895e-01 3.164179104477611859e-01 3.246268656716417844e-01
2.726602800294767801e-02 5.011053795136330424e-02 5.563743551952837069e-02 5.674281503316138536e-02 5.747973470891672848e-02 5.895357406042741472e-02 6.005895357406042939e-02 6.190125276344878719e-02 6.411201179071480960e-02 6.411201179071480960e-02
1.716593739481656056e-02 3.500504880511612349e-02 4.106361494446314486e-02 4.510265903736115911e-02 4.712218108381016624e-02 4.779535509929316861e-02 4.947829013800067455e-02 5.149781218444968167e-02 5.385392123864018998e-02 5.486368226186469355e-02
8.286377195889956318e-03 1.624129930394431487e-02 1.988730527013589724e-02 2.154458070931388955e-02 2.253894597282068285e-02 2.253894597282068285e-02 2.353331123632747615e-02 2.386476632416307739e-02 2.618495193901226523e-02 2.651640702684786299e-02
3.361858190709046332e-03 7.946210268948655439e-03 1.344743276283618533e-02 1.528117359413202862e-02 1.589242053789731088e-02 1.680929095354523339e-02 1.742053789731051391e-02 1.803178484107579443e-02 1.833740831295843643e-02 1.864303178484107495e-02
2.083953557606430581e-03 9.228937183685620091e-03 1.369455194998511413e-02 1.518309020541827939e-02 1.607621315867817716e-02 1.667162846085144465e-02 1.756475141411134241e-02 1.845787436737124018e-02 1.935099732063114142e-02 1.935099732063114142e-02
5.114176974310180590e-02 6.041864890580399966e-02 6.184586108468125704e-02 6.374881065651760714e-02 6.541389153187440741e-02 6.636536631779257900e-02 6.660323501427212189e-02 6.684110371075166479e-02 6.779257849666983637e-02 6.826831588962892217e-02
7.976692786819368497e-02 1.012658227848101250e-01 1.058870805706248752e-01 1.074944745830821724e-01 1.095037170986538078e-01 1.099055656017681321e-01 1.107092626079967806e-01 1.113120353626682740e-01 1.121157323688969226e-01 1.129194293751255712e-01
8.986415882967607738e-02 1.126436781609195387e-01 1.172413793103448260e-01 1.195402298850574696e-01 1.214211076280041768e-01 1.224660397074190110e-01 1.226750261233019862e-01 1.243469174503657321e-01 1.249738766980146298e-01 1.262277951933124254e-01
8.729781160799238160e-02 1.125118934348239841e-01 1.167935299714557562e-01 1.191722169362511852e-01 1.196479543292102710e-01 1.210751665080875422e-01 1.227402473834443425e-01 1.232159847764034283e-01 1.239295908658420570e-01 1.246431969552806857e-01
3.877259752616555449e-02 4.828734538534729115e-02 5.090390104662226300e-02 5.256898192197907022e-02 5.328258801141769890e-02 5.470980019029495628e-02 5.613701236917221365e-02 5.780209324452902087e-02 5.827783063748810666e-02 5.970504281636536403e-02
3.214984623986580879e-03 7.967570589879787585e-03 9.505171931786413411e-03 1.034386357282639050e-02 1.076320939334637905e-02 1.090299133351970914e-02 1.118255521386636933e-02 1.132233715403969769e-02 1.174168297455968624e-02 1.188146491473301633e-02
2.500595379852345746e-03 5.239342700643009887e-03 5.715646582519647544e-03 6.191950464396285200e-03 6.668254346272921990e-03 6.906406287211240384e-03 6.906406287211240384e-03 6.906406287211240384e-03 7.382710169087878041e-03 7.382710169087878041e-03
2.246938546230760683e-04 7.864284911807662391e-04 1.348163127738456410e-03 1.348163127738456410e-03 1.460510055049994444e-03 1.685203909673070512e-03 1.685203909673070512e-03 1.685203909673070512e-03 1.797550836984608547e-03 1.797550836984608547e-03
2.169197396963123547e-04 2.169197396963123547e-04 6.507592190889370911e-04 6.507592190889370911e-04 6.507592190889370911e-04 6.507592190889370911e-04 6.507592190889370911e-04 6.507592190889370911e-04 6.507592190889370911e-04 7.592190889370932548e-04
4.263937746508901006e-04 1.385779767615392868e-03 1.385779767615392868e-03 1.598976654940837891e-03 1.705575098603560403e-03 1.705575098603560403e-03 1.705575098603560403e-03 1.705575098603560403e-03 1.812173542266282914e-03 1.812173542266282914e-03
0.000000000000000000e+00 5.871559633027522915e-03 1.211009174311926569e-02 1.577981651376146946e-02 1.651376146788990917e-02 1.981651376146788962e-02 2.091743119266055093e-02 2.201834862385321223e-02 2.311926605504587007e-02 2.311926605504587007e-02
0.000000000000000000e+00 1.449275362318840597e-03 1.932367149758454057e-03 2.415458937198067518e-03 2.415458937198067518e-03 2.415458937198067518e-03 2.415458937198067518e-03 2.415458937198067518e-03 2.415458937198067518e-03 2.415458937198067518e-03
0.000000000000000000e+00 0.000000000000000000e+00 0.000000000000000000e+00 4.830917874396135144e-04 1.449275362318840597e-03 1.449275362318840597e-03 1.449275362318840597e-03 1.449275362318840597e-03 1.932367149758454057e-03 1.932367149758454057e-03
0.000000000000000000e+00 0.000000000000000000e+00 0.000000000000000000e+00 0.000000000000000000e+00 0.000000000000000000e+00 9.661835748792270287e-04 9.661835748792270287e-04 9.661835748792270287e-04 9.661835748792270287e-04 9.661835748792270287e-04
0.000000000000000000e+00 3.824091778202676835e-04 7.648183556405353670e-04 1.147227533460803105e-03 1.147227533460803105e-03 1.147227533460803105e-03 1.147227533460803105e-03 1.147227533460803105e-03 1.529636711281070734e-03 1.529636711281070734e-03
3.290322580645161366e-01 4.661290322580645129e-01 4.962365591397849274e-01 5.048387096774193949e-01 5.177419354838709298e-01 5.301075268817204700e-01 5.446236559139785438e-01 5.537634408602150060e-01 5.639784946236559016e-01 5.736559139784945804e-01
2.283849918433931633e-02 4.567699836867863267e-02 5.655247417074497213e-02 6.199021207177814186e-02 6.797172376291463203e-02 7.232191408374116781e-02 7.830342577487764411e-02 8.047852093529092588e-02 8.210984230560086639e-02 8.428493746601413428e-02
1.631321370309951136e-03 1.631321370309951136e-03 1.631321370309951136e-03 1.631321370309951136e-03 1.631321370309951136e-03 1.631321370309951136e-03 1.631321370309951136e-03 1.631321370309951136e-03 1.631321370309951136e-03 1.631321370309951136e-03
1.087547580206634119e-02 2.501359434475258423e-02 3.262642740619901838e-02 3.915171288743882205e-02 4.458945078847199872e-02 5.057096247960848195e-02 5.220228384991843634e-02 5.600870038064165168e-02 6.035889070146818747e-02 6.253398586188145536e-02
5.437737901033169730e-04 5.437737901033169730e-04 5.437737901033169730e-04 5.437737901033169730e-04 1.087547580206633946e-03 1.087547580206633946e-03 1.087547580206633946e-03 1.087547580206633946e-03 1.087547580206633946e-03 1.087547580206633946e-03
1.904761904761904656e-01 2.732966202353957486e-01 2.913292301047403221e-01 2.978080120937263708e-01 3.032069970845481244e-01 3.102256775726163207e-01 3.149767843645394638e-01 3.199438505560954771e-01 3.252348558471007678e-01 3.305258611381060585e-01
1.070078825180866000e-01 1.684483317136378500e-01 1.852931648850016100e-01 1.888564949789439673e-01 1.942554799697656931e-01 1.986826476622395032e-01 2.026778965554475731e-01 2.047295108519598394e-01 2.087247597451679093e-01 2.120721304394773687e-01
7.267033797646042792e-02 1.195335276967929988e-01 1.332469495734801834e-01 1.384299751646690391e-01 1.415613864593456561e-01 1.444768383543893753e-01 1.475002699492495295e-01 1.508476406435590167e-01 1.539790519382356060e-01 1.567865241334629178e-01
3.153007234639887413e-02 5.809307850124176970e-02 6.629953568729078650e-02 6.835114998380303897e-02 7.137458157866320707e-02 7.385811467444119982e-02 7.526185077205485574e-02 7.612568837058633631e-02 7.904114026563005546e-02 8.195659216067378849e-02
7.666558686966850125e-03 1.576503617319943706e-02 1.965230536659108226e-02 2.094806176438829617e-02 2.202785876255263994e-02 2.343159486016628892e-02 2.407947305906489588e-02 2.461937155814706776e-02 2.580714825612784660e-02 2.699492495410862891e-02
1.170336037079953706e-01 2.050984936268829550e-01 2.497103128621089296e-01 2.699884125144843550e-01 2.734646581691773104e-01 2.763615295480880696e-01 2.775202780996523511e-01 2.809965237543453065e-01 2.862108922363846841e-01 2.891077636152954988e-01
2.451982018798528826e-02 8.050674295055169905e-02 1.291377196567225216e-01 1.450756027789129599e-01 1.483449121373109914e-01 1.516142214957090228e-01 1.540662035145075603e-01 1.552921945239068291e-01 1.573355128729055918e-01 1.606048222313036233e-01
8.949287371561153587e-03 2.784222737819025406e-02 3.977461054027179449e-02 4.706662247265495230e-02 4.905535299966854584e-02 5.170699370235332798e-02 5.303281405369572599e-02 5.435863440503811705e-02 5.502154458070931259e-02 5.535299966854491382e-02
3.942978465271459142e-03 1.182893539581437656e-02 1.850166818319684547e-02 2.032150439793752039e-02 2.032150439793752039e-02 2.032150439793752039e-02 2.062481043372763057e-02 2.123142250530785438e-02 2.123142250530785438e-02 2.183803457688808167e-02
0.000000000000000000e+00 9.121313469139556230e-04 2.432350258437214995e-03 4.864700516874429989e-03 4.864700516874429989e-03 5.168744299179081972e-03 5.472788081483733955e-03 5.472788081483733955e-03 6.080875646093037053e-03 6.688963210702341018e-03
1.476014760147601433e-03 3.690036900369003583e-03 8.118081180811807449e-03 1.254612546125461262e-02 1.476014760147601433e-02 1.845018450184501835e-02 2.066420664206642180e-02 2.214022140221402063e-02 2.361623616236162293e-02 2.361623616236162293e-02
1.256281407035175898e-03 8.793969849246231069e-03 1.633165829145728776e-02 1.758793969849246214e-02 1.758793969849246214e-02 1.821608040201004933e-02 1.821608040201004933e-02 1.821608040201004933e-02 1.821608040201004933e-02 1.884422110552763652e-02
2.214022140221402150e-03 4.428044280442804299e-03 8.856088560885608599e-03 1.402214022140221318e-02 1.549815498154981548e-02 1.845018450184501835e-02 1.918819188191881950e-02 2.214022140221402063e-02 2.214022140221402063e-02 2.287822878228782178e-02
0.000000000000000000e+00 5.882352941176470507e-03 9.558823529411765441e-03 1.323529411764705864e-02 1.323529411764705864e-02 1.470588235294117627e-02 1.544117647058823595e-02 1.544117647058823595e-02 1.617647058823529563e-02 1.764705882352941152e-02
3.263707571801566405e-03 1.044386422976501319e-02 1.958224543080940017e-02 3.263707571801566926e-02 3.720626631853785754e-02 4.046997389033942655e-02 4.177545691906005276e-02 4.308093994778067898e-02 4.438642297650130519e-02 4.503916449086162177e-02
3.317666574509261709e-03 1.105888858169754019e-02 1.714127730163118521e-02 2.239424937793751610e-02 2.350013823610727290e-02 2.377661045064970863e-02 2.377661045064970863e-02 2.405308266519214783e-02 2.432955487973458703e-02 2.515897152336190115e-02
0.000000000000000000e+00 3.466204506065858021e-04 3.466204506065858021e-04 3.466204506065858021e-04 3.466204506065858021e-04 1.039861351819757352e-03 1.733102253032928848e-03 1.733102253032928848e-03 1.733102253032928848e-03 1.733102253032928848e-03
3.466750709108099709e-03 3.372202962496060469e-02 6.082571698707847641e-02 7.217144658052315753e-02 7.406240151276394235e-02 7.469271982351087524e-02 7.469271982351087524e-02 7.500787897888433475e-02 7.532303813425779426e-02 7.563819728963126765e-02
3.848620910840282183e-03 3.816549069916613107e-02 7.408595253367543376e-02 8.499037844772290573e-02 8.659397049390635259e-02 8.851828094932649715e-02 8.883899935856318097e-02 8.915971776779986480e-02 9.012187299550994402e-02 9.076330981398332554e-02
1.586797841954934842e-03 1.142494446207553173e-02 2.126309108219612970e-02 2.824500158679784170e-02 2.951443986036178871e-02 2.951443986036178871e-02 2.983179942875277546e-02 3.078387813392573918e-02 3.110123770231672594e-02 3.110123770231672594e-02
4.474272930648769695e-04 4.697986577181207692e-03 1.812080536912751699e-02 5.906040268456375780e-02 2.013422818791946178e-01 3.651006711409395811e-01 3.825503355704698016e-01 3.868008948545861303e-01 3.910514541387024590e-01 3.957494407158836935e-01
1.290655653071760551e-04 1.677852348993288554e-03 4.904491481672689987e-03 3.084667010841507517e-02 5.420753742901394251e-02 5.769230769230769551e-02 5.833763551884357107e-02 5.898296334537945357e-02 5.924109447599380796e-02 6.027361899845121163e-02
1.305312622373058459e-04 3.915937867119174834e-04 6.526563111865291752e-04 1.566375146847669934e-03 3.393812818169951884e-03 8.223469520950267911e-03 1.096462602793368997e-02 1.096462602793368997e-02 1.096462602793368997e-02 1.096462602793368997e-02
0.000000000000000000e+00 0.000000000000000000e+00 0.000000000000000000e+00 0.000000000000000000e+00 2.109259649862898134e-04 2.109259649862898134e-04 1.054629824931448958e-03 2.531111579835477760e-03 2.742037544821767682e-03 2.952963509808057170e-03
0.000000000000000000e+00 6.225099601593625390e-04 5.104581673306772711e-03 7.345617529880478502e-03 9.088645418326693828e-03 9.462151394422311027e-03 1.008466135458167302e-02 1.058266932270916262e-02 1.095617529880478155e-02 1.132968127490039875e-02
2.691292875989446109e-01 4.116094986807387612e-01 4.626209322779243349e-01 4.766930518909410774e-01 4.898856640281442631e-01 4.986807387862796648e-01 5.013192612137202797e-01 5.057167985927880638e-01 5.153913808267370777e-01 5.233069481090589781e-01
8.725490196078430905e-02 1.676470588235293990e-01 2.019607843137254943e-01 2.156862745098039325e-01 2.264705882352941180e-01 2.382352941176470451e-01 2.431372549019607809e-01 2.460784313725490058e-01 2.588235294117647300e-01 2.647058823529411797e-01
0.000000000000000000e+00 2.941176470588235253e-03 2.941176470588235253e-03 2.941176470588235253e-03 2.941176470588235253e-03 2.941176470588235253e-03 3.921568627450980338e-03 3.921568627450980338e-03 3.921568627450980338e-03 3.921568627450980338e-03
7.118055555555555247e-02 1.189236111111111049e-01 1.397569444444444475e-01 1.501736111111111049e-01 1.527777777777777901e-01 1.579861111111111049e-01 1.588541666666666574e-01 1.623263888888888951e-01 1.684027777777777901e-01 1.736111111111111049e-01
4.215686274509804210e-02 6.960784313725490446e-02 8.921568627450980615e-02 9.607843137254902521e-02 9.705882352941176683e-02 9.901960784313725006e-02 1.000000000000000056e-01 1.019607843137254888e-01 1.019607843137254888e-01 1.058823529411764691e-01
2.284953395472703042e-01 3.659121171770972070e-01 4.090545938748335608e-01 4.207723035952063984e-01 4.335552596537949333e-01 4.450066577896138464e-01 4.543275632490013094e-01 4.636484687083888279e-01 4.708388814913448961e-01 4.790945406125166617e-01
4.127829560585885571e-02 7.163781624500666079e-02 8.442077230359520956e-02 9.027962716378162833e-02 9.347536617842876205e-02 9.773635153129160702e-02 1.014647137150466033e-01 1.035952063914780258e-01 1.070572569906790977e-01 1.094540612516644446e-01
5.858854860186417900e-03 1.171770972037283580e-02 1.491344873501997299e-02 1.544607190412783035e-02 1.677762982689746940e-02 1.890812250332889535e-02 1.890812250332889535e-02 1.997336884154460659e-02 2.077230359520639003e-02 2.130492676431424912e-02
2.663115845539281139e-03 4.793608521970705791e-03 8.255659121171770795e-03 9.587217043941411582e-03 1.011984021304926720e-02 1.118508655126498018e-02 1.225033288948069315e-02 1.278295605858854878e-02 1.331557922769640440e-02 1.438082556591211737e-02
3.781624500665779071e-02 7.163781624500666079e-02 8.521970705725699646e-02 9.320905459387483771e-02 1.006657789613848164e-01 1.043941411451398127e-01 1.081225033288948090e-01 1.115845539280958670e-01 1.155792276964047877e-01 1.187749667110519353e-01
2.122936824132043154e-01 2.595332953898690787e-01 2.646556630620375827e-01 2.680705748434832336e-01 2.709163346613545631e-01 2.737620944792259481e-01 2.771770062606715990e-01 2.800227660785429840e-01 2.851451337507114325e-01 2.862834376778599643e-01
1.528982199908717476e-01 1.912368781378366023e-01 1.976266544956640780e-01 1.999087174806024603e-01 2.017343678685531716e-01 2.044728434504792247e-01 2.062984938384299360e-01 2.085805568233683183e-01 2.108626198083067005e-01 2.117754450022820700e-01
2.362755651237890275e-01 2.917115177610333787e-01 3.067814854682454073e-01 3.127018299246501765e-01 3.186221743810548901e-01 3.240043057050592257e-01 3.266953713670613380e-01 3.310010764262648064e-01 3.326157158234661071e-01 3.363832077502690865e-01
1.298701298701298579e-01 1.759740259740259771e-01 1.876623376623376693e-01 1.935064935064935154e-01 1.980519480519480624e-01 2.038961038961039085e-01 2.084415584415584277e-01 2.136363636363636243e-01 2.162337662337662225e-01 2.201298701298701199e-01
6.088029617441382407e-02 7.157548334018921932e-02 7.157548334018921932e-02 7.239819004524887525e-02 7.280954339777868933e-02 7.404360345536815935e-02 7.404360345536815935e-02 7.404360345536815935e-02 7.445495680789798731e-02 7.445495680789798731e-02
2.936426369108794429e-04 6.460138012039348503e-03 3.391572456320657986e-02 6.342680957274995923e-02 7.605344295991778303e-02 8.324768756423432670e-02 8.794596975480839518e-02 9.176332403464983190e-02 9.469975040375862296e-02 9.807664072823374379e-02
2.949024013481252749e-03 3.482656930206431967e-02 1.067265833450358054e-01 1.491363572531947679e-01 1.634601881758180053e-01 1.763797219491644308e-01 1.839629265552590875e-01 1.912652717314983764e-01 1.989889060525207032e-01 2.068529700884707279e-01
7.341065922771986343e-04 1.761855821465276766e-03 2.202319776831595903e-03 2.642783732197915257e-03 2.936426369108794537e-03 3.083247687564234178e-03 3.376890324475113891e-03 3.523711642930553532e-03 3.670532961385993172e-03 3.817354279841432812e-03
2.349141095287035543e-03 2.584055204815739401e-02 6.724416385259139595e-02 8.970782557627367260e-02 9.998531786815445521e-02 1.082073117016590785e-01 1.137865218029657927e-01 1.198061958596388227e-01 1.243576567317574572e-01 1.281750110115988939e-01
1.321391866098957629e-03 2.334458963441491536e-02 4.801057113492879225e-02 6.004991924827485228e-02 6.474820143884892076e-02 6.915284099251210737e-02 7.385112318308618973e-02 7.796212009983849445e-02 8.089854646894728551e-02 8.398179415651152446e-02
5.844155844155844021e-02 1.060606060606060635e-01 1.298701298701298579e-01 1.515151515151515194e-01 1.688311688311688319e-01 1.796536796536796488e-01 1.883116883116883189e-01 1.969696969696969613e-01 2.121212121212121271e-01 2.207792207792207695e-01
4.192872117400419513e-03 1.257861635220125854e-02 1.467505241090146829e-02 1.677148846960167805e-02 2.096436058700209756e-02 2.096436058700209756e-02 2.515723270440251708e-02 2.935010482180293659e-02 3.354297693920335610e-02 3.563941299790356065e-02
1.811594202898550747e-03 1.811594202898550747e-03 3.623188405797101493e-03 5.434782608695652023e-03 5.434782608695652023e-03 5.434782608695652023e-03 5.434782608695652023e-03 5.434782608695652023e-03 5.434782608695652023e-03 5.434782608695652023e-03
0.000000000000000000e+00 0.000000000000000000e+00 1.757469244288224850e-03 3.514938488576449700e-03 5.272407732864674984e-03 5.272407732864674984e-03 8.787346221441125552e-03 8.787346221441125552e-03 1.054481546572934997e-02 1.230228471001757438e-02
1.831501831501831500e-03 1.831501831501831500e-03 3.663003663003663000e-03 3.663003663003663000e-03 3.663003663003663000e-03 3.663003663003663000e-03 5.494505494505494934e-03 7.326007326007326001e-03 7.326007326007326001e-03 7.326007326007326001e-03
0.000000000000000000e+00 2.623983206507478198e-04 1.311991603253739262e-03 1.443190763579113144e-03 1.443190763579113144e-03 1.574389923904487027e-03 1.574389923904487027e-03 1.574389923904487027e-03 1.705589084229860910e-03 1.705589084229860910e-03
0.000000000000000000e+00 0.000000000000000000e+00 5.223978059292151482e-04 6.529972574115188539e-04 6.529972574115188539e-04 6.529972574115188539e-04 6.529972574115188539e-04 6.529972574115188539e-04 6.529972574115188539e-04 6.529972574115188539e-04
0.000000000000000000e+00 0.000000000000000000e+00 0.000000000000000000e+00 0.000000000000000000e+00 0.000000000000000000e+00 0.000000000000000000e+00 0.000000000000000000e+00 0.000000000000000000e+00 0.000000000000000000e+00 0.000000000000000000e+00
0.000000000000000000e+00 1.339405304045004127e-04 5.357621216180016507e-04 5.357621216180016507e-04 5.357621216180016507e-04 5.357621216180016507e-04 5.357621216180016507e-04 5.357621216180016507e-04 5.357621216180016507e-04 5.357621216180016507e-04
1.265502404454568524e-04 2.531004808909137049e-04 5.062009617818274097e-04 5.062009617818274097e-04 5.062009617818274097e-04 5.062009617818274097e-04 5.062009617818274097e-04 5.062009617818274097e-04 5.062009617818274097e-04 5.062009617818274097e-04
5.094905094905095161e-02 1.298701298701298579e-01 1.568431568431568335e-01 1.728271728271728314e-01 1.808191808191808303e-01 1.978021978021977934e-01 2.087912087912087988e-01 2.207792207792207695e-01 2.237762237762237760e-01 2.297702297702297614e-01
4.509973980919340653e-02 1.006071118820468374e-01 1.170858629661751943e-01 1.326973113616652100e-01 1.396357328707719114e-01 1.491760624457935946e-01 1.569817866435385956e-01 1.613183000867302597e-01 1.699913269731136156e-01 1.751951431049436347e-01
4.878048780487804874e-03 2.048780487804878134e-02 3.707317073170731531e-02 5.268292682926829090e-02 6.048780487804877870e-02 6.829268292682927344e-02 7.414634146341463061e-02 7.512195121951219245e-02 7.902439024390243982e-02 8.097560975609756351e-02
1.370801919122686865e-03 6.168608636052090241e-03 1.028101439342015040e-02 1.096641535298149492e-02 1.096641535298149492e-02 1.233721727210418048e-02 1.302261823166552500e-02 1.302261823166552500e-02 1.370801919122686778e-02 1.507882111034955508e-02
2.061855670103092831e-03 1.958762886597938124e-02 3.195876288659793563e-02 4.020618556701031215e-02 4.329896907216494728e-02 4.742268041237113207e-02 4.948453608247422447e-02 5.360824742268040927e-02 5.773195876288660100e-02 6.082474226804123613e-02
4.010256410256410331e-01 4.882051282051281804e-01 5.025641025641025550e-01 5.087179487179487314e-01 5.117948717948718196e-01 5.220512820512820396e-01 5.241025641025640613e-01 5.261538461538461942e-01 5.292307692307692824e-01 5.333333333333333259e-01
9.333333333333333759e-02 1.271794871794871828e-01 1.353846153846153810e-01 1.374358974358974306e-01 1.394871794871794801e-01 1.435897435897435792e-01 1.466666666666666674e-01 1.476923076923077061e-01 1.487179487179487170e-01 1.528205128205128160e-01
2.871794871794871792e-02 5.948717948717948539e-02 6.564102564102564097e-02 6.871794871794871529e-02 7.179487179487178961e-02 7.179487179487178961e-02 7.179487179487178961e-02 7.282051282051281438e-02 7.282051282051281438e-02 7.589743589743590257e-02
1.948717948717948803e-02 4.717948717948718118e-02 5.641025641025641107e-02 5.948717948717948539e-02 6.256410256410256665e-02 6.256410256410256665e-02 6.256410256410256665e-02 6.256410256410256665e-02 6.256410256410256665e-02 6.358974358974359142e-02
7.179487179487179481e-03 1.230769230769230768e-02 1.435897435897435896e-02 1.435897435897435896e-02 1.435897435897435896e-02 1.435897435897435896e-02 1.435897435897435896e-02 1.435897435897435896e-02 1.435897435897435896e-02 1.435897435897435896e-02
1.351655778328452254e-03 3.379139445821131068e-03 5.857175039423293678e-03 7.208830817751745931e-03 8.335210633025455854e-03 9.461590448299165776e-03 9.461590448299165776e-03 9.912142374408650439e-03 1.036269430051813510e-02 1.058797026357287743e-02
0.000000000000000000e+00 0.000000000000000000e+00 0.000000000000000000e+00 0.000000000000000000e+00 2.283105022831050156e-04 4.566210045662100312e-04 4.566210045662100312e-04 6.849315068493150738e-04 1.141552511415525051e-03 2.283105022831050102e-03
0.000000000000000000e+00 0.000000000000000000e+00 0.000000000000000000e+00 0.000000000000000000e+00 0.000000000000000000e+00 1.098599285910464157e-03 1.373249107388080197e-03 1.373249107388080197e-03 2.471848393298544354e-03 6.042296072507552865e-03
1.992825827022718310e-04 1.594260661618174648e-03 3.188521323236349295e-03 7.772020725388600892e-03 8.768433638899959803e-03 9.764846552411318714e-03 1.155838979673176614e-02 1.215623754483858079e-02 1.295336787564766758e-02 1.355121562375448396e-02
3.824091778202676835e-04 1.338432122370936811e-03 3.824091778202676727e-03 9.369024856596557677e-03 1.242829827915870045e-02 1.472275334608030666e-02 1.606118546845124173e-02 1.739961759082217854e-02 1.816443594646271684e-02 1.835564053537284968e-02
1.834570519618239637e-01 2.502651113467656563e-01 2.682926829268292845e-01 2.788971367974549254e-01 2.820784729586426343e-01 2.926829268292682751e-01 3.032873806998939714e-01 3.054082714740191107e-01 3.128313891834570426e-01 3.181336161187698908e-01
5.064247921390778451e-02 7.029478458049887024e-02 7.331821617535903834e-02 7.558578987150416095e-02 7.785336356764928356e-02 7.860922146636432906e-02 7.860922146636432906e-02 7.936507936507936067e-02 8.238851095993952878e-02 8.465608465608465139e-02
5.474171164225134778e-02 7.247494217424826912e-02 7.787201233616036777e-02 8.249807247494217455e-02 8.326908249807248030e-02 8.712413261372398132e-02 8.789514263685427320e-02 9.020817270624517659e-02 9.097918272937548234e-02 9.252120277563607997e-02
1.228522336769759388e-01 1.589347079037800592e-01 1.692439862542955420e-01 1.726804123711340178e-01 1.786941580756013781e-01 1.804123711340206160e-01 1.804123711340206160e-01 1.838487972508591195e-01 1.855670103092783574e-01 1.881443298969072142e-01
1.719409282700422037e-01 2.236286919831223519e-01 2.394514767932489352e-01 2.510548523206750926e-01 2.552742616033755185e-01 2.616033755274261852e-01 2.658227848101265556e-01 2.700421940928269815e-01 2.742616033755274074e-01 2.763713080168776481e-01
0.000000000000000000e+00 0.000000000000000000e+00 0.000000000000000000e+00 0.000000000000000000e+00 0.000000000000000000e+00 0.000000000000000000e+00 0.000000000000000000e+00 0.000000000000000000e+00 0.000000000000000000e+00 0.000000000000000000e+00
0.000000000000000000e+00 0.000000000000000000e+00 0.000000000000000000e+00 0.000000000000000000e+00 0.000000000000000000e+00 0.000000000000000000e+00 0.000000000000000000e+00 0.000000000000000000e+00 0.000000000000000000e+00 0.000000000000000000e+00
0.000000000000000000e+00 0.000000000000000000e+00 0.000000000000000000e+00 0.000000000000000000e+00 0.000000000000000000e+00 0.000000000000000000e+00 0.000000000000000000e+00 0.000000000000000000e+00 0.000000000000000000e+00 0.000000000000000000e+00
0.000000000000000000e+00 0.000000000000000000e+00 0.000000000000000000e+00 0.000000000000000000e+00 0.000000000000000000e+00 0.000000000000000000e+00 0.000000000000000000e+00 0.000000000000000000e+00 0.000000000000000000e+00 0.000000000000000000e+00
0.000000000000000000e+00 0.000000000000000000e+00 0.000000000000000000e+00 0.000000000000000000e+00 0.000000000000000000e+00 0.000000000000000000e+00 0.000000000000000000e+00 0.000000000000000000e+00 0.000000000000000000e+00 0.000000000000000000e+00
7.346938775510204744e-02 1.657142857142857029e-01 2.008163265306122380e-01 2.261224489795918280e-01 2.514285714285714457e-01 2.693877551020408267e-01 2.840816326530612446e-01 2.987755102040816069e-01 3.151020408163265341e-01 3.330612244897959151e-01
7.915993537964459426e-02 1.631663974151857932e-01 2.164781906300484726e-01 2.399030694668820574e-01 2.584814216478190652e-01 2.746365105008077290e-01 2.883683360258481598e-01 2.988691437802907802e-01 3.085621970920839896e-01 3.214862681744749540e-01
4.897959183673469136e-03 1.877551020408163227e-02 2.367346938775510140e-02 2.612244897959183770e-02 2.857142857142857054e-02 3.265306122448979886e-02 3.265306122448979886e-02 3.510204081632652823e-02 3.591836734693877597e-02 3.591836734693877597e-02
2.448979591836734568e-03 6.530612244897959426e-03 8.163265306122449716e-03 9.795918367346938271e-03 1.224489795918367284e-02 1.387755102040816313e-02 1.387755102040816313e-02 1.387755102040816313e-02 1.387755102040816313e-02 1.387755102040816313e-02
4.147656574035669583e-04 8.295313148071339166e-04 1.244296972210701038e-03 1.244296972210701038e-03 1.244296972210701038e-03 1.244296972210701038e-03 1.659062629614267833e-03 3.318125259228535667e-03 3.318125259228535667e-03 3.732890916632102679e-03
3.826530612244898044e-02 6.559766763848395854e-02 7.215743440233236827e-02 7.671282798833818639e-02 7.926384839650145453e-02 8.217930029154518756e-02 8.418367346938775142e-02 8.618804664723031528e-02 8.709912536443148445e-02 8.946793002915451321e-02
2.298367144977733756e-01 3.597229094507669589e-01 3.881741712023750734e-01 3.988124690747155143e-01 4.072241464621474405e-01 4.163780306778822604e-01 4.250371103414151142e-01 4.327065809005442576e-01 4.381494309747649418e-01 4.440870856011875367e-01
2.232899943470887383e-01 3.329564725833804584e-01 3.527416619559072819e-01 3.615036743923120133e-01 3.688524590163934636e-01 3.787450537026568753e-01 3.841153193894855655e-01 3.872244205765969505e-01 3.934426229508196649e-01 3.968343697003957060e-01
1.246938321086617750e-02 2.850144733912269093e-02 3.607214428857715566e-02 3.829881986194611648e-02 4.008016032064128098e-02 4.208416833667334711e-02 4.275217100868403813e-02 4.453351146737920263e-02 4.698285459808505815e-02 4.831885994210643326e-02
1.158846806105144102e-02 5.822498586772187346e-02 1.192764273600904479e-01 1.512153759185980717e-01 1.619559072922555076e-01 1.690220463538722462e-01 1.755228942905596445e-01 1.786319954776710017e-01 1.831543244771057233e-01 1.882419446014697573e-01
2.366712571316151870e-01 3.637615581349596949e-01 4.031084005508557833e-01 4.259295691520755267e-01 4.406846350580365668e-01 4.574070430847924640e-01 4.694078300216407706e-01 4.837694275034428726e-01 4.951800118040527443e-01 5.058036592563446288e-01
6.905370843989769303e-02 1.127287035215423922e-01 1.308282510328546144e-01 1.432225063938618870e-01 1.510918748770411213e-01 1.585677749360613897e-01 1.646665355105252915e-01 1.711587645091481313e-01 1.774542592956915299e-01 1.831595514459964658e-01
1.023017902813299317e-02 1.750934487507377693e-02 1.927995278378910257e-02 2.242770017706079144e-02 2.341137123745819226e-02 2.498524493409403843e-02 2.655911863072988460e-02 2.793625811528624783e-02 2.990360023608105294e-02 3.108400550855793670e-02
1.013181192209325204e-01 1.762738540232146323e-01 2.048003147747393393e-01 2.183749754082234817e-01 2.246704701947668803e-01 2.333267755262640186e-01 2.386385992524099886e-01 2.445406256147944213e-01 2.496557151288609222e-01 2.551642730670863890e-01
2.341137123745819226e-02 4.465866614204209994e-02 5.961046626008262989e-02 6.649616368286445645e-02 7.239819004524887525e-02 7.652960849891796147e-02 7.967735589218964687e-02 8.223490064922289733e-02 8.459571119417666485e-02 8.794019279952783319e-02
9.136592051164915424e-04 1.050708085883965241e-02 8.748286888990407240e-02 1.505253540429419834e-01 1.809045226130653328e-01 1.939241662859753357e-01 2.000913659205116601e-01 2.055733211512106029e-01 2.131110095934216631e-01 2.172224760164458701e-01
1.130965844831486071e-03 4.523863379325944283e-03 3.913141823116941809e-02 1.162632888486767740e-01 1.553947070798461783e-01 1.705496494005881158e-01 1.766568649626781284e-01 1.809545351730377782e-01 1.868355575661614920e-01 1.911332277765211418e-01
9.136592051164915424e-04 1.598903608953860253e-03 1.119232526267702199e-02 4.865235267245317241e-02 8.154408405664687054e-02 9.684787574234809959e-02 9.958885335769758484e-02 1.030150753768844241e-01 1.073549566011877537e-01 1.119232526267702199e-01
2.978631556227066823e-02 8.892726095402546382e-02 1.163393049859702127e-01 1.245413339089143090e-01 1.301532484351392294e-01 1.364126915605439194e-01 1.409453917548025015e-01 1.469889920138139350e-01 1.530325922728253962e-01 1.567019210015108965e-01
1.142074006395614374e-03 1.096391046139789938e-02 3.152124257651895550e-02 4.339881224303334534e-02 4.613978985838282365e-02 4.888076747373229503e-02 5.139333028780265072e-02 5.253540429419826380e-02 5.573321151210598734e-02 5.710370031978072303e-02
3.809523809523809521e-03 1.047619047619047575e-02 1.095238095238095302e-02 1.142857142857142856e-02 1.142857142857142856e-02 1.142857142857142856e-02 1.142857142857142856e-02 1.142857142857142856e-02 1.142857142857142856e-02 1.142857142857142856e-02
2.344665885111371466e-03 5.861664712778429098e-03 8.206330597889801431e-03 8.206330597889801431e-03 8.206330597889801431e-03 8.206330597889801431e-03 8.206330597889801431e-03 8.206330597889801431e-03 8.206330597889801431e-03 8.206330597889801431e-03
1.222493887530562342e-03 2.444987775061124684e-03 3.056234718826406072e-03 3.056234718826406072e-03 3.667481662591687026e-03 4.889975550122249368e-03 4.889975550122249368e-03 4.889975550122249368e-03 5.501222493887530755e-03 5.501222493887530755e-03
5.563282336578581101e-03 1.066295781177561443e-02 1.808066759388039096e-02 1.993509503940658206e-02 2.086230876216968108e-02 2.086230876216968108e-02 2.086230876216968108e-02 2.086230876216968108e-02 2.132591562355122886e-02 2.178952248493277663e-02
0.000000000000000000e+00 8.319467554076539302e-04 2.495840266222961682e-03 2.495840266222961682e-03 2.495840266222961682e-03 2.495840266222961682e-03 2.495840266222961682e-03 2.495840266222961682e-03 2.495840266222961682e-03 2.495840266222961682e-03
1.075544174135723424e-01 1.856594110115236951e-01 2.052923602219376975e-01 2.129748186086214135e-01 2.219376867264191144e-01 2.334613743064447300e-01 2.390098164746052023e-01 2.458386683738796319e-01 2.522407170294494461e-01 2.560819462227912902e-01
2.944942381562100017e-02 6.572769953051643688e-02 7.682458386683738150e-02 8.408023900981646814e-02 9.005548442168161138e-02 9.346991037131882618e-02 9.645753307725138392e-02 9.987195902688859872e-02 1.015791720017072131e-01 1.032863849765258274e-01
3.841229193341869248e-03 1.792573623559539156e-02 2.262057191634656364e-02 2.390098164746052092e-02 2.560819462227912832e-02 2.859581732821169300e-02 2.987622705932565029e-02 3.072983354673495399e-02 3.243704652155356138e-02 3.286384976525821844e-02
4.694835680751173815e-03 1.493811352966282514e-02 1.920614596670934537e-02 2.134016218523260636e-02 2.262057191634656364e-02 2.347417840375586734e-02 2.603499786598378191e-02 2.688860435339308561e-02 2.944942381562100017e-02 3.115663679043960757e-02
3.414425949637217399e-03 1.152368758002560861e-02 1.749893299189073798e-02 1.835253947930004167e-02 2.048655569782330266e-02 2.134016218523260636e-02 2.304737516005121722e-02 2.475458813486982462e-02 2.603499786598378191e-02 2.731540759709773919e-02
6.320621468926553022e-02 1.009887005649717506e-01 1.154661016949152519e-01 1.221751412429378514e-01 1.242937853107344698e-01 1.274717514124293904e-01 1.324152542372881436e-01 1.341807909604519899e-01 1.352401129943502922e-01 1.366525423728813526e-01
9.982788296041307519e-02 1.580034423407917499e-01 1.776247848537005070e-01 1.851979345955249434e-01 1.889845094664371894e-01 1.917383820998278809e-01 1.958691910499139321e-01 1.993115318416523174e-01 2.006884681583476771e-01 2.017211703958692037e-01
4.710267705862419829e-02 7.963402236529990019e-02 9.318874957641477830e-02 9.657743137919348742e-02 9.827177228058285585e-02 1.016604540833615788e-01 1.053880040664181700e-01 1.084378176889190110e-01 1.108098949508641157e-01 1.128431040325313522e-01
3.044982698961937878e-02 5.224913494809688835e-02 6.089965397923875756e-02 6.574394463667819488e-02 6.747404844290658121e-02 6.920415224913495367e-02 7.197231833910035237e-02 7.474048442906573719e-02 7.647058823529412352e-02 7.889273356401384218e-02
4.882890035728463390e-02 7.939658594680429338e-02 9.051210797935688168e-02 9.726081778483525175e-02 1.008336641524414518e-01 1.028185788011115459e-01 1.044065105200476379e-01 1.067884080984517620e-01 1.099642715363239320e-01 1.111552203255260080e-01
7.391304347826087306e-02 1.739130434782608647e-01 2.204968944099378880e-01 2.416149068322981375e-01 2.546583850931676829e-01 2.720496894409937805e-01 2.900621118012422506e-01 2.987577639751552994e-01 3.130434782608695898e-01 3.211180124223602661e-01
4.596273291925465770e-02 2.279503105590062195e-01 3.503105590062111641e-01 3.732919254658385033e-01 3.913043478260869734e-01 4.105590062111801331e-01 4.260869565217391131e-01 4.360248447204969069e-01 4.459627329192546452e-01 4.546583850931676940e-01
1.831069108092144015e-02 8.003544004725339500e-02 1.172474896633195485e-01 1.219728292971057337e-01 1.255168340224453727e-01 1.293561724748966413e-01 1.314235085646780765e-01 1.326048434731246228e-01 1.340815121086827988e-01 1.367395156526875488e-01
2.414001207000603545e-03 6.035003017501508644e-03 1.056125528062763948e-02 1.146650573325286651e-02 1.267350633675316807e-02 1.388050694025346962e-02 1.388050694025346962e-02 1.448400724200362040e-02 1.478575739287869666e-02 1.478575739287869666e-02
3.014524527267744419e-03 1.452452726774458754e-02 2.685667306111263336e-02 2.877500685119210866e-02 3.041929295697451407e-02 3.124143600986571678e-02 3.233762674705398937e-02 3.288572211564812220e-02 3.315976979994519208e-02 3.370786516853932491e-02
0.000000000000000000e+00 2.623983206507478198e-04 1.311991603253739262e-03 1.443190763579113144e-03 1.443190763579113144e-03 1.574389923904487027e-03 1.574389923904487027e-03 1.574389923904487027e-03 1.705589084229860910e-03 1.705589084229860910e-03
0.000000000000000000e+00 0.000000000000000000e+00 5.223978059292151482e-04 6.529972574115188539e-04 6.529972574115188539e-04 6.529972574115188539e-04 6.529972574115188539e-04 6.529972574115188539e-04 6.529972574115188539e-04 6.529972574115188539e-04
0.000000000000000000e+00 0.000000000000000000e+00 0.000000000000000000e+00 0.000000000000000000e+00 0.000000000000000000e+00 0.000000000000000000e+00 0.000000000000000000e+00 0.000000000000000000e+00 0.000000000000000000e+00 0.000000000000000000e+00
0.000000000000000000e+00 1.339405304045004127e-04 5.357621216180016507e-04 5.357621216180016507e-04 5.357621216180016507e-04 5.357621216180016507e-04 5.357621216180016507e-04 5.357621216180016507e-04 5.357621216180016507e-04 5.357621216180016507e-04
1.265502404454568524e-04 2.531004808909137049e-04 5.062009617818274097e-04 5.062009617818274097e-04 5.062009617818274097e-04 5.062009617818274097e-04 5.062009617818274097e-04 5.062009617818274097e-04 5.062009617818274097e-04 5.062009617818274097e-04
0.000000000000000000e+00 0.000000000000000000e+00 0.000000000000000000e+00 0.000000000000000000e+00 0.000000000000000000e+00 0.000000000000000000e+00 0.000000000000000000e+00 0.000000000000000000e+00 0.000000000000000000e+00 0.000000000000000000e+00
0.000000000000000000e+00 1.438848920863309384e-03 6.834532374100719086e-03 1.474820143884892146e-02 2.482014388489208606e-02 3.273381294964029103e-02 3.489208633093525413e-02 3.633093525179856287e-02 3.992805755395683470e-02 4.208633093525179780e-02
0.000000000000000000e+00 0.000000000000000000e+00 7.194244604316546920e-04 4.676258992805755119e-03 6.474820143884891903e-03 7.194244604316547137e-03 8.273381294964028687e-03 8.992805755395683054e-03 9.352517985611510237e-03 9.712230215827337421e-03
0.000000000000000000e+00 0.000000000000000000e+00 3.597122302158273460e-04 3.597122302158273568e-03 5.395683453237410353e-03 5.755395683453237536e-03 5.755395683453237536e-03 5.755395683453237536e-03 5.755395683453237536e-03 5.755395683453237536e-03
0.000000000000000000e+00 0.000000000000000000e+00 0.000000000000000000e+00 0.000000000000000000e+00 0.000000000000000000e+00 0.000000000000000000e+00 0.000000000000000000e+00 0.000000000000000000e+00 3.597122302158273460e-04 3.597122302158273460e-04
2.114924181963288019e-01 3.160415003990422744e-01 3.511572226656025641e-01 3.631284916201117374e-01 3.703112529928172525e-01 3.798882681564245689e-01 3.878691141260973696e-01 3.934557063048683134e-01 3.934557063048683134e-01 3.950518754988028847e-01
3.242074927953890462e-02 5.331412103746397541e-02 6.268011527377521930e-02 6.772334293948126249e-02 6.916426512968300300e-02 7.060518731988472962e-02 7.060518731988472962e-02 7.060518731988472962e-02 7.060518731988472962e-02 7.492795389048990951e-02
3.649635036496350245e-03 5.839416058394160218e-03 5.839416058394160218e-03 7.299270072992700489e-03 7.299270072992700489e-03 7.299270072992700489e-03 8.029197080291971059e-03 8.029197080291971059e-03 8.029197080291971059e-03 9.489051094890510463e-03
0.000000000000000000e+00 1.397624039133473026e-03 2.795248078266946053e-03 2.795248078266946053e-03 2.795248078266946053e-03 3.494060097833682783e-03 3.494060097833682783e-03 3.494060097833682783e-03 3.494060097833682783e-03 3.494060097833682783e-03
0.000000000000000000e+00 0.000000000000000000e+00 0.000000000000000000e+00 0.000000000000000000e+00 0.000000000000000000e+00 0.000000000000000000e+00 8.503401360544217370e-04 8.503401360544217370e-04 8.503401360544217370e-04 8.503401360544217370e-04
2.266288951841359881e-02 6.657223796033993890e-02 9.348441926345608943e-02 1.090651558073654354e-01 1.161473087818696848e-01 1.246458923512747813e-01 1.331444759206798778e-01 1.402266288951841411e-01 1.501416430594900986e-01 1.529745042492917928e-01
0.000000000000000000e+00 0.000000000000000000e+00 0.000000000000000000e+00 7.082152974504249410e-03 1.416430594900849882e-02 1.983002832861189765e-02 2.124645892351274823e-02 2.266288951841359881e-02 2.266288951841359881e-02 2.691218130311614706e-02
1.142857142857142821e-01 2.370370370370370461e-01 2.888888888888888618e-01 3.047619047619047894e-01 3.206349206349206615e-01 3.386243386243386055e-01 3.502645502645502784e-01 3.566137566137566051e-01 3.640211640211640232e-01 3.724867724867724772e-01
3.865267807840971990e-03 1.270016565433462231e-02 2.429596907785753698e-02 2.595251242407509498e-02 2.816123688569851027e-02 3.147432357813362974e-02 3.147432357813362974e-02 3.147432357813362974e-02 3.313086692435118774e-02 3.368304803975703809e-02
2.666666666666666578e-03 9.333333333333334106e-03 3.733333333333333642e-02 7.333333333333333370e-02 7.733333333333333726e-02 7.866666666666666252e-02 8.400000000000000522e-02 8.799999999999999489e-02 9.066666666666667318e-02 9.466666666666666285e-02
3.031746031746031522e-01 4.341269841269841390e-01 4.765873015873016150e-01 4.924603174603174871e-01 5.107142857142856762e-01 5.246031746031746268e-01 5.329365079365079305e-01 5.428571428571428159e-01 5.492063492063492536e-01 5.583333333333333481e-01
7.611759967780910852e-02 1.280708819975835688e-01 1.453886427708417362e-01 1.538461538461538547e-01 1.602899718082964053e-01 1.643173580346355134e-01 1.683447442609746214e-01 1.711639146194119943e-01 1.739830849778493671e-01 1.768022553362867400e-01
7.531212243254127581e-02 1.357229158276278824e-01 1.522351993556182170e-01 1.635118807893677084e-01 1.671365283930728862e-01 1.759967780910189350e-01 1.792186870720902103e-01 1.856625050342327887e-01 1.908981071284736319e-01 1.977446637132501128e-01
8.860249697946033162e-03 1.812323801852597574e-02 2.255336286749899319e-02 2.819170358437374235e-02 2.899718082964156118e-02 3.221908981071285039e-02 3.463552154651631382e-02 3.624647603705195148e-02 3.906564639548932433e-02 4.107933950865887834e-02
5.235602094240838014e-03 1.047120418848167603e-02 1.288763592428513946e-02 1.570680628272251231e-02 1.731776077325815691e-02 1.892871526379379804e-02 2.174788562223117089e-02 2.416431735803463432e-02 2.496979460330245662e-02 2.577527184857027892e-02
9.958992384299940673e-03 1.874633860574106622e-02 2.753368482718219004e-02 3.573520796719390630e-02 3.807850029291154348e-02 4.217926186291739987e-02 4.452255418863503011e-02 4.510837727006444114e-02 4.979496192149970857e-02 5.155243116578793472e-02
9.373169302870533112e-03 1.640304628002343251e-02 2.050380785002929238e-02 2.519039250146455633e-02 3.163444639718804990e-02 3.397773872290568015e-02 3.514938488576450221e-02 3.690685413005272142e-02 4.100761570005858475e-02 4.393673110720562602e-02
4.100761570005858128e-03 1.054481546572934997e-02 1.464557703573520810e-02 1.581722319859402495e-02 1.874633860574106622e-02 2.167545401288810750e-02 2.284710017574692609e-02 2.401874633860574121e-02 2.753368482718219004e-02 2.987697715289982375e-02
6.253489670575097803e-02 9.715242881072026770e-02 1.161362367392518163e-01 1.261864879955332253e-01 1.328866554997208127e-01 1.384701284198771587e-01 1.407035175879396971e-01 1.434952540480178562e-01 1.496370742601898507e-01 1.529871580122836305e-01
2.929115407147041706e-03 6.444053895723491840e-03 9.958992384299940673e-03 1.230228471001757438e-02 1.464557703573520810e-02 1.640304628002343251e-02 1.874633860574106622e-02 1.933216168717047379e-02 2.284710017574692609e-02 2.343292325717633365e-02
2.748571428571428554e-01 4.228571428571428759e-01 4.605714285714285761e-01 4.702857142857143069e-01 4.799999999999999822e-01 4.908571428571428807e-01 4.994285714285714439e-01 5.057142857142856718e-01 5.137142857142856789e-01 5.222857142857142421e-01
1.199999999999999956e-01 2.222857142857142809e-01 2.554285714285714493e-01 2.714285714285714080e-01 2.811428571428571388e-01 2.885714285714285898e-01 2.919999999999999818e-01 2.988571428571428767e-01 3.079999999999999960e-01 3.148571428571428354e-01
4.171428571428571763e-02 7.028571428571428470e-02 7.885714285714286176e-02 9.028571428571428859e-02 9.428571428571429214e-02 9.885714285714285177e-02 1.000000000000000056e-01 1.034285714285714253e-01 1.051428571428571490e-01 1.085714285714285687e-01
5.257142857142857451e-02 9.199999999999999845e-02 1.160000000000000059e-01 1.308571428571428663e-01 1.422857142857142931e-01 1.485714285714285765e-01 1.542857142857142760e-01 1.588571428571428634e-01 1.668571428571428705e-01 1.737142857142857100e-01
3.140877598152425065e-02 7.159353348729792510e-02 9.284064665127020333e-02 1.066974595842956064e-01 1.136258660508083079e-01 1.168591224018475788e-01 1.224018475750577317e-01 1.293302540415704471e-01 1.325635103926096903e-01 1.367205542725173084e-01
3.035124587211047720e-01 4.812368658060642290e-01 5.355749024317021378e-01 5.583908736115280602e-01 5.734013809666766992e-01 5.929150405283698522e-01 6.055238667066946689e-01 6.130291203842689329e-01 6.247373161212849135e-01 6.337436205343740525e-01
1.158122297714638677e-01 1.893143915997529403e-01 2.239036442248301395e-01 2.418159357628165418e-01 2.578752316244595222e-01 2.671402100061766594e-01 2.804200123533044930e-01 2.899938233477455385e-01 2.989499691167387119e-01 3.082149474984558490e-01
1.636812847436689214e-02 3.180975911056207334e-02 3.736874613959233898e-02 3.953057442865966914e-02 4.323656578134651290e-02 4.725138974675725800e-02 5.064854848672020043e-02 5.219271155033971404e-02 5.404570722668313593e-02 5.744286596664607836e-02
4.601605929586164573e-02 7.844348363187152173e-02 9.635577516985793789e-02 1.037677578752316254e-01 1.077825818406423775e-01 1.124150710315009322e-01 1.161210623841877759e-01 1.195182211241507114e-01 1.216800494132180416e-01 1.247683755404570688e-01
1.235330450895614531e-02 2.532427424336010022e-02 3.582458307597282537e-02 4.231006794317480196e-02 4.601605929586164573e-02 5.033971587399629216e-02 5.342804200123533326e-02 5.620753551575046608e-02 5.991352686843730985e-02 6.176652254478073173e-02
4.241696678671468684e-02 9.683873549419767801e-02 1.154461784713885497e-01 1.196478591436574562e-01 1.206482593037214862e-01 1.222488995598239314e-01 1.234493797519007618e-01 1.246498599439775923e-01 1.250500200080031932e-01 1.262505002000800236e-01
3.053901358986104548e-04 9.161704076958314185e-04 1.374255611543747074e-03 1.526950679493052328e-03 1.526950679493052328e-03 1.526950679493052328e-03 1.526950679493052328e-03 1.526950679493052328e-03 1.679645747442357583e-03 1.832340815391662837e-03
0.000000000000000000e+00 4.341219882787063070e-04 6.511829824180594877e-04 1.085304970696765849e-03 1.085304970696765849e-03 1.085304970696765849e-03 1.085304970696765849e-03 1.085304970696765849e-03 1.085304970696765849e-03 1.302365964836118975e-03
0.000000000000000000e+00 0.000000000000000000e+00 0.000000000000000000e+00 0.000000000000000000e+00 0.000000000000000000e+00 0.000000000000000000e+00 0.000000000000000000e+00 0.000000000000000000e+00 0.000000000000000000e+00 0.000000000000000000e+00
0.000000000000000000e+00 0.000000000000000000e+00 0.000000000000000000e+00 0.000000000000000000e+00 0.000000000000000000e+00 0.000000000000000000e+00 0.000000000000000000e+00 0.000000000000000000e+00 0.000000000000000000e+00 0.000000000000000000e+00
