3.903530581800099264e-02 9.199403281949279643e-02 1.093983092988562861e-01 1.153654898060666317e-01 1.171059174540029779e-01 1.190949776230730978e-01 1.210840377921432176e-01 1.220785678766782706e-01 1.240676280457483904e-01 1.248135256091496836e-01
3.860072376357056613e-03 6.755126658624849290e-03 9.891435464414958384e-03 1.109770808202653787e-02 1.133896260554885342e-02 1.133896260554885342e-02 1.133896260554885342e-02 1.133896260554885342e-02 1.133896260554885342e-02 1.133896260554885342e-02
0.000000000000000000e+00 0.000000000000000000e+00 2.453385672227674009e-04 2.453385672227674009e-04 2.453385672227674009e-04 2.453385672227674009e-04 2.453385672227674009e-04 2.453385672227674009e-04 2.453385672227674009e-04 2.453385672227674009e-04
7.458975634012928813e-04 3.729487817006464298e-03 6.215813028344107163e-03 7.210343112879164483e-03 8.204873197414221803e-03 8.204873197414221803e-03 8.453505718547986783e-03 8.702138239681750029e-03 8.702138239681750029e-03 8.702138239681750029e-03
0.000000000000000000e+00 0.000000000000000000e+00 0.000000000000000000e+00 0.000000000000000000e+00 0.000000000000000000e+00 0.000000000000000000e+00 0.000000000000000000e+00 0.000000000000000000e+00 0.000000000000000000e+00 0.000000000000000000e+00
1.090342679127725804e-02 5.140186915887850344e-02 6.853582554517133330e-02 7.165109034267912180e-02 7.320872274143301606e-02 7.632398753894080456e-02 7.632398753894080456e-02 7.632398753894080456e-02 7.943925233644859307e-02 7.943925233644859307e-02
0.000000000000000000e+00 4.672897196261681894e-03 1.090342679127725804e-02 1.090342679127725804e-02 1.090342679127725804e-02 1.090342679127725804e-02 1.090342679127725804e-02 1.090342679127725804e-02 1.090342679127725804e-02 1.090342679127725804e-02
0.000000000000000000e+00 0.000000000000000000e+00 0.000000000000000000e+00 0.000000000000000000e+00 0.000000000000000000e+00 0.000000000000000000e+00 0.000000000000000000e+00 0.000000000000000000e+00 0.000000000000000000e+00 0.000000000000000000e+00
0.000000000000000000e+00 6.230529595015576148e-03 1.090342679127725804e-02 1.246105919003115230e-02 1.246105919003115230e-02 1.246105919003115230e-02 1.246105919003115230e-02 1.246105919003115230e-02 1.246105919003115230e-02 1.246105919003115230e-02
0.000000000000000000e+00 0.000000000000000000e+00 0.000000000000000000e+00 0.000000000000000000e+00 0.000000000000000000e+00 0.000000000000000000e+00 0.000000000000000000e+00 0.000000000000000000e+00 0.000000000000000000e+00 0.000000000000000000e+00
1.715055372642921294e-01 2.936246632744687335e-01 3.243539858325850678e-01 3.328344806944028567e-01 3.363264491669161194e-01 3.395191060560710516e-01 3.416142871395789760e-01 3.448069440287339082e-01 3.478998303901027489e-01 3.506934051681133147e-01
4.389903222588047507e-03 1.167315175097276281e-02 1.436695600119724560e-02 1.506534969569989051e-02 1.516512022348598214e-02 1.516512022348598214e-02 1.516512022348598214e-02 1.516512022348598214e-02 1.516512022348598214e-02 1.536466127905816541e-02
3.990821111443679453e-04 1.795869500149655700e-03 2.394492666866207889e-03 2.693804250224483658e-03 2.693804250224483658e-03 2.793574778010575726e-03 2.893345305796667793e-03 2.893345305796667793e-03 2.893345305796667793e-03 2.893345305796667793e-03
3.990821111443679453e-04 7.981642222887358907e-04 8.979347500748278499e-04 9.977052778609198092e-04 9.977052778609198092e-04 9.977052778609198092e-04 9.977052778609198092e-04 9.977052778609198092e-04 9.977052778609198092e-04 9.977052778609198092e-04
9.977052778609198634e-05 1.995410555721839727e-04 2.993115833582759861e-04 2.993115833582759861e-04 2.993115833582759861e-04 2.993115833582759861e-04 2.993115833582759861e-04 2.993115833582759861e-04 2.993115833582759861e-04 2.993115833582759861e-04
0.000000000000000000e+00 0.000000000000000000e+00 0.000000000000000000e+00 0.000000000000000000e+00 0.000000000000000000e+00 0.000000000000000000e+00 0.000000000000000000e+00 0.000000000000000000e+00 0.000000000000000000e+00 0.000000000000000000e+00
0.000000000000000000e+00 0.000000000000000000e+00 0.000000000000000000e+00 0.000000000000000000e+00 0.000000000000000000e+00 0.000000000000000000e+00 0.000000000000000000e+00 0.000000000000000000e+00 0.000000000000000000e+00 0.000000000000000000e+00
0.000000000000000000e+00 5.616715344866321958e-05 5.616715344866321958e-05 1.123343068973264392e-04 1.123343068973264392e-04 1.123343068973264392e-04 1.123343068973264392e-04 1.123343068973264392e-04 1.123343068973264392e-04 1.123343068973264392e-04
0.000000000000000000e+00 0.000000000000000000e+00 0.000000000000000000e+00 0.000000000000000000e+00 0.000000000000000000e+00 0.000000000000000000e+00 0.000000000000000000e+00 0.000000000000000000e+00 0.000000000000000000e+00 0.000000000000000000e+00
0.000000000000000000e+00 0.000000000000000000e+00 0.000000000000000000e+00 0.000000000000000000e+00 0.000000000000000000e+00 0.000000000000000000e+00 0.000000000000000000e+00 0.000000000000000000e+00 0.000000000000000000e+00 0.000000000000000000e+00
0.000000000000000000e+00 0.000000000000000000e+00 0.000000000000000000e+00 0.000000000000000000e+00 0.000000000000000000e+00 0.000000000000000000e+00 0.000000000000000000e+00 0.000000000000000000e+00 0.000000000000000000e+00 0.000000000000000000e+00
0.000000000000000000e+00 0.000000000000000000e+00 0.000000000000000000e+00 0.000000000000000000e+00 0.000000000000000000e+00 0.000000000000000000e+00 0.000000000000000000e+00 0.000000000000000000e+00 0.000000000000000000e+00 0.000000000000000000e+00
0.000000000000000000e+00 0.000000000000000000e+00 0.000000000000000000e+00 0.000000000000000000e+00 0.000000000000000000e+00 0.000000000000000000e+00 0.000000000000000000e+00 0.000000000000000000e+00 0.000000000000000000e+00 0.000000000000000000e+00
0.000000000000000000e+00 0.000000000000000000e+00 0.000000000000000000e+00 0.000000000000000000e+00 0.000000000000000000e+00 0.000000000000000000e+00 0.000000000000000000e+00 0.000000000000000000e+00 0.000000000000000000e+00 0.000000000000000000e+00
0.000000000000000000e+00 1.774622892635315061e-04 5.323868677905945184e-04 8.873114463176575307e-04 1.064773735581189037e-03 1.242236024844720543e-03 1.242236024844720543e-03 1.242236024844720543e-03 1.242236024844720543e-03 1.242236024844720543e-03
0.000000000000000000e+00 0.000000000000000000e+00 0.000000000000000000e+00 7.642338555598012406e-05 7.642338555598012406e-05 7.642338555598012406e-05 7.642338555598012406e-05 7.642338555598012406e-05 7.642338555598012406e-05 7.642338555598012406e-05
0.000000000000000000e+00 0.000000000000000000e+00 0.000000000000000000e+00 0.000000000000000000e+00 0.000000000000000000e+00 0.000000000000000000e+00 0.000000000000000000e+00 0.000000000000000000e+00 0.000000000000000000e+00 0.000000000000000000e+00
3.286205578907145687e-03 7.413068398930072224e-03 1.092854413450515885e-02 1.299197554451662212e-02 1.367978601452044321e-02 1.398547955674436447e-02 1.398547955674436447e-02 1.398547955674436447e-02 1.413832632785632336e-02 1.429117309896828399e-02
0.000000000000000000e+00 0.000000000000000000e+00 0.000000000000000000e+00 0.000000000000000000e+00 0.000000000000000000e+00 0.000000000000000000e+00 0.000000000000000000e+00 0.000000000000000000e+00 0.000000000000000000e+00 0.000000000000000000e+00
0.000000000000000000e+00 0.000000000000000000e+00 0.000000000000000000e+00 0.000000000000000000e+00 0.000000000000000000e+00 0.000000000000000000e+00 0.000000000000000000e+00 0.000000000000000000e+00 0.000000000000000000e+00 0.000000000000000000e+00
0.000000000000000000e+00 2.701242571582928198e-04 8.103727714748784052e-04 8.103727714748784052e-04 8.103727714748784052e-04 1.080497028633171279e-03 1.080497028633171279e-03 1.080497028633171279e-03 1.080497028633171279e-03 1.080497028633171279e-03
2.470355731225296276e-04 2.470355731225296276e-04 4.940711462450592551e-04 4.940711462450592551e-04 4.940711462450592551e-04 4.940711462450592551e-04 4.940711462450592551e-04 4.940711462450592551e-04 4.940711462450592551e-04 4.940711462450592551e-04
0.000000000000000000e+00 0.000000000000000000e+00 0.000000000000000000e+00 0.000000000000000000e+00 0.000000000000000000e+00 0.000000000000000000e+00 0.000000000000000000e+00 0.000000000000000000e+00 0.000000000000000000e+00 0.000000000000000000e+00
0.000000000000000000e+00 0.000000000000000000e+00 0.000000000000000000e+00 0.000000000000000000e+00 0.000000000000000000e+00 0.000000000000000000e+00 0.000000000000000000e+00 0.000000000000000000e+00 0.000000000000000000e+00 0.000000000000000000e+00
0.000000000000000000e+00 0.000000000000000000e+00 0.000000000000000000e+00 0.000000000000000000e+00 0.000000000000000000e+00 0.000000000000000000e+00 0.000000000000000000e+00 0.000000000000000000e+00 0.000000000000000000e+00 0.000000000000000000e+00
5.474155474155473905e-02 1.221001221001220965e-01 1.499796499796499927e-01 1.573056573056572927e-01 1.599511599511599380e-01 1.634106634106634037e-01 1.650386650386650444e-01 1.662596662596662611e-01 1.676841676841676898e-01 1.699226699226699111e-01
3.735010811873402947e-02 9.081973658344801026e-02 1.183408688814625576e-01 1.244348338903086271e-01 1.262040495380381266e-01 1.287595832514251970e-01 1.301356398663259251e-01 1.313151169648122674e-01 1.328877530961273812e-01 1.344603892274424950e-01
2.958701458804191553e-02 7.889870556811177937e-02 9.944524347647420992e-02 1.051982740908156966e-01 1.064310663653174477e-01 1.093075816724881910e-01 1.109513047051571832e-01 1.117731662214916794e-01 1.130059584959934305e-01 1.136223546332442991e-01
6.060606060606060601e-03 1.864801864801864800e-02 2.820512820512820554e-02 3.123543123543123454e-02 3.286713286713286580e-02 3.403263403263403347e-02 3.449883449883450054e-02 3.473193473193473407e-02 3.519813519813520114e-02 3.659673659673659540e-02
9.260688377836085979e-04 2.315172094459021657e-03 2.932551319648093839e-03 3.858620157431702329e-03 3.858620157431702329e-03 3.858620157431702329e-03 3.858620157431702329e-03 4.012964963728970699e-03 4.012964963728970699e-03 4.012964963728970699e-03
0.000000000000000000e+00 7.598784194528875350e-04 1.139817629179331248e-03 1.519756838905775070e-03 1.519756838905775070e-03 1.519756838905775070e-03 1.519756838905775070e-03 1.519756838905775070e-03 1.519756838905775070e-03 1.519756838905775070e-03
0.000000000000000000e+00 0.000000000000000000e+00 0.000000000000000000e+00 0.000000000000000000e+00 0.000000000000000000e+00 0.000000000000000000e+00 0.000000000000000000e+00 0.000000000000000000e+00 0.000000000000000000e+00 0.000000000000000000e+00
4.939209726443768815e-03 5.699088145896656459e-03 6.458966565349544102e-03 6.458966565349544102e-03 6.458966565349544102e-03 6.838905775075987924e-03 7.218844984802431745e-03 7.218844984802431745e-03 7.218844984802431745e-03 7.218844984802431745e-03
0.000000000000000000e+00 0.000000000000000000e+00 0.000000000000000000e+00 0.000000000000000000e+00 0.000000000000000000e+00 0.000000000000000000e+00 0.000000000000000000e+00 0.000000000000000000e+00 0.000000000000000000e+00 0.000000000000000000e+00
7.598784194528875350e-04 7.598784194528875350e-04 7.598784194528875350e-04 7.598784194528875350e-04 1.139817629179331248e-03 1.139817629179331248e-03 1.139817629179331248e-03 1.139817629179331248e-03 1.139817629179331248e-03 1.139817629179331248e-03
3.984063745019920250e-03 7.968127490039840499e-03 8.300132802124833564e-03 8.300132802124833564e-03 8.300132802124833564e-03 8.300132802124833564e-03 8.300132802124833564e-03 8.300132802124833564e-03 8.300132802124833564e-03 8.300132802124833564e-03
3.320053120849933686e-03 6.308100929614873439e-03 6.972111553784860437e-03 6.972111553784860437e-03 6.972111553784860437e-03 7.304116865869853502e-03 7.636122177954847434e-03 7.636122177954847434e-03 7.636122177954847434e-03 7.636122177954847434e-03
5.585032113934654653e-04 2.234012845573861861e-03 2.792516056967327652e-03 2.792516056967327652e-03 3.071767662664060330e-03 3.071767662664060330e-03 3.071767662664060330e-03 3.071767662664060330e-03 3.071767662664060330e-03 3.071767662664060330e-03
0.000000000000000000e+00 0.000000000000000000e+00 0.000000000000000000e+00 0.000000000000000000e+00 0.000000000000000000e+00 0.000000000000000000e+00 0.000000000000000000e+00 0.000000000000000000e+00 0.000000000000000000e+00 0.000000000000000000e+00
0.000000000000000000e+00 0.000000000000000000e+00 0.000000000000000000e+00 0.000000000000000000e+00 0.000000000000000000e+00 0.000000000000000000e+00 0.000000000000000000e+00 0.000000000000000000e+00 0.000000000000000000e+00 0.000000000000000000e+00
0.000000000000000000e+00 0.000000000000000000e+00 0.000000000000000000e+00 0.000000000000000000e+00 0.000000000000000000e+00 0.000000000000000000e+00 0.000000000000000000e+00 0.000000000000000000e+00 0.000000000000000000e+00 0.000000000000000000e+00
0.000000000000000000e+00 0.000000000000000000e+00 0.000000000000000000e+00 0.000000000000000000e+00 0.000000000000000000e+00 0.000000000000000000e+00 0.000000000000000000e+00 0.000000000000000000e+00 0.000000000000000000e+00 0.000000000000000000e+00
0.000000000000000000e+00 0.000000000000000000e+00 0.000000000000000000e+00 0.000000000000000000e+00 0.000000000000000000e+00 0.000000000000000000e+00 0.000000000000000000e+00 0.000000000000000000e+00 0.000000000000000000e+00 0.000000000000000000e+00
0.000000000000000000e+00 2.338087444470423226e-04 2.338087444470423226e-04 1.402852466682253827e-03 1.402852466682253827e-03 1.402852466682253827e-03 1.402852466682253827e-03 1.402852466682253827e-03 1.402852466682253827e-03 1.402852466682253827e-03
0.000000000000000000e+00 0.000000000000000000e+00 0.000000000000000000e+00 0.000000000000000000e+00 0.000000000000000000e+00 0.000000000000000000e+00 0.000000000000000000e+00 0.000000000000000000e+00 0.000000000000000000e+00 0.000000000000000000e+00
0.000000000000000000e+00 0.000000000000000000e+00 0.000000000000000000e+00 0.000000000000000000e+00 0.000000000000000000e+00 0.000000000000000000e+00 0.000000000000000000e+00 0.000000000000000000e+00 0.000000000000000000e+00 0.000000000000000000e+00
0.000000000000000000e+00 0.000000000000000000e+00 0.000000000000000000e+00 0.000000000000000000e+00 0.000000000000000000e+00 0.000000000000000000e+00 0.000000000000000000e+00 0.000000000000000000e+00 0.000000000000000000e+00 0.000000000000000000e+00
0.000000000000000000e+00 0.000000000000000000e+00 0.000000000000000000e+00 0.000000000000000000e+00 0.000000000000000000e+00 0.000000000000000000e+00 0.000000000000000000e+00 0.000000000000000000e+00 0.000000000000000000e+00 0.000000000000000000e+00
8.158603247124092081e-05 2.447580974137227895e-04 3.263441298849636832e-04 3.263441298849636832e-04 3.263441298849636832e-04 3.263441298849636832e-04 3.263441298849636832e-04 3.263441298849636832e-04 3.263441298849636832e-04 3.263441298849636832e-04
0.000000000000000000e+00 0.000000000000000000e+00 0.000000000000000000e+00 0.000000000000000000e+00 0.000000000000000000e+00 0.000000000000000000e+00 0.000000000000000000e+00 0.000000000000000000e+00 0.000000000000000000e+00 0.000000000000000000e+00
0.000000000000000000e+00 7.154611146884166679e-05 7.154611146884166679e-05 7.154611146884166679e-05 7.154611146884166679e-05 7.154611146884166679e-05 7.154611146884166679e-05 7.154611146884166679e-05 7.154611146884166679e-05 7.154611146884166679e-05
0.000000000000000000e+00 0.000000000000000000e+00 0.000000000000000000e+00 0.000000000000000000e+00 0.000000000000000000e+00 0.000000000000000000e+00 0.000000000000000000e+00 0.000000000000000000e+00 0.000000000000000000e+00 0.000000000000000000e+00
0.000000000000000000e+00 0.000000000000000000e+00 0.000000000000000000e+00 0.000000000000000000e+00 0.000000000000000000e+00 0.000000000000000000e+00 0.000000000000000000e+00 0.000000000000000000e+00 0.000000000000000000e+00 0.000000000000000000e+00
0.000000000000000000e+00 0.000000000000000000e+00 0.000000000000000000e+00 0.000000000000000000e+00 0.000000000000000000e+00 0.000000000000000000e+00 0.000000000000000000e+00 0.000000000000000000e+00 0.000000000000000000e+00 0.000000000000000000e+00
0.000000000000000000e+00 0.000000000000000000e+00 0.000000000000000000e+00 0.000000000000000000e+00 0.000000000000000000e+00 0.000000000000000000e+00 0.000000000000000000e+00 0.000000000000000000e+00 0.000000000000000000e+00 0.000000000000000000e+00
1.468926553672316284e-03 3.276836158192090488e-03 3.502824858757062291e-03 3.841807909604519778e-03 4.067796610169491581e-03 4.067796610169491581e-03 4.067796610169491581e-03 4.067796610169491581e-03 4.067796610169491581e-03 4.067796610169491581e-03
0.000000000000000000e+00 0.000000000000000000e+00 0.000000000000000000e+00 0.000000000000000000e+00 0.000000000000000000e+00 0.000000000000000000e+00 0.000000000000000000e+00 0.000000000000000000e+00 0.000000000000000000e+00 0.000000000000000000e+00
0.000000000000000000e+00 0.000000000000000000e+00 0.000000000000000000e+00 0.000000000000000000e+00 0.000000000000000000e+00 0.000000000000000000e+00 0.000000000000000000e+00 0.000000000000000000e+00 0.000000000000000000e+00 0.000000000000000000e+00
0.000000000000000000e+00 0.000000000000000000e+00 0.000000000000000000e+00 0.000000000000000000e+00 0.000000000000000000e+00 0.000000000000000000e+00 0.000000000000000000e+00 0.000000000000000000e+00 0.000000000000000000e+00 0.000000000000000000e+00
0.000000000000000000e+00 0.000000000000000000e+00 0.000000000000000000e+00 0.000000000000000000e+00 0.000000000000000000e+00 0.000000000000000000e+00 0.000000000000000000e+00 0.000000000000000000e+00 0.000000000000000000e+00 0.000000000000000000e+00
5.419737551680747778e-02 8.394751033614955560e-02 8.718317454610821637e-02 8.727305410749595926e-02 8.727305410749595926e-02 8.736293366888370215e-02 8.736293366888370215e-02 8.754269279165917406e-02 8.754269279165917406e-02 8.754269279165917406e-02
1.164575246005236132e-02 1.995125033853931487e-02 2.184707050645481527e-02 2.193734765730793665e-02 2.193734765730793665e-02 2.193734765730793665e-02 2.202762480816105456e-02 2.202762480816105456e-02 2.211790195901417247e-02 2.211790195901417247e-02
8.464215179159221506e-04 1.504749365183861553e-03 1.786889871155835675e-03 1.786889871155835675e-03 1.786889871155835675e-03 1.786889871155835675e-03 1.786889871155835675e-03 1.786889871155835675e-03 1.786889871155835675e-03 1.786889871155835675e-03
2.715423606082548961e-04 1.267197682838522776e-03 1.538740043446777672e-03 1.538740043446777672e-03 1.538740043446777672e-03 1.538740043446777672e-03 1.538740043446777672e-03 1.538740043446777672e-03 1.538740043446777672e-03 1.538740043446777672e-03
0.000000000000000000e+00 0.000000000000000000e+00 0.000000000000000000e+00 0.000000000000000000e+00 0.000000000000000000e+00 0.000000000000000000e+00 0.000000000000000000e+00 0.000000000000000000e+00 0.000000000000000000e+00 0.000000000000000000e+00
4.498931503767854972e-04 1.518389382521651053e-03 2.305702395681025890e-03 2.474412327072320235e-03 2.530648970869418639e-03 2.586885614666516609e-03 2.586885614666516609e-03 2.586885614666516609e-03 2.586885614666516609e-03 2.586885614666516609e-03
1.062529883652977794e-04 3.187589650958933245e-04 3.718854592785421939e-04 3.718854592785421939e-04 3.718854592785421939e-04 3.718854592785421939e-04 3.718854592785421939e-04 3.718854592785421939e-04 3.718854592785421939e-04 3.718854592785421939e-04
1.691665726852373936e-04 2.819442878087290074e-04 7.330551483026953542e-04 7.894440058644411340e-04 7.894440058644411340e-04 7.894440058644411340e-04 7.894440058644411340e-04 7.894440058644411340e-04 7.894440058644411340e-04 7.894440058644411340e-04
1.130646164282887711e-04 1.695969246424331432e-04 3.391938492848662863e-04 3.391938492848662863e-04 3.391938492848662863e-04 3.391938492848662863e-04 3.391938492848662863e-04 3.391938492848662863e-04 3.391938492848662863e-04 3.391938492848662863e-04
3.957261574990106855e-04 1.243710780711176347e-03 1.356775397139465145e-03 1.413307705353609653e-03 1.413307705353609653e-03 1.413307705353609653e-03 1.413307705353609653e-03 1.413307705353609653e-03 1.413307705353609653e-03 1.413307705353609653e-03
2.231146809460062387e-04 1.115573404730031302e-03 1.561802766622043780e-03 1.561802766622043780e-03 1.561802766622043780e-03 1.561802766622043780e-03 1.561802766622043780e-03 1.784917447568049910e-03 2.008032128514056040e-03 2.008032128514056040e-03
3.027771977448319093e-02 7.663395280851952041e-02 9.438296095218208503e-02 9.897682188348298771e-02 1.000208811860513608e-01 1.019001879306744573e-01 1.031530590937565217e-01 1.039883065358112313e-01 1.054499895594069730e-01 1.060764251409480052e-01
0.000000000000000000e+00 0.000000000000000000e+00 0.000000000000000000e+00 0.000000000000000000e+00 0.000000000000000000e+00 0.000000000000000000e+00 0.000000000000000000e+00 0.000000000000000000e+00 2.231146809460062387e-04 2.231146809460062387e-04
0.000000000000000000e+00 0.000000000000000000e+00 0.000000000000000000e+00 0.000000000000000000e+00 0.000000000000000000e+00 0.000000000000000000e+00 0.000000000000000000e+00 0.000000000000000000e+00 0.000000000000000000e+00 0.000000000000000000e+00
0.000000000000000000e+00 0.000000000000000000e+00 0.000000000000000000e+00 0.000000000000000000e+00 0.000000000000000000e+00 0.000000000000000000e+00 0.000000000000000000e+00 0.000000000000000000e+00 0.000000000000000000e+00 0.000000000000000000e+00
5.490581198107311739e-02 9.383090795464690825e-02 9.972323899651816537e-02 1.002589054548700953e-01 1.003481831979287503e-01 1.007052941701633841e-01 1.011516828854566591e-01 1.014195161146326241e-01 1.016873493438085890e-01 1.018659048299258990e-01
2.678332291759664345e-04 6.249442014105882929e-04 7.142219444692438253e-04 7.142219444692438253e-04 7.142219444692438253e-04 8.927774305865547816e-04 8.927774305865547816e-04 9.820551736452103140e-04 9.820551736452103140e-04 9.820551736452103140e-04
1.651638246585126341e-02 3.026515489688420824e-02 3.187215427194000500e-02 3.222926524417462496e-02 3.231854298723327995e-02 3.249709847335059687e-02 3.258637621640925186e-02 3.258637621640925186e-02 3.258637621640925186e-02 3.258637621640925186e-02
0.000000000000000000e+00 8.927774305865547816e-05 4.463887152932773908e-04 5.356664583519328690e-04 9.820551736452103140e-04 1.071332916703865738e-03 1.071332916703865738e-03 1.071332916703865738e-03 1.071332916703865738e-03 1.071332916703865738e-03
0.000000000000000000e+00 0.000000000000000000e+00 0.000000000000000000e+00 0.000000000000000000e+00 0.000000000000000000e+00 0.000000000000000000e+00 0.000000000000000000e+00 0.000000000000000000e+00 0.000000000000000000e+00 0.000000000000000000e+00
0.000000000000000000e+00 0.000000000000000000e+00 2.210921954455007837e-04 2.210921954455007837e-04 2.210921954455007837e-04 4.421843908910015673e-04 4.421843908910015673e-04 4.421843908910015673e-04 4.421843908910015673e-04 6.632765863365023239e-04
0.000000000000000000e+00 0.000000000000000000e+00 0.000000000000000000e+00 0.000000000000000000e+00 0.000000000000000000e+00 0.000000000000000000e+00 0.000000000000000000e+00 0.000000000000000000e+00 0.000000000000000000e+00 0.000000000000000000e+00
0.000000000000000000e+00 0.000000000000000000e+00 5.906674542232722910e-04 8.860011813349084366e-04 8.860011813349084366e-04 8.860011813349084366e-04 8.860011813349084366e-04 8.860011813349084366e-04 8.860011813349084366e-04 1.181334908446544582e-03
0.000000000000000000e+00 0.000000000000000000e+00 0.000000000000000000e+00 0.000000000000000000e+00 0.000000000000000000e+00 0.000000000000000000e+00 0.000000000000000000e+00 0.000000000000000000e+00 0.000000000000000000e+00 0.000000000000000000e+00
0.000000000000000000e+00 0.000000000000000000e+00 0.000000000000000000e+00 0.000000000000000000e+00 0.000000000000000000e+00 0.000000000000000000e+00 0.000000000000000000e+00 0.000000000000000000e+00 0.000000000000000000e+00 0.000000000000000000e+00
1.013904982618771787e-02 2.838933951332560726e-02 3.765932792584009148e-02 4.084588644264194879e-02 4.171494785631518071e-02 4.287369640787948993e-02 4.374275782155272185e-02 4.403244495944379916e-02 4.432213209733487647e-02 4.461181923522595377e-02
2.896871378910776318e-04 2.896871378910776318e-04 5.793742757821552635e-04 5.793742757821552635e-04 5.793742757821552635e-04 5.793742757821552635e-04 5.793742757821552635e-04 5.793742757821552635e-04 5.793742757821552635e-04 5.793742757821552635e-04
3.765932792584009321e-03 7.242178447276941336e-03 9.269988412514484216e-03 1.042873696407879518e-02 1.158748551564310614e-02 1.245654692931633806e-02 1.245654692931633806e-02 1.303592120509849440e-02 1.303592120509849440e-02 1.332560834298957171e-02
9.646581691772884715e-02 1.639629200463499359e-01 1.781575898030127447e-01 1.822132097334878409e-01 1.862688296639629093e-01 1.911935110081112443e-01 1.932213209733487924e-01 1.940903823870220035e-01 1.952491309385863405e-01 1.981460023174970997e-01
0.000000000000000000e+00 8.690614136732328953e-04 8.690614136732328953e-04 8.690614136732328953e-04 8.690614136732328953e-04 8.690614136732328953e-04 8.690614136732328953e-04 8.690614136732328953e-04 8.690614136732328953e-04 8.690614136732328953e-04
1.998667554963357799e-03 4.441483455474128442e-03 5.107705973795247274e-03 5.551854319342660118e-03 5.551854319342660118e-03 5.551854319342660118e-03 5.551854319342660118e-03 5.551854319342660118e-03 5.551854319342660118e-03 5.551854319342660118e-03
0.000000000000000000e+00 2.220741727737064221e-04 1.332445036642238533e-03 1.554519209415944955e-03 1.554519209415944955e-03 1.554519209415944955e-03 1.554519209415944955e-03 1.554519209415944955e-03 1.554519209415944955e-03 1.776593382189651377e-03
0.000000000000000000e+00 0.000000000000000000e+00 0.000000000000000000e+00 0.000000000000000000e+00 0.000000000000000000e+00 0.000000000000000000e+00 0.000000000000000000e+00 0.000000000000000000e+00 0.000000000000000000e+00 2.220741727737064221e-04
2.220741727737064221e-04 6.662225183211192663e-04 1.110370863868532110e-03 1.110370863868532110e-03 1.332445036642238533e-03 1.332445036642238533e-03 1.332445036642238533e-03 1.332445036642238533e-03 1.332445036642238533e-03 1.332445036642238533e-03
0.000000000000000000e+00 2.220741727737064221e-04 4.441483455474128442e-04 4.441483455474128442e-04 4.441483455474128442e-04 4.441483455474128442e-04 4.441483455474128442e-04 4.441483455474128442e-04 4.441483455474128442e-04 4.441483455474128442e-04
1.586546089163890340e-04 1.586546089163890340e-04 4.759638267491670478e-04 6.346184356655561361e-04 6.346184356655561361e-04 6.346184356655561361e-04 6.346184356655561361e-04 6.346184356655561361e-04 6.346184356655561361e-04 6.346184356655561361e-04
1.432208784213876481e-03 5.410566518141311440e-03 1.209420751113940082e-02 1.336728198599618049e-02 1.368555060471037498e-02 1.432208784213876568e-02 1.432208784213876568e-02 1.448122215149586292e-02 1.448122215149586292e-02 1.448122215149586292e-02
2.210555402044763699e-03 1.657916551533572883e-02 2.707930367504835650e-02 4.200055263885051071e-02 5.443492677535230473e-02 5.775075987841945396e-02 5.802707930367504569e-02 5.802707930367504569e-02 5.857971815418623607e-02 5.885603757944183473e-02
1.405876564037677535e-04 1.405876564037677535e-04 1.405876564037677535e-04 1.405876564037677535e-04 2.811753128075355069e-04 4.217629692113032333e-04 4.217629692113032333e-04 4.217629692113032333e-04 4.217629692113032333e-04 4.217629692113032333e-04
0.000000000000000000e+00 0.000000000000000000e+00 0.000000000000000000e+00 0.000000000000000000e+00 0.000000000000000000e+00 0.000000000000000000e+00 0.000000000000000000e+00 0.000000000000000000e+00 0.000000000000000000e+00 0.000000000000000000e+00
1.826484018264840081e-02 3.424657534246575152e-02 5.022831050228310223e-02 7.534246575342465335e-02 7.990867579908675356e-02 8.675799086757990386e-02 8.904109589041095396e-02 8.904109589041095396e-02 8.904109589041095396e-02 9.589041095890410427e-02
7.518796992481202590e-03 2.506265664160400863e-02 2.756892230576440950e-02 3.508771929824561209e-02 3.759398496240601295e-02 4.010025062656641381e-02 4.260651629072681468e-02 4.260651629072681468e-02 4.511278195488721554e-02 4.761904761904761640e-02
0.000000000000000000e+00 0.000000000000000000e+00 0.000000000000000000e+00 0.000000000000000000e+00 0.000000000000000000e+00 0.000000000000000000e+00 0.000000000000000000e+00 0.000000000000000000e+00 0.000000000000000000e+00 0.000000000000000000e+00
0.000000000000000000e+00 0.000000000000000000e+00 0.000000000000000000e+00 0.000000000000000000e+00 0.000000000000000000e+00 0.000000000000000000e+00 0.000000000000000000e+00 0.000000000000000000e+00 0.000000000000000000e+00 0.000000000000000000e+00
0.000000000000000000e+00 0.000000000000000000e+00 0.000000000000000000e+00 0.000000000000000000e+00 0.000000000000000000e+00 0.000000000000000000e+00 0.000000000000000000e+00 0.000000000000000000e+00 0.000000000000000000e+00 0.000000000000000000e+00
5.735455543358946445e-02 1.265093304061470914e-01 1.635565312843029750e-01 1.797475301866081343e-01 1.846871569703622262e-01 1.866081229418221632e-01 1.874313940724478544e-01 1.890779363336992369e-01 1.909989023051591739e-01 1.918221734357848651e-01
4.390779363336992473e-03 1.783754116355653133e-02 2.991218441273325868e-02 3.869374313940724536e-02 4.445664105378704933e-02 4.774972557628979347e-02 5.049396267837541474e-02 5.159165751920966048e-02 5.296377607025246764e-02 5.406147091108672031e-02
2.744237102085620404e-03 9.055982436882546380e-03 1.646542261251372069e-02 2.085620197585071403e-02 2.442371020856201960e-02 2.689352360043907944e-02 2.771679473106476374e-02 2.799121844127332517e-02 2.854006586169045151e-02 2.908891328210757438e-02
0.000000000000000000e+00 0.000000000000000000e+00 0.000000000000000000e+00 2.744237102085620296e-04 1.097694840834248118e-03 1.097694840834248118e-03 1.097694840834248118e-03 1.646542261251372069e-03 1.920965971459934153e-03 1.920965971459934153e-03
0.000000000000000000e+00 0.000000000000000000e+00 0.000000000000000000e+00 0.000000000000000000e+00 2.744237102085620296e-04 8.232711306256860345e-04 1.097694840834248118e-03 1.097694840834248118e-03 1.372118551042810202e-03 1.372118551042810202e-03
3.515513805863933888e-02 7.109308283518360472e-02 8.162539140335894894e-02 8.276401935667521137e-02 8.333333333333332871e-02 8.404497580415598579e-02 8.454312553373184713e-02 8.482778252206091274e-02 8.511243951038997835e-02 8.582408198121263543e-02
7.472245943637916693e-03 1.380586393395957789e-02 1.558497011101622580e-02 1.636777682892115102e-02 1.693709080557927529e-02 1.736407628807287370e-02 1.743524053515513664e-02 1.764873327640193584e-02 1.786222601764873158e-02 1.786222601764873158e-02
3.558212354113293534e-04 1.138627953316253974e-03 1.707941929974380853e-03 1.779106177056646821e-03 1.992598918303444509e-03 2.063763165385710044e-03 2.134927412467976012e-03 2.134927412467976012e-03 2.134927412467976012e-03 2.134927412467976012e-03
1.423284941645317414e-03 3.202391118701964235e-03 3.771705095360091114e-03 3.771705095360091114e-03 3.842869342442357082e-03 3.914033589524622617e-03 3.914033589524622617e-03 3.985197836606889019e-03 3.985197836606889019e-03 3.985197836606889019e-03
7.116424708226587340e-05 2.846569883290634936e-04 2.846569883290634936e-04 3.558212354113293534e-04 3.558212354113293534e-04 3.558212354113293534e-04 3.558212354113293534e-04 3.558212354113293534e-04 4.269854824935952133e-04 4.269854824935952133e-04
3.793843951324266106e-02 9.735146743020758886e-02 1.195418754473872580e-01 1.309949892627058077e-01 1.338582677165354451e-01 1.352899069434502499e-01 1.395848246241946922e-01 1.403006442376521223e-01 1.417322834645669272e-01 1.438797423049391622e-01
1.345794392523364524e-01 2.292834890965732009e-01 2.535825545171339623e-01 2.616822429906541791e-01 2.666666666666666630e-01 2.710280373831775447e-01 2.716510903426791468e-01 2.728971962616822400e-01 2.760124610591900285e-01 2.785046728971962704e-01
0.000000000000000000e+00 0.000000000000000000e+00 0.000000000000000000e+00 0.000000000000000000e+00 0.000000000000000000e+00 0.000000000000000000e+00 0.000000000000000000e+00 0.000000000000000000e+00 0.000000000000000000e+00 0.000000000000000000e+00
8.589835361488905308e-03 1.932712956335003521e-02 2.648532569792412181e-02 2.791696492483894051e-02 2.934860415175375922e-02 3.078024337866857446e-02 3.149606299212598381e-02 3.149606299212598381e-02 3.435934144595562123e-02 3.435934144595562123e-02
0.000000000000000000e+00 0.000000000000000000e+00 0.000000000000000000e+00 0.000000000000000000e+00 0.000000000000000000e+00 0.000000000000000000e+00 0.000000000000000000e+00 0.000000000000000000e+00 0.000000000000000000e+00 0.000000000000000000e+00
1.510574018126888303e-02 2.758015787934899044e-02 3.089367508040152116e-02 3.157586979826527973e-02 3.235552090439528655e-02 3.274534645746028649e-02 3.323262839879154162e-02 3.371991034012279675e-02 3.420719228145405189e-02 3.440210505798654839e-02
0.000000000000000000e+00 0.000000000000000000e+00 0.000000000000000000e+00 0.000000000000000000e+00 0.000000000000000000e+00 0.000000000000000000e+00 0.000000000000000000e+00 0.000000000000000000e+00 0.000000000000000000e+00 0.000000000000000000e+00
0.000000000000000000e+00 0.000000000000000000e+00 0.000000000000000000e+00 0.000000000000000000e+00 0.000000000000000000e+00 0.000000000000000000e+00 0.000000000000000000e+00 0.000000000000000000e+00 0.000000000000000000e+00 0.000000000000000000e+00
0.000000000000000000e+00 0.000000000000000000e+00 0.000000000000000000e+00 0.000000000000000000e+00 0.000000000000000000e+00 0.000000000000000000e+00 0.000000000000000000e+00 0.000000000000000000e+00 0.000000000000000000e+00 0.000000000000000000e+00
0.000000000000000000e+00 9.745638826625085266e-05 9.745638826625085266e-05 9.745638826625085266e-05 9.745638826625085266e-05 9.745638826625085266e-05 9.745638826625085266e-05 9.745638826625085266e-05 9.745638826625085266e-05 9.745638826625085266e-05
1.750451288222745023e-03 2.735080137848038950e-03 3.008588151632842975e-03 3.117991357146764498e-03 3.117991357146764498e-03 3.117991357146764498e-03 3.117991357146764498e-03 3.117991357146764498e-03 3.117991357146764498e-03 3.117991357146764498e-03
1.422241671680980236e-03 6.618893933592254544e-03 1.001039330452382220e-02 1.121382856517695939e-02 1.280017504512882300e-02 1.340189267545539159e-02 1.383950549751107768e-02 1.416771511405284095e-02 1.433181992232372345e-02 1.460532793610852878e-02
1.094032055139215639e-04 2.188064110278431279e-04 4.376128220556862558e-04 6.017176303265685949e-04 7.111208358404901182e-04 8.205240413544116415e-04 9.299272468683332732e-04 9.846288496252939264e-04 9.846288496252939264e-04 1.094032055139215667e-03
6.017176303265685949e-04 1.422241671680980236e-03 2.133362507521470355e-03 2.899184946118921451e-03 3.282096165417646566e-03 3.665007384716372114e-03 3.665007384716372114e-03 3.719708987473333093e-03 3.774410590230293638e-03 3.774410590230293638e-03
0.000000000000000000e+00 2.188064110278431279e-04 3.282096165417646783e-04 4.923144248126469632e-04 4.923144248126469632e-04 4.923144248126469632e-04 4.923144248126469632e-04 5.470160275696078333e-04 5.470160275696078333e-04 5.470160275696078333e-04
4.804804804804804590e-03 1.481481481481481538e-02 1.821821821821821910e-02 1.901901901901902059e-02 1.921921921921921836e-02 1.921921921921921836e-02 1.921921921921921836e-02 1.941941941941941960e-02 1.951951951951952022e-02 1.951951951951952022e-02
0.000000000000000000e+00 0.000000000000000000e+00 0.000000000000000000e+00 0.000000000000000000e+00 0.000000000000000000e+00 0.000000000000000000e+00 0.000000000000000000e+00 0.000000000000000000e+00 0.000000000000000000e+00 0.000000000000000000e+00
1.049648367796788119e-04 5.248241838983940324e-04 9.446835310171092801e-04 1.154613204576466958e-03 1.364542878135824528e-03 1.469507714915503204e-03 1.469507714915503204e-03 1.469507714915503204e-03 1.469507714915503204e-03 1.469507714915503204e-03
0.000000000000000000e+00 1.063603488619442610e-04 1.063603488619442610e-04 1.063603488619442610e-04 1.063603488619442610e-04 1.063603488619442610e-04 1.063603488619442610e-04 1.063603488619442610e-04 1.063603488619442610e-04 1.063603488619442610e-04
0.000000000000000000e+00 0.000000000000000000e+00 0.000000000000000000e+00 0.000000000000000000e+00 0.000000000000000000e+00 0.000000000000000000e+00 0.000000000000000000e+00 0.000000000000000000e+00 0.000000000000000000e+00 0.000000000000000000e+00
4.413711931734588638e-04 1.324113579520376591e-03 1.912608503751655076e-03 1.912608503751655076e-03 2.059732234809474698e-03 2.059732234809474698e-03 2.059732234809474698e-03 2.059732234809474698e-03 2.059732234809474698e-03 2.206855965867294319e-03
0.000000000000000000e+00 0.000000000000000000e+00 0.000000000000000000e+00 0.000000000000000000e+00 0.000000000000000000e+00 0.000000000000000000e+00 0.000000000000000000e+00 0.000000000000000000e+00 0.000000000000000000e+00 1.555693839452395753e-04
2.466891716437288971e-03 5.193456245131134949e-03 6.232147494157362112e-03 6.361983900285640182e-03 6.361983900285640182e-03 6.361983900285640182e-03 6.361983900285640182e-03 6.361983900285640182e-03 6.491820306413918253e-03 6.621656712542197190e-03
0.000000000000000000e+00 0.000000000000000000e+00 0.000000000000000000e+00 0.000000000000000000e+00 0.000000000000000000e+00 0.000000000000000000e+00 0.000000000000000000e+00 0.000000000000000000e+00 0.000000000000000000e+00 0.000000000000000000e+00
0.000000000000000000e+00 0.000000000000000000e+00 0.000000000000000000e+00 0.000000000000000000e+00 0.000000000000000000e+00 0.000000000000000000e+00 0.000000000000000000e+00 0.000000000000000000e+00 0.000000000000000000e+00 0.000000000000000000e+00
9.988998899889989236e-02 1.685368536853685262e-01 1.856985698569857124e-01 1.892189218921892235e-01 1.911991199119912055e-01 1.927392739273927347e-01 1.940594059405940652e-01 1.951595159515951694e-01 1.962596259625962458e-01 1.969196919691969250e-01
3.343465045592704937e-02 6.534954407294832346e-02 8.011289622231870799e-02 8.423795049934867940e-02 8.575770733825445469e-02 8.662613981762917748e-02 8.684324793747286164e-02 8.792878853669126860e-02 8.836300477637863693e-02 8.858011289622232109e-02
4.074149521287431623e-03 8.963128946832349397e-03 1.201874108779792290e-02 1.364840089631289520e-02 1.425952332450600851e-02 1.487064575269912356e-02 1.527806070482786750e-02 1.527806070482786750e-02 1.527806070482786750e-02 1.527806070482786750e-02
2.056343820686818715e-04 8.225375282747274860e-04 1.439440674480773263e-03 1.645075056549454972e-03 1.645075056549454972e-03 1.645075056549454972e-03 1.645075056549454972e-03 1.645075056549454972e-03 1.645075056549454972e-03 1.645075056549454972e-03
0.000000000000000000e+00 0.000000000000000000e+00 0.000000000000000000e+00 0.000000000000000000e+00 0.000000000000000000e+00 0.000000000000000000e+00 0.000000000000000000e+00 0.000000000000000000e+00 0.000000000000000000e+00 0.000000000000000000e+00
2.612671456564337122e-03 5.551926845199216601e-03 7.184846505551926651e-03 7.511430437622469009e-03 8.164598301763553723e-03 8.164598301763553723e-03 8.164598301763553723e-03 8.164598301763553723e-03 8.164598301763553723e-03 8.164598301763553723e-03
0.000000000000000000e+00 2.852253280091271914e-04 5.704506560182543828e-04 5.704506560182543828e-04 5.704506560182543828e-04 5.704506560182543828e-04 5.704506560182543828e-04 5.704506560182543828e-04 5.704506560182543828e-04 5.704506560182543828e-04
0.000000000000000000e+00 0.000000000000000000e+00 2.725538293813028166e-04 2.725538293813028166e-04 2.725538293813028166e-04 2.725538293813028166e-04 2.725538293813028166e-04 2.725538293813028166e-04 2.725538293813028166e-04 2.725538293813028166e-04
0.000000000000000000e+00 0.000000000000000000e+00 0.000000000000000000e+00 0.000000000000000000e+00 0.000000000000000000e+00 0.000000000000000000e+00 0.000000000000000000e+00 0.000000000000000000e+00 0.000000000000000000e+00 0.000000000000000000e+00
0.000000000000000000e+00 0.000000000000000000e+00 0.000000000000000000e+00 0.000000000000000000e+00 0.000000000000000000e+00 0.000000000000000000e+00 0.000000000000000000e+00 0.000000000000000000e+00 0.000000000000000000e+00 0.000000000000000000e+00
1.709401709401709400e-03 5.698005698005698290e-03 1.025641025641025640e-02 1.054131054131054145e-02 1.068376068376068397e-02 1.111111111111111154e-02 1.125356125356125406e-02 1.139601139601139658e-02 1.153846153846153910e-02 1.168091168091168162e-02
0.000000000000000000e+00 5.698005698005697639e-04 2.706552706552706623e-03 3.418803418803418800e-03 3.988603988603988890e-03 3.988603988603988890e-03 3.988603988603988890e-03 3.988603988603988890e-03 4.131054131054131412e-03 4.273504273504273934e-03
8.547008547008547001e-04 1.851851851851851923e-03 2.849002849002849145e-03 3.276353276353276278e-03 3.276353276353276278e-03 3.418803418803418800e-03 3.418803418803418800e-03 3.561253561253561323e-03 3.561253561253561323e-03 3.703703703703703845e-03
0.000000000000000000e+00 2.849002849002848820e-04 2.849002849002848820e-04 2.849002849002848820e-04 2.849002849002848820e-04 2.849002849002848820e-04 2.849002849002848820e-04 4.273504273504273501e-04 5.698005698005697639e-04 5.698005698005697639e-04
2.849002849002848820e-04 5.698005698005697639e-04 5.698005698005697639e-04 5.698005698005697639e-04 5.698005698005697639e-04 5.698005698005697639e-04 5.698005698005697639e-04 5.698005698005697639e-04 5.698005698005697639e-04 5.698005698005697639e-04
1.744186046511627883e-02 2.272727272727272790e-02 2.272727272727272790e-02 2.378435517970401564e-02 2.378435517970401564e-02 2.378435517970401564e-02 2.378435517970401564e-02 2.378435517970401564e-02 2.378435517970401564e-02 2.378435517970401564e-02
0.000000000000000000e+00 0.000000000000000000e+00 0.000000000000000000e+00 0.000000000000000000e+00 0.000000000000000000e+00 0.000000000000000000e+00 0.000000000000000000e+00 0.000000000000000000e+00 0.000000000000000000e+00 0.000000000000000000e+00
0.000000000000000000e+00 0.000000000000000000e+00 0.000000000000000000e+00 0.000000000000000000e+00 5.285412262156448425e-04 5.285412262156448425e-04 5.285412262156448425e-04 5.285412262156448425e-04 5.285412262156448425e-04 5.285412262156448425e-04
0.000000000000000000e+00 0.000000000000000000e+00 0.000000000000000000e+00 0.000000000000000000e+00 0.000000000000000000e+00 0.000000000000000000e+00 0.000000000000000000e+00 0.000000000000000000e+00 0.000000000000000000e+00 0.000000000000000000e+00
0.000000000000000000e+00 0.000000000000000000e+00 0.000000000000000000e+00 0.000000000000000000e+00 0.000000000000000000e+00 0.000000000000000000e+00 0.000000000000000000e+00 0.000000000000000000e+00 0.000000000000000000e+00 0.000000000000000000e+00
4.230634595189278202e-02 6.085912886933039778e-02 6.425963894584187097e-02 6.460969145371805999e-02 6.470970645596839377e-02 6.490973646046907519e-02 6.500975146271940897e-02 6.520978146722007651e-02 6.525978896834525034e-02 6.540981147172075794e-02
1.125558924808552248e-02 1.875931541347587023e-02 2.122629387880968152e-02 2.148327080228195490e-02 2.163745695636531963e-02 2.179164311044868088e-02 2.179164311044868088e-02 2.189443387983758954e-02 2.194582926453204560e-02 2.210001541861540686e-02
0.000000000000000000e+00 0.000000000000000000e+00 5.139538469445443809e-05 5.139538469445443809e-05 5.139538469445443809e-05 5.139538469445443809e-05 5.139538469445443809e-05 5.139538469445443809e-05 5.139538469445443809e-05 5.139538469445443809e-05
4.625584622500899428e-04 6.167446163334532570e-04 7.195353857223621332e-04 8.737215398057254475e-04 8.737215398057254475e-04 8.737215398057254475e-04 8.737215398057254475e-04 8.737215398057254475e-04 8.737215398057254475e-04 8.737215398057254475e-04
5.807678470473351395e-03 1.058744924705761446e-02 1.248907848075242813e-02 1.315721848178033615e-02 1.331140463586369914e-02 1.336280002055815347e-02 1.346559078994706213e-02 1.351698617464151646e-02 1.361977694403042685e-02 1.361977694403042685e-02
0.000000000000000000e+00 1.724137931034482735e-03 2.758620689655172202e-03 3.620689655172414003e-03 3.965517241379310637e-03 4.310344827586206837e-03 4.482758620689654937e-03 4.655172413793103037e-03 4.655172413793103037e-03 4.655172413793103037e-03
0.000000000000000000e+00 0.000000000000000000e+00 0.000000000000000000e+00 0.000000000000000000e+00 0.000000000000000000e+00 0.000000000000000000e+00 0.000000000000000000e+00 0.000000000000000000e+00 0.000000000000000000e+00 0.000000000000000000e+00
0.000000000000000000e+00 0.000000000000000000e+00 3.448275862068965253e-04 3.448275862068965253e-04 5.172413793103448421e-04 6.896551724137930505e-04 6.896551724137930505e-04 6.896551724137930505e-04 6.896551724137930505e-04 6.896551724137930505e-04
0.000000000000000000e+00 0.000000000000000000e+00 0.000000000000000000e+00 0.000000000000000000e+00 0.000000000000000000e+00 0.000000000000000000e+00 0.000000000000000000e+00 0.000000000000000000e+00 0.000000000000000000e+00 0.000000000000000000e+00
1.724137931034482626e-04 1.034482758620689684e-03 1.551724137931034418e-03 1.551724137931034418e-03 1.551724137931034418e-03 1.551724137931034418e-03 1.551724137931034418e-03 1.551724137931034418e-03 1.551724137931034418e-03 1.551724137931034418e-03
5.557613931085587412e-03 2.852908484623934912e-02 4.705446461652464107e-02 5.668766209707298831e-02 6.113375324194145893e-02 6.150426083734716887e-02 6.224527602815857485e-02 6.261578362356427785e-02 6.261578362356427785e-02 6.261578362356427785e-02
7.410151908114116261e-04 2.593553167839940908e-03 5.928121526491293009e-03 6.298629121896998605e-03 6.669136717302705068e-03 7.039644312708410664e-03 7.410151908114116261e-03 8.151167098925528320e-03 8.521674694331233049e-03 8.521674694331233049e-03
0.000000000000000000e+00 0.000000000000000000e+00 0.000000000000000000e+00 0.000000000000000000e+00 0.000000000000000000e+00 0.000000000000000000e+00 0.000000000000000000e+00 0.000000000000000000e+00 0.000000000000000000e+00 0.000000000000000000e+00
0.000000000000000000e+00 0.000000000000000000e+00 1.482030381622823252e-03 5.187106335679881816e-03 6.669136717302705068e-03 6.669136717302705068e-03 6.669136717302705068e-03 7.039644312708410664e-03 7.039644312708410664e-03 7.410151908114116261e-03
5.928121526491293009e-03 2.037791774731382080e-02 3.927380511300481575e-02 5.261207854761022762e-02 5.446461652463875647e-02 5.668766209707298831e-02 5.816969247869581416e-02 6.002223045572434301e-02 6.113375324194145893e-02 6.224527602815857485e-02
4.677268475210477139e-04 7.015902712815715384e-03 1.028999064546304992e-02 1.169317118802619231e-02 1.169317118802619231e-02 1.216089803554724035e-02 1.216089803554724035e-02 1.216089803554724035e-02 1.216089803554724035e-02 1.216089803554724035e-02
0.000000000000000000e+00 1.870907390084190856e-03 3.274087932647334106e-03 3.274087932647334106e-03 3.274087932647334106e-03 3.741814780168381711e-03 3.741814780168381711e-03 3.741814780168381711e-03 3.741814780168381711e-03 3.741814780168381711e-03
4.378283712784588472e-04 1.313485113835376542e-03 1.751313485113835389e-03 2.189141856392294236e-03 2.189141856392294236e-03 2.189141856392294236e-03 2.189141856392294236e-03 2.189141856392294236e-03 2.189141856392294236e-03 2.189141856392294236e-03
4.852227613586237130e-03 1.543890604322893656e-02 3.308337009263343648e-02 4.058226731363034911e-02 4.367004852227613504e-02 4.411116012351124632e-02 4.499338332598147583e-02 4.675782973092192096e-02 4.719894133215703919e-02 4.808116453462726175e-02
0.000000000000000000e+00 0.000000000000000000e+00 0.000000000000000000e+00 0.000000000000000000e+00 0.000000000000000000e+00 0.000000000000000000e+00 0.000000000000000000e+00 0.000000000000000000e+00 0.000000000000000000e+00 0.000000000000000000e+00
2.613969050606440754e-03 9.933082392304474692e-03 2.070263488080301140e-02 3.178586365537432179e-02 3.502718527812630905e-02 3.596821413634462838e-02 3.680468423253868693e-02 3.753659556670849162e-02 3.837306566290255017e-02 3.879130071099957944e-02
5.227938101212882159e-04 4.182350480970305727e-03 6.378084483479715475e-03 9.410288582183186368e-03 1.254705144291091631e-02 1.589293182768716090e-02 1.704307820995399486e-02 1.756587202007528145e-02 1.829778335424508615e-02 1.882057716436637274e-02
5.227938101212882159e-04 1.882057716436637360e-03 4.496026767043078548e-03 7.423672103722292123e-03 8.260142199916352401e-03 8.887494772061898043e-03 8.992053534086157096e-03 9.201171058134671732e-03 9.305729820158929050e-03 9.514847344207445420e-03
7.319113341698033938e-04 1.045587620242576432e-03 2.404851526557925685e-03 4.286909242994563045e-03 4.600585529067335866e-03 4.809703053115851369e-03 4.809703053115851369e-03 4.914261815140108687e-03 4.914261815140108687e-03 5.018820577164366005e-03
1.045587620242576432e-03 2.718527812630698506e-03 4.705144291091593184e-03 7.528230865746549441e-03 7.632789627770807626e-03 7.841907151819323130e-03 8.051024675867837765e-03 8.155583437892095083e-03 8.469259723964868772e-03 8.469259723964868772e-03
1.098961481400076862e-04 4.395845925600307450e-04 6.044288147700422947e-04 6.593768888400461988e-04 6.593768888400461988e-04 6.593768888400461988e-04 6.593768888400461988e-04 6.593768888400461988e-04 6.593768888400461988e-04 6.593768888400461988e-04
2.747403703500192495e-04 1.428649925820099989e-03 2.472663333150173191e-03 2.802351777570195965e-03 2.967195999780207569e-03 3.077092147920215594e-03 3.186988296060223186e-03 3.186988296060223186e-03 3.241936370130226765e-03 3.241936370130226765e-03
1.648442222100115389e-03 3.186988296060223186e-03 3.681520962690257564e-03 3.736469036760261576e-03 3.736469036760261576e-03 3.736469036760261576e-03 3.846365184900269168e-03 3.901313258970273180e-03 3.901313258970273180e-03 3.901313258970273180e-03
5.494807407000384312e-05 4.395845925600307450e-04 8.791691851200614900e-04 1.044013407330072985e-03 1.263805703610088385e-03 1.483597999890103785e-03 1.593494148030111593e-03 1.593494148030111593e-03 1.593494148030111593e-03 1.593494148030111593e-03
1.098961481400076862e-04 2.197922962800153725e-04 2.747403703500192495e-04 2.747403703500192495e-04 3.846365184900269493e-04 6.044288147700422947e-04 6.593768888400461988e-04 6.593768888400461988e-04 6.593768888400461988e-04 6.593768888400461988e-04
2.596728122565567366e-04 6.491820306413918686e-04 7.790184367696702640e-04 9.088548428979485510e-04 9.088548428979485510e-04 9.088548428979485510e-04 9.088548428979485510e-04 9.088548428979485510e-04 9.088548428979485510e-04 9.088548428979485510e-04
5.193456245131134732e-04 2.207218904180732397e-03 2.726564528693845545e-03 2.856400934822124048e-03 2.856400934822124048e-03 2.856400934822124048e-03 2.856400934822124048e-03 2.856400934822124048e-03 2.856400934822124048e-03 2.986237340950402552e-03
1.298364061282783683e-04 1.298364061282783683e-04 1.298364061282783683e-04 2.596728122565567366e-04 2.596728122565567366e-04 2.596728122565567366e-04 2.596728122565567366e-04 2.596728122565567366e-04 2.596728122565567366e-04 2.596728122565567366e-04
0.000000000000000000e+00 3.895092183848351320e-04 3.895092183848351320e-04 3.895092183848351320e-04 3.895092183848351320e-04 3.895092183848351320e-04 3.895092183848351320e-04 3.895092183848351320e-04 3.895092183848351320e-04 3.895092183848351320e-04
1.298364061282783683e-04 1.298364061282783683e-04 1.298364061282783683e-04 2.596728122565567366e-04 2.596728122565567366e-04 2.596728122565567366e-04 2.596728122565567366e-04 2.596728122565567366e-04 2.596728122565567366e-04 2.596728122565567366e-04
2.103559870550161803e-02 7.119741100323624672e-02 1.003236245954692574e-01 1.165048543689320426e-01 1.165048543689320426e-01 1.229773462783171484e-01 1.229773462783171484e-01 1.229773462783171484e-01 1.229773462783171484e-01 1.245954692556634352e-01
1.779935275080906168e-02 4.045307443365695615e-02 5.339805825242718157e-02 6.957928802588997375e-02 7.443365695792880654e-02 7.605177993527507951e-02 7.605177993527507951e-02 7.605177993527507951e-02 7.766990291262135249e-02 7.766990291262135249e-02
1.026957637997432532e-02 2.053915275994865064e-02 2.695763799743260483e-02 3.337612323491655902e-02 3.337612323491655902e-02 3.722721437740693362e-02 3.851091142490372515e-02 3.851091142490372515e-02 3.851091142490372515e-02 3.851091142490372515e-02
8.583690987124463056e-04 3.433476394849785222e-03 5.150214592274678267e-03 9.442060085836909145e-03 1.201716738197424958e-02 1.287553648068669523e-02 1.287553648068669523e-02 1.459227467811158828e-02 1.459227467811158828e-02 1.459227467811158828e-02
5.149330587023686744e-04 2.059732234809474698e-03 3.089598352214212047e-03 3.089598352214212047e-03 3.089598352214212047e-03 3.089598352214212047e-03 3.089598352214212047e-03 3.089598352214212047e-03 3.089598352214212047e-03 3.089598352214212047e-03
1.115946097697922551e-01 1.822010106681639652e-01 1.989051094890511018e-01 2.028354856822009999e-01 2.052217855137563052e-01 2.076080853453116104e-01 2.101347557551937195e-01 2.116788321167883125e-01 2.137843907916900654e-01 2.151880965749578822e-01
5.868544600938967268e-04 7.629107981220657232e-03 1.662754303599374081e-02 2.288732394366197256e-02 2.562597809076682179e-02 2.640845070422535162e-02 2.699530516431924987e-02 2.738654147104851305e-02 2.738654147104851305e-02 2.777777777777777624e-02
9.780907668231612114e-04 4.499217527386541356e-03 9.389671361502347630e-03 1.330203442879499161e-02 1.467136150234741795e-02 1.584507042253521097e-02 1.604068857589984257e-02 1.604068857589984257e-02 1.604068857589984257e-02 1.662754303599374081e-02
5.868544600938967268e-04 3.521126760563380361e-03 1.017214397496087573e-02 1.291079812206572842e-02 1.428012519561815304e-02 1.428012519561815304e-02 1.428012519561815304e-02 1.447574334898278636e-02 1.447574334898278636e-02 1.467136150234741795e-02
0.000000000000000000e+00 0.000000000000000000e+00 1.956181533646322423e-04 3.912363067292644846e-04 3.912363067292644846e-04 3.912363067292644846e-04 3.912363067292644846e-04 3.912363067292644846e-04 3.912363067292644846e-04 3.912363067292644846e-04
2.765848996495699486e-01 3.880216629499840808e-01 4.078368907295317203e-01 4.112137623446957546e-01 4.124243389614526967e-01 4.138260592545396355e-01 4.152277795476266298e-01 4.165657852819369400e-01 4.186683657215674037e-01 4.201975151322077107e-01
5.925453966231283842e-02 1.034724434533290799e-01 1.147499203568015241e-01 1.168525007964319878e-01 1.176807900605288254e-01 1.184453647658489928e-01 1.188913666772857536e-01 1.189550812360624377e-01 1.194010831474991985e-01 1.197196559413826050e-01
9.621915327145120871e-04 2.546977586597237980e-03 3.282771111614217734e-03 3.452569617387366875e-03 3.509169119311750067e-03 3.509169119311750067e-03 3.565768621236133258e-03 3.565768621236133258e-03 3.565768621236133258e-03 3.565768621236133258e-03
1.844791538556143180e-04 3.074652564260238453e-04 4.919444102816382175e-04 6.149305128520476905e-04 6.764235641372525355e-04 6.764235641372525355e-04 6.764235641372525355e-04 6.764235641372525355e-04 6.764235641372525355e-04 6.764235641372525355e-04
0.000000000000000000e+00 1.254941331492752713e-04 4.392294660224634766e-04 5.019765325971010852e-04 5.647235991717387479e-04 5.647235991717387479e-04 5.647235991717387479e-04 6.274706657463764107e-04 6.274706657463764107e-04 6.274706657463764107e-04
2.973535533749628069e-04 2.676181980374665263e-03 4.361185449499455080e-03 4.460303300624442538e-03 4.460303300624442538e-03 4.460303300624442538e-03 4.460303300624442538e-03 4.460303300624442538e-03 4.460303300624442538e-03 4.460303300624442538e-03
0.000000000000000000e+00 0.000000000000000000e+00 0.000000000000000000e+00 0.000000000000000000e+00 0.000000000000000000e+00 0.000000000000000000e+00 0.000000000000000000e+00 0.000000000000000000e+00 0.000000000000000000e+00 0.000000000000000000e+00
0.000000000000000000e+00 0.000000000000000000e+00 0.000000000000000000e+00 0.000000000000000000e+00 0.000000000000000000e+00 0.000000000000000000e+00 0.000000000000000000e+00 0.000000000000000000e+00 0.000000000000000000e+00 0.000000000000000000e+00
0.000000000000000000e+00 0.000000000000000000e+00 0.000000000000000000e+00 0.000000000000000000e+00 0.000000000000000000e+00 0.000000000000000000e+00 0.000000000000000000e+00 0.000000000000000000e+00 0.000000000000000000e+00 0.000000000000000000e+00
0.000000000000000000e+00 0.000000000000000000e+00 0.000000000000000000e+00 0.000000000000000000e+00 0.000000000000000000e+00 0.000000000000000000e+00 0.000000000000000000e+00 0.000000000000000000e+00 0.000000000000000000e+00 0.000000000000000000e+00
0.000000000000000000e+00 0.000000000000000000e+00 0.000000000000000000e+00 0.000000000000000000e+00 0.000000000000000000e+00 0.000000000000000000e+00 0.000000000000000000e+00 0.000000000000000000e+00 0.000000000000000000e+00 0.000000000000000000e+00
0.000000000000000000e+00 0.000000000000000000e+00 0.000000000000000000e+00 0.000000000000000000e+00 0.000000000000000000e+00 0.000000000000000000e+00 0.000000000000000000e+00 0.000000000000000000e+00 0.000000000000000000e+00 0.000000000000000000e+00
0.000000000000000000e+00 1.214624073849143737e-04 1.214624073849143737e-04 1.214624073849143737e-04 1.214624073849143737e-04 1.214624073849143737e-04 1.214624073849143737e-04 1.214624073849143737e-04 1.214624073849143737e-04 1.214624073849143737e-04
0.000000000000000000e+00 0.000000000000000000e+00 0.000000000000000000e+00 0.000000000000000000e+00 0.000000000000000000e+00 0.000000000000000000e+00 0.000000000000000000e+00 0.000000000000000000e+00 0.000000000000000000e+00 0.000000000000000000e+00
0.000000000000000000e+00 0.000000000000000000e+00 0.000000000000000000e+00 0.000000000000000000e+00 0.000000000000000000e+00 0.000000000000000000e+00 0.000000000000000000e+00 0.000000000000000000e+00 0.000000000000000000e+00 0.000000000000000000e+00
4.076640847941296469e-03 9.376273950264982227e-03 1.059926620464736978e-02 1.141459437423563046e-02 1.182225845902975907e-02 1.222992254382388941e-02 1.222992254382388941e-02 1.222992254382388941e-02 1.222992254382388941e-02 1.222992254382388941e-02
1.222992254382388854e-03 2.853648593558907615e-03 2.853648593558907615e-03 2.853648593558907615e-03 2.853648593558907615e-03 2.853648593558907615e-03 2.853648593558907615e-03 2.853648593558907615e-03 2.853648593558907615e-03 2.853648593558907615e-03
0.000000000000000000e+00 0.000000000000000000e+00 0.000000000000000000e+00 0.000000000000000000e+00 0.000000000000000000e+00 0.000000000000000000e+00 0.000000000000000000e+00 0.000000000000000000e+00 0.000000000000000000e+00 0.000000000000000000e+00
0.000000000000000000e+00 0.000000000000000000e+00 0.000000000000000000e+00 0.000000000000000000e+00 0.000000000000000000e+00 0.000000000000000000e+00 0.000000000000000000e+00 0.000000000000000000e+00 0.000000000000000000e+00 0.000000000000000000e+00
0.000000000000000000e+00 0.000000000000000000e+00 0.000000000000000000e+00 0.000000000000000000e+00 0.000000000000000000e+00 0.000000000000000000e+00 0.000000000000000000e+00 0.000000000000000000e+00 0.000000000000000000e+00 0.000000000000000000e+00
9.433962264150943036e-03 2.830188679245283084e-02 4.088050314465408591e-02 4.716981132075472039e-02 5.031446540880503415e-02 5.660377358490566169e-02 5.660377358490566169e-02 5.974842767295597545e-02 6.132075471698113234e-02 6.289308176100628922e-02
0.000000000000000000e+00 0.000000000000000000e+00 0.000000000000000000e+00 0.000000000000000000e+00 0.000000000000000000e+00 0.000000000000000000e+00 0.000000000000000000e+00 0.000000000000000000e+00 0.000000000000000000e+00 0.000000000000000000e+00
0.000000000000000000e+00 0.000000000000000000e+00 0.000000000000000000e+00 0.000000000000000000e+00 0.000000000000000000e+00 0.000000000000000000e+00 0.000000000000000000e+00 0.000000000000000000e+00 0.000000000000000000e+00 0.000000000000000000e+00
0.000000000000000000e+00 0.000000000000000000e+00 0.000000000000000000e+00 0.000000000000000000e+00 0.000000000000000000e+00 0.000000000000000000e+00 0.000000000000000000e+00 0.000000000000000000e+00 0.000000000000000000e+00 0.000000000000000000e+00
0.000000000000000000e+00 0.000000000000000000e+00 0.000000000000000000e+00 0.000000000000000000e+00 0.000000000000000000e+00 0.000000000000000000e+00 0.000000000000000000e+00 0.000000000000000000e+00 0.000000000000000000e+00 0.000000000000000000e+00
2.418317468484692395e-02 4.322099305376897460e-02 4.810908155389760632e-02 4.939542063287882812e-02 4.990995626447131128e-02 5.042449189606380139e-02 5.068175971186004297e-02 5.093902752765629149e-02 5.119629534345253308e-02 5.119629534345253308e-02
1.029071263184975658e-03 1.286339078981219410e-03 2.058142526369951316e-03 2.315410342166195068e-03 2.315410342166195068e-03 2.572678157962438820e-03 2.572678157962438820e-03 2.829945973758683005e-03 2.829945973758683005e-03 2.829945973758683005e-03
2.572678157962439145e-04 2.572678157962439145e-04 2.572678157962439145e-04 2.572678157962439145e-04 2.572678157962439145e-04 2.572678157962439145e-04 2.572678157962439145e-04 2.572678157962439145e-04 2.572678157962439145e-04 2.572678157962439145e-04
0.000000000000000000e+00 0.000000000000000000e+00 0.000000000000000000e+00 0.000000000000000000e+00 0.000000000000000000e+00 0.000000000000000000e+00 0.000000000000000000e+00 0.000000000000000000e+00 0.000000000000000000e+00 0.000000000000000000e+00
0.000000000000000000e+00 0.000000000000000000e+00 0.000000000000000000e+00 0.000000000000000000e+00 0.000000000000000000e+00 0.000000000000000000e+00 0.000000000000000000e+00 0.000000000000000000e+00 0.000000000000000000e+00 0.000000000000000000e+00
4.072647220693451087e-02 8.516785910842047946e-02 9.755090809025866727e-02 9.906439185470555797e-02 9.947716015410015822e-02 9.975233902036323430e-02 9.988992845349477234e-02 9.988992845349477234e-02 1.000275178866263104e-01 1.003026967528893726e-01
3.026967528893780967e-03 7.017061089708310009e-03 1.031920748486516229e-02 1.073197578425976947e-02 1.100715465052284035e-02 1.100715465052284035e-02 1.114474408365437492e-02 1.114474408365437492e-02 1.114474408365437492e-02 1.114474408365437492e-02
1.375894331315354936e-04 1.375894331315354936e-04 1.375894331315354936e-04 1.375894331315354936e-04 1.375894331315354936e-04 1.375894331315354936e-04 1.375894331315354936e-04 1.375894331315354936e-04 1.375894331315354936e-04 1.375894331315354936e-04
1.197028068244358756e-02 3.494771601541001721e-02 4.760594386351128110e-02 4.994496422674738617e-02 5.049532195927352446e-02 5.090809025866813164e-02 5.132085855806273883e-02 5.187121629058888406e-02 5.283434232250962953e-02 5.338470005503577476e-02
1.375894331315354936e-04 4.127682993946064807e-04 5.503577325261419743e-04 5.503577325261419743e-04 5.503577325261419743e-04 6.879471656576775221e-04 6.879471656576775221e-04 6.879471656576775221e-04 6.879471656576775221e-04 6.879471656576775221e-04
1.006512729425695744e-02 2.249851983422143306e-02 2.545885139135583078e-02 2.960331557134399105e-02 3.019538188277087060e-02 3.019538188277087060e-02 3.019538188277087060e-02 3.019538188277087060e-02 3.019538188277087060e-02 3.019538188277087060e-02
8.288928359976317078e-03 1.716992303137951370e-02 2.427471876850207169e-02 2.723505032563647288e-02 2.841918294849023197e-02 2.901124925991711151e-02 2.960331557134399105e-02 2.960331557134399105e-02 2.960331557134399105e-02 2.960331557134399105e-02
5.150976909413854110e-02 1.012433392539964505e-01 1.107164002368265232e-01 1.142687981053878005e-01 1.142687981053878005e-01 1.142687981053878005e-01 1.154529307282415596e-01 1.154529307282415596e-01 1.154529307282415596e-01 1.154529307282415596e-01
0.000000000000000000e+00 0.000000000000000000e+00 3.448275862068965469e-03 3.448275862068965469e-03 3.448275862068965469e-03 3.448275862068965469e-03 3.448275862068965469e-03 3.448275862068965469e-03 4.022988505747126381e-03 4.022988505747126381e-03
2.368265245707519041e-03 2.960331557134399019e-03 3.552397868561278996e-03 4.144464179988158539e-03 4.144464179988158539e-03 4.144464179988158539e-03 4.144464179988158539e-03 4.144464179988158539e-03 4.144464179988158539e-03 4.144464179988158539e-03
0.000000000000000000e+00 1.121201928467316974e-04 1.121201928467316974e-04 2.242403856934633948e-04 4.484807713869267895e-04 4.484807713869267895e-04 4.484807713869267895e-04 4.484807713869267895e-04 4.484807713869267895e-04 4.484807713869267895e-04
4.648383026761405230e-04 7.968656617305266109e-04 9.296766053522810460e-04 1.128893020784912590e-03 1.195298492595789916e-03 1.394514908028421461e-03 1.394514908028421461e-03 1.394514908028421461e-03 1.460920379839298787e-03 1.460920379839298787e-03
0.000000000000000000e+00 0.000000000000000000e+00 0.000000000000000000e+00 0.000000000000000000e+00 0.000000000000000000e+00 0.000000000000000000e+00 0.000000000000000000e+00 0.000000000000000000e+00 0.000000000000000000e+00 0.000000000000000000e+00
0.000000000000000000e+00 0.000000000000000000e+00 0.000000000000000000e+00 0.000000000000000000e+00 0.000000000000000000e+00 0.000000000000000000e+00 0.000000000000000000e+00 0.000000000000000000e+00 0.000000000000000000e+00 0.000000000000000000e+00
0.000000000000000000e+00 0.000000000000000000e+00 0.000000000000000000e+00 0.000000000000000000e+00 0.000000000000000000e+00 0.000000000000000000e+00 0.000000000000000000e+00 0.000000000000000000e+00 0.000000000000000000e+00 0.000000000000000000e+00
1.127819548872180519e-03 3.759398496240601295e-03 5.827067669172932354e-03 8.834586466165413737e-03 1.090225563909774480e-02 1.259398496240601503e-02 1.296992481203007586e-02 1.296992481203007586e-02 1.315789473684210453e-02 1.315789473684210453e-02
5.639097744360902593e-04 1.127819548872180519e-03 1.691729323308270670e-03 2.443609022556391015e-03 2.631578947368420993e-03 2.631578947368420993e-03 2.631578947368420993e-03 2.819548872180450971e-03 3.195488721804511361e-03 3.195488721804511361e-03
5.263157894736841987e-03 1.503759398496240518e-02 2.481203007518796924e-02 2.857142857142857054e-02 2.894736842105263136e-02 2.894736842105263136e-02 2.913533834586466004e-02 2.913533834586466004e-02 2.913533834586466004e-02 2.913533834586466004e-02
2.255639097744361037e-03 7.518796992481202590e-03 1.240601503759398462e-02 1.898496240601503862e-02 2.218045112781955042e-02 2.236842105263157909e-02 2.236842105263157909e-02 2.255639097744360777e-02 2.255639097744360777e-02 2.255639097744360777e-02
0.000000000000000000e+00 0.000000000000000000e+00 0.000000000000000000e+00 0.000000000000000000e+00 0.000000000000000000e+00 0.000000000000000000e+00 0.000000000000000000e+00 0.000000000000000000e+00 0.000000000000000000e+00 0.000000000000000000e+00
5.740528128587830438e-03 1.285878300803674004e-02 1.676234213547646290e-02 1.791044776119403090e-02 1.836969001148105671e-02 1.859931113662456961e-02 1.882893226176808252e-02 1.882893226176808252e-02 1.882893226176808252e-02 1.951779563719862123e-02
0.000000000000000000e+00 0.000000000000000000e+00 0.000000000000000000e+00 0.000000000000000000e+00 0.000000000000000000e+00 0.000000000000000000e+00 0.000000000000000000e+00 0.000000000000000000e+00 0.000000000000000000e+00 0.000000000000000000e+00
8.036739380022962093e-03 1.423650975889781921e-02 1.768082663605051799e-02 1.791044776119403090e-02 1.859931113662456961e-02 1.882893226176808252e-02 1.882893226176808252e-02 1.905855338691159542e-02 1.951779563719862123e-02 1.997703788748564704e-02
0.000000000000000000e+00 0.000000000000000000e+00 0.000000000000000000e+00 0.000000000000000000e+00 0.000000000000000000e+00 0.000000000000000000e+00 0.000000000000000000e+00 0.000000000000000000e+00 0.000000000000000000e+00 0.000000000000000000e+00
0.000000000000000000e+00 0.000000000000000000e+00 0.000000000000000000e+00 0.000000000000000000e+00 0.000000000000000000e+00 0.000000000000000000e+00 0.000000000000000000e+00 0.000000000000000000e+00 0.000000000000000000e+00 0.000000000000000000e+00
1.288992008249548920e-04 2.577984016499097839e-04 2.577984016499097839e-04 2.577984016499097839e-04 2.577984016499097839e-04 2.577984016499097839e-04 2.577984016499097839e-04 2.577984016499097839e-04 2.577984016499097839e-04 2.577984016499097839e-04
0.000000000000000000e+00 2.017349203147064858e-04 6.052047609441193760e-04 8.069396812588259431e-04 8.069396812588259431e-04 1.008674601573532293e-03 1.210409521888238752e-03 1.210409521888238752e-03 1.210409521888238752e-03 1.412144442202945428e-03
0.000000000000000000e+00 0.000000000000000000e+00 2.051702913418137000e-04 2.051702913418137000e-04 4.103405826836274001e-04 4.103405826836274001e-04 4.103405826836274001e-04 4.103405826836274001e-04 4.103405826836274001e-04 4.103405826836274001e-04
0.000000000000000000e+00 0.000000000000000000e+00 0.000000000000000000e+00 0.000000000000000000e+00 0.000000000000000000e+00 0.000000000000000000e+00 0.000000000000000000e+00 0.000000000000000000e+00 0.000000000000000000e+00 0.000000000000000000e+00
0.000000000000000000e+00 0.000000000000000000e+00 0.000000000000000000e+00 0.000000000000000000e+00 0.000000000000000000e+00 0.000000000000000000e+00 0.000000000000000000e+00 0.000000000000000000e+00 0.000000000000000000e+00 0.000000000000000000e+00
2.084517718400606505e-03 4.548038658328595538e-03 5.495546712147053592e-03 5.495546712147053592e-03 5.495546712147053592e-03 5.685048322910744856e-03 5.874549933674436120e-03 5.874549933674436120e-03 5.874549933674436120e-03 6.064051544438127384e-03
6.180469715698392544e-04 2.678203543469303508e-03 2.884219200659249999e-03 3.296250515039142980e-03 3.296250515039142980e-03 3.296250515039142980e-03 3.296250515039142980e-03 3.296250515039142980e-03 3.296250515039142980e-03 3.296250515039142980e-03
2.453183520599250961e-02 7.359550561797752188e-02 1.162921348314606695e-01 1.292134831460674260e-01 1.314606741573033644e-01 1.327715355805243469e-01 1.333333333333333315e-01 1.337078651685393305e-01 1.350187265917603130e-01 1.357677902621722832e-01
8.240626287597857449e-04 3.090234857849196489e-03 5.768438401318499997e-03 8.446641944787803072e-03 9.064688916357643844e-03 9.476720230737535958e-03 9.682735887927482882e-03 9.682735887927482882e-03 9.888751545117428071e-03 9.888751545117428071e-03
0.000000000000000000e+00 0.000000000000000000e+00 0.000000000000000000e+00 0.000000000000000000e+00 0.000000000000000000e+00 0.000000000000000000e+00 0.000000000000000000e+00 0.000000000000000000e+00 0.000000000000000000e+00 0.000000000000000000e+00
1.749519948794538149e-02 3.157670151482824816e-02 3.392361851930872363e-02 3.435033070194153798e-02 3.477704288457435233e-02 3.499039897589076298e-02 3.499039897589076298e-02 3.563046724983998104e-02 3.584382334115639168e-02 3.605717943247279539e-02
1.168497312456181266e-03 1.869595699929890243e-03 2.804393549894835039e-03 2.804393549894835039e-03 2.804393549894835039e-03 2.804393549894835039e-03 2.804393549894835039e-03 2.804393549894835039e-03 2.804393549894835039e-03 2.804393549894835039e-03
0.000000000000000000e+00 0.000000000000000000e+00 0.000000000000000000e+00 0.000000000000000000e+00 0.000000000000000000e+00 0.000000000000000000e+00 0.000000000000000000e+00 0.000000000000000000e+00 0.000000000000000000e+00 0.000000000000000000e+00
4.673989249824725607e-04 4.673989249824725607e-04 2.336994624912362532e-03 3.271792474877307979e-03 3.739191399859780485e-03 3.972890862351016739e-03 3.972890862351016739e-03 4.673989249824725065e-03 4.673989249824725065e-03 4.673989249824725065e-03
0.000000000000000000e+00 0.000000000000000000e+00 0.000000000000000000e+00 0.000000000000000000e+00 0.000000000000000000e+00 0.000000000000000000e+00 0.000000000000000000e+00 0.000000000000000000e+00 0.000000000000000000e+00 0.000000000000000000e+00
2.566076469078778458e-03 7.270549995723205559e-03 9.836626464801984451e-03 1.188948764006500687e-02 1.223163116927551176e-02 1.240270293388076248e-02 1.248823881618338870e-02 1.248823881618338870e-02 1.248823881618338870e-02 1.248823881618338870e-02
9.242144177449167816e-05 9.242144177449167816e-05 2.772643253234750209e-04 4.621072088724584043e-04 4.621072088724584043e-04 5.545286506469500418e-04 5.545286506469500418e-04 5.545286506469500418e-04 5.545286506469500418e-04 5.545286506469500418e-04
1.215862326973438188e-03 4.582865693976805044e-03 9.259259259259258745e-03 1.131687242798353962e-02 1.178451178451178465e-02 1.197156752712308196e-02 1.206509539842873235e-02 1.225215114104002967e-02 1.234567901234567833e-02 1.234567901234567833e-02
9.966115208291808389e-05 5.979669124975084491e-04 8.969503687462626737e-04 1.295594977077935009e-03 1.395256129160853120e-03 1.395256129160853120e-03 1.395256129160853120e-03 1.395256129160853120e-03 1.494917281243771231e-03 1.494917281243771231e-03
0.000000000000000000e+00 0.000000000000000000e+00 0.000000000000000000e+00 0.000000000000000000e+00 0.000000000000000000e+00 0.000000000000000000e+00 0.000000000000000000e+00 0.000000000000000000e+00 0.000000000000000000e+00 0.000000000000000000e+00
4.679457182966776101e-04 2.339728591483387996e-03 2.807674309780065335e-03 2.807674309780065335e-03 2.807674309780065335e-03 2.807674309780065335e-03 3.275620028076743108e-03 3.743565746373420881e-03 3.743565746373420881e-03 3.743565746373420881e-03
8.880994671403197489e-04 2.664298401420959247e-03 6.216696269982237809e-03 7.104795737122557991e-03 7.104795737122557991e-03 7.104795737122557991e-03 7.104795737122557991e-03 7.104795737122557991e-03 7.104795737122557991e-03 7.104795737122557991e-03
0.000000000000000000e+00 0.000000000000000000e+00 0.000000000000000000e+00 0.000000000000000000e+00 8.880994671403197489e-04 8.880994671403197489e-04 8.880994671403197489e-04 8.880994671403197489e-04 8.880994671403197489e-04 8.880994671403197489e-04
8.880994671403197489e-04 2.664298401420959247e-03 3.552397868561278996e-03 4.440497335701598311e-03 4.440497335701598311e-03 4.440497335701598311e-03 4.440497335701598311e-03 4.440497335701598311e-03 4.440497335701598311e-03 4.440497335701598311e-03
0.000000000000000000e+00 1.776198934280639498e-03 1.776198934280639498e-03 1.776198934280639498e-03 1.776198934280639498e-03 1.776198934280639498e-03 1.776198934280639498e-03 1.776198934280639498e-03 1.776198934280639498e-03 1.776198934280639498e-03
