1.054201889607160603e-01 2.769766285430134145e-01 3.525609149676777743e-01 3.697165589259074903e-01 3.739433117851814758e-01 3.766782695176529305e-01 3.779214321233217433e-01 3.784186971655892351e-01 3.789159622078567824e-01 3.789159622078567824e-01
7.961399276236429123e-02 2.079613992762364416e-01 2.873341375150784138e-01 3.201447527141134120e-01 3.242460796139927659e-01 3.264173703256936232e-01 3.278648974668275096e-01 3.295536791314837011e-01 3.314837153196622532e-01 3.324487334137515293e-01
9.568204121687929123e-03 3.876349362119724945e-02 6.501472031403336682e-02 8.856722276741903210e-02 1.079489695780176672e-01 1.172718351324828212e-01 1.199705593719332664e-01 1.211972522080470988e-01 1.216879293424926456e-01 1.216879293424926456e-01
3.704624564893087973e-02 1.123818995524614589e-01 1.862257583291894447e-01 2.192938836399801195e-01 2.399303828940825556e-01 2.491297861760318200e-01 2.536051715564395792e-01 2.560914967677772047e-01 2.570860268523122993e-01 2.570860268523122993e-01
1.069119840875186467e-02 3.107906514172053755e-02 5.643958229736449617e-02 8.180009945300845131e-02 9.746394828443560865e-02 1.051715564395823005e-01 1.136250621581302855e-01 1.208354052710094440e-01 1.245648930880159100e-01 1.258080556936847227e-01
1.012461059190031126e-01 2.943925233644859585e-01 4.049844236760124505e-01 4.236760124610591816e-01 4.299065420560747586e-01 4.299065420560747586e-01 4.345794392523364413e-01 4.345794392523364413e-01 4.361370716510903356e-01 4.361370716510903356e-01
5.763239875389408046e-02 1.884735202492211770e-01 2.850467289719625930e-01 3.068535825545171125e-01 3.115264797507787953e-01 3.161993769470404780e-01 3.177570093457943723e-01 3.177570093457943723e-01 3.193146417445482665e-01 3.193146417445482665e-01
1.869158878504672758e-02 6.697819314641743904e-02 1.121495327102803724e-01 1.355140186915887723e-01 1.448598130841121379e-01 1.495327102803738206e-01 1.510903426791277149e-01 1.526479750778816091e-01 1.542056074766355034e-01 1.573208722741432919e-01
3.582554517133956090e-02 1.728971962616822344e-01 2.492211838006230529e-01 2.850467289719625930e-01 2.881619937694703815e-01 2.912772585669781700e-01 2.928348909657320642e-01 2.943925233644859585e-01 2.975077881619937470e-01 3.006230529595015355e-01
2.647975077881619885e-02 1.137071651090342667e-01 1.744548286604361287e-01 2.180685358255451678e-01 2.258566978193146391e-01 2.274143302180685333e-01 2.305295950155763218e-01 2.305295950155763218e-01 2.352024922118380046e-01 2.352024922118380046e-01
2.485283847151551484e-01 4.295121221191259830e-01 4.757058764840865761e-01 4.844856829292626954e-01 4.853836176793375201e-01 4.864810934849845281e-01 4.870797166517010779e-01 4.878778808739898110e-01 4.881771924573480859e-01 4.886760450962785440e-01
9.129003292427416427e-02 2.497256310485882480e-01 3.336326449166915897e-01 3.528883567794073861e-01 3.565798663074927766e-01 3.585752768632146092e-01 3.600718347800059838e-01 3.611693105856529917e-01 3.622667863912999997e-01 3.630649506135887328e-01
3.531876683627656333e-02 1.004689214805946362e-01 1.452658884565499464e-01 1.614287139578968466e-01 1.664172403472014283e-01 1.694103561807842051e-01 1.706076025142173047e-01 1.717050783198643127e-01 1.727027835977252290e-01 1.732016362366556872e-01
1.686121919584954512e-02 5.397585553227576827e-02 8.161229172902324802e-02 9.468223086900129370e-02 9.877282250823106458e-02 1.009677741195250944e-01 1.017659383418138275e-01 1.029631846752469271e-01 1.034620373141773852e-01 1.039608899531078573e-01
2.364561508530380052e-02 7.682330639529083571e-02 1.079517110645515365e-01 1.219195849546044069e-01 1.257108650104759029e-01 1.274069639828394607e-01 1.289035218996308352e-01 1.293026040107752295e-01 1.303003092886361458e-01 1.307991619275666040e-01
4.656257020894181281e-02 1.013255448213884469e-01 1.186811952370253886e-01 1.216580543698045358e-01 1.221073915973938384e-01 1.225005616715344886e-01 1.229498988991237912e-01 1.231184003594697762e-01 1.232869018198157751e-01 1.234554032801617601e-01
2.830824533812626234e-02 7.947652212985846509e-02 1.067737587059087861e-01 1.169961806335654969e-01 1.182318580094360860e-01 1.191305324646146913e-01 1.196360368456526602e-01 1.198045383059986452e-01 1.198607054594473115e-01 1.199730397663446441e-01
5.268478993484609907e-02 1.352505055043810300e-01 1.705796450235902151e-01 1.778813749719164172e-01 1.791732195012356865e-01 1.796225567288249891e-01 1.800157268029656255e-01 1.803527297236575955e-01 1.807458997977982595e-01 1.808020669512468981e-01
3.426196360368456706e-03 1.112109638283531772e-02 1.982700516737811655e-02 2.415187598292518542e-02 2.656706358121770431e-02 2.763423949674230495e-02 2.819591103122893669e-02 2.853291395192091712e-02 2.915075263985621168e-02 2.937542125365086645e-02
7.751067175915524188e-02 1.237362390474050777e-01 1.301954616940013409e-01 1.315434733767692765e-01 1.322174792181532166e-01 1.327229835991911855e-01 1.330599865198831833e-01 1.331161536733318218e-01 1.332284879802291544e-01 1.333408222871264870e-01
7.719609582963619931e-02 2.331854480922803952e-01 3.212067435669920257e-01 3.519077196095829474e-01 3.577639751552795233e-01 3.625554569653948733e-01 3.646850044365572141e-01 3.661047027506654783e-01 3.669920141969831295e-01 3.678793256433007808e-01
6.033717834960070775e-03 2.448979591836734568e-02 4.507542147293699952e-02 5.714285714285714107e-02 6.299911268855368229e-02 6.566104702750664990e-02 6.743566992014196626e-02 6.832298136645963138e-02 6.974267968056788169e-02 7.009760425909494774e-02
5.288376220053239013e-02 1.270629991126885627e-01 1.666370896184560801e-01 1.783496007098491487e-01 1.826086956521739135e-01 1.849157054125998290e-01 1.868677905944986783e-01 1.881100266193433956e-01 1.888198757763975277e-01 1.904170363797693111e-01
1.029281277728482692e-02 3.123336291038154508e-02 4.809228039041703318e-02 5.448092280390417347e-02 5.749778172138420712e-02 5.891748003549245744e-02 5.998225377107364864e-02 6.069210292812777380e-02 6.122448979591836593e-02 6.140195208518189895e-02
6.033717834960070775e-03 2.715173025732032022e-02 4.418811002661934134e-02 5.607808340727595681e-02 6.086956521739130682e-02 6.424134871339839958e-02 6.512866015971606470e-02 6.619343389529724897e-02 6.672582076308784804e-02 6.779059449866903231e-02
3.400840657241115811e-02 1.118074130683989337e-01 1.880015284677111209e-01 2.396637371035536812e-01 2.716851356515093685e-01 2.915552158960642015e-01 3.040122277416889562e-01 3.082155139472678718e-01 3.095147115017195527e-01 3.102025219717233218e-01
3.362628964463125567e-03 1.352693924340848258e-02 3.179212839128773421e-02 5.953381734810852394e-02 7.512418800152846632e-02 8.918609094382881630e-02 9.721054642720672323e-02 1.020252197172334674e-01 1.063049293083683650e-01 1.087504776461597211e-01
9.224302636606801498e-02 2.438670233091325967e-01 3.467329002674818250e-01 3.937332823844096330e-01 4.123805884600688088e-01 4.207107374856706161e-01 4.248376003056935635e-01 4.274359954145968699e-01 4.286587695834925271e-01 4.295758502101643117e-01
7.260221627818112464e-03 2.865876958349255002e-02 6.205578907145586215e-02 9.522353840275124548e-02 1.134887275506304971e-01 1.283912877340466219e-01 1.415361100496752012e-01 1.492548719908291799e-01 1.549866259075277086e-01 1.568972105464272182e-01
9.935040122277416941e-04 4.126862820022927404e-03 1.016431027894535745e-02 1.513183034008406570e-02 2.086358425678257536e-02 2.583110431792128361e-02 2.865876958349255002e-02 3.079862437905999187e-02 3.179212839128773421e-02 3.217424531906763752e-02
6.509994597514856540e-02 1.439762290653700816e-01 1.828741220961642433e-01 1.866558616963803485e-01 1.874662344678552084e-01 1.877363587250135135e-01 1.880064829821717909e-01 1.888168557536466785e-01 1.896272285251215661e-01 1.898973527822798435e-01
4.273715415019763153e-02 1.099308300395256954e-01 1.435276679841897274e-01 1.452569169960474249e-01 1.457509881422924813e-01 1.457509881422924813e-01 1.459980237154150096e-01 1.459980237154150096e-01 1.459980237154150096e-01 1.459980237154150096e-01
6.778242677824267148e-02 1.269874476987447598e-01 1.430962343096234268e-01 1.433054393305439322e-01 1.433054393305439322e-01 1.433054393305439322e-01 1.433054393305439322e-01 1.435146443514644377e-01 1.435146443514644377e-01 1.435146443514644377e-01
6.411698537682788968e-02 9.808773903262092697e-02 1.030371203599550062e-01 1.030371203599550062e-01 1.030371203599550062e-01 1.030371203599550062e-01 1.030371203599550062e-01 1.030371203599550062e-01 1.030371203599550062e-01 1.030371203599550062e-01
2.745352356247297843e-02 5.058365758754863883e-02 5.663640293990488545e-02 5.663640293990488545e-02 5.663640293990488545e-02 5.663640293990488545e-02 5.663640293990488545e-02 5.663640293990488545e-02 5.663640293990488545e-02 5.663640293990488545e-02
1.546601546601546473e-01 3.665038665038665155e-01 4.576719576719576743e-01 4.839234839234839436e-01 4.890109890109889945e-01 4.922669922669922760e-01 4.936914936914936769e-01 4.947089947089947093e-01 4.957264957264957417e-01 4.961334961334961102e-01
1.311185374483978816e-01 3.495183801847847604e-01 4.792608610182819140e-01 5.128759583251425447e-01 5.207391389817180860e-01 5.238844112443483692e-01 5.248673088264202979e-01 5.266365244741497698e-01 5.276194220562216985e-01 5.276194220562216985e-01
1.201972467639202818e-01 3.305937949455516889e-01 4.405177727552907485e-01 4.701047873433326640e-01 4.762687487158414057e-01 4.805835216765975137e-01 4.820217793301828646e-01 4.826381754674337610e-01 4.828436408465173746e-01 4.834600369837682154e-01
3.263403263403263227e-02 1.034965034965034947e-01 1.643356643356643221e-01 1.927738927738927854e-01 1.997668997668997637e-01 2.044289044289044344e-01 2.048951048951049014e-01 2.058275058275058356e-01 2.065268065268065223e-01 2.074592074592074564e-01
2.855378916499459740e-02 9.770026238617070258e-02 1.615990121932396884e-01 2.008025929927458042e-01 2.131501774965272322e-01 2.185522457169316313e-01 2.221021762617687856e-01 2.254977620003086880e-01 2.282759685136595273e-01 2.304367958018212759e-01
2.735562310030395169e-02 7.484802431610942941e-02 1.037234042553191460e-01 1.143617021276595730e-01 1.208206686930091145e-01 1.250000000000000000e-01 1.265197568389057614e-01 1.280395136778115506e-01 1.287993920972644313e-01 1.291793313069908855e-01
1.519756838905775070e-03 6.838905775075987924e-03 1.139817629179331292e-02 1.861702127659574380e-02 2.165653495440729437e-02 2.279635258358662583e-02 2.393617021276595730e-02 2.507598784194528876e-02 2.735562310030395169e-02 2.773556231003039552e-02
1.098024316109422471e-01 2.017477203647416450e-01 2.272036474164133846e-01 2.378419452887537977e-01 2.420212765957446832e-01 2.469604863221884494e-01 2.469604863221884494e-01 2.481003039513677844e-01 2.488601823708206651e-01 2.492401215805471193e-01
6.079027355623100280e-03 1.861702127659574380e-02 2.925531914893617080e-02 3.571428571428571230e-02 3.837386018237082252e-02 4.027355623100303816e-02 4.141337386018237310e-02 4.217325227963526074e-02 4.369300911854103603e-02 4.483282674772036402e-02
1.405775075987841967e-02 4.635258358662613931e-02 6.724924012158055298e-02 8.206686930091185161e-02 8.852583586626139311e-02 9.308510638297871898e-02 9.536474164133738884e-02 9.688449848024316413e-02 9.764437689969604484e-02 9.992401215805471471e-02
2.088313413014608322e-01 3.662018592297476838e-01 4.027224435590969209e-01 4.060424966799468516e-01 4.067065073041168932e-01 4.073705179282868793e-01 4.086985391766268516e-01 4.086985391766268516e-01 4.106905710491368100e-01 4.110225763612218031e-01
1.364541832669322607e-01 2.480079681274900416e-01 2.715803452855245492e-01 2.742363877822044937e-01 2.755644090305444660e-01 2.762284196547144521e-01 2.765604249667994452e-01 2.765604249667994452e-01 2.768924302788844383e-01 2.772244355909694313e-01
1.982686400446802555e-01 3.219771013683328520e-01 3.471097458810388225e-01 3.507400167550963621e-01 3.515777715721865593e-01 3.538117844177603999e-01 3.538117844177603999e-01 3.546495392348505971e-01 3.554872940519407942e-01 3.557665456576375451e-01
1.022576361221779612e-01 1.689907038512616089e-01 1.895750332005312067e-01 1.922310756972111512e-01 1.925630810092961442e-01 1.945551128818061026e-01 1.958831341301460749e-01 2.005312084993359778e-01 2.011952191235059639e-01 2.011952191235059639e-01
7.934926958831341193e-02 1.454183266932271013e-01 1.590305444887118169e-01 1.603585657370517892e-01 1.613545816733067684e-01 1.616865869853917614e-01 1.616865869853917614e-01 1.620185922974767545e-01 1.623505976095617476e-01 1.623505976095617476e-01
1.267479916691460762e-01 2.650996727164534605e-01 3.091341862540910590e-01 3.177625706634930047e-01 3.195477536447485778e-01 3.228205891103838043e-01 3.243082415947634578e-01 3.254983635822671917e-01 3.263909550728949505e-01 3.269860160666468452e-01
3.600119012198750579e-02 1.249628086878905031e-01 1.925022314787265820e-01 2.207676286819398870e-01 2.329663790538530066e-01 2.374293365069919670e-01 2.383219279976197535e-01 2.395120499851234874e-01 2.412972329663790605e-01 2.427848854507587140e-01
3.046643300080884367e-02 9.625235912644918013e-02 1.442437314640064583e-01 1.763278511728228748e-01 1.895389592882178453e-01 1.952008627662442652e-01 1.984362361822593623e-01 1.989754650849285544e-01 2.000539228902669109e-01 2.000539228902669109e-01
9.118541033434649987e-03 3.249941547813887943e-02 6.079027355623100454e-02 8.253448678980593312e-02 9.282207154547579553e-02 1.024082300678045426e-01 1.066167874678513039e-01 1.091886836567687591e-01 1.126958148234743912e-01 1.148000935234977787e-01
2.082713478131508270e-03 3.570365962511157405e-03 6.248140434394525676e-03 1.041356739065754308e-02 1.309134186254090962e-02 1.636417732817613963e-02 1.695923832192799616e-02 1.874442130318357616e-02 2.052960428443915616e-02 2.201725676881880270e-02
1.615403442930570324e-02 2.888145549481928656e-02 3.214489679366892144e-02 3.247124092355388458e-02 3.263441298849636962e-02 3.263441298849636962e-02 3.312392918332381780e-02 3.345027331320878095e-02 3.353185934568001653e-02 3.353185934568001653e-02
6.934812760055478892e-03 1.843844333850044870e-02 2.447580974137227722e-02 2.676021865056702267e-02 2.749449294280819148e-02 2.782083707269315462e-02 2.831035326752059933e-02 2.855511136493432342e-02 2.855511136493432342e-02 2.904462755976176813e-02
4.487231785918250476e-02 1.021457126539936366e-01 1.245818715835848856e-01 1.300481357591580234e-01 1.308639960838704486e-01 1.311087541812841761e-01 1.314350983111691185e-01 1.318430284735253311e-01 1.325773027657665137e-01 1.333115770580076687e-01
1.577058007669087103e-01 2.712735579668760777e-01 2.884882108183078886e-01 2.904462755976177091e-01 2.907726197275026792e-01 2.910173778249163790e-01 2.911805498898588640e-01 2.912621359223300788e-01 2.913437219548013490e-01 2.914253079872725638e-01
5.963938973647711639e-02 1.174838867585869251e-01 1.303744798890429935e-01 1.379619809088684090e-01 1.392673574284082616e-01 1.393489434608795041e-01 1.394305294933507466e-01 1.402463898180631441e-01 1.409806641103043268e-01 1.417149384025454817e-01
9.465550547327752917e-02 2.490520140230378376e-01 3.251770766258854084e-01 3.520068684267010362e-01 3.575874651212706534e-01 3.590899334621163175e-01 3.603777634685554898e-01 3.608785862488373963e-01 3.614509551405881149e-01 3.618086856979323418e-01
1.838735064749230999e-02 6.610860699720970401e-02 1.116119338913929976e-01 1.448808757244043899e-01 1.631251341489590168e-01 1.737139586463475605e-01 1.778636331115403812e-01 1.782929097803534479e-01 1.783644558918222878e-01 1.789368247835730064e-01
9.165056879158617331e-02 2.286613722544179605e-01 2.939114259140016006e-01 3.112255848894612820e-01 3.140158832367460628e-01 3.160191743578736334e-01 3.168061815840308992e-01 3.175931888101881650e-01 3.185948343707519226e-01 3.195249338198468680e-01
2.432567789940616801e-02 6.932818201330757935e-02 1.035987694068827292e-01 1.177648994777133890e-01 1.214852972740931569e-01 1.226300350575946219e-01 1.236316806181584071e-01 1.239178650640337664e-01 1.244186878443156591e-01 1.248479645131287119e-01
5.652142806038491785e-03 1.581169063461401042e-02 2.775989124991056628e-02 3.462831795091936976e-02 3.749016240967303210e-02 3.856335408170565721e-02 3.892108463904987020e-02 3.927881519639407626e-02 3.942190741933175591e-02 3.985118408814480873e-02
1.128813559322033866e-01 2.450847457627118586e-01 2.919774011299435257e-01 3.013559322033898535e-01 3.039548022598870247e-01 3.056497175141242861e-01 3.064406779661016933e-01 3.068926553672316482e-01 3.071186440677965979e-01 3.074576271186440501e-01
1.057627118644067776e-01 1.918644067796610175e-01 2.171751412429378525e-01 2.228248587570621497e-01 2.239548022598870092e-01 2.248587570621468912e-01 2.253107344632768461e-01 2.254237288135593209e-01 2.256497175141242983e-01 2.256497175141242983e-01
4.000000000000000083e-02 9.898305084745762095e-02 1.271186440677966045e-01 1.337853107344632864e-01 1.352542372881355981e-01 1.361581920903954801e-01 1.366101694915254350e-01 1.367231638418079098e-01 1.368361581920903847e-01 1.370621468926553621e-01
2.180790960451977484e-02 5.853107344632768605e-02 7.841807909604520122e-02 8.497175141242938046e-02 8.610169491525423990e-02 8.666666666666666963e-02 8.711864406779661063e-02 8.745762711864406291e-02 8.790960451977401779e-02 8.813559322033898136e-02
1.322033898305084720e-02 3.988700564971751211e-02 5.389830508474575954e-02 5.875706214689265655e-02 5.966101694915254550e-02 6.022598870056497522e-02 6.056497175141242750e-02 6.079096045197739800e-02 6.101694915254237545e-02 6.101694915254237545e-02
3.046917131044400429e-01 4.771705914075139443e-01 5.044939780693870057e-01 5.060219306129786210e-01 5.061118101743663500e-01 5.061118101743663500e-01 5.061118101743663500e-01 5.062016897357540790e-01 5.062016897357540790e-01 5.062016897357540790e-01
2.037555294754897495e-01 3.686016069332851974e-01 4.048930215762390761e-01 4.078721675543919845e-01 4.083235533086576052e-01 4.085943847612169555e-01 4.086846619120700352e-01 4.086846619120700352e-01 4.086846619120700352e-01 4.086846619120700352e-01
1.049562682215743475e-01 2.200695946581397444e-01 2.564657199285244049e-01 2.616382958713439066e-01 2.623906705539358342e-01 2.625787642245838160e-01 2.626728110599078070e-01 2.626728110599078070e-01 2.626728110599078070e-01 2.626728110599078070e-01
2.452932657494569235e-02 6.526068066618392893e-02 8.173425054308472437e-02 8.662201303403331554e-02 8.770818247646633425e-02 8.797972483707458546e-02 8.807023895727733587e-02 8.816075307748008627e-02 8.816075307748008627e-02 8.816075307748008627e-02
2.030831717899012241e-03 4.615526631588664185e-03 6.923289947382996710e-03 7.384842610541862695e-03 7.569463675805409263e-03 7.661774208437182980e-03 7.661774208437182980e-03 7.754084741068955830e-03 7.754084741068955830e-03 7.846395273700729547e-03
6.253514790237318932e-02 2.143178495107412040e-01 3.240355415588797583e-01 3.687436733775728004e-01 3.794286356990214659e-01 3.834214374086154509e-01 3.848273535035429127e-01 3.861207963108761465e-01 3.866269261050500616e-01 3.872455291868181493e-01
2.364128991127875321e-02 8.425861977368113986e-02 1.428040163629601955e-01 1.808957126919194525e-01 1.951336131328693657e-01 2.007650215162301577e-01 2.026775753068054964e-01 2.032619667428146315e-01 2.037401051904584870e-01 2.042182436381023147e-01
2.949137250479305292e-02 1.064621630765760635e-01 1.867598962445020938e-01 2.406676440735310840e-01 2.638434645314086113e-01 2.707229051539415954e-01 2.732040148866584084e-01 2.742190143227697940e-01 2.747265140408255424e-01 2.751776249013194731e-01
6.942167448696930088e-02 1.884221832777432382e-01 2.711854825032505856e-01 3.025043812538866228e-01 3.080445474588727195e-01 3.098535813217253576e-01 3.103623720956526499e-01 3.108146305613658233e-01 3.113234213352931157e-01 3.118887444174345824e-01
1.123296964215048932e-01 2.944202611792639535e-01 3.915992989993781204e-01 4.152298038328904872e-01 4.182260161682401223e-01 4.198089207982361737e-01 4.207699700378766394e-01 4.213918254282322251e-01 4.217310192775171052e-01 4.217875515857312241e-01
1.162427487728692616e-01 2.369477911646586388e-01 2.853636769299419673e-01 2.938420348058902176e-01 2.994199018295403691e-01 3.041053101294065031e-01 3.058902275769745382e-01 3.074520303435965829e-01 3.090138331102186275e-01 3.096831771530566546e-01
1.424096888703278441e-01 3.581123407809563841e-01 4.514512424305700544e-01 4.712883691793693930e-01 4.737941115055335217e-01 4.775527249947796871e-01 4.792232198788891062e-01 4.802672791814575071e-01 4.813113384840259079e-01 4.815201503445395437e-01
1.941097724230254201e-02 4.819277108433735191e-02 6.358768406961178010e-02 6.693440428380187379e-02 7.072735385988397627e-02 7.340473003123605678e-02 7.541276215975011021e-02 7.630522088353414167e-02 7.719767960731815926e-02 7.742079428826416365e-02
2.476572958500669261e-02 6.715751896474787819e-02 9.303882195448461012e-02 1.028558679161088868e-01 1.062025881302989805e-01 1.077643908969210113e-01 1.091030789825970515e-01 1.102186523873270874e-01 1.113342257920571232e-01 1.120035698348951364e-01
2.454261490406068735e-03 7.139669790272199640e-03 1.070950468540829946e-02 1.360999553770638089e-02 1.472556894243641154e-02 1.561802766622043780e-02 1.651048639000446058e-02 1.695671575189647631e-02 1.807228915662650523e-02 1.851851851851851749e-02
2.016784215695027194e-01 3.498794750468708359e-01 3.770199089367020640e-01 3.782697973395232616e-01 3.786269083117578815e-01 3.790732970270511704e-01 3.797875189715204103e-01 3.806802964021069324e-01 3.813945183465761724e-01 3.815730738326935101e-01
2.249799125078117898e-02 6.552986340505312368e-02 9.427729666994018320e-02 1.060619587536827113e-01 1.098116239621462348e-01 1.115079010802606935e-01 1.117757343094366584e-01 1.123114007677885884e-01 1.127577894830818633e-01 1.134720114275511171e-01
1.653423801446299302e-01 2.896169984822783428e-01 3.211320417819837347e-01 3.272922060530309984e-01 3.288099276850281472e-01 3.297919828586733382e-01 3.306847602892598603e-01 3.314882599767877691e-01 3.318453709490223891e-01 3.323810374073743468e-01
4.820998125167395496e-03 1.856977055620033859e-02 3.588965270957950038e-02 5.088831354343362201e-02 6.195875368270690325e-02 6.624408534952236360e-02 6.794036246763682230e-02 6.874386215516471721e-02 6.901169538434068218e-02 6.936880635657530214e-02
1.374877243103294309e-02 4.722792607802874659e-02 7.338630479421480446e-02 8.749218819748236231e-02 9.213463083653244956e-02 9.472368538523345816e-02 9.570574055887867693e-02 9.588429604499598691e-02 9.615212927417195188e-02 9.659851798946522683e-02
3.493256688038912094e-02 8.202520451028078030e-02 1.127570196772053890e-01 1.242538138403714298e-01 1.293389343356179388e-01 1.302233031173999633e-01 1.315498562900729584e-01 1.322131328764094560e-01 1.330975016581914527e-01 1.342029626354189764e-01
3.629324945560125602e-03 1.330752480038712750e-02 2.516331962255020580e-02 3.000241954996370544e-02 3.290587950641180731e-02 3.338978949915315936e-02 3.387369949189450447e-02 3.411565448826518049e-02 3.484151947737720856e-02 3.484151947737720856e-02
5.197873597164796161e-02 1.408741878322504470e-01 1.896042528056704202e-01 2.099822799763733094e-01 2.144122858830478373e-01 2.158889545186060133e-01 2.164796219728293003e-01 2.179562906083874763e-01 2.191376255168340226e-01 2.200236266981689393e-01
1.727929626138862557e-02 6.346214263273641798e-02 9.927741124725102118e-02 1.193842287150486958e-01 1.266101162425384841e-01 1.335218347470939482e-01 1.366635249764373283e-01 1.410618912975180606e-01 1.420043983663210885e-01 1.438894125039271166e-01
5.969211435752434444e-03 2.576185988061577281e-02 4.366949418787307441e-02 6.534715677034244607e-02 6.848884699968582623e-02 7.100219918316054424e-02 7.194470625196355829e-02 7.288721332076657233e-02 7.320138234370091035e-02 7.351555136663524836e-02
1.011008111239860979e-01 2.523174971031286185e-01 3.366164542294322048e-01 3.641367323290846114e-01 3.716685979142526075e-01 3.760139049826187740e-01 3.797798377752027998e-01 3.803592120509849406e-01 3.832560834298956998e-01 3.841251448435689664e-01
4.837775202780996570e-02 1.341251448435689386e-01 1.940903823870220035e-01 2.106025492468134308e-01 2.184241019698725250e-01 2.236384704519119304e-01 2.288528389339513358e-01 2.311703360370799543e-01 2.337775202780996431e-01 2.355156431054461208e-01
2.983777520278099726e-02 8.227114716106605219e-02 1.219582850521436918e-01 1.448435689455388198e-01 1.596176129779837694e-01 1.633835457705677952e-01 1.662804171494785543e-01 1.685979142526071728e-01 1.703360370799536505e-01 1.723638470451911986e-01
2.746234067207415919e-01 5.057937427578215184e-01 5.582271147161066427e-01 5.669177288528389758e-01 5.721320973348783534e-01 5.747392815758980422e-01 5.779258400926998718e-01 5.787949015063731384e-01 5.799536500579374199e-01 5.816917728852838421e-01
6.952491309385863162e-03 2.056778679026651305e-02 3.679026651216685956e-02 4.345307068366164455e-02 5.214368482039397762e-02 5.648899188876013722e-02 5.764774044032444644e-02 5.909617612977983991e-02 5.967555040556199453e-02 6.083429895712630375e-02
2.029757939151676793e-01 3.544303797468354444e-01 3.948478791916499864e-01 4.021763268931823343e-01 4.041749944481456969e-01 4.066178103486564610e-01 4.072840328669775634e-01 4.077281812125249649e-01 4.077281812125249649e-01 4.095047745947146267e-01
1.643348878525427437e-02 7.150788363313347051e-02 1.383522096380190858e-01 1.736620031090384264e-01 1.860981567843659756e-01 1.954252720408616584e-01 1.998667554963357851e-01 2.036420164334887817e-01 2.060848323339995458e-01 2.074172773706418060e-01
4.663557628247834430e-03 1.754385964912280604e-02 4.485898290028869639e-02 6.817677104152787548e-02 7.839218298911836136e-02 8.305574061736620273e-02 8.438818565400843519e-02 8.483233399955585063e-02 8.794137241838774488e-02 8.905174328225627656e-02
3.708638685320897466e-02 1.379080612924716842e-01 2.287363979569176087e-01 2.818121252498334561e-01 3.026870974905618294e-01 3.095713968465467203e-01 3.124583610926049415e-01 3.146791028203420049e-01 3.157894736842105088e-01 3.162336220297579659e-01
1.554519209415944868e-02 6.662225183211192836e-02 1.163668665334221669e-01 1.410170997113035785e-01 1.487896957583833002e-01 1.554519209415944903e-01 1.616699977792582787e-01 1.654452587164112753e-01 1.683322229624694688e-01 1.685542971352431696e-01
3.426939552594002875e-02 1.040774234491512046e-01 1.557988259558940325e-01 1.800729811201015329e-01 1.856258924321751436e-01 1.886403300015865592e-01 1.903855306996668217e-01 1.910201491353323844e-01 1.919720767888307145e-01 1.927653498334126470e-01
4.089751750477402942e-02 1.274665817950350055e-01 1.963717377466581704e-01 2.153087205601527665e-01 2.211966900063653818e-01 2.258115849777211914e-01 2.264481222151495943e-01 2.269255251432208687e-01 2.270846594525779694e-01 2.275620623806492715e-01
2.265819287095882997e-02 9.173804918485770066e-02 1.616468637745233361e-01 2.437137330754352016e-01 2.895827576678640658e-01 3.094777562862669473e-01 3.152804642166344151e-01 3.183199778944459934e-01 3.210831721470019384e-01 3.230174081237910944e-01
3.149163503444397244e-02 9.461549275973570039e-02 1.397441304653451455e-01 1.554899479825671282e-01 1.601293406438914768e-01 1.644875579924082731e-01 1.647687333052157976e-01 1.650499086180233499e-01 1.656122592436383989e-01 1.657528469000421889e-01
9.391508511054587338e-03 3.776169047153198760e-02 7.200156525141851449e-02 1.033065936216004677e-01 1.148503228331050618e-01 1.285462727450596698e-01 1.389160633926824484e-01 1.432205047935824760e-01 1.447857562120915542e-01 1.469379769125415680e-01
6.392694063926940284e-02 1.141552511415525051e-01 1.415525114155251063e-01 1.666666666666666574e-01 1.735159817351598077e-01 1.894977168949771584e-01 1.894977168949771584e-01 1.917808219178082085e-01 1.963470319634703087e-01 2.054794520547945091e-01
5.012531328320801727e-02 9.774436090225563367e-02 1.077694235588972371e-01 1.253132832080200432e-01 1.428571428571428492e-01 1.553884711779448535e-01 1.679197994987468578e-01 1.704260651629072587e-01 1.754385964912280604e-01 1.804511278195488622e-01
3.139717425431711329e-03 3.139717425431711329e-03 4.709576138147566343e-03 7.849293563579277239e-03 7.849293563579277239e-03 1.098901098901098987e-02 1.098901098901098987e-02 1.255886970172684532e-02 1.255886970172684532e-02 1.412872841444270076e-02
0.000000000000000000e+00 3.590664272890484870e-03 5.385996409335727306e-03 7.181328545780969741e-03 1.077199281867145461e-02 1.077199281867145461e-02 1.077199281867145461e-02 1.077199281867145461e-02 1.077199281867145461e-02 1.615798922800718018e-02
0.000000000000000000e+00 2.779708130646282079e-03 2.779708130646282079e-03 2.779708130646282079e-03 2.779708130646282079e-03 4.169562195969422902e-03 4.864489228630993964e-03 5.559416261292564158e-03 6.949270326615705415e-03 6.949270326615705415e-03
1.410537870472008681e-01 3.756860592755214001e-01 4.936882546652030523e-01 5.337541163556531743e-01 5.422612513721185579e-01 5.450054884742041583e-01 5.458287596048299051e-01 5.474753018660811765e-01 5.485729967069155055e-01 5.491218441273325590e-01
3.293084522502744138e-02 1.270581778265642281e-01 2.214599341383095554e-01 2.950054884742041583e-01 3.276619099890230591e-01 3.435784851811196638e-01 3.515367727771679385e-01 3.559275521405049214e-01 3.572996706915477771e-01 3.600439077936333776e-01
3.485181119648737835e-02 1.333699231613611480e-01 2.574094401756311656e-01 3.251920965971459854e-01 3.537321624588364299e-01 3.627881448957189781e-01 3.693743139407244525e-01 3.723929747530186352e-01 3.732162458836443264e-01 3.740395170142700176e-01
3.293084522502744138e-03 1.948408342480790340e-02 5.049396267837541474e-02 1.012623490669593840e-01 1.377607025246981309e-01 1.575192096597146096e-01 1.660263446761800210e-01 1.726125137211855232e-01 1.759055982436882604e-01 1.767288693743139516e-01
1.097694840834248118e-03 6.586169045005488276e-03 1.756311745334796989e-02 5.021953896816684637e-02 7.848518111964873645e-02 1.018111964873765068e-01 1.108671789242590550e-01 1.171789242590559887e-01 1.207464324917672943e-01 1.232162458836443403e-01
1.784087674352405339e-01 3.580273270708795863e-01 4.198690577853686490e-01 4.308995160831198268e-01 4.350982066609735410e-01 4.371619698263592424e-01 4.378736122971819134e-01 4.379447765442641693e-01 4.383005977796755048e-01 4.385140905209222728e-01
6.732137773982350970e-02 1.409763734699686910e-01 1.712923427270139354e-01 1.794762311414745126e-01 1.816111585539424977e-01 1.830344434955878119e-01 1.833191004839168914e-01 1.835325932251636871e-01 1.838884144605749948e-01 1.843153999430686141e-01
1.416168516937090817e-02 3.700540848277825146e-02 5.031312268716196801e-02 5.465414175918018730e-02 5.650441218331909987e-02 5.714489040705949402e-02 5.757187588955308549e-02 5.785653287788215110e-02 5.792769712496442097e-02 5.792769712496442097e-02
7.436663820096783839e-02 1.751352120694563141e-01 2.213208084258468655e-01 2.336322231710788455e-01 2.369057785368630931e-01 2.384713919726729192e-01 2.392541986905778462e-01 2.396811841730714376e-01 2.397523484201537214e-01 2.398946769143182334e-01
1.280956447480785694e-02 2.810987759749501713e-02 3.707657272986052133e-02 4.020779960148021526e-02 4.163108454312553636e-02 4.205807002561912783e-02 4.220039851978366063e-02 4.241389126103045637e-02 4.248505550811272624e-02 4.248505550811272624e-02
1.102362204724409434e-01 2.684323550465282926e-01 3.385826771653543399e-01 3.657838224767358537e-01 3.801002147458840130e-01 3.851109520400858854e-01 3.894058697208303554e-01 3.944166070150322279e-01 3.951324266284896303e-01 3.958482462419470327e-01
1.975077881619937692e-01 3.445482866043613757e-01 3.950155763239875384e-01 4.105919003115264809e-01 4.161993769470405113e-01 4.199376947040498465e-01 4.224299065420560884e-01 4.230529595015576350e-01 4.236760124610591816e-01 4.236760124610591816e-01
5.671077504725898291e-03 1.890359168241965981e-02 3.402646502835538628e-02 5.040957781978575719e-02 5.734089477000629820e-02 6.049149338374291279e-02 6.301197227473219475e-02 6.553245116572148365e-02 6.994328922495274270e-02 7.246376811594203160e-02
5.583392984967788103e-02 1.467430207587687996e-01 2.090193271295633370e-01 2.419470293486041534e-01 2.569792412312097429e-01 2.627057981388690178e-01 2.677165354330708902e-01 2.727272727272727071e-01 2.748747315676449698e-01 2.770221904080171771e-01
7.158196134574087034e-04 7.158196134574087467e-03 1.216893342877594861e-02 1.932712956335003521e-02 2.219040801717966915e-02 2.791696492483894051e-02 2.934860415175375922e-02 3.364352183249821188e-02 3.650680028632784235e-02 3.650680028632784235e-02
1.478413409999025374e-01 2.812591365363999452e-01 3.191696715719715693e-01 3.244323165383490859e-01 3.258941623623428652e-01 3.267712698567390994e-01 3.267712698567390994e-01 3.269661826332715959e-01 3.272585517980703407e-01 3.275509209628691409e-01
1.033037715622259073e-01 1.872137218594678854e-01 2.111879933729655934e-01 2.146964233505506414e-01 2.152811616801481309e-01 2.159633563980118964e-01 2.161582691745443929e-01 2.162557255628106412e-01 2.165480947276093859e-01 2.166455511158756342e-01
4.093168307182536159e-02 1.073969398694084448e-01 1.395575479972712141e-01 1.436507163044537516e-01 1.441379982457850206e-01 1.446252801871162619e-01 1.447227365753825101e-01 1.448201929636487584e-01 1.450151057401812826e-01 1.451125621284475309e-01
4.668160997953416103e-02 8.673618555696326060e-02 9.911314686677712149e-02 1.001851671377058800e-01 1.008673618555696316e-01 1.010622746321021281e-01 1.010622746321021281e-01 1.012571874086346385e-01 1.013546437969008868e-01 1.013546437969008868e-01
2.611831205535522851e-02 5.019003995711918825e-02 5.525777214696423606e-02 5.632979241789299457e-02 5.662216158269174626e-02 5.701198713575674620e-02 5.710944352402300139e-02 5.710944352402300139e-02 5.710944352402300139e-02 5.710944352402300139e-02
1.288222744926426355e-01 2.464307204201083012e-01 2.820961654176467603e-01 2.882774465291833010e-01 2.899184946118921191e-01 2.904108090367047978e-01 2.906843170504895824e-01 2.910672282697883140e-01 2.912860346808161527e-01 2.915048410918439914e-01
3.872873475192822879e-02 1.281658552595590916e-01 2.038728734751928118e-01 2.401400361030578134e-01 2.563317105191181833e-01 2.642087413161205434e-01 2.683660631256495899e-01 2.703900224276571396e-01 2.720857721131229034e-01 2.735627153875608286e-01
1.854384333460970535e-02 6.132049669055303354e-02 9.069525737104097707e-02 1.072698430064000924e-01 1.129588096931240099e-01 1.167332202833542970e-01 1.191947924074175380e-01 1.204529292708276383e-01 1.213828565176959667e-01 1.218751709425086177e-01
3.112521196871068443e-02 1.027843115803293017e-01 1.646518242984519320e-01 1.965975603085170498e-01 2.115310978611673332e-01 2.202833543022810481e-01 2.252064985504075301e-01 2.282150867020403817e-01 2.295826267709643875e-01 2.302390460040479314e-01
1.072151414036431188e-02 4.146381488977626817e-02 7.444888135222361980e-02 9.523549039986871356e-02 1.054646901154203814e-01 1.110442535966303795e-01 1.148733657896176402e-01 1.169520266943821496e-01 1.179366555440074377e-01 1.193041956129314574e-01
9.709709709709710146e-02 2.576576576576576350e-01 3.392392392392392653e-01 3.621621621621621823e-01 3.669669669669669565e-01 3.695695695695695449e-01 3.705705705705705788e-01 3.712712712712712970e-01 3.730730730730730804e-01 3.737737737737737986e-01
1.223144011912359087e-02 4.605403105722186835e-02 8.881089129972345730e-02 1.213571580514784115e-01 1.345458413103594875e-01 1.409274622420761403e-01 1.452882365454158664e-01 1.485854073601361458e-01 1.514571367794086409e-01 1.524143799191661486e-01
4.859871942899128550e-02 1.578671145166369305e-01 2.555893775585179051e-01 2.957909100451348583e-01 3.043980266610685215e-01 3.072320772541198841e-01 3.084916552954760083e-01 3.096462685000525017e-01 3.104859871942899363e-01 3.109058465414086259e-01
1.531589023611997467e-02 6.381620931716655565e-02 1.154009785152095291e-01 1.453945968942778055e-01 1.558179110827483393e-01 1.606041267815358498e-01 1.626249734099127764e-01 1.631567751542224998e-01 1.644330993405658248e-01 1.645394596894277917e-01
6.062539885130823272e-03 2.478196128483301300e-02 4.764943629015103155e-02 6.551797489895766491e-02 7.509040629653265797e-02 7.902573920442458599e-02 8.062114443735375613e-02 8.179110827483514201e-02 8.242927036800680451e-02 8.296107211231652789e-02
6.370457554803589384e-02 1.566867735765778979e-01 2.083272031778725941e-01 2.246579373252905742e-01 2.290716492570251672e-01 2.318670001471237196e-01 2.330439899955862870e-01 2.336324849198175568e-01 2.345152273061644754e-01 2.352508459614535696e-01
1.244555071561916602e-03 5.911636589919103645e-03 1.571250777846919591e-02 2.691350342252644620e-02 3.515868077162414423e-02 3.998133167392656923e-02 4.262601120099564211e-02 4.309271935283136290e-02 4.418170504044804242e-02 4.449284380833851832e-02
1.391846273695144243e-01 2.612308491300960878e-01 3.096598286159439328e-01 3.196572318878213581e-01 3.217346143858738072e-01 3.235523240716696725e-01 3.240716696961827847e-01 3.247208517268241890e-01 3.248506881329524809e-01 3.253700337574655932e-01
4.369618300989589615e-03 1.799254594525125442e-02 3.354324636936126258e-02 5.012209227605705919e-02 5.603392880092532974e-02 5.796170158077367657e-02 5.886132887803624536e-02 5.937540161932913785e-02 5.976095617529880721e-02 6.027502891659169970e-02
1.470685111989459837e-01 3.023715415019762598e-01 3.598484848484848619e-01 3.748353096179183330e-01 3.779644268774703386e-01 3.789525691699604515e-01 3.799407114624506199e-01 3.807641633728590103e-01 3.809288537549407327e-01 3.812582345191040667e-01
2.158415841584158390e-01 3.762376237623762387e-01 4.134213421342134431e-01 4.191419141914191626e-01 4.206820682068206918e-01 4.220022002200219946e-01 4.237623762376237502e-01 4.246424642464246557e-01 4.261826182618261849e-01 4.266226622662266377e-01
1.146330872774641713e-01 2.292661745549283425e-01 2.761615284411637061e-01 2.854971775944420420e-01 2.878853669127225401e-01 2.907077724706904065e-01 2.915762049500651432e-01 2.930959617889709046e-01 2.941815023881892976e-01 2.950499348675640343e-01
4.114891016500305670e-02 1.091872071705031616e-01 1.413729883886738758e-01 1.525768995722142918e-01 1.542065593807292745e-01 1.558362191892442572e-01 1.574658789977592122e-01 1.580770014259523237e-01 1.592992462823385746e-01 1.603177836626604180e-01
1.213242854205223188e-02 3.454657618753855658e-02 4.750154225786551443e-02 5.202549866337651679e-02 5.469874563026937836e-02 5.613818630475015531e-02 5.634382068681883377e-02 5.737199259716224686e-02 5.778326136129961071e-02 5.860579888957433842e-02
1.241721854304635815e-03 3.932119205298013377e-03 5.380794701986754691e-03 6.622516556291390723e-03 7.450331125827814455e-03 7.657284768211920604e-03 7.657284768211920604e-03 7.864238410596026754e-03 8.071192052980132037e-03 8.278145695364239054e-03
1.113651208360548622e-01 2.602873938602220938e-01 3.373612018288700276e-01 3.585891574134552617e-01 3.634879163945133884e-01 3.680600914435009918e-01 3.723056825604180164e-01 3.729588504245591185e-01 3.745917700849118459e-01 3.752449379490528925e-01
2.253280091272105018e-02 7.387335995436394853e-02 1.266400456360524951e-01 1.697090701654306866e-01 1.936679977181973711e-01 1.979463776383342810e-01 2.013690815744438034e-01 2.033656588705076984e-01 2.042213348545350859e-01 2.050770108385624735e-01
6.541291905151267599e-03 2.262196783864813335e-02 3.297901335513764298e-02 3.843008994276369411e-02 4.088307440719542163e-02 4.415372035977105369e-02 4.715181248296538424e-02 4.878713545925320028e-02 5.069501226492232476e-02 5.260288907059144231e-02
2.548419979612640365e-04 2.038735983690112292e-03 3.567787971457696185e-03 3.567787971457696185e-03 4.077471967380224584e-03 4.332313965341488132e-03 4.841997961264016097e-03 5.351681957186544061e-03 6.625891946992864406e-03 7.390417940876656787e-03
0.000000000000000000e+00 2.087682672233820576e-04 4.175365344467641153e-04 6.263048016701461187e-04 8.350730688935282305e-04 1.043841336116910126e-03 1.252609603340292237e-03 1.252609603340292237e-03 1.461377870563674349e-03 1.461377870563674349e-03
5.997150997150996893e-02 1.485754985754985658e-01 1.971509971509971537e-01 2.076923076923077038e-01 2.092592592592592560e-01 2.115384615384615363e-01 2.129629629629629650e-01 2.148148148148148195e-01 2.160968660968660970e-01 2.165242165242165229e-01
8.262108262108262824e-03 2.977207977207977155e-02 5.512820512820512664e-02 7.179487179487178961e-02 7.663817663817663883e-02 7.806267806267806753e-02 7.877492877492876799e-02 7.934472934472934502e-02 8.062678062678062252e-02 8.205128205128205121e-02
5.698005698005698116e-02 1.547008547008547064e-01 2.045584045584045718e-01 2.156695156695156712e-01 2.178062678062678004e-01 2.195156695156695037e-01 2.212250712250712348e-01 2.213675213675213582e-01 2.220797720797720864e-01 2.223646723646723611e-01
2.279202279202279056e-03 9.401709401709401268e-03 2.321937321937321899e-02 3.547008547008546897e-02 4.031339031339031126e-02 4.430199430199430188e-02 4.586894586894586789e-02 4.800569800569800399e-02 5.099715099715099870e-02 5.213675213675213888e-02
1.900284900284900380e-01 3.548433048433048409e-01 3.897435897435897467e-01 3.924501424501424252e-01 3.930199430199430299e-01 3.941595441595441840e-01 3.943019943019943074e-01 3.948717948717948567e-01 3.960113960113960108e-01 3.965811965811965600e-01
4.365750528541226250e-01 5.565539112050740256e-01 5.702959830866807245e-01 5.724101479915433277e-01 5.734672304439746293e-01 5.745243128964059309e-01 5.745243128964059309e-01 5.745243128964059309e-01 5.755813953488372325e-01 5.755813953488372325e-01
2.510570824524313016e-01 3.567653276955602415e-01 3.678646934460887974e-01 3.699788583509514006e-01 3.715644820295982975e-01 3.731501057082452499e-01 3.736786469344609007e-01 3.742071881606765515e-01 3.757928118393234485e-01 3.768498942917547501e-01
1.733615221987314936e-01 2.832980972515856122e-01 2.954545454545454697e-01 2.970401691331923666e-01 2.980972515856236682e-01 2.980972515856236682e-01 2.986257928118393190e-01 2.991543340380549698e-01 3.002114164904862714e-01 3.023255813953488191e-01
1.680761099365750411e-01 2.896405919661733663e-01 3.070824524312896209e-01 3.086680761099365733e-01 3.102536997885835257e-01 3.113107822410147718e-01 3.123678646934460734e-01 3.128964059196617242e-01 3.134249471458773750e-01 3.134249471458773750e-01
1.929175475687103514e-01 3.504228329809725428e-01 3.742071881606765515e-01 3.773784355179704009e-01 3.805496828752642502e-01 3.821353065539112026e-01 3.826638477801268534e-01 3.826638477801268534e-01 3.826638477801268534e-01 3.826638477801268534e-01
2.906435965394809084e-01 4.491173676051407604e-01 4.788718307746162028e-01 4.814722208331249642e-01 4.822223333500024745e-01 4.835725358803820706e-01 4.843726558983847408e-01 4.849727459118867712e-01 4.855228284242636416e-01 4.857228584287643369e-01
1.661098833324767543e-01 2.964999743023076784e-01 3.295986020455363152e-01 3.328365112812869397e-01 3.338644189751760472e-01 3.343783728221205731e-01 3.349437220537595516e-01 3.353034897466207753e-01 3.356118620547874909e-01 3.359202343629542065e-01
1.118877524798273099e-01 2.354936526699902277e-01 2.786657758133319618e-01 2.868890373644446545e-01 2.888420619828339642e-01 2.899213650614174687e-01 2.906409004471398605e-01 2.912062496787788390e-01 2.914632266022511020e-01 2.915660173716400072e-01
1.125044970961607688e-01 2.069178187798735580e-01 2.378578403659351304e-01 2.431001696047694893e-01 2.442308680680475019e-01 2.447448219149920279e-01 2.452587757619365816e-01 2.455671480701032972e-01 2.457213342241866549e-01 2.458755203782700405e-01
9.549262476229634922e-02 1.884668756745644103e-01 2.256771341933494490e-01 2.325641157424063188e-01 2.334892326669065210e-01 2.343115588220177903e-01 2.345685357454900533e-01 2.349283034383512492e-01 2.355964434393791329e-01 2.360076065169347814e-01
1.603448275862068978e-02 8.603448275862068950e-02 1.862068965517241492e-01 2.796551724137931183e-01 3.179310344827586121e-01 3.317241379310345017e-01 3.368965517241379048e-01 3.400000000000000244e-01 3.412068965517241481e-01 3.413793103448276023e-01
2.931034482758620736e-03 1.465517241379310324e-02 3.310344827586206989e-02 5.896551724137930744e-02 7.413793103448275412e-02 8.517241379310344640e-02 9.103448275862069394e-02 9.396551724137930384e-02 9.517241379310344140e-02 9.603448275862068451e-02
2.413793103448275829e-02 9.637931034482759285e-02 1.941379310344827636e-01 2.653448275862069217e-01 2.910344827586207050e-01 2.962068965517241637e-01 2.970689655172413790e-01 2.979310344827585944e-01 2.986206896551724110e-01 2.994827586206896819e-01
3.103448275862068836e-03 1.413793103448275808e-02 3.431034482758620746e-02 6.017241379310344501e-02 6.896551724137930939e-02 7.793103448275862100e-02 8.344827586206896020e-02 8.568965517241379504e-02 8.758620689655172153e-02 8.827586206896551047e-02
1.250000000000000000e-01 2.724137931034482651e-01 3.239655172413792861e-01 3.327586206896551713e-01 3.351724137931034742e-01 3.375862068965517215e-01 3.379310344827586299e-01 3.394827586206896619e-01 3.401724137931034231e-01 3.410344827586206939e-01
3.408669877732493220e-02 1.270841052241570845e-01 2.104483141904409105e-01 2.652834383104853422e-01 2.915894775842904907e-01 3.071507965913300997e-01 3.178955168580955837e-01 3.212300852167469523e-01 3.230826231937754534e-01 3.253056687662096991e-01
4.816598740274175353e-03 2.334197851055946557e-02 5.668766209707298831e-02 8.706928492034086975e-02 1.044831419044090354e-01 1.181919229344201572e-01 1.274546128195628014e-01 1.348647647276769168e-01 1.396813634679510974e-01 1.419044090403853153e-01
4.075583549462764160e-03 1.370878103001111487e-02 2.927010003705075858e-02 4.186735828084475752e-02 4.779547980733604706e-02 5.038903297517598884e-02 5.335309373842164055e-02 5.594664690626157538e-02 5.854020007410151716e-02 6.002223045572434301e-02
7.780659503519821857e-03 3.964431270841052568e-02 1.074472026676546871e-01 1.726565394590588998e-01 2.045201926639496071e-01 2.185994812893664319e-01 2.263801407928862641e-01 2.311967395331604169e-01 2.349018154872174746e-01 2.363838458688403144e-01
2.667654686921082027e-02 9.707298999629491998e-02 1.685809559095961530e-01 2.211930344572063667e-01 2.486105965172286103e-01 2.630603927380511520e-01 2.730640978140052022e-01 2.767691737680622599e-01 2.782512041496850719e-01 2.797332345313078839e-01
4.303086997193639185e-02 1.534144059869036458e-01 1.997193638914873670e-01 2.207670720299345080e-01 2.254443405051450022e-01 2.273152478952291944e-01 2.296538821328344138e-01 2.305893358278765237e-01 2.310570626753975787e-01 2.315247895229186059e-01
4.911131898971000942e-02 1.463985032740879322e-01 1.842843779232928025e-01 1.969130028063610927e-01 1.992516370439663120e-01 2.029934518241346963e-01 2.057998129092609985e-01 2.057998129092609985e-01 2.062675397567820257e-01 2.076707202993451906e-01
3.984238178633975336e-02 1.418563922942206734e-01 2.285464098073555217e-01 2.758318739054290702e-01 2.894045534150612720e-01 2.955341506129597340e-01 3.007880910683012332e-01 3.025394045534150478e-01 3.029772329246935292e-01 3.038528896672504365e-01
5.999117776797530110e-02 1.720335244816938725e-01 2.779003087781208858e-01 3.215703573003970139e-01 3.392148213498015208e-01 3.440670489633877449e-01 3.471548301720335239e-01 3.502426113806793029e-01 3.506837229819144142e-01 3.511248345831495254e-01
7.254677357770140944e-03 1.527300496372661388e-02 2.367315769377625195e-02 3.207331042382588482e-02 3.398243604429171394e-02 3.550973654066437446e-02 3.589156166475754306e-02 3.703703703703703498e-02 3.703703703703703498e-02 3.703703703703703498e-02
1.306984525303220464e-02 6.283981597657883889e-02 1.371810957758260174e-01 1.968841488916771298e-01 2.212463404433291647e-01 2.332705980761187736e-01 2.388122124634044219e-01 2.405897114178168206e-01 2.415307402760351330e-01 2.420535340861564300e-01
1.767043078209953877e-02 7.685069008782935418e-02 1.436637390213299781e-01 1.955248849853617743e-01 2.193642827268925122e-01 2.338979506482643245e-01 2.419489753241321761e-01 2.448766206608113671e-01 2.474905897114178244e-01 2.497908824759514923e-01
4.746967795901296805e-02 1.474278544542032554e-01 2.125679631953157622e-01 2.409033877038895821e-01 2.488498536177331799e-01 2.532413216227519803e-01 2.543914680050188282e-01 2.553324968632371128e-01 2.567963195315767222e-01 2.579464659138435700e-01
1.233793391886239994e-02 5.656629025512337899e-02 1.143872856545378458e-01 1.562107904642409117e-01 1.708490171476369779e-01 1.778544542032622355e-01 1.800501882057716496e-01 1.812003345880384697e-01 1.820368046842325283e-01 1.825595984943538252e-01
1.547469677959012989e-02 5.437055625261397185e-02 1.071727310748640805e-01 1.466959431200334507e-01 1.590338770388958489e-01 1.642618151401087356e-01 1.667712254286909113e-01 1.676076955248849976e-01 1.680259305729820130e-01 1.682350480970305207e-01
6.137699873619429508e-02 1.291829221385790427e-01 1.520962690257706418e-01 1.555030496181108723e-01 1.567119072476509667e-01 1.574811802846310116e-01 1.581405571734710580e-01 1.586900379141711059e-01 1.591845705808011546e-01 1.595142590252211778e-01
6.764107918017472909e-02 1.470959942854002944e-01 1.870432441342931018e-01 1.995714050222539837e-01 2.018792241331941184e-01 2.034177702071542360e-01 2.038573547997142577e-01 2.041870432441342809e-01 2.049563162811143535e-01 2.052860047255343767e-01
9.874168910379690911e-02 1.773723830979724025e-01 2.038573547997142577e-01 2.077037199846145377e-01 2.085828891697346088e-01 2.092422660585746552e-01 2.093521622067146537e-01 2.098466948733447024e-01 2.103412275399747233e-01 2.108357602066047720e-01
1.736359140612121418e-02 5.555250288477388970e-02 8.703774932688609911e-02 1.065992636958074669e-01 1.153909555470080811e-01 1.199516456948183929e-01 1.215451398428485097e-01 1.223693609538985677e-01 1.229188416945986018e-01 1.231935820649486257e-01
1.351722622122094632e-02 3.412275399747238813e-02 4.813451288532336753e-02 5.758558162536402819e-02 6.417935051376449929e-02 7.159734051321500758e-02 7.742183636463541296e-02 8.044398043848563495e-02 8.121325347546567985e-02 8.192757843837573939e-02
1.077642170864710480e-01 2.308491300960789361e-01 2.727862892755128499e-01 2.805764736432095341e-01 2.830433653596468591e-01 2.848610750454427243e-01 2.855102570760841285e-01 2.860296027005972408e-01 2.864191119189820611e-01 2.871981303557517573e-01
9.114515710205141341e-02 2.277330563490002624e-01 2.807063100493378260e-01 2.907037133212152513e-01 2.938197870682939250e-01 2.949883147234484415e-01 2.953778239418333174e-01 2.955076603479615538e-01 2.961568423786029580e-01 2.962866787847312500e-01
5.920540119449493877e-02 1.572318878213451177e-01 2.037133212152687500e-01 2.157881069851986522e-01 2.203323811996883985e-01 2.220202544793559996e-01 2.224097636977408476e-01 2.235782913528953642e-01 2.239678005712801845e-01 2.243573097896650326e-01
8.218644507920021269e-02 1.977408465333679588e-01 2.448714619579329954e-01 2.547390288236821565e-01 2.579849389768891221e-01 2.600623214749415713e-01 2.605816670994546835e-01 2.609711763178395039e-01 2.614905219423526161e-01 2.617501947546092000e-01
4.907816151648922154e-02 1.228252401973513319e-01 1.655414178135549141e-01 1.772266943650999682e-01 1.803427681121786419e-01 1.828096598286159391e-01 1.837185146715138995e-01 1.844975331082835679e-01 1.850168787327966802e-01 1.851467151389249444e-01
7.605177993527507951e-02 2.168284789644013000e-01 2.961165048543689116e-01 3.268608414239482229e-01 3.300970873786407966e-01 3.430420711974109804e-01 3.478964401294498132e-01 3.478964401294498132e-01 3.478964401294498132e-01 3.495145631067961278e-01
4.854368932038834877e-02 1.343042071197410869e-01 2.071197411003236344e-01 2.491909385113268705e-01 2.588996763754045083e-01 2.621359223300970820e-01 2.669902912621359148e-01 2.702265372168284885e-01 2.702265372168284885e-01 2.702265372168284885e-01
3.722721437740693362e-02 1.001283697047496840e-01 1.463414634146341375e-01 1.707317073170731836e-01 1.771501925545571343e-01 1.797175866495507035e-01 1.822849807445443004e-01 1.835686777920410850e-01 1.835686777920410850e-01 1.835686777920410850e-01
1.201716738197424958e-02 3.519313304721029961e-02 5.321888412017167225e-02 7.210300429184549054e-02 7.639484978540772575e-02 7.896995708154506965e-02 8.068669527896996096e-02 8.154506437768239968e-02 8.240343347639485228e-02 8.326180257510729099e-02
1.853759011328527315e-02 7.003089598352214840e-02 1.024716786817713721e-01 1.138002059732234755e-01 1.220391349124613778e-01 1.230690010298661208e-01 1.246138002059732214e-01 1.266735324407826935e-01 1.271884654994850650e-01 1.271884654994850650e-01
2.341381246490735479e-01 3.833520494104435961e-01 4.198483997754070551e-01 4.243402582818641133e-01 4.254632229084783779e-01 4.263054463784390902e-01 4.271476698483998025e-01 4.275687815833801309e-01 4.278495227400336831e-01 4.286917462099943954e-01
3.051643192488262893e-02 1.103286384976525786e-01 2.040297339593114267e-01 2.812989045383411657e-01 3.280516431924882514e-01 3.474178403755868727e-01 3.587636932707355397e-01 3.652190923317684135e-01 3.699139280125195439e-01 3.761737089201878104e-01
1.075899843505477224e-02 6.064162754303599467e-02 1.428012519561815408e-01 2.224178403755868449e-01 2.584115805946791689e-01 2.818857589984350431e-01 2.908841940532081449e-01 2.979264475743348961e-01 3.030125195618153522e-01 3.057511737089201875e-01
8.020344287949921283e-03 5.242566510172144006e-02 1.326291079812206564e-01 1.946400625978090826e-01 2.237871674491392904e-01 2.486306729264475823e-01 2.623239436619718146e-01 2.738654147104851444e-01 2.824726134585289761e-01 2.857981220657276888e-01
5.672926447574335243e-03 3.423317683881064305e-02 7.805164319248826532e-02 1.214788732394366244e-01 1.516040688575899797e-01 1.680359937402191028e-01 1.805555555555555525e-01 1.885758998435054790e-01 1.952269170579029600e-01 1.985524256651017283e-01
3.227779547626632439e-01 4.510353615801210303e-01 4.741637464160560755e-01 4.767123287671232723e-01 4.772857597961134291e-01 4.778591908251035303e-01 4.782414781777636348e-01 4.786237655304236838e-01 4.790060528830837883e-01 4.791334820006371564e-01
1.394074546033768625e-01 2.480407773176170894e-01 2.783689072953169918e-01 2.835297865562281250e-01 2.846766486142083274e-01 2.854412233195285364e-01 2.859509397897419536e-01 2.861420834660720058e-01 2.863332271424020581e-01 2.867155144950621071e-01
2.614896988906497549e-02 6.508942721304052104e-02 8.942721304052524134e-02 9.853973285035091956e-02 1.018225039619651412e-01 1.035770885216210080e-01 1.042562825447136132e-01 1.046524790581842834e-01 1.049354765678062046e-01 1.052184740774281119e-01
9.408436846636329676e-03 2.890173410404624221e-02 4.513589964334030480e-02 5.595867666953634190e-02 6.032468331078588014e-02 6.241544705448284075e-02 6.296888451604969184e-02 6.327634977247570403e-02 6.346082892633132799e-02 6.382978723404254817e-02
2.949112129007969065e-03 1.167095438288259963e-02 2.227520863399636009e-02 3.225199221936374261e-02 3.607956328041664329e-02 3.733450461190939568e-02 3.758549287820794199e-02 3.808746941080504156e-02 3.821296354395432165e-02 3.833845767710359481e-02
3.845772623649519606e-02 1.460005947071067456e-01 2.362969570819704601e-01 2.689067301020913736e-01 2.755476261274655836e-01 2.782238081078401981e-01 2.789176330657151537e-01 2.793141044702150966e-01 2.798096937258400252e-01 2.801070472792149824e-01
4.559421151749429996e-03 1.724650609574784541e-02 3.102388740212112112e-02 3.538507285162057620e-02 3.677272276737040407e-02 3.756566557637030374e-02 3.766478342749528946e-02 3.825949053424521767e-02 3.835860838537020340e-02 3.845772623649519606e-02
2.874417682624640612e-03 1.020913866587372376e-02 1.595797403112300672e-02 1.893150956487263392e-02 2.071563088512241163e-02 2.180592724749727540e-02 2.190504509862226112e-02 2.210328080087223604e-02 2.230151650312221095e-02 2.259887005649717506e-02
3.072653384874615961e-03 8.821488750123897618e-03 1.476855981762315376e-02 1.813856675587273426e-02 1.952621667162255867e-02 2.061651303399742244e-02 2.091386658737238655e-02 2.101298443849737227e-02 2.131033799187233638e-02 2.140945584299732210e-02
4.063831896124491840e-03 1.169590643274853736e-02 1.823768460699771998e-02 2.289622360987213917e-02 2.517593418574685243e-02 2.646446625037169112e-02 2.666270195262166604e-02 2.696005550599663014e-02 2.725740905937159425e-02 2.745564476162156917e-02
3.485971091947042549e-02 1.181829223855216798e-01 1.551074942305356585e-01 1.605733025628567900e-01 1.626381634884003502e-01 1.638527875622494967e-01 1.651888740434835356e-01 1.655532612656382963e-01 1.661605733025628695e-01 1.667678853394874150e-01
3.510263573424025202e-02 1.104093283128871616e-01 1.434471031215838743e-01 1.500060731203692321e-01 1.519494716385278721e-01 1.534070205271468590e-01 1.541357949714563247e-01 1.547431070083808979e-01 1.553504190453054712e-01 1.554718814526903914e-01
2.247054536620915824e-02 5.951657961860803980e-02 8.550953479897971388e-02 9.328312887161423206e-02 9.522652738977287201e-02 9.692700109316167156e-02 9.972063646301469741e-02 1.002064860925543505e-01 1.010567229442487502e-01 1.017854973885582437e-01
4.008259443702174088e-03 1.081015425725737923e-02 1.931252277420138566e-02 2.720757925422081711e-02 3.036560184622859315e-02 3.158022592007773272e-02 3.267338758654196595e-02 3.291631240131179248e-02 3.364508684562127899e-02 3.425239888254585224e-02
2.441394388436778778e-02 6.947649702417102446e-02 9.413336572330863183e-02 1.023928094254828169e-01 1.049435199805660163e-01 1.067654560913397360e-01 1.074942305356492156e-01 1.079800801651888686e-01 1.089517794242681886e-01 1.095590914611927619e-01
1.907867916836526734e-01 3.045250713412148147e-01 3.293925805136567742e-01 3.338768854463921576e-01 3.367305340399510682e-01 3.412148389726865072e-01 3.424378312270688896e-01 3.440684875662454179e-01 3.448838157358336542e-01 3.473298002445984745e-01
9.294741133306155811e-02 2.079086832450061095e-01 2.539747248267427704e-01 2.657969832857725034e-01 2.702812882185079424e-01 2.731349368120668530e-01 2.747655931512433813e-01 2.759885854056257637e-01 2.784345699143905284e-01 2.804728903383612026e-01
1.300448430493273411e-01 2.515287403179780057e-01 2.837342030167142037e-01 2.898491642886261710e-01 2.947411333061557004e-01 2.996331023236852853e-01 3.028944150020383419e-01 3.057480635955972526e-01 3.069710558499796349e-01 3.077863840195678713e-01
6.033428454953118636e-02 1.463514064410925408e-01 1.858948226661231162e-01 1.960864247859763487e-01 1.997554015491235235e-01 2.022013860578882882e-01 2.058703628210354630e-01 2.075010191602119913e-01 2.087240114145943737e-01 2.111699959233591384e-01
6.114961271911944704e-03 1.630656339176518588e-02 2.242152466367712885e-02 2.649816551161842532e-02 2.894415002038320389e-02 2.935181410517733250e-02 3.057480635955972179e-02 3.057480635955972179e-02 3.179779861394211454e-02 3.261312678353037176e-02
8.962264150943395624e-02 2.216981132075471761e-01 2.830188679245282946e-01 3.128930817610062753e-01 3.270440251572326873e-01 3.537735849056603543e-01 3.647798742138364525e-01 3.679245283018867663e-01 3.726415094339622369e-01 3.773584905660377631e-01
4.482294935006723687e-04 1.792917974002689475e-03 3.585835948005378949e-03 4.930524428507395730e-03 7.171671896010757899e-03 7.619901389511430159e-03 7.619901389511430159e-03 8.068130883012102419e-03 8.516360376512774680e-03 8.516360376512774680e-03
0.000000000000000000e+00 7.518796992481203458e-04 1.503759398496240692e-03 2.255639097744361037e-03 2.631578947368420993e-03 2.631578947368420993e-03 2.631578947368420993e-03 2.631578947368420993e-03 2.631578947368420993e-03 3.759398496240601295e-03
3.565062388591800258e-04 1.069518716577540132e-03 1.782531194295900075e-03 1.782531194295900075e-03 1.782531194295900075e-03 2.139037433155080263e-03 2.139037433155080263e-03 2.139037433155080263e-03 2.139037433155080263e-03 2.139037433155080263e-03
0.000000000000000000e+00 0.000000000000000000e+00 0.000000000000000000e+00 0.000000000000000000e+00 0.000000000000000000e+00 0.000000000000000000e+00 0.000000000000000000e+00 0.000000000000000000e+00 0.000000000000000000e+00 0.000000000000000000e+00
2.122459480319012215e-01 3.555441214304090325e-01 4.041677386158991636e-01 4.144584512477488825e-01 4.167738615899150845e-01 4.188320041162850726e-01 4.196038075636737696e-01 4.203756110110625221e-01 4.214046822742474885e-01 4.216619500900437578e-01
5.891432981733984997e-02 1.286339078981219575e-01 1.741703112940571063e-01 1.957808078209415936e-01 2.011834319526627224e-01 2.071005917159763343e-01 2.109596089529199858e-01 2.127604836634937047e-01 2.135322871108824294e-01 2.135322871108824294e-01
2.263956779006946404e-02 6.303061487007975694e-02 8.489837921276048582e-02 9.698996655518395127e-02 1.044507332132750127e-01 1.090815538976074028e-01 1.101106251607923830e-01 1.134551067661435514e-01 1.157705171083097534e-01 1.165423205556984781e-01
7.460766658091072707e-03 1.878055055312580560e-02 2.932853100077180419e-02 3.859017236943658447e-02 4.579367121173141125e-02 4.888088500128633801e-02 5.042449189606380139e-02 5.196809879084126477e-02 5.248263442243375487e-02 5.299717005402623804e-02
1.029071263184975658e-03 2.829945973758683005e-03 5.402624131721121825e-03 7.460766658091072707e-03 1.003344481605351196e-02 1.106251607923848697e-02 1.312065860560843872e-02 1.414972986879341373e-02 1.543606894777463379e-02 1.595060457936712042e-02
1.935883324160704577e-01 4.060264171711612802e-01 4.638139790864061474e-01 4.680792515134837850e-01 4.698679141441937102e-01 4.709686296092460145e-01 4.713813979086406425e-01 4.722069345074298430e-01 4.730324711062190435e-01 4.735828288387451956e-01
6.893230599889928201e-02 2.100990643918547174e-01 2.832966428178315677e-01 3.026967528893780846e-01 3.059988992845349420e-01 3.086130985140341232e-01 3.093010456796917995e-01 3.106769400110071522e-01 3.112272977435333043e-01 3.116400660429278768e-01
2.696752889378095652e-02 8.640616400660429408e-02 1.272702256466703430e-01 1.488717666483214130e-01 1.534122179416620713e-01 1.547881122729774239e-01 1.557512383048981763e-01 1.567143643368189287e-01 1.575399009356081570e-01 1.575399009356081570e-01
1.084204733076499783e-01 2.888002201430930338e-01 3.669510181618051980e-01 3.820858558062740773e-01 3.847000550357732584e-01 3.867638965327462874e-01 3.878646119977985918e-01 3.884149697303246884e-01 3.896532746285085169e-01 3.903412217941661932e-01
3.962575674188222041e-02 1.175013758943313086e-01 1.726747385800770362e-01 1.915244909190974010e-01 1.945514584479911824e-01 1.957897633461750109e-01 1.974408365437534396e-01 1.977160154100165157e-01 1.981287837094111159e-01 1.985415520088057162e-01
9.413854351687389599e-02 2.480757844878626328e-01 3.398460627590290106e-01 3.730017761989342651e-01 3.783303730017761879e-01 3.783303730017761879e-01 3.789224393132030744e-01 3.795145056246299609e-01 3.801065719360568473e-01 3.806986382474837338e-01
3.670811130846654557e-02 1.373593842510361096e-01 2.161042036708111236e-01 2.699822380106571829e-01 2.966252220248667970e-01 3.132030787448193965e-01 3.137951450562462830e-01 3.149792776791000559e-01 3.155713439905269424e-01 3.161634103019538289e-01
2.338661930136175238e-01 4.363528715216103970e-01 5.050325636471284518e-01 5.162818235642392395e-01 5.186500888099466744e-01 5.198342214328004474e-01 5.204262877442273894e-01 5.204262877442273894e-01 5.210183540556542203e-01 5.216104203670811623e-01
6.149425287356322101e-02 1.643678160919540276e-01 2.241379310344827624e-01 2.494252873563218287e-01 2.678160919540230056e-01 2.810344827586206962e-01 2.833333333333333259e-01 2.850574712643678121e-01 2.867816091954022983e-01 2.908045977011494143e-01
3.966844286560095023e-02 1.071640023682652459e-01 1.604499703966844326e-01 1.983422143280047234e-01 2.285375962107756009e-01 2.534043812907045834e-01 2.605091770278271102e-01 2.640615748963883735e-01 2.658377738306690330e-01 2.658377738306690330e-01
4.361475501737863136e-02 1.066263033972418423e-01 1.374593564300930493e-01 1.439623276152035003e-01 1.460926112792914067e-01 1.477744141719923854e-01 1.483350151362260450e-01 1.490077362933064364e-01 1.496804574503868279e-01 1.504652988003139236e-01
1.055847001792947770e-02 2.735905438608141407e-02 3.771830798857826045e-02 4.595258649312703586e-02 4.801115611926422971e-02 4.874161630918387444e-02 4.920645461186001768e-02 4.947207649910352611e-02 4.973769838634703455e-02 5.013613121721229721e-02
1.144715447154471578e-02 3.967479674796747791e-02 6.373983739837398022e-02 7.304065040650406515e-02 7.460162601626016410e-02 7.538211382113821357e-02 7.609756097560975430e-02 7.622764227642275792e-02 7.661788617886178265e-02 7.726829268292682851e-02
3.047983976312810313e-03 1.149525385352259850e-02 1.915875642253766359e-02 2.403553078463815940e-02 2.560306540102760472e-02 2.664808847862057059e-02 2.717060001741705005e-02 2.778019681267961463e-02 2.786728206914569281e-02 2.804145258207785263e-02
1.009081735620585276e-03 2.690884628321560737e-03 4.484807713869267895e-03 7.848413499271218383e-03 9.305976006278731533e-03 1.109989909182643869e-02 1.177262024890682844e-02 1.222110102029375436e-02 1.244534140598721819e-02 1.278170198452741393e-02
6.954887218045113090e-03 2.951127819548872086e-02 6.334586466165413599e-02 9.849624060150376226e-02 1.251879699248120426e-01 1.453007518796992359e-01 1.535714285714285809e-01 1.567669172932330823e-01 1.584586466165413543e-01 1.593984962406015116e-01
2.819548872180450971e-03 1.240601503759398462e-02 2.500000000000000139e-02 4.078947368421052821e-02 4.924812030075188113e-02 5.394736842105263275e-02 5.827067669172932007e-02 6.240601503759398566e-02 6.597744360902255134e-02 6.672932330827067993e-02
7.687969924812029787e-02 2.417293233082706827e-01 3.505639097744360777e-01 3.883458646616541610e-01 3.953007518796992636e-01 3.969924812030075079e-01 3.979323308270676929e-01 3.994360902255639223e-01 4.000000000000000222e-01 4.005639097744360666e-01
2.406015037593985106e-02 9.135338345864661702e-02 1.827067669172932340e-01 2.584586466165413321e-01 2.859022556390977687e-01 2.921052631578947567e-01 2.943609022556391008e-01 2.966165413533834450e-01 2.975563909774436300e-01 2.979323308270676596e-01
7.518796992481203458e-04 3.947368421052631707e-03 1.578947368421052683e-02 2.575187969924811957e-02 3.308270676691729001e-02 4.135338345864661425e-02 4.492481203007518686e-02 4.567669172932330851e-02 4.642857142857143016e-02 4.699248120300751619e-02
1.898966704936854155e-01 3.915040183696900100e-01 4.636050516647531317e-01 4.835820895522388030e-01 4.895522388059701524e-01 4.925373134328357994e-01 4.946039035591274224e-01 4.962112514351320058e-01 4.980482204362801646e-01 4.989667049368541885e-01
8.358208955223880854e-02 1.839265212399540661e-01 2.344431687715269885e-01 2.576349024110218267e-01 2.663605051664753032e-01 2.702640642939150295e-01 2.723306544202066526e-01 2.753157290470723551e-01 2.771526980482204583e-01 2.787600459242250417e-01
1.605051664753157359e-01 3.262916188289322617e-01 3.954075774971297363e-01 4.204362801377726777e-01 4.277841561423650907e-01 4.323765786452353765e-01 4.330654420206658806e-01 4.351320321469575036e-01 4.367393800229620870e-01 4.383467278989667260e-01
1.244546498277841612e-01 2.645235361653271999e-01 3.269804822043628212e-01 3.455797933409873735e-01 3.533869115958668261e-01 3.575200918484500723e-01 3.588978185993111358e-01 3.607347876004592391e-01 3.618828932261767828e-01 3.625717566016073423e-01
8.955223880597014408e-02 1.857634902411021693e-01 2.337543053960964290e-01 2.525832376578645011e-01 2.606199770378874736e-01 2.654420206659012793e-01 2.693455797933410056e-01 2.702640642939150295e-01 2.721010332950631327e-01 2.734787600459242518e-01
3.493168342356277323e-02 6.032482598607888380e-02 6.805877803557618122e-02 7.025006444960041341e-02 7.115235885537510296e-02 7.141015725702500039e-02 7.166795565867491169e-02 7.205465326114977864e-02 7.218355246197473429e-02 7.218355246197473429e-02
3.187411740972362351e-02 7.242283639297962539e-02 9.542061730885616211e-02 1.030865442808150123e-01 1.061125680855356107e-01 1.075247125277385557e-01 1.091385918902562091e-01 1.097437966512003205e-01 1.101472664918297373e-01 1.103490014121444457e-01
1.723430447271235080e-02 4.431678292983175921e-02 6.032006565449322955e-02 6.585966352072220031e-02 7.037340993024210345e-02 7.160443167829298738e-02 7.242511284366023872e-02 7.283545342634387132e-02 7.345096430036930635e-02 7.345096430036930635e-02
1.304893350062735248e-02 2.747804265997490572e-02 3.375156838143036214e-02 3.676286072772898261e-02 3.801756587202007737e-02 3.826850690087829632e-02 3.877038895859472728e-02 3.914680050188205918e-02 3.927227101631116518e-02 3.939774153074027813e-02
1.233333333333333330e-02 3.033333333333333368e-02 4.566666666666666791e-02 5.533333333333333159e-02 5.833333333333333426e-02 6.066666666666666735e-02 6.099999999999999867e-02 6.199999999999999956e-02 6.199999999999999956e-02 6.233333333333333087e-02
4.491188175099488505e-02 1.265870759901459031e-01 1.881750994883456540e-01 2.139473185522076937e-01 2.226643926473375057e-01 2.251279135872654991e-01 2.268334280841387274e-01 2.275914345271934924e-01 2.281599393594845593e-01 2.285389425810119279e-01
4.408735063864853421e-02 1.808817470127729587e-01 2.882159044087350686e-01 3.329213020189534245e-01 3.502266172229089314e-01 3.537288833951380274e-01 3.555830243098475618e-01 3.566131025957972600e-01 3.574371652245570408e-01 3.576431808817470137e-01
7.883895131086142427e-02 2.677902621722846321e-01 4.003745318352059934e-01 4.451310861423221077e-01 4.516853932584269926e-01 4.529962546816479474e-01 4.539325842696629310e-01 4.554307116104868713e-01 4.569288389513108672e-01 4.588014981273408344e-01
2.533992583436341095e-02 7.911001236093942457e-02 1.308199423156160002e-01 1.681087762669963015e-01 1.792336217552533972e-01 1.833539348990523288e-01 1.843840131850020547e-01 1.852080758137618355e-01 1.868562010712814248e-01 1.876802637000412055e-01
1.442109600329624999e-03 6.386485372888339902e-03 1.627523691800576711e-02 3.172641120725175345e-02 4.161516275236917806e-02 4.861969509682735613e-02 5.727235269880510959e-02 6.056860321384425344e-02 6.324680675731356172e-02 6.448290070045323286e-02
2.037550672071687663e-01 3.541711115852357317e-01 3.870279496479624437e-01 3.910817153829742043e-01 3.942820567527202669e-01 3.951354811179859094e-01 3.957755493919351553e-01 3.964156176658843456e-01 3.966289737572007423e-01 3.968423298485171946e-01
4.276700163589623738e-02 1.075017527459686817e-01 1.514372516943210956e-01 1.654592194437952690e-01 1.698995092311287591e-01 1.708343070810937059e-01 1.713017060060761931e-01 1.720028043935498963e-01 1.727039027810235994e-01 1.729376022435148430e-01
0.000000000000000000e+00 4.673989249824725607e-04 2.103295162421126279e-03 3.739191399859780485e-03 3.972890862351016739e-03 4.440289787333489245e-03 4.907688712315961752e-03 5.375087637298434258e-03 5.608787099789670078e-03 6.076186024772143451e-03
1.075017527459686852e-02 2.687543818649217042e-02 4.767469034821220086e-02 5.632157046038794440e-02 6.006076186024772445e-02 6.239775648516008438e-02 6.356625379761626782e-02 6.473475111007244431e-02 6.543584949754616131e-02 6.543584949754616131e-02
2.103295162421126279e-03 3.739191399859780485e-03 6.076186024772143451e-03 7.244683337228324284e-03 8.880579574666978490e-03 1.004907688712316019e-02 1.051647581210563183e-02 1.051647581210563183e-02 1.121757419957934016e-02 1.121757419957934016e-02
6.611923701992986069e-02 1.839876828329484182e-01 2.546403216149174531e-01 2.844923445385338923e-01 2.913352151227440179e-01 2.943289710033358819e-01 2.954409374732700488e-01 2.960396886493883994e-01 2.965529039432041603e-01 2.968095115901120407e-01
9.334565619223659724e-03 4.085027726432532286e-02 7.846580406654343753e-02 1.085951940850277270e-01 1.235674676524953775e-01 1.315157116451016739e-01 1.350277264325323578e-01 1.362292051756007483e-01 1.372458410351201363e-01 1.379852125693160902e-01
4.433221099887766498e-02 1.304713804713804604e-01 1.922933034044145284e-01 2.178264122708567230e-01 2.271791994014216165e-01 2.320426487093153745e-01 2.338196782641226990e-01 2.344743733632622396e-01 2.349420127197905106e-01 2.355967078189300512e-01
6.776958341638428945e-03 2.860275064779748896e-02 5.391668327685868178e-02 7.693840940801276174e-02 9.059198724337252928e-02 9.896352401833764800e-02 1.047438708391468937e-01 1.070360773370540169e-01 1.088299780745465434e-01 1.099262507474586398e-01
1.368565112117064953e-03 4.421518054532056104e-03 1.042214969996841691e-02 1.505421623328771427e-02 1.831771765448994560e-02 2.242341299084114198e-02 2.537109169386251098e-02 2.726602800294767801e-02 2.842404463627750191e-02 2.958206126960732582e-02
5.428170332241460255e-02 1.113710809546092639e-01 1.403837154890032746e-01 1.478708469817501259e-01 1.516144127281235376e-01 1.539541413196069131e-01 1.558259241927936467e-01 1.562938699110903162e-01 1.572297613476836553e-01 1.581656527842770221e-01
4.085257548845470932e-02 1.358792184724689212e-01 2.255772646536411963e-01 2.664298401420959195e-01 2.806394316163410285e-01 2.912966252220248742e-01 2.992895204262877584e-01 3.028419182948490218e-01 3.055062166962699832e-01 3.081705150976909446e-01
4.440497335701598311e-03 2.664298401420958987e-02 4.618117229129662521e-02 7.548845470692717996e-02 9.680284191829484353e-02 1.092362344582593209e-01 1.190053285968028368e-01 1.216696269982237982e-01 1.269982238010657072e-01 1.332149200710479597e-01
3.374777975133214786e-02 9.769094138543517325e-02 1.465364120781527668e-01 1.749555950266429849e-01 1.847246891651865008e-01 1.944937833037300168e-01 1.971580817051509782e-01 1.980461811722913079e-01 2.007104795737122693e-01 2.024866785079929010e-01
5.328596802841918494e-03 2.664298401420958987e-02 5.150976909413854110e-02 8.614564831261101174e-02 1.039076376554174119e-01 1.190053285968028368e-01 1.314387211367673280e-01 1.358792184724689212e-01 1.394316163410301845e-01 1.412078152753108440e-01
