1.091496767777225263e-01 2.871705619094977457e-01 3.677274987568374121e-01 3.868722028841372618e-01 3.923421183490800601e-01 3.953257086026852329e-01 3.973147687717553667e-01 3.988065638985579531e-01 3.993038289408254449e-01 4.000497265042267658e-01
7.744270205066344781e-02 2.045838359469240031e-01 2.837153196622436702e-01 3.145958986731001161e-01 3.182147165259348598e-01 3.203860072376357171e-01 3.215922798552472983e-01 3.232810615199034898e-01 3.244873341375150710e-01 3.261761158021713181e-01
9.813542688910697337e-03 3.802747791952895001e-02 6.059862610402354938e-02 8.537782139352306787e-02 1.030421982335623099e-01 1.096663395485770326e-01 1.118743866535819448e-01 1.138370951913640766e-01 1.143277723258096235e-01 1.145731108930323899e-01
3.580308304326206004e-02 1.103928393833913529e-01 1.824962705121830064e-01 2.138239681750372934e-01 2.332173048234709167e-01 2.434112381899552480e-01 2.478866235703630072e-01 2.508702138239681800e-01 2.523620089507707664e-01 2.528592739930383138e-01
9.945300845350571461e-03 2.958727001491795114e-02 5.221282943809050364e-02 7.284932869219293283e-02 8.577821979114867712e-02 9.249129786176031598e-02 9.920437593237195484e-02 1.054201889607160603e-01 1.084037792143212331e-01 1.089010442565887665e-01
9.657320872274142987e-02 2.710280373831775447e-01 3.707165109034267769e-01 3.894080996884735080e-01 3.971962616822429792e-01 4.003115264797507677e-01 4.034267912772585563e-01 4.034267912772585563e-01 4.049844236760124505e-01 4.065420560747663448e-01
5.295950155763239769e-02 1.697819314641744459e-01 2.570093457943924964e-01 2.772585669781931217e-01 2.803738317757009102e-01 2.834890965732086987e-01 2.834890965732086987e-01 2.866043613707164872e-01 2.866043613707164872e-01 2.866043613707164872e-01
1.557632398753894080e-02 4.984423676012460919e-02 8.878504672897195860e-02 1.090342679127725839e-01 1.168224299065420552e-01 1.199376947040498437e-01 1.199376947040498437e-01 1.214953271028037379e-01 1.246105919003115264e-01 1.261682242990654068e-01
2.803738317757009310e-02 1.386292834890965608e-01 2.040498442367601195e-01 2.352024922118380046e-01 2.398753894080996873e-01 2.398753894080996873e-01 2.414330218068535816e-01 2.414330218068535816e-01 2.414330218068535816e-01 2.414330218068535816e-01
2.336448598130841034e-02 9.034267912772585285e-02 1.401869158878504551e-01 1.760124610591900229e-01 1.806853582554517057e-01 1.822429906542056000e-01 1.838006230529594942e-01 1.838006230529594942e-01 1.853582554517133885e-01 1.853582554517133885e-01
2.524194352988127221e-01 4.376933053975855525e-01 4.862815524294123448e-01 4.967574578469520219e-01 4.984535568193155797e-01 4.998503442083208625e-01 5.004489673750374124e-01 5.018457547640426952e-01 5.025441484585453367e-01 5.034420832086201614e-01
8.690012970168611850e-02 2.369550034919684633e-01 3.162725730819115899e-01 3.350294323056968726e-01 3.387209418337823186e-01 3.406165818617180596e-01 3.419135987229372509e-01 3.430110745285842588e-01 3.441085503342312668e-01 3.449067145565199999e-01
3.062955203033023918e-02 8.979347500748278976e-02 1.302005387608500542e-01 1.446672652898333966e-01 1.493564800957797034e-01 1.521500548737902692e-01 1.533473012072233965e-01 1.541454654295121296e-01 1.550434001795869543e-01 1.555422528185174125e-01
1.556420233463035041e-02 4.818916492068243268e-02 7.193455053377231789e-02 8.380724334031726397e-02 8.719944128504439340e-02 8.909508131298014832e-02 8.969370447969669813e-02 9.039209817419933957e-02 9.079118028534370610e-02 9.148957397984634754e-02
1.975456450164621292e-02 6.674648308889553905e-02 9.308590242442382756e-02 1.037613488975356740e-01 1.065549236755462398e-01 1.076523994811932616e-01 1.086501047590541780e-01 1.090491868701985445e-01 1.099471216202733692e-01 1.104459742592038274e-01
3.252078184677600209e-02 7.256796225567288539e-02 8.571107616266007700e-02 8.762075937991462005e-02 8.790159514715793765e-02 8.801392945405527024e-02 8.818243091440125525e-02 8.818243091440125525e-02 8.818243091440125525e-02 8.818243091440125525e-02
1.965850370703212807e-02 5.858234104695574096e-02 7.930802066951246621e-02 8.672208492473601482e-02 8.745225791956863504e-02 8.767692653336328634e-02 8.767692653336328634e-02 8.784542799370928523e-02 8.790159514715793765e-02 8.790159514715793765e-02
4.729274320377443303e-02 1.251404178836216519e-01 1.577735340372949935e-01 1.639519209166479530e-01 1.650190968321725571e-01 1.652999325994158608e-01 1.655807683666591645e-01 1.658054369804538297e-01 1.659739384407998286e-01 1.660862727476971334e-01
1.797348910357223026e-03 6.178386879352954289e-03 1.005392046731071708e-02 1.179510222421927684e-02 1.274994383284655183e-02 1.319928106043585792e-02 1.342394967423050922e-02 1.359245113457649944e-02 1.381711974837115248e-02 1.381711974837115248e-02
6.515389800044933677e-02 1.027858908110537012e-01 1.067737587059087861e-01 1.072230959334980888e-01 1.076162660076387390e-01 1.077847674679847240e-01 1.078409346214333903e-01 1.078409346214333903e-01 1.078409346214333903e-01 1.078971017748820427e-01
6.317657497781721532e-02 1.838509316770186308e-01 2.502218278615794267e-01 2.722271517302572996e-01 2.761313220940549984e-01 2.786157941437444330e-01 2.796805678793256589e-01 2.807453416149068293e-01 2.812777284826974422e-01 2.816326530612244805e-01
4.791481810115350883e-03 1.969831410825199566e-02 3.513753327417923344e-02 4.188110026619343285e-02 4.596273291925465770e-02 4.720496894409938193e-02 4.826974267968056620e-02 4.844720496894409922e-02 4.933451641526175740e-02 4.933451641526175740e-02
3.602484472049689163e-02 8.305235137533274747e-02 1.082519964507542148e-01 1.169476486246672636e-01 1.190771960958296322e-01 1.203194321206743633e-01 1.208518189884649485e-01 1.208518189884649485e-01 1.212067435669920146e-01 1.220940550133096658e-01
2.307009760425909363e-03 7.275953859804791535e-03 1.100266193433895381e-02 1.277728482697426844e-02 1.348713398402839360e-02 1.366459627329192489e-02 1.384205856255545618e-02 1.384205856255545618e-02 1.384205856255545618e-02 1.401952085181898920e-02
5.323868677905944750e-03 2.626441881100266204e-02 4.365572315882874921e-02 5.519077196095829863e-02 5.927240461401952348e-02 6.282165039929014927e-02 6.406388642413486656e-02 6.495119787045253168e-02 6.548358473824311687e-02 6.619343389529724897e-02
3.156285823461979501e-02 9.942682460833014713e-02 1.679786014520443238e-01 2.141383263278563154e-01 2.409629346580053622e-01 2.565533053114252837e-01 2.667176155903706603e-01 2.696217042414978948e-01 2.704623614826136557e-01 2.708444784103936076e-01
2.292701566679403776e-03 9.476499808941536360e-03 2.315628582346197784e-02 4.516622086358425964e-02 5.731753916698510004e-02 6.801681314482231622e-02 7.451280091708062381e-02 7.863966373710355728e-02 8.261367978601452666e-02 8.521207489491784692e-02
9.231944975162399702e-02 2.437141765380206326e-01 3.484142147497134023e-01 3.965609476499808994e-01 4.160489109667558361e-01 4.244554833779136671e-01 4.288880397401604871e-01 4.318685517768436899e-01 4.332441727168513390e-01 4.343905235001910836e-01
6.725257928926251134e-03 2.651891478792510470e-02 5.494841421474971205e-02 8.437141765380205827e-02 1.014138326327856388e-01 1.144822315628582360e-01 1.262514329384791800e-01 1.328238440962934697e-01 1.380970576996561061e-01 1.393198318685517634e-01
5.349636988918608956e-04 1.910584638899503291e-03 4.508979747802827238e-03 6.495987772258311060e-03 8.406572411157813701e-03 1.047000382116927697e-02 1.192204814673289946e-02 1.291555215896064181e-02 1.329766908674054338e-02 1.352693924340848258e-02
6.401944894651540041e-02 1.385737439222042011e-01 1.731496488384657029e-01 1.769313884386817803e-01 1.774716369529983906e-01 1.774716369529983906e-01 1.777417612101566680e-01 1.782820097244732505e-01 1.790923824959481381e-01 1.790923824959481381e-01
4.174901185770751172e-02 1.072134387351778712e-01 1.395750988142292481e-01 1.410573122529644174e-01 1.415513833992094739e-01 1.415513833992094739e-01 1.417984189723320021e-01 1.417984189723320021e-01 1.417984189723320021e-01 1.417984189723320021e-01
6.589958158995816440e-02 1.225941422594142294e-01 1.374476987447698639e-01 1.376569037656903693e-01 1.376569037656903693e-01 1.376569037656903693e-01 1.376569037656903693e-01 1.378661087866108748e-01 1.378661087866108748e-01 1.378661087866108748e-01
6.231721034870640885e-02 9.471316085489313308e-02 9.966254218222722616e-02 9.966254218222722616e-02 9.966254218222722616e-02 9.966254218222722616e-02 9.966254218222722616e-02 9.966254218222722616e-02 9.966254218222722616e-02 9.966254218222722616e-02
2.723735408560311322e-02 5.015131863380890842e-02 5.620406398616515503e-02 5.620406398616515503e-02 5.620406398616515503e-02 5.620406398616515503e-02 5.620406398616515503e-02 5.620406398616515503e-02 5.620406398616515503e-02 5.620406398616515503e-02
1.568986568986568964e-01 3.728123728123728386e-01 4.676434676434676474e-01 4.979649979649979907e-01 5.046805046805046269e-01 5.109890109890109500e-01 5.136345136345136231e-01 5.156695156695156879e-01 5.175010175010175129e-01 5.195360195360195776e-01
1.309219579319834958e-01 3.475525850206408474e-01 4.735600550422646160e-01 5.097306860625122615e-01 5.185767643011598427e-01 5.225083546294475578e-01 5.244741497935915264e-01 5.274228425398073128e-01 5.297817967367800529e-01 5.309612738352663674e-01
1.206081775220875230e-01 3.287446065337990553e-01 4.388740497226217285e-01 4.709266488596671185e-01 4.777070063694267565e-01 4.820217793301828646e-01 4.844873638791863391e-01 4.865420176700225863e-01 4.877748099445243235e-01 4.892130675981097299e-01
3.286713286713286580e-02 9.976689976689977202e-02 1.606060606060606133e-01 1.864801864801864939e-01 1.939393939393939392e-01 1.993006993006992966e-01 2.002331002331002308e-01 2.011655011655011649e-01 2.025641025641025661e-01 2.039627039627039673e-01
2.701034110202191543e-02 9.121778052168544315e-02 1.470906004012964841e-01 1.813551473992900120e-01 1.904614909708288450e-01 1.955548695786386848e-01 1.991048001234758391e-01 2.023460410557184619e-01 2.049699027627720216e-01 2.068220404383392386e-01
2.393617021276595730e-02 6.041033434650455725e-02 8.130699088145897091e-02 8.966565349544072805e-02 9.308510638297871898e-02 9.688449848024316413e-02 9.878419452887537977e-02 9.992401215805471471e-02 1.003039513677811551e-01 1.003039513677811551e-01
1.139817629179331248e-03 2.279635258358662497e-03 2.659574468085106318e-03 4.939209726443768815e-03 5.699088145896656459e-03 5.699088145896656459e-03 5.699088145896656459e-03 5.699088145896656459e-03 6.079027355623100280e-03 6.079027355623100280e-03
1.006838905775075954e-01 1.842705167173252223e-01 2.078267477203647462e-01 2.169452887537993979e-01 2.211246200607902834e-01 2.260638297872340496e-01 2.264437689969604761e-01 2.272036474164133846e-01 2.275835866261398110e-01 2.283434650455926918e-01
4.179331306990881172e-03 1.329787234042553203e-02 1.861702127659574380e-02 2.165653495440729437e-02 2.355623100303951348e-02 2.469604863221884494e-02 2.545592705167173259e-02 2.545592705167173259e-02 2.659574468085106405e-02 2.735562310030395169e-02
1.405775075987841967e-02 3.305471124620060902e-02 4.407294832826747638e-02 5.471124620060790339e-02 5.927051671732522925e-02 6.231003039513677982e-02 6.306990881458966747e-02 6.420972644376900240e-02 6.458966565349544275e-02 6.648936170212765839e-02
2.031872509960159501e-01 3.535856573705179473e-01 3.891102257636122053e-01 3.927622841965471290e-01 3.934262948207171151e-01 3.944223107569720943e-01 3.960823373173970596e-01 3.967463479415670458e-01 3.994023904382469903e-01 3.997343957503319833e-01
1.291500664010624133e-01 2.390438247011952289e-01 2.616201859229747573e-01 2.646082337317396949e-01 2.669322709163346463e-01 2.682602921646746186e-01 2.685922974767596116e-01 2.685922974767596116e-01 2.685922974767596116e-01 2.692563081009295978e-01
1.912873499022619272e-01 3.127617983803406831e-01 3.356604300474727576e-01 3.395699525272270480e-01 3.401284557386204943e-01 3.420832169784976395e-01 3.420832169784976395e-01 3.423624685841943349e-01 3.429209717955878367e-01 3.432002234012845321e-01
9.926958831341300971e-02 1.593625498007968100e-01 1.782868525896414424e-01 1.806108897742363939e-01 1.806108897742363939e-01 1.832669322709163384e-01 1.842629482071713176e-01 1.889110225763612205e-01 1.895750332005312067e-01 1.899070385126161997e-01
7.702523240371846047e-02 1.397742363877821914e-01 1.517264276228419695e-01 1.530544488711819417e-01 1.540504648074369209e-01 1.540504648074369209e-01 1.543824701195219140e-01 1.543824701195219140e-01 1.543824701195219140e-01 1.543824701195219140e-01
1.160368937816126100e-01 2.424873549538827666e-01 2.835465635227610859e-01 2.909848259446593532e-01 2.933650699196667655e-01 2.957453138946741777e-01 2.969354358821779116e-01 2.981255578696816455e-01 2.981255578696816455e-01 2.984230883665575651e-01
3.302588515322820578e-02 1.154418327878607570e-01 1.710800357036596220e-01 1.951800059506099416e-01 2.058911038381434078e-01 2.097590002975305012e-01 2.103540612912823682e-01 2.112466527819101547e-01 2.130318357631657278e-01 2.136268967569175947e-01
2.696144513345915400e-02 9.032084119708816417e-02 1.356160690212995512e-01 1.655432731194391993e-01 1.782151523321650055e-01 1.836074413588568432e-01 1.868428147748719403e-01 1.871124292262065225e-01 1.887301159342140711e-01 1.889997303855486532e-01
9.352349777881692472e-03 3.343465045592704937e-02 5.845218611176058315e-02 7.996259060088847792e-02 9.095160158989945565e-02 1.012391863455693181e-01 1.054477437456160793e-01 1.077858311900865146e-01 1.110591536123450990e-01 1.136310498012625680e-01
1.487652484379648919e-03 3.272835465635227405e-03 5.058018446890806541e-03 9.818506396905683081e-03 1.190121987503719135e-02 1.487652484379648962e-02 1.517405534067241962e-02 1.636417732817613963e-02 1.725676881880392616e-02 1.844689080630764616e-02
1.493024394223708973e-02 2.692339071550950425e-02 2.977890185200293693e-02 3.002365994941666102e-02 3.018683201435914260e-02 3.026841804683038165e-02 3.051317614424410574e-02 3.067634820918658731e-02 3.075793424165782983e-02 3.075793424165782983e-02
3.589785428734600624e-03 1.060618422126131943e-02 1.468548584482336564e-02 1.590927633189197915e-02 1.639879252671942733e-02 1.656196459166190890e-02 1.672513665660439047e-02 1.688830872154687204e-02 1.688830872154687204e-02 1.705148078648935361e-02
2.920779962470424970e-02 6.967447173043975206e-02 8.639960838704413559e-02 9.023415191319246464e-02 9.072366810801990589e-02 9.088684017296239093e-02 9.105001223790487597e-02 9.105001223790487597e-02 9.113159827037611849e-02 9.145794240026107469e-02
1.351064697723749763e-01 2.299094395039569250e-01 2.442685812188953309e-01 2.461450599657338534e-01 2.463898180631475809e-01 2.467161621930325510e-01 2.467977482255037935e-01 2.468793342579750361e-01 2.468793342579750361e-01 2.470425063229175211e-01
5.670229256751244118e-02 1.127518968752549561e-01 1.247450436485273706e-01 1.322509586358815437e-01 1.333931630904789112e-01 1.334747491229501537e-01 1.335563351554213962e-01 1.342090234151913086e-01 1.345353675450762787e-01 1.351880558048462189e-01
7.855763039278815252e-02 2.101309293839879744e-01 2.754525291550404265e-01 2.997066609429777650e-01 3.038563354081705858e-01 3.050726193031408906e-01 3.057165343063604768e-01 3.057880804178292888e-01 3.062173570866423278e-01 3.064319954210488750e-01
1.252056950704729180e-02 4.593260356299635333e-02 8.041782929097802957e-02 1.064606138656364054e-01 1.220576661658438894e-01 1.307862917650425838e-01 1.343635973384846583e-01 1.345782356728911777e-01 1.345782356728911777e-01 1.347213278958288574e-01
8.463904986763969018e-02 2.111325749445517597e-01 2.680832796737497303e-01 2.819632252987049892e-01 2.833226014166130291e-01 2.845388853115833339e-01 2.851112542033340524e-01 2.856120769836159590e-01 2.861128997638978100e-01 2.865421764327109044e-01
1.996136509980682427e-02 5.616369750304071179e-02 8.177720540888602785e-02 9.236602990627459930e-02 9.522787436502826164e-02 9.594333547971667375e-02 9.651570437146740622e-02 9.665879659440509974e-02 9.687343492881161922e-02 9.708807326321813869e-02
4.578951134005866674e-03 1.244902339557845024e-02 2.167847177505902515e-02 2.718752235815983381e-02 2.926235959075624074e-02 2.969163625956929356e-02 2.990627459397581650e-02 3.004936681691349962e-02 3.004936681691349962e-02 3.019245903985118273e-02
1.120903954802259933e-01 2.416949152542372803e-01 2.876836158192090376e-01 2.967231638418079132e-01 2.995480225988700340e-01 3.014689265536723006e-01 3.021468926553672052e-01 3.027118644067796627e-01 3.032768361581920646e-01 3.041807909604519744e-01
9.096045197740112997e-02 1.609039548022598853e-01 1.798870056497175185e-01 1.832768361581920968e-01 1.838418079096045266e-01 1.842937853107344537e-01 1.844067796610169563e-01 1.844067796610169563e-01 1.846327683615819337e-01 1.846327683615819337e-01
3.638418079096045199e-02 8.937853107344632952e-02 1.122033898305084682e-01 1.180790960451977428e-01 1.192090395480226023e-01 1.199999999999999956e-01 1.202259887005649730e-01 1.202259887005649730e-01 1.202259887005649730e-01 1.204519774011299504e-01
1.548022598870056436e-02 4.112994350282486028e-02 5.536723163841807821e-02 5.932203389830508627e-02 6.011299435028248650e-02 6.045197740112994572e-02 6.056497175141242750e-02 6.079096045197739800e-02 6.079096045197739800e-02 6.090395480225988672e-02
1.186440677966101725e-02 3.627118644067796327e-02 4.937853107344632869e-02 5.389830508474575954e-02 5.457627118644067798e-02 5.548022598870056693e-02 5.581920903954801921e-02 5.604519774011299665e-02 5.638418079096044894e-02 5.638418079096044894e-02
3.046917131044400429e-01 4.762717957936365432e-01 5.034154233327341466e-01 5.052130145604889488e-01 5.054826532446521359e-01 5.054826532446521359e-01 5.054826532446521359e-01 5.055725328060398649e-01 5.055725328060398649e-01 5.055725328060398649e-01
2.003249977430712203e-01 3.596641689988264168e-01 3.949625349823959741e-01 3.978514038096957472e-01 3.982125124131082328e-01 3.983930667148145033e-01 3.983930667148145033e-01 3.983930667148145033e-01 3.983930667148145033e-01 3.983930667148145033e-01
9.846703658421894489e-02 2.046459136650051747e-01 2.380325402050220973e-01 2.428289288065456630e-01 2.433932098184896087e-01 2.435813034891375906e-01 2.436753503244615815e-01 2.436753503244615815e-01 2.436753503244615815e-01 2.436753503244615815e-01
2.461984069514844276e-02 6.444605358435916143e-02 8.073859522085445606e-02 8.562635771180304722e-02 8.653149891383055126e-02 8.680304127443881634e-02 8.689355539464156675e-02 8.689355539464156675e-02 8.689355539464156675e-02 8.698406951484431715e-02
2.123142250530785525e-03 4.615526631588664185e-03 6.092495153697036724e-03 7.015600480014769560e-03 7.107911012646543278e-03 7.107911012646543278e-03 7.200221545278316128e-03 7.200221545278316128e-03 7.200221545278316128e-03 7.292532077910089845e-03
6.186030817680800847e-02 2.130244067034079425e-01 3.211112360814306621e-01 3.649195815993701575e-01 3.748172309076594488e-01 3.785850860420650332e-01 3.797660555618040945e-01 3.808345517939489278e-01 3.811719716567315008e-01 3.817343380947025300e-01
1.933804388248419603e-02 6.933007490835679798e-02 1.157095043298092818e-01 1.481697922754077468e-01 1.596451150188599177e-01 1.636827285767412099e-01 1.650108909313074412e-01 1.653827763905859893e-01 1.656484088614992300e-01 1.657015353556818837e-01
2.785609563550242584e-02 1.020074433291981442e-01 1.792037893312281582e-01 2.304048719972933423e-01 2.530168038795533869e-01 2.602909665050185950e-01 2.627720762377354080e-01 2.636179091011616182e-01 2.641254088192173111e-01 2.645201308221495351e-01
6.602973599412063910e-02 1.802815308949064499e-01 2.597094239357792822e-01 2.895584826728475059e-01 2.950986488778336581e-01 2.966815535078297095e-01 2.972468765899711762e-01 2.975295381310418819e-01 2.978687319803267619e-01 2.981513935213974675e-01
1.113686471818644413e-01 2.913109842274860251e-01 3.879812312736728996e-01 4.113856068743286798e-01 4.143252869014641959e-01 4.159647238396743663e-01 4.169257730793148320e-01 4.177172253943128299e-01 4.179998869353835911e-01 4.181129515518118844e-01
9.883980365908076604e-02 2.005800981704596031e-01 2.385095939312806834e-01 2.469879518072289060e-01 2.518964747880410582e-01 2.550200803212851475e-01 2.561356537260151556e-01 2.579205711735832462e-01 2.599286033020972719e-01 2.603748326639893085e-01
1.434537481728962172e-01 3.558154103153058911e-01 4.464397577782417970e-01 4.660680726665274443e-01 4.692002505742325913e-01 4.740029233660472130e-01 4.756734182501566321e-01 4.775527249947796871e-01 4.785967842973480879e-01 4.790144080183754705e-01
1.182507809013833185e-02 2.833556448014279416e-02 3.726015171798304632e-02 3.993752788933511988e-02 4.194556001784917332e-02 4.283801874163319784e-02 4.373047746541722236e-02 4.395359214636323369e-02 4.462293618920124688e-02 4.484605087014725822e-02
1.717983043284248071e-02 4.997768853190540095e-02 6.871932173136992283e-02 7.786702365015618632e-02 8.121374386434628001e-02 8.210620258813029759e-02 8.277554663096831078e-02 8.344489067380633784e-02 8.389112003569834664e-02 8.456046407853637370e-02
6.693440428380187162e-04 1.784917447568049910e-03 3.346720214190093690e-03 4.908522980812137469e-03 5.131637661758143600e-03 5.354752342704149730e-03 5.800981704596162858e-03 6.247211066488175119e-03 6.247211066488175119e-03 6.247211066488175119e-03
2.006070886527988595e-01 3.483617534148736872e-01 3.756807427908222530e-01 3.768413534505847817e-01 3.773770199089366839e-01 3.779126863672886416e-01 3.784483528256405438e-01 3.793411302562271215e-01 3.801446299437550302e-01 3.804124631729309813e-01
2.276582447995714742e-02 6.383358628693866499e-02 9.150968663512186463e-02 1.023122935452191740e-01 1.060619587536827113e-01 1.075796803856798461e-01 1.077582358717971561e-01 1.082046245870904450e-01 1.086510133023837199e-01 1.092759575037943048e-01
1.641817694848674292e-01 2.858673332738148609e-01 3.165788768859923441e-01 3.225604856709222146e-01 3.240782073029193633e-01 3.250602624765646098e-01 3.262208731363271386e-01 3.271136505669136607e-01 3.277385947683242318e-01 3.285420944558521406e-01
4.820998125167395496e-03 1.803410409784840518e-02 3.517543076511026046e-02 5.026336934202303708e-02 6.070886527988572645e-02 6.436925274529059493e-02 6.597625212034639863e-02 6.669047406481563856e-02 6.669047406481563856e-02 6.704758503705025852e-02
1.312382822962235469e-02 4.526381573073832987e-02 7.017230604410321093e-02 8.454602267654673375e-02 8.892063208642085603e-02 9.150968663512186463e-02 9.231318632264975954e-02 9.293813052406035835e-02 9.320596375323632332e-02 9.374163021158825326e-02
2.210921954455007804e-02 5.394649568870218959e-02 7.495025425602476477e-02 8.246738890117179255e-02 8.622595622374530644e-02 8.711032500552730318e-02 8.821578598275481298e-02 8.910015476453680972e-02 8.954233915542780808e-02 9.020561574176431952e-02
2.661504960077425413e-03 8.710379869344302139e-03 1.572707476409387906e-02 1.863053472054198093e-02 2.032421969513670615e-02 2.056617469150737870e-02 2.080812968787805473e-02 2.080812968787805473e-02 2.105008468424873075e-02 2.105008468424873075e-02
4.961606615475487592e-02 1.343768458357944562e-01 1.760189013585351514e-01 1.940342587123449480e-01 1.987595983461311333e-01 2.005316007088009389e-01 2.011222681630242259e-01 2.023036030714707723e-01 2.031896042528056612e-01 2.040756054341405779e-01
1.162425384857053087e-02 3.612943763744894815e-02 5.623625510524662280e-02 6.974552309142319217e-02 7.477222745837260043e-02 8.074143889412503661e-02 8.231228400879672669e-02 8.513980521520578271e-02 8.576814326107445874e-02 8.671065032987747279e-02
2.513352183474709331e-03 1.131008482563619286e-02 2.167766258246936820e-02 3.455859252277725113e-02 3.487276154571159609e-02 3.644360666038328617e-02 3.707194470625196220e-02 3.770028275212063823e-02 3.801445177505497625e-02 3.832862079798932120e-02
1.016801853997682525e-01 2.502896871378910704e-01 3.314020857473928272e-01 3.577636152954808968e-01 3.655851680185399633e-01 3.702201622247972002e-01 3.745654692931633667e-01 3.771726535341830555e-01 3.792004634994206036e-01 3.803592120509849406e-01
4.229432213209733532e-02 1.207995365005793686e-01 1.787369640787949132e-01 1.943800695249131016e-01 2.016222479721900274e-01 2.088644264194669808e-01 2.129200463499420493e-01 2.146581691772885270e-01 2.163962920046350047e-01 2.175550405561993139e-01
3.070683661645422918e-02 8.632676709154113448e-02 1.245654692931633806e-01 1.471610660486674382e-01 1.633835457705677952e-01 1.691772885283893413e-01 1.726535341830822690e-01 1.746813441483198170e-01 1.761297798377751966e-01 1.787369640787949132e-01
2.705677867902664957e-01 4.968134414831981704e-01 5.475086906141367615e-01 5.567786790266512353e-01 5.619930475086906130e-01 5.672074159907299906e-01 5.715527230590962127e-01 5.730011587485515090e-01 5.744495944380069163e-01 5.767670915411355903e-01
7.821552723059095949e-03 2.288528389339513497e-02 3.910776361529547801e-02 4.548088064889918569e-02 5.127462340672073876e-02 5.504055619930475068e-02 5.677867902665121452e-02 5.793742757821553069e-02 5.851680185399768530e-02 5.909617612977983991e-02
1.885409726848767398e-01 3.293359982234066452e-01 3.635354208305573986e-01 3.693093493226737856e-01 3.708638685320896911e-01 3.719742393959582505e-01 3.721963135687319513e-01 3.724183877415056521e-01 3.724183877415056521e-01 3.739729069509216131e-01
1.576726626693315467e-02 6.595602931379081213e-02 1.265822784810126667e-01 1.585609593604263845e-01 1.681101487896957680e-01 1.754385964912280604e-01 1.781034865645125531e-01 1.814345991561181481e-01 1.832111925383077822e-01 1.849877859204974440e-01
3.997335109926715598e-03 1.399067288474350503e-02 3.575394181656673526e-02 5.662891405729513633e-02 6.417943593160115034e-02 6.751054852320674537e-02 6.906506773262269250e-02 6.950921607817010794e-02 7.172995780590717130e-02 7.217410615145458674e-02
3.508771929824561209e-02 1.321341328003553250e-01 2.185209860093271228e-01 2.667110815012214142e-01 2.866977570508549844e-01 2.922496113701976705e-01 2.944703530979347339e-01 2.966910948256717973e-01 2.978014656895403012e-01 2.982456140350877027e-01
1.110370863868532024e-02 5.018876304685764705e-02 8.572063069065068153e-02 1.032644903397734876e-01 1.088163446591161460e-01 1.128136797690428572e-01 1.165889407061958677e-01 1.201421274705751774e-01 1.219187208527648253e-01 1.221407950255385261e-01
3.315881326352530800e-02 9.693796604791368732e-02 1.454862763763287437e-01 1.684911946692051465e-01 1.740441059812787572e-01 1.767412343328573776e-01 1.783277804220212703e-01 1.789623988576868052e-01 1.800729811201015329e-01 1.807075995557670955e-01
3.294080203691916037e-02 1.040738383195416866e-01 1.631126670910248155e-01 1.788669637173774529e-01 1.844366645448758668e-01 1.888924252068746035e-01 1.896880967536600793e-01 1.904837683004455828e-01 1.908020369191597843e-01 1.914385741565881593e-01
2.017131804365846978e-02 8.206686930091185161e-02 1.470019342359767944e-01 2.276872064106106597e-01 2.721746338767615514e-01 2.923459519204200108e-01 2.970433821497651117e-01 2.992539375518099010e-01 3.014644929538546347e-01 3.036750483558994240e-01
3.022634612681006708e-02 9.039786306762266632e-02 1.332770982707718321e-01 1.481793898495712136e-01 1.528187825108955344e-01 1.566146492337972818e-01 1.568958245466048063e-01 1.571769998594123308e-01 1.575987628286236453e-01 1.575987628286236453e-01
9.391508511054587338e-03 3.619643905302288855e-02 6.730581099589121041e-02 9.684993152025044016e-02 1.064370964586186658e-01 1.183721385247505364e-01 1.267853648992369464e-01 1.308941498728233288e-01 1.318724320093914992e-01 1.328507141459596974e-01
6.621004566210045295e-02 1.141552511415525051e-01 1.461187214611872065e-01 1.735159817351598077e-01 1.803652968036529580e-01 1.917808219178082085e-01 1.940639269406392586e-01 1.963470319634703087e-01 2.009132420091324089e-01 2.077625570776255592e-01
4.010025062656641381e-02 9.022556390977443108e-02 1.002506265664160345e-01 1.177944862155388406e-01 1.353383458646616466e-01 1.478696741854636509e-01 1.654135338345864570e-01 1.679197994987468578e-01 1.729323308270676596e-01 1.779448621553884613e-01
1.569858712715855665e-03 1.569858712715855665e-03 3.139717425431711329e-03 7.849293563579277239e-03 7.849293563579277239e-03 7.849293563579277239e-03 7.849293563579277239e-03 9.419152276295132686e-03 9.419152276295132686e-03 9.419152276295132686e-03
0.000000000000000000e+00 3.590664272890484870e-03 5.385996409335727306e-03 7.181328545780969741e-03 1.077199281867145461e-02 1.077199281867145461e-02 1.077199281867145461e-02 1.077199281867145461e-02 1.077199281867145461e-02 1.615798922800718018e-02
0.000000000000000000e+00 2.084781097984711451e-03 2.084781097984711451e-03 2.084781097984711451e-03 2.084781097984711451e-03 2.779708130646282079e-03 3.474635163307852707e-03 4.169562195969422902e-03 4.864489228630993964e-03 4.864489228630993964e-03
1.481888035126234793e-01 3.858397365532382217e-01 5.079582875960483301e-01 5.493962678375411413e-01 5.587266739846322716e-01 5.617453347969264543e-01 5.631174533479692546e-01 5.650384193194292193e-01 5.666849615806806018e-01 5.683315038419319842e-01
3.430296377607025549e-02 1.300768386388584108e-01 2.244785949506037381e-01 3.002195389681668325e-01 3.336992316136114245e-01 3.518111964873765207e-01 3.597694840834247954e-01 3.647091108671789428e-01 3.666300768386388520e-01 3.693743139407244525e-01
3.540065861690450122e-02 1.339187705817782570e-01 2.590559824368825481e-01 3.246432491767288764e-01 3.540065861690450122e-01 3.627881448957189781e-01 3.688254665203073435e-01 3.726673984632272174e-01 3.737650933040614909e-01 3.745883644346871821e-01
3.018660812294182271e-03 1.673984632272228212e-02 4.226125137211855093e-02 8.507135016465422472e-02 1.158068057080131746e-01 1.330954994511525658e-01 1.407793633369923136e-01 1.476399560922063703e-01 1.503841931942919985e-01 1.514818880351262442e-01
5.488474204171240592e-04 4.939626783754116207e-03 1.427003293084522575e-02 4.061470911086718233e-02 6.092206366630077002e-02 7.875960482985730482e-02 8.699231613611416170e-02 9.248079034028540424e-02 9.604829857299670981e-02 9.796926454445664678e-02
1.788357529177341254e-01 3.607315684600057026e-01 4.223598064332479418e-01 4.337460859664104551e-01 4.385140905209222728e-01 4.408625106746370537e-01 4.418588101337888041e-01 4.420723028750355721e-01 4.424992883575291636e-01 4.427839453458582430e-01
6.867349843438656787e-02 1.439652718474238591e-01 1.752775405636208261e-01 1.842442356959863303e-01 1.868061485909479069e-01 1.883717620267577608e-01 1.887275832621690963e-01 1.887987475092513523e-01 1.892968972388271998e-01 1.899373754625676147e-01
1.480216339311130058e-02 3.693424423569598852e-02 5.130942214631369069e-02 5.629091944207230414e-02 5.821235411329347964e-02 5.899516083119840659e-02 5.935098206660973513e-02 5.970680330202106367e-02 5.977796754910333354e-02 5.984913179618559648e-02
7.422430970680329865e-02 1.765584970111016283e-01 2.223882721320808442e-01 2.349843438656419037e-01 2.381867349843438675e-01 2.396811841730714376e-01 2.405351551380586483e-01 2.410333048676344958e-01 2.411756333617990355e-01 2.414602903501280873e-01
1.259607173356105947e-02 2.846569883290634914e-02 3.785937944776544134e-02 4.084827782522060940e-02 4.227156276686592357e-02 4.255621975519498917e-02 4.269854824935952198e-02 4.291204099060631771e-02 4.312553373185312039e-02 4.319669797893538332e-02
1.109520400858983596e-01 2.677165354330708902e-01 3.371510379384395351e-01 3.622047244094488416e-01 3.765211166785970009e-01 3.822476735862562758e-01 3.879742304939155506e-01 3.929849677881173675e-01 3.929849677881173675e-01 3.929849677881173675e-01
1.975077881619937692e-01 3.439252336448598291e-01 3.931464174454828431e-01 4.112149532710280275e-01 4.180685358255451511e-01 4.230529595015576350e-01 4.261682242990654235e-01 4.286604361370716654e-01 4.292834890965732120e-01 4.311526479750779073e-01
5.040957781978576066e-03 2.016383112791430426e-02 4.095778197857592728e-02 5.671077504725897944e-02 6.490233144297416490e-02 6.868304977945809131e-02 7.120352867044738021e-02 7.435412728418400174e-02 7.813484562066792816e-02 8.065532451165721706e-02
5.440229062276306232e-02 1.460272011453113694e-01 2.075876879026485322e-01 2.412312097351467510e-01 2.584108804581245478e-01 2.655690765926986274e-01 2.720114531138153047e-01 2.763063707945597747e-01 2.784538296349319819e-01 2.806012884753042447e-01
7.158196134574087034e-04 5.726556907659269627e-03 9.305654974946312927e-03 1.360057265569076558e-02 1.717967072297781062e-02 2.147458840372226327e-02 2.290622763063707851e-02 2.505368647100930657e-02 2.720114531138153116e-02 2.720114531138153116e-02
1.485235357177663029e-01 2.827209823603937244e-01 3.226781015495565619e-01 3.292076795633953612e-01 3.312542637169866300e-01 3.326186531527141610e-01 3.334957606471103952e-01 3.340804989767079403e-01 3.351525192476366710e-01 3.357372575772341605e-01
8.371503752070948157e-02 1.505701198713575717e-01 1.678199005944839561e-01 1.698664847480752249e-01 1.701588539128739974e-01 1.707435922424714869e-01 1.708410486307377352e-01 1.708410486307377352e-01 1.709385050190039834e-01 1.709385050190039834e-01
3.157586979826527973e-02 8.215573530844946792e-02 1.042783354448884175e-01 1.063249195984796863e-01 1.066172887632784311e-01 1.069096579280771897e-01 1.071045707046096862e-01 1.071045707046096862e-01 1.072020270928759345e-01 1.072020270928759345e-01
4.122405223662411328e-02 7.660072117727316499e-02 8.576162167430075034e-02 8.644381639216450197e-02 8.693109833349575710e-02 8.712601111002826748e-02 8.712601111002826748e-02 8.732092388656076398e-02 8.732092388656076398e-02 8.732092388656076398e-02
2.212260013643894269e-02 4.093168307182536159e-02 4.482993860247539569e-02 4.599941526167040245e-02 4.619432803820290590e-02 4.648669720300165759e-02 4.668160997953416103e-02 4.697397914433291272e-02 4.697397914433291272e-02 4.707143553259916097e-02
1.261965975603085155e-01 2.405229473223565451e-01 2.746020458399431319e-01 2.799628029101252635e-01 2.813303429790492971e-01 2.817132541983480287e-01 2.819320606093758674e-01 2.820961654176467603e-01 2.822602702259175977e-01 2.824790766369454365e-01
3.867403314917126911e-02 1.274000328209616562e-01 2.017395109676713427e-01 2.377331655817515321e-01 2.531590175592144942e-01 2.611454515617307459e-01 2.649745637547180066e-01 2.671626278649964492e-01 2.689130791532192144e-01 2.702259176193862467e-01
1.739510967671352784e-02 5.590503801761391445e-02 8.188829932717028859e-02 9.622011924949401551e-02 1.009244570865926310e-01 1.039877468409824424e-01 1.060664077457469517e-01 1.073792462119140118e-01 1.084185766642962595e-01 1.089655926918658702e-01
2.959356709151578224e-02 9.791586893495979327e-02 1.573218095290191965e-01 1.877906022646463613e-01 2.017942125704283163e-01 2.100541545867293802e-01 2.146490892183141042e-01 2.174388709589190893e-01 2.188064110278431229e-01 2.194081286581696932e-01
1.001039330452382220e-02 3.719708987473333006e-02 6.739237459657568263e-02 8.593621793118538799e-02 9.463377276954214323e-02 9.922870740112685328e-02 1.024561019637875436e-01 1.044253596630381337e-01 1.054099885126634217e-01 1.067228269788304817e-01
9.689689689689690022e-02 2.557557557557557648e-01 3.355355355355355562e-01 3.574574574574574393e-01 3.627627627627627582e-01 3.653653653653653466e-01 3.665665665665665540e-01 3.672672672672672722e-01 3.692692692692692846e-01 3.700700700700700896e-01
9.572431397574984388e-03 3.446075303126994172e-02 6.466709210806211028e-02 8.785364815996596355e-02 9.678791746436928023e-02 1.012550521165709455e-01 1.042331418847053798e-01 1.063603488619442733e-01 1.076366730482875983e-01 1.079557540948734295e-01
4.681431720373675082e-02 1.527238375144326643e-01 2.464574367586858383e-01 2.847696021832685775e-01 2.925370001049648616e-01 2.955809803715755413e-01 2.967355935761519792e-01 2.979951716175081589e-01 2.986249606381862209e-01 2.990448199853049105e-01
1.467772814294830870e-02 5.807275047862157230e-02 1.023186556051903784e-01 1.284833014252286798e-01 1.369921293341842261e-01 1.403956604977664446e-01 1.420974260795575539e-01 1.426292278238672495e-01 1.434801106147628180e-01 1.434801106147628180e-01
5.105296745373325180e-03 1.988938523718357734e-02 3.733248245054243686e-02 5.222293129121463595e-02 5.956179536268878943e-02 6.275260582854712277e-02 6.381620931716655565e-02 6.456073175920017115e-02 6.477345245692406328e-02 6.509253350350989453e-02
6.002648227159040895e-02 1.491834632926291038e-01 1.969986758864204768e-01 2.124466676474915383e-01 2.164190083860526581e-01 2.190672355450934139e-01 2.202442253935559813e-01 2.205384728556716301e-01 2.208327203177872511e-01 2.215683389730763453e-01
1.088985687616677136e-03 5.133789670192906093e-03 1.369010578718108349e-02 2.193528313627877979e-02 2.815805849408836367e-02 3.189172370877411261e-02 3.313627878033603008e-02 3.313627878033603008e-02 3.360298693217175087e-02 3.375855631611698882e-02
1.361983900285640148e-01 2.560373928849649650e-01 3.035575175279148219e-01 3.140742664243053595e-01 3.161516489223578086e-01 3.178395222020254374e-01 3.186185406387951335e-01 3.196572318878213581e-01 3.199169047000778865e-01 3.204362503245909988e-01
3.469991003727027328e-03 1.606477316540290412e-02 3.058732810692713078e-02 4.459581030715846495e-02 4.986505590541061295e-02 5.166431049993574359e-02 5.204986505590541296e-02 5.230690142655185920e-02 5.243541961187508232e-02 5.256393779719830545e-02
1.096837944664031672e-01 2.193675889328063344e-01 2.592226613965744608e-01 2.697628458498023685e-01 2.712450592885375378e-01 2.719038208168643167e-01 2.723978919631093731e-01 2.727272727272727071e-01 2.728919631093544296e-01 2.730566534914360965e-01
2.226622662266226627e-01 3.863586358635863749e-01 4.242024202420242029e-01 4.303630363036303752e-01 4.321232123212321308e-01 4.336633663366336600e-01 4.356435643564356419e-01 4.367436743674367183e-01 4.391639163916391531e-01 4.400440044004400586e-01
1.178897090751194060e-01 2.316543638732088684e-01 2.774641771602258111e-01 2.857142857142856984e-01 2.887537993920972768e-01 2.917933130699087996e-01 2.930959617889709046e-01 2.948328267477203779e-01 2.963525835866261393e-01 2.974381241858445324e-01
4.196374006926054112e-02 1.081686697901813043e-01 1.395396211040945134e-01 1.493175799551843541e-01 1.511509472397636888e-01 1.535954369525361629e-01 1.550213892849867658e-01 1.558362191892442572e-01 1.566510490935017208e-01 1.574658789977592122e-01
9.664815957228048773e-03 2.940571663582150844e-02 3.948180135718692280e-02 4.359448899856056131e-02 4.606210158338474442e-02 4.709027349372815058e-02 4.729590787579683597e-02 4.729590787579683597e-02 4.811844540407156368e-02 4.914661731441496983e-02
8.278145695364238403e-04 1.655629139072847681e-03 2.276490066225165480e-03 2.690397350993377346e-03 2.690397350993377346e-03 2.690397350993377346e-03 3.104304635761589212e-03 3.104304635761589212e-03 3.518211920529801511e-03 3.725165562913907227e-03
1.094056172436316116e-01 2.540822991508817630e-01 3.262573481384715701e-01 3.461789679947746556e-01 3.514043109079033056e-01 3.553233180927498625e-01 3.576094056172436364e-01 3.582625734813847385e-01 3.598954931417374103e-01 3.602220770738079891e-01
2.082144894466628551e-02 6.645750142612663613e-02 1.129492298916143778e-01 1.525955504848830468e-01 1.731317741015402090e-01 1.765544780376497314e-01 1.794067313177410139e-01 1.808328579577866413e-01 1.816885339418140288e-01 1.819737592698231488e-01
5.451076587626056333e-03 1.662578359225947225e-02 2.507495230307985740e-02 2.970836740256200745e-02 3.052602889070591546e-02 3.134369037884982001e-02 3.379667484328154753e-02 3.461433633142545901e-02 3.570455164895066508e-02 3.624965930771327505e-02
2.548419979612640365e-04 1.783893985728848093e-03 2.548419979612640256e-03 2.548419979612640256e-03 2.548419979612640256e-03 2.548419979612640256e-03 2.548419979612640256e-03 2.803261977573904239e-03 3.312945973496432203e-03 3.822629969418960168e-03
0.000000000000000000e+00 2.087682672233820576e-04 2.087682672233820576e-04 2.087682672233820576e-04 2.087682672233820576e-04 6.263048016701461187e-04 8.350730688935282305e-04 8.350730688935282305e-04 1.043841336116910126e-03 1.043841336116910126e-03
5.270655270655270896e-02 1.321937321937322052e-01 1.764957264957265071e-01 1.874643874643874553e-01 1.897435897435897356e-01 1.923076923076923184e-01 1.934472934472934447e-01 1.955840455840455738e-01 1.967236467236467279e-01 1.974358974358974284e-01
9.401709401709401268e-03 3.005698005698005659e-02 5.256410256410256471e-02 6.695156695156695426e-02 6.994301994301994896e-02 7.150997150997151497e-02 7.165242165242165229e-02 7.293447293447292978e-02 7.450142450142449579e-02 7.535612535612536134e-02
4.387464387464387605e-02 1.290598290598290732e-01 1.745014245014245013e-01 1.849002849002849003e-01 1.871794871794871806e-01 1.890313390313390352e-01 1.904558404558404638e-01 1.913105413105413155e-01 1.921652421652421672e-01 1.925925925925925930e-01
2.136752136752136967e-03 8.974358974358973701e-03 1.965811965811965767e-02 3.019943019943020085e-02 3.418803418803419147e-02 3.603988603988603906e-02 3.717948717948717924e-02 3.774928774928774933e-02 3.945868945868945959e-02 4.088319088319088135e-02
1.189458689458689489e-01 2.108262108262108359e-01 2.287749287749287763e-01 2.309116809116809055e-01 2.313390313390313313e-01 2.319088319088319083e-01 2.319088319088319083e-01 2.320512820512820595e-01 2.321937321937321830e-01 2.324786324786324854e-01
4.376321353065539266e-01 5.576109936575053272e-01 5.724101479915433277e-01 5.776955602536998358e-01 5.787526427061310264e-01 5.808668076109936296e-01 5.813953488372093359e-01 5.813953488372093359e-01 5.824524312896406375e-01 5.824524312896406375e-01
2.278012684989429160e-01 3.213530655391120261e-01 3.276955602536997803e-01 3.308668076109936851e-01 3.319238900634249312e-01 3.329809725158562328e-01 3.335095137420718836e-01 3.335095137420718836e-01 3.345665961945031852e-01 3.361522198731500821e-01
1.622621564482029655e-01 2.536997885835095001e-01 2.637420718816067544e-01 2.642706131078224052e-01 2.658562367864693576e-01 2.658562367864693576e-01 2.658562367864693576e-01 2.663847780126850084e-01 2.674418604651162545e-01 2.684989429175475562e-01
1.516913319238900604e-01 2.632135306553911036e-01 2.758985200845666119e-01 2.758985200845666119e-01 2.774841437632135088e-01 2.785412262156448104e-01 2.801268498942917629e-01 2.811839323467230645e-01 2.822410147991543106e-01 2.822410147991543106e-01
1.791754756871035970e-01 3.298097251585623835e-01 3.504228329809725428e-01 3.520084566596194398e-01 3.551797040169133446e-01 3.567653276955602415e-01 3.572938689217758923e-01 3.572938689217758923e-01 3.572938689217758923e-01 3.572938689217758923e-01
2.899434915237285582e-01 4.469170375556333341e-01 4.767215082262339365e-01 4.794219132869930733e-01 4.802720408061209034e-01 4.818722808421262993e-01 4.828224233635045048e-01 4.835225283792569106e-01 4.838225733860079258e-01 4.841726258938841010e-01
1.691422110294495684e-01 3.007657912319473548e-01 3.346867451302872887e-01 3.380274451354268184e-01 3.391581435987048310e-01 3.396720974456493569e-01 3.402374466772883910e-01 3.407000051395384643e-01 3.410597728323996325e-01 3.414195405252608562e-01
1.025337924654366045e-01 2.170427095646810800e-01 2.571825050110499999e-01 2.641722773294958304e-01 2.659711157938017267e-01 2.666906511795240631e-01 2.671532096417741919e-01 2.676157681040242653e-01 2.677699542581076231e-01 2.678727450274965283e-01
1.113224032481883174e-01 2.052731664696510194e-01 2.349796988230457018e-01 2.402734234465744856e-01 2.414041219098524982e-01 2.420722619108804097e-01 2.424320296037415778e-01 2.425862157578249356e-01 2.427917972966027738e-01 2.429973788353805841e-01
9.554402014699080181e-02 1.901115279847869766e-01 2.288122526597111683e-01 2.353394665159068699e-01 2.363159788251014970e-01 2.372410957496016992e-01 2.374466772883795096e-01 2.377550495965462252e-01 2.384745849822685893e-01 2.388343526751297852e-01
1.431034482758620704e-02 7.793103448275862100e-02 1.717241379310344707e-01 2.560344827586206740e-01 2.905172413793103425e-01 3.020689655172413834e-01 3.072413793103448421e-01 3.103448275862069061e-01 3.118965517241379382e-01 3.124137931034483007e-01
1.551724137931034418e-03 9.655172413793104008e-03 2.310344827586206795e-02 4.000000000000000083e-02 5.137931034482758758e-02 5.741379310344827541e-02 6.189655172413793122e-02 6.344827586206897019e-02 6.413793103448275912e-02 6.465517241379310776e-02
1.965517241379310248e-02 8.103448275862068506e-02 1.586206896551724255e-01 2.168965517241379370e-01 2.382758620689655049e-01 2.431034482758620552e-01 2.441379310344827525e-01 2.448275862068965414e-01 2.456896551724137845e-01 2.467241379310344818e-01
1.034482758620689684e-03 6.206896551724137671e-03 1.568965517241379184e-02 2.741379310344827652e-02 3.120689655172413646e-02 3.396551724137931300e-02 3.689655172413792983e-02 3.827586206896551463e-02 3.913793103448275773e-02 3.931034482758620496e-02
1.120689655172413812e-01 2.420689655172413857e-01 2.879310344827586410e-01 2.951724137931034386e-01 2.968965517241379248e-01 2.996551724137930806e-01 2.999999999999999889e-01 3.013793103448275668e-01 3.018965517241379293e-01 3.034482758620689613e-01
3.445720637273064213e-02 1.281956280103742074e-01 2.074842534271952588e-01 2.615783623564282845e-01 2.871433864394219992e-01 3.019636902556502300e-01 3.112263801407929020e-01 3.145609484994442151e-01 3.153019636902556488e-01 3.182660244535012728e-01
5.187106335679881816e-03 2.630603927380511381e-02 6.150426083734716887e-02 9.225639125602075330e-02 1.107817710263060418e-01 1.263430900333456786e-01 1.363467951092997288e-01 1.430159318266024382e-01 1.470915153760652128e-01 1.500555761393108645e-01
2.593553167839940908e-03 7.410151908114116261e-03 1.148573545757687955e-02 1.778436457947387903e-02 1.963690255650240787e-02 2.037791774731382080e-02 2.148944053353093672e-02 2.185994812893664319e-02 2.260096331974805611e-02 2.297147091515375911e-02
6.298629121896998605e-03 3.964431270841052568e-02 1.041126343090033324e-01 1.656168951463505012e-01 1.941459799925898400e-01 2.071137458317895419e-01 2.152649129307150910e-01 2.204520192663949607e-01 2.234160800296406124e-01 2.248981104112634244e-01
2.815857725083364266e-02 1.004075583549462747e-01 1.756206002223045515e-01 2.315672471285661338e-01 2.582437939977769714e-01 2.726935902185994576e-01 2.826972952945535633e-01 2.875138940348276884e-01 2.897369396072619341e-01 2.912189699888847461e-01
4.349859681945743989e-02 1.520112254443405087e-01 1.973807296538821199e-01 2.179607109448082336e-01 2.221702525724976729e-01 2.245088868101028923e-01 2.268475210477081394e-01 2.282507015902712766e-01 2.287184284377923316e-01 2.291861552853133865e-01
4.770813844714686530e-02 1.431244153414406028e-01 1.777362020579981161e-01 1.903648269410664062e-01 1.927034611786716534e-01 1.973807296538821199e-01 2.001870907390084220e-01 2.006548175865294770e-01 2.011225444340505042e-01 2.029934518241346963e-01
3.896672504378283913e-02 1.414185639229422198e-01 2.285464098073555217e-01 2.810858143607705695e-01 2.955341506129597340e-01 3.016637478108581405e-01 3.064798598949212138e-01 3.091068301225919357e-01 3.104203152364273244e-01 3.121716287215411390e-01
6.219673577415085752e-02 1.777679752977503191e-01 2.853992059991177777e-01 3.286281429201587945e-01 3.467137185707984126e-01 3.533303925893250819e-01 3.559770621967357496e-01 3.612704014115571405e-01 3.647992942214380307e-01 3.656815174239082533e-01
6.109201985490645553e-03 1.450935471554028189e-02 2.214585719740358796e-02 3.054600992745322777e-02 3.321878579610538368e-02 3.512791141657121280e-02 3.550973654066437446e-02 3.627338678885070472e-02 3.703703703703703498e-02 3.703703703703703498e-02
1.359263906315349296e-02 6.785863655374320402e-02 1.495190296946884156e-01 2.138226683396068639e-01 2.395441237975742266e-01 2.512547051442911017e-01 2.572145545796737931e-01 2.593057298201589256e-01 2.613969050606440581e-01 2.627561689669594136e-01
1.861145964031785810e-02 7.998745294855709453e-02 1.484734420744458494e-01 2.025303220409870320e-01 2.255332496863237113e-01 2.399623588456712697e-01 2.481179422835633752e-01 2.512547051442911017e-01 2.547051442910915897e-01 2.576327896277708085e-01
4.255541614387285676e-02 1.317440401505646230e-01 1.912379757423672000e-01 2.188414889167712152e-01 2.268925135926390668e-01 2.311794228356336134e-01 2.323295692179004612e-01 2.333751568381430275e-01 2.348389795064826369e-01 2.358845671267252309e-01
1.139690506064408235e-02 5.144291091593475307e-02 1.058134671685487249e-01 1.454412379757423768e-01 1.604976997072354583e-01 1.681304893350062668e-01 1.707444583856127240e-01 1.717900460058552903e-01 1.730447511501463920e-01 1.739857800083647044e-01
1.453366792137181056e-02 4.956085319949812135e-02 1.002718527812630767e-01 1.381221246340443298e-01 1.494144709326641618e-01 1.549560853199498101e-01 1.575700543705562395e-01 1.587202007528230874e-01 1.595566708490171459e-01 1.598703471350899075e-01
5.868454310676411018e-02 1.200065937688884060e-01 1.407220176932798550e-01 1.438540579152700616e-01 1.448431232485301312e-01 1.455025001373701776e-01 1.459420847299302271e-01 1.463267212484202495e-01 1.466564096928402727e-01 1.469311500631902967e-01
6.406945436562448692e-02 1.367657563602395765e-01 1.728666410242321039e-01 1.839661519863728667e-01 1.859992307269630329e-01 1.870981922083631011e-01 1.873179845046431258e-01 1.876476729490631490e-01 1.881971536897631692e-01 1.883619979119731946e-01
9.445573932633660741e-02 1.694598604318918733e-01 1.934721688004835405e-01 1.967690532446837726e-01 1.974284301335238190e-01 1.978130666520138414e-01 1.980328589482938662e-01 1.984174954667838886e-01 1.988021319852739111e-01 1.991867685037639335e-01
1.648442222100115345e-02 5.115665695917358258e-02 7.945491510522556533e-02 9.687345458541678223e-02 1.047310291774273261e-01 1.083576020660475814e-01 1.097862519918676866e-01 1.102258365844277221e-01 1.106654211769877438e-01 1.109951096214077670e-01
1.153909555470080707e-02 2.785867355349195065e-02 3.906808066377273625e-02 4.665091488543326309e-02 5.203582614429363984e-02 5.862959503269410400e-02 6.390461014341447532e-02 6.621242925435463778e-02 6.687180614319468419e-02 6.725644266168470664e-02
9.244352116333419411e-02 1.947546091924175493e-01 2.322773305634900087e-01 2.379901324331342438e-01 2.394183329005453165e-01 2.408465333679563614e-01 2.413658789924695014e-01 2.418852246169826137e-01 2.422747338353674340e-01 2.426642430537522821e-01
7.894053492599324706e-02 2.002077382498052560e-01 2.479875357050116969e-01 2.572059205401194260e-01 2.598026486626850429e-01 2.611010127239677958e-01 2.616203583484809081e-01 2.618800311607374920e-01 2.623993767852506043e-01 2.626590495975071327e-01
5.050636198390028725e-02 1.380160997143599078e-01 1.813814593612048942e-01 1.930667359127499483e-01 1.973513373149831107e-01 1.989093741885224753e-01 1.995585562191638518e-01 2.008569202804466325e-01 2.008569202804466325e-01 2.013762659049597448e-01
7.037133212152688055e-02 1.664502726564528745e-01 2.066995585562191595e-01 2.148792521423006918e-01 2.174759802648662810e-01 2.186445079200207697e-01 2.192936899506621740e-01 2.199428719813035504e-01 2.203323811996883985e-01 2.207218904180732189e-01
4.050895871202284809e-02 1.032199428719813017e-01 1.420410283043365418e-01 1.522981043884705232e-01 1.548948325110360846e-01 1.576213970397299380e-01 1.587899246948844545e-01 1.595689431316541229e-01 1.600882887561672352e-01 1.603479615684237913e-01
7.443365695792880654e-02 2.168284789644013000e-01 2.961165048543689116e-01 3.300970873786407966e-01 3.333333333333333148e-01 3.478964401294498132e-01 3.527508090614886460e-01 3.527508090614886460e-01 3.527508090614886460e-01 3.543689320388349606e-01
4.854368932038834877e-02 1.375404530744336606e-01 2.087378640776698935e-01 2.540453074433656755e-01 2.653721682847896557e-01 2.702265372168284885e-01 2.750809061488673213e-01 2.783171521035598950e-01 2.783171521035598950e-01 2.783171521035598950e-01
3.465982028241335056e-02 9.499358151476251788e-02 1.412066752246469714e-01 1.643132220795892051e-01 1.707317073170731836e-01 1.732991014120667528e-01 1.758664955070603220e-01 1.771501925545571343e-01 1.784338896020539189e-01 1.784338896020539189e-01
1.201716738197424958e-02 3.690987124463519092e-02 5.493562231759656356e-02 7.467811158798283444e-02 7.811158798283261706e-02 8.068669527896996096e-02 8.240343347639485228e-02 8.326180257510729099e-02 8.412017167381974359e-02 8.497854077253218230e-02
1.905252317198764117e-02 6.951596292481977690e-02 1.035015447991761012e-01 1.148300720906282185e-01 1.210092687950566487e-01 1.215242018537590063e-01 1.230690010298661208e-01 1.251287332646755790e-01 1.261585993820803220e-01 1.261585993820803220e-01
2.365244244806288532e-01 3.889668725435148633e-01 4.278495227400336831e-01 4.338854576080853342e-01 4.359910162829870872e-01 4.378158338012352879e-01 4.399213924761369854e-01 4.418865805727119622e-01 4.428691746209994506e-01 4.441325098259404913e-01
2.464788732394366036e-02 9.663536776212831858e-02 1.809467918622848226e-01 2.494131455399060948e-01 2.922535211267605626e-01 3.106416275430359808e-01 3.215962441314553777e-01 3.280516431924882514e-01 3.315727699530516270e-01 3.372456964006259605e-01
1.115023474178403716e-02 6.103286384976525786e-02 1.455399061032863761e-01 2.241784037558685327e-01 2.621283255086072073e-01 2.856025039123630815e-01 2.926447574334898327e-01 2.985133020344287735e-01 3.032081377151799595e-01 3.059467918622847948e-01
8.411580594679186201e-03 5.379499217527386468e-02 1.328247261345852914e-01 1.928794992175273948e-01 2.202660406885758870e-01 2.445226917057903016e-01 2.564553990610328738e-01 2.638888888888888951e-01 2.691705790297339584e-01 2.721048513302034566e-01
5.672926447574335243e-03 3.012519561815336575e-02 7.003129890453833883e-02 1.028951486697965573e-01 1.273474178403755930e-01 1.408450704225352179e-01 1.478873239436619691e-01 1.527777777777777901e-01 1.561032863849765306e-01 1.574726134585289483e-01
3.394711691621535299e-01 4.758840395030264347e-01 5.003504300732717347e-01 5.035361580121057168e-01 5.043007327174259258e-01 5.051927365402995029e-01 5.057661675692896042e-01 5.062758840395030768e-01 5.068493150684931781e-01 5.071041733035999144e-01
1.438037591589678144e-01 2.557502389295954193e-01 2.867155144950621071e-01 2.920675374323032925e-01 2.934055431666135472e-01 2.942975469894871243e-01 2.948072634597005415e-01 2.950621216948072778e-01 2.953169799299139586e-01 2.956992672825740631e-01
2.535657686212361428e-02 6.129726058410685935e-02 8.337106633461625893e-02 9.191759112519809483e-02 9.508716323296355355e-02 9.655875028299751306e-02 9.712474530224134150e-02 9.740774281186324879e-02 9.774733982340955141e-02 9.803033733303147257e-02
9.285450744065920636e-03 2.681097036034928160e-02 4.187676792522444791e-02 5.177714918214242068e-02 5.614315582339195893e-02 5.823391956708891953e-02 5.878735702865576368e-02 5.891034313122617272e-02 5.897183618251137377e-02 5.934079449022260783e-02
2.572629729560143089e-03 1.204743678233042604e-02 2.290267929974273628e-02 3.275396875196084912e-02 3.651879274643910628e-02 3.764823994478257857e-02 3.796197527765576840e-02 3.865219300997678464e-02 3.871494007655142122e-02 3.884043420970069438e-02
3.806125483199523929e-02 1.433244127267320756e-01 2.330260679948458757e-01 2.649420160570918892e-01 2.713846763802160722e-01 2.739617405094657565e-01 2.742590940628407137e-01 2.746555654673406566e-01 2.751511547229655852e-01 2.756467439785905693e-01
3.766478342749529033e-03 1.447120626424819138e-02 2.468034493012191341e-02 2.795123401724650472e-02 2.894241252849638277e-02 2.943800178412132179e-02 2.953711963524630751e-02 2.993359103974625735e-02 3.013182674199623226e-02 3.013182674199623226e-02
1.883239171374764516e-03 5.649717514124293766e-03 8.524135196748935245e-03 1.020913866587372376e-02 1.139855287937357499e-02 1.209237783724848893e-02 1.229061353949846384e-02 1.238973139062345130e-02 1.258796709287342622e-02 1.268708494399841367e-02
1.387649915749826577e-03 4.262067598374467622e-03 7.929428089999008764e-03 1.030825651699871122e-02 1.100208147487362516e-02 1.149767073049856245e-02 1.209237783724848893e-02 1.219149568837347639e-02 1.229061353949846384e-02 1.229061353949846384e-02
1.486767766874814252e-03 5.748835365249281223e-03 1.080384577262365024e-02 1.387649915749826490e-02 1.516503122212310359e-02 1.615620973337298164e-02 1.625532758449796736e-02 1.645356328674794227e-02 1.655268113787293147e-02 1.665179898899791719e-02
2.866512814283979013e-02 9.874893720393537744e-02 1.282643021984695708e-01 1.328798736790963164e-01 1.351876594194096892e-01 1.361593586784889953e-01 1.372525203449532494e-01 1.381027571966476353e-01 1.387100692335722085e-01 1.390744564557269414e-01
2.623587999514150407e-02 8.137981294789262132e-02 1.056722944248754958e-01 1.106522531276569882e-01 1.127171140532005345e-01 1.139317381270496810e-01 1.142961253492044277e-01 1.145390501639742542e-01 1.151463622008988275e-01 1.153892870156686540e-01
1.797643629296732590e-02 4.724887647273168928e-02 6.656139924693307841e-02 7.166282035709947706e-02 7.299890683833352989e-02 7.469938054172234332e-02 7.639985424511114287e-02 7.664277905988096939e-02 7.700716628203571612e-02 7.737155350419044897e-02
1.700473703388801069e-03 4.858496295396574731e-03 9.716992590793149462e-03 1.323940240495566703e-02 1.530426333049920984e-02 1.566865055265395310e-02 1.627596258957852635e-02 1.639742499696343961e-02 1.688327462650309613e-02 1.700473703388801286e-02
1.639742499696343961e-02 4.093283128871614412e-02 5.283614721243774792e-02 5.696586906352484048e-02 5.842341795214381350e-02 5.927365480383821328e-02 5.963804202599295307e-02 5.963804202599295307e-02 6.000242924814769979e-02 6.024535406291752632e-02
1.846718304117407339e-01 2.922951487973909357e-01 3.171626579698328396e-01 3.228699551569506609e-01 3.257236037505095716e-01 3.289849164288626282e-01 3.302079086832450106e-01 3.314309009376273929e-01 3.326538931920097752e-01 3.355075417855686859e-01
7.297187117814921131e-02 1.598043212392988299e-01 1.944557684467998482e-01 2.013860578883000518e-01 2.042397064818589347e-01 2.062780269058296090e-01 2.075010191602119913e-01 2.087240114145943737e-01 2.111699959233591384e-01 2.119853240929474025e-01
1.231145536078271513e-01 2.348145128414186600e-01 2.649816551161842670e-01 2.715042804728903247e-01 2.755809213208316177e-01 2.808805544231552931e-01 2.825112107623318214e-01 2.849571952710966416e-01 2.857725234406848780e-01 2.861801875254790239e-01
4.647370566653077906e-02 1.141459437423563011e-01 1.426824296779453660e-01 1.496127191194455697e-01 1.528740317977986263e-01 1.536893599673868627e-01 1.549123522217692728e-01 1.561353444761516551e-01 1.565430085609457733e-01 1.577660008153281834e-01
2.445984508764777708e-03 1.019160211985324117e-02 1.345291479820627870e-02 1.630656339176518588e-02 1.793721973094170377e-02 1.793721973094170377e-02 1.793721973094170377e-02 1.793721973094170377e-02 1.875254790052996445e-02 1.916021198532409306e-02
7.389937106918238741e-02 1.918238993710691953e-01 2.405660377358490587e-01 2.672955974842767257e-01 2.814465408805031377e-01 3.066037735849056478e-01 3.160377358490565891e-01 3.191823899371069029e-01 3.238993710691823735e-01 3.286163522012578442e-01
0.000000000000000000e+00 1.344688480502016998e-03 2.689376961004033995e-03 4.034065441506051210e-03 4.930524428507395730e-03 5.378753922008067991e-03 5.826983415508740251e-03 5.826983415508740251e-03 6.275212909009412511e-03 6.275212909009412511e-03
0.000000000000000000e+00 3.759398496240601729e-04 7.518796992481203458e-04 1.879699248120300648e-03 1.879699248120300648e-03 1.879699248120300648e-03 1.879699248120300648e-03 1.879699248120300648e-03 1.879699248120300648e-03 2.631578947368420993e-03
3.565062388591800258e-04 1.069518716577540132e-03 1.069518716577540132e-03 1.069518716577540132e-03 1.069518716577540132e-03 1.069518716577540132e-03 1.069518716577540132e-03 1.069518716577540132e-03 1.069518716577540132e-03 1.069518716577540132e-03
0.000000000000000000e+00 0.000000000000000000e+00 0.000000000000000000e+00 0.000000000000000000e+00 0.000000000000000000e+00 0.000000000000000000e+00 0.000000000000000000e+00 0.000000000000000000e+00 0.000000000000000000e+00 0.000000000000000000e+00
2.006688963210702392e-01 3.359917674298945056e-01 3.815281708258296822e-01 3.915616156418831872e-01 3.938770259840493893e-01 3.961924363262155913e-01 3.967069719578080744e-01 3.972215075894005576e-01 3.985078466683817933e-01 3.987651144841780071e-01
5.711345510676614501e-02 1.234885515821970703e-01 1.654232055569848092e-01 1.857473630048880886e-01 1.908927193208129758e-01 1.970671468999228293e-01 2.006688963210702392e-01 2.024697710316439303e-01 2.029843066632364412e-01 2.029843066632364412e-01
1.980962181631077887e-02 5.788525855415487670e-02 7.640854129148443030e-02 8.747105737072292941e-02 9.441728839722150768e-02 9.879084126575765623e-02 9.981991252894262256e-02 1.029071263184975493e-01 1.049652688448675097e-01 1.054798044764599929e-01
6.688963210702341018e-03 1.620787239516336548e-02 2.572678157962438733e-02 3.344481605351170422e-02 3.936197581682531615e-02 4.219192179058400133e-02 4.399279650115770629e-02 4.502186776434267956e-02 4.553640339593516967e-02 4.605093902752765284e-02
5.145356315924878290e-04 2.058142526369951316e-03 3.859017236943658447e-03 5.659891947517366011e-03 8.232570105479805264e-03 9.518909184461023590e-03 1.131978389503473202e-02 1.183431952662721866e-02 1.234885515821970703e-02 1.260612297401595035e-02
1.944138690148596582e-01 4.108420473307650145e-01 4.686296092460098817e-01 4.726197028068244155e-01 4.745459548706659203e-01 4.760594386351127971e-01 4.767473858007704735e-01 4.779856906989543019e-01 4.789488167308750821e-01 4.793615850302696546e-01
6.906989543203082005e-02 2.072096862960924601e-01 2.783434232250963092e-01 2.971931755641166739e-01 3.002201430930104831e-01 3.025591634562465604e-01 3.033847000550357609e-01 3.046230049532195894e-01 3.050357732526142174e-01 3.055861309851403140e-01
2.559163456246560386e-02 8.159053384700054590e-02 1.199779856906989517e-01 1.388277380297193164e-01 1.430930104567969263e-01 1.436433681893230507e-01 1.446064942212438031e-01 1.451568519537699553e-01 1.458447991194276316e-01 1.458447991194276316e-01
1.084204733076499783e-01 2.911392405063291111e-01 3.709411117226196763e-01 3.855255916345624589e-01 3.885525591634562681e-01 3.907539900935608213e-01 3.919922949917446497e-01 3.925426527242708019e-01 3.937809576224545749e-01 3.943313153549807271e-01
3.893780957622454408e-02 1.164006604292790320e-01 1.699229499174463309e-01 1.879471656576774952e-01 1.911117226197028007e-01 1.926252063841497053e-01 1.938635112823335060e-01 1.944138690148596582e-01 1.945514584479911824e-01 1.951018161805173345e-01
9.354647720544700951e-02 2.468916518650088876e-01 3.357015985790408608e-01 3.676731793960923422e-01 3.724097098875073786e-01 3.730017761989342651e-01 3.730017761989342651e-01 3.741859088217880380e-01 3.747779751332149245e-01 3.747779751332149245e-01
3.670811130846654557e-02 1.379514505624629961e-01 2.166962699822380101e-01 2.705743043220840693e-01 2.960331557134399105e-01 3.114268798105387925e-01 3.126110124333925655e-01 3.143872113676731694e-01 3.155713439905269424e-01 3.155713439905269424e-01
2.338661930136175238e-01 4.363528715216103970e-01 5.062166962699822248e-01 5.174659561870929014e-01 5.198342214328004474e-01 5.210183540556542203e-01 5.227945529899348243e-01 5.227945529899348243e-01 5.233866193013617663e-01 5.239786856127885972e-01
6.264367816091953589e-02 1.660919540229885139e-01 2.293103448275861933e-01 2.540229885057471160e-01 2.701149425287356354e-01 2.816091954022988397e-01 2.839080459770114695e-01 2.862068965517241548e-01 2.873563218390804419e-01 2.908045977011494143e-01
3.907637655417407069e-02 1.059798697454114869e-01 1.598579040852575461e-01 1.959739490822972052e-01 2.249851983422143376e-01 2.486678507992895193e-01 2.557726465364120738e-01 2.587329780935464507e-01 2.605091770278271102e-01 2.605091770278271102e-01
3.587846171095414316e-02 8.509922637066935636e-02 1.089808274470232125e-01 1.145868370893597943e-01 1.163807601749075049e-01 1.176140822962215560e-01 1.185110438389953974e-01 1.192958851889225208e-01 1.198564861531561804e-01 1.207534476959300357e-01
9.495982468955442221e-03 2.510126834451158889e-02 3.499568364433229550e-02 4.236669101533966503e-02 4.389401686698984201e-02 4.462447705690948674e-02 4.528853177501826477e-02 4.562055913407264685e-02 4.628461385218141794e-02 4.668304668304668059e-02
7.284552845528455105e-03 2.452032520325203233e-02 3.804878048780487715e-02 4.286178861788617761e-02 4.383739837398373945e-02 4.442276422764227656e-02 4.474796747967479948e-02 4.474796747967479948e-02 4.481300813008130129e-02 4.494308943089431185e-02
2.177131411652007305e-03 8.360184620743707842e-03 1.497866411216581053e-02 1.881041539667334395e-02 1.959418270486806488e-02 2.029086475659670763e-02 2.063920578246103074e-02 2.090046155185926874e-02 2.098754680832535038e-02 2.116171732125751020e-02
2.242403856934633948e-04 7.848413499271218816e-04 2.130283664087902033e-03 3.139365399708487527e-03 3.924206749635609191e-03 4.821168292409462770e-03 5.381769256643121474e-03 5.606009642336584435e-03 5.830250028030048264e-03 5.830250028030048264e-03
6.203007518796992310e-03 2.969924812030075301e-02 6.372180451127819334e-02 1.001879699248120342e-01 1.266917293233082720e-01 1.462406015037593932e-01 1.548872180451127956e-01 1.577067669172932396e-01 1.590225563909774542e-01 1.599624060150375837e-01
3.195488721804511361e-03 1.240601503759398462e-02 2.481203007518796924e-02 4.078947368421052821e-02 4.924812030075188113e-02 5.413533834586466142e-02 5.939849624060150601e-02 6.240601503759398566e-02 6.560150375939849399e-02 6.616541353383458002e-02
7.650375939849624052e-02 2.422932330827067549e-01 3.492481203007518631e-01 3.877819548872180611e-01 3.951127819548871933e-01 3.973684210526315930e-01 3.983082706766917225e-01 3.996240601503759371e-01 4.007518796992481369e-01 4.011278195488721665e-01
2.481203007518796924e-02 9.097744360902255967e-02 1.827067669172932340e-01 2.586466165413534024e-01 2.864661654135338131e-01 2.928571428571428714e-01 2.951127819548872155e-01 2.971804511278195449e-01 2.981203007518796744e-01 2.986842105263157743e-01
7.518796992481203458e-04 3.571428571428571317e-03 1.259398496240601503e-02 2.105263157894736795e-02 2.725563909774435939e-02 3.439849624060150463e-02 3.796992481203007724e-02 3.890977443609022757e-02 3.890977443609022757e-02 3.966165413533834921e-02
1.871412169919632607e-01 3.809414466130884303e-01 4.495981630309988653e-01 4.675086107921928580e-01 4.730195177956372232e-01 4.762342135476463900e-01 4.778415614236509734e-01 4.801377726750861163e-01 4.812858783008036601e-01 4.824339839265212593e-01
5.350172215843857632e-02 1.196326061997703832e-01 1.501722158438576482e-01 1.630309988518943709e-01 1.690011481056257203e-01 1.706084959816303037e-01 1.712973593570608632e-01 1.724454649827784070e-01 1.731343283582089665e-01 1.735935706084959784e-01
1.588978185993111247e-01 3.212399540757749916e-01 3.892078071182548671e-01 4.135476463834673044e-01 4.206659012629161976e-01 4.250287026406429636e-01 4.268656716417910668e-01 4.296211251435131939e-01 4.323765786452353765e-01 4.342135476463834798e-01
1.008036739380022973e-01 2.151549942594718767e-01 2.590126291618828902e-01 2.727898966704936923e-01 2.792192881745120814e-01 2.819747416762342085e-01 2.826636050516647680e-01 2.835820895522387919e-01 2.840413318025258316e-01 2.842709529276693514e-01
6.291618828932261931e-02 1.285878300803673935e-01 1.593570608495981644e-01 1.712973593570608632e-01 1.752009184845005618e-01 1.779563719862227444e-01 1.807118254879448993e-01 1.809414466130883914e-01 1.814006888633754311e-01 1.814006888633754311e-01
3.299819541118845234e-02 5.697344676463005769e-02 6.328950760505284989e-02 6.509409641660221513e-02 6.586749162155194903e-02 6.638308842485177164e-02 6.638308842485177164e-02 6.664088682650166906e-02 6.689868522815158036e-02 6.702758442897653601e-02
3.147064756909421362e-02 6.959854750857373540e-02 9.219285858382085530e-02 1.002622553964091223e-01 1.030865442808150123e-01 1.044986887230179573e-01 1.057090982449061939e-01 1.057090982449061939e-01 1.063143030058503191e-01 1.067177728464797221e-01
1.682396389002872514e-02 4.247025030775544024e-02 5.847353303241690364e-02 6.421830118998768377e-02 6.873204759950758691e-02 7.016823963890028715e-02 7.119409109560935478e-02 7.160443167829298738e-02 7.221994255231842241e-02 7.242511284366023872e-02
1.091593475533249660e-02 2.383939774153074134e-02 2.910915934755332543e-02 3.149309912170639852e-02 3.224592220828105538e-02 3.249686323713927433e-02 3.249686323713927433e-02 3.287327478042659928e-02 3.287327478042659928e-02 3.299874529485571223e-02
1.099999999999999936e-02 2.500000000000000139e-02 3.500000000000000333e-02 4.233333333333333393e-02 4.533333333333333659e-02 4.700000000000000011e-02 4.733333333333333143e-02 4.800000000000000100e-02 4.800000000000000100e-02 4.833333333333333232e-02
4.510138336175857632e-02 1.282925904870191314e-01 1.900701155959825528e-01 2.158423346598446202e-01 2.236119007011559690e-01 2.262649232518476328e-01 2.283494409702482575e-01 2.294864506348303912e-01 2.300549554671214580e-01 2.302444570778851562e-01
3.893695920889987672e-02 1.501854140914709590e-01 2.338277709105892055e-01 2.694684796044499175e-01 2.849196538936959455e-01 2.880098887515450956e-01 2.896580140090647126e-01 2.900700453234446030e-01 2.911001236093943012e-01 2.917181705809641645e-01
8.052434456928839190e-02 2.694756554307116136e-01 4.011235955056179914e-01 4.460674157303370913e-01 4.533707865168539186e-01 4.548689138576779145e-01 4.558052434456928981e-01 4.582397003745318220e-01 4.597378277153558179e-01 4.612359550561797583e-01
2.554594149155335961e-02 7.807993407498969862e-02 1.291718170580964109e-01 1.668726823238566026e-01 1.788215904408735069e-01 1.833539348990523288e-01 1.845900288421919999e-01 1.860321384425216440e-01 1.878862793572311507e-01 1.891223733003708218e-01
1.442109600329624999e-03 5.562422744128553941e-03 1.462711166048619692e-02 2.678203543469303768e-02 3.378656777915121229e-02 3.811289658014008902e-02 4.408735063864853421e-02 4.676555418211784249e-02 4.903172641120725345e-02 5.006180469715698633e-02
2.052485598463836269e-01 3.567313846810326594e-01 3.917217836569233946e-01 3.962022615745679488e-01 4.000426712182632571e-01 4.017495199487945423e-01 4.026029443140601849e-01 4.036697247706422242e-01 4.040964369532750178e-01 4.049498613185406604e-01
3.996260808600140407e-02 9.324608553400327848e-02 1.271325075952325356e-01 1.399859780322505187e-01 1.451273662070577120e-01 1.469969619069876055e-01 1.476980602944613363e-01 1.488665576069174989e-01 1.500350549193736893e-01 1.505024538443561488e-01
0.000000000000000000e+00 2.336994624912362803e-04 1.168497312456181266e-03 1.635896237438653989e-03 2.336994624912362532e-03 2.336994624912362532e-03 2.804393549894835039e-03 3.271792474877307979e-03 3.739191399859780485e-03 4.206590324842252558e-03
9.815377424631923503e-03 2.477214302407104371e-02 4.440289787333489419e-02 5.118018228558074423e-02 5.468567422294928759e-02 5.655526992287917415e-02 5.795746669782659427e-02 6.029446132273896114e-02 6.099555971021266426e-02 6.146295863519513764e-02
1.635896237438653989e-03 2.804393549894835039e-03 5.842486562280906764e-03 7.478382799719560971e-03 8.646880112175741803e-03 9.581677962140686816e-03 1.028277634961439514e-02 1.028277634961439514e-02 1.075017527459686852e-02 1.098387473708810520e-02
6.466512702078522357e-02 1.798819604824223872e-01 2.499358480882730438e-01 2.787614404242579891e-01 2.851766315969549437e-01 2.879993157129415726e-01 2.893678898297836199e-01 2.898811051235993252e-01 2.905653921820203767e-01 2.909075357112308469e-01
9.057301293900185679e-03 3.798521256931608470e-02 7.245841035120148543e-02 9.889094269870610243e-02 1.127541589648798498e-01 1.201478743068391808e-01 1.233826247689463890e-01 1.248613678373382690e-01 1.257855822550831837e-01 1.265249537892791099e-01
4.302282080059857683e-02 1.265432098765432167e-01 1.864945753834642839e-01 2.121212121212121271e-01 2.214739992517770206e-01 2.262439206883651299e-01 2.284885895997006977e-01 2.292368125701459147e-01 2.298915076692854553e-01 2.306397306397306446e-01
5.082718756228821709e-03 2.112816424157863346e-02 4.155870041857683689e-02 6.019533585808251736e-02 7.135738489136934926e-02 7.903129360175403795e-02 8.421367351006577018e-02 8.610723539964121320e-02 8.770181383296790645e-02 8.879808650588000285e-02
9.474681545425834043e-04 3.474049899989472591e-03 8.421939151489629682e-03 1.168544057269186275e-02 1.473839351510685368e-02 1.810716917570270520e-02 2.073902516054321535e-02 2.221286451205390158e-02 2.294978418780924470e-02 2.400252658174544668e-02
4.679457182966775819e-02 9.499298081422555273e-02 1.193261581656527848e-01 1.272812353766963056e-01 1.319606925596630842e-01 1.328965839962564233e-01 1.347683668694431569e-01 1.352363125877398264e-01 1.357042583060364960e-01 1.366401497426298628e-01
3.197158081705150923e-02 1.083481349911190050e-01 1.776198934280639463e-01 2.131438721136767189e-01 2.238010657193605646e-01 2.335701598579040805e-01 2.362344582593250419e-01 2.388987566607460034e-01 2.388987566607460034e-01 2.415630550621669648e-01
2.664298401420959247e-03 1.598579040852575461e-02 2.753108348134991265e-02 4.529307282415630243e-02 5.772646536412077978e-02 6.660746003552397987e-02 7.548845470692717996e-02 7.726465364120781165e-02 8.170515097690941864e-02 8.614564831261101174e-02
3.285968028419183201e-02 9.591474245115452768e-02 1.420959147424511460e-01 1.678507992895204304e-01 1.776198934280639463e-01 1.865008880994671325e-01 1.891651865008880939e-01 1.891651865008880939e-01 1.918294849023090554e-01 1.936056838365896871e-01
5.328596802841918494e-03 2.575488454706927055e-02 5.062166962699822526e-02 8.259325044404973448e-02 9.946714031971580494e-02 1.127886323268205981e-01 1.234458259325044438e-01 1.269982238010657072e-01 1.305506216696269983e-01 1.323268206039076300e-01
