9.845847836897066163e-02 2.603182496270512458e-01 3.299353555445052044e-01 3.453505718547986159e-01 3.493286921929388278e-01 3.535554450522128134e-01 3.560417702635504944e-01 3.580308304326205726e-01 3.592739930382893854e-01 3.607657881650919718e-01
4.704463208685162601e-02 1.136308805790108567e-01 1.558504221954161717e-01 1.717732207478890327e-01 1.737032569360675571e-01 1.756332931242460815e-01 1.765983112183353576e-01 1.775633293124246059e-01 1.782870928829915491e-01 1.792521109770808252e-01
2.698724239450441681e-03 7.850834151128556829e-03 1.104023552502453320e-02 1.472031403336604601e-02 1.619234543670265009e-02 1.717369970559371947e-02 1.766437684003925590e-02 1.790971540726202238e-02 1.790971540726202238e-02 1.790971540726202238e-02
2.088513177523619938e-02 6.414719045251118801e-02 1.076578816509199399e-01 1.228244654400795638e-01 1.322725012431626157e-01 1.384883142715067073e-01 1.407260069617105869e-01 1.419691695673793996e-01 1.422178020885131733e-01 1.422178020885131733e-01
7.458975634012928813e-04 2.983590253605171525e-03 5.967180507210343050e-03 9.696668324216808216e-03 1.093983092988562965e-02 1.118846345101939289e-02 1.218299353555445108e-02 1.218299353555445108e-02 1.218299353555445108e-02 1.243162605668821433e-02
7.320872274143301606e-02 2.180685358255451678e-01 3.130841121495326895e-01 3.286604361370716321e-01 3.333333333333333148e-01 3.411214953271027861e-01 3.442367601246105746e-01 3.457943925233644689e-01 3.489096573208722574e-01 3.520249221183800459e-01
1.713395638629283332e-02 8.255451713395638158e-02 1.261682242990654068e-01 1.292834890965731953e-01 1.292834890965731953e-01 1.308411214953270896e-01 1.308411214953270896e-01 1.323987538940809838e-01 1.323987538940809838e-01 1.323987538940809838e-01
4.672897196261681894e-03 1.713395638629283332e-02 2.803738317757009310e-02 3.582554517133956090e-02 3.894080996884734941e-02 3.894080996884734941e-02 4.205607476635513792e-02 4.205607476635513792e-02 4.361370716510903217e-02 4.361370716510903217e-02
1.246105919003115230e-02 8.099688473520248733e-02 1.183800623052959494e-01 1.433021806853582436e-01 1.448598130841121379e-01 1.448598130841121379e-01 1.464174454828660321e-01 1.464174454828660321e-01 1.464174454828660321e-01 1.479750778816199264e-01
1.557632398753894037e-03 1.869158878504672758e-02 2.647975077881619885e-02 3.271028037383177239e-02 3.426791277258566665e-02 3.426791277258566665e-02 3.426791277258566665e-02 3.426791277258566665e-02 3.426791277258566665e-02 3.426791277258566665e-02
2.518208121320961723e-01 4.348997306195749868e-01 4.846852239848348787e-01 4.959592936246632888e-01 4.988526389304599462e-01 5.022448368751870618e-01 5.036416242641923446e-01 5.058365758754863606e-01 5.075326748478499184e-01 5.097276264591439343e-01
5.916392297715254711e-02 1.659183877082709702e-01 2.227875885463434236e-01 2.361568392696797303e-01 2.386511024643320489e-01 2.396488077421929652e-01 2.405467424922677899e-01 2.412451361867704314e-01 2.418437593534869812e-01 2.423426119924174393e-01
1.516512022348598214e-02 4.469719644816921161e-02 6.355382619974059288e-02 7.043799261698094338e-02 7.273271475606106484e-02 7.412950214506634772e-02 7.462835478399680589e-02 7.502743689514117242e-02 7.552628953407163059e-02 7.572583058964381386e-02
6.285543250523795492e-03 1.955502344607402965e-02 2.763643619674747975e-02 3.102863414147460919e-02 3.202633941933552553e-02 3.242542153047989900e-02 3.272473311383817390e-02 3.322358575276863207e-02 3.332335628055472371e-02 3.352289733612690698e-02
8.081412750673451842e-03 2.294722139080115561e-02 3.052978150254414755e-02 3.232565100269380737e-02 3.302404469719644881e-02 3.302404469719644881e-02 3.322358575276863207e-02 3.322358575276863207e-02 3.332335628055472371e-02 3.332335628055472371e-02
1.909683217254549547e-03 5.897551112109638421e-03 6.515389800044933850e-03 6.627724106942260371e-03 6.627724106942260371e-03 6.627724106942260371e-03 6.627724106942260371e-03 6.627724106942260371e-03 6.627724106942260371e-03 6.627724106942260371e-03
5.616715344866321687e-04 1.965850370703212807e-03 2.527521905189844976e-03 2.752190518984498017e-03 2.752190518984498017e-03 2.864524825881824104e-03 2.920691979330487364e-03 2.920691979330487364e-03 2.976859132779150624e-03 2.976859132779150624e-03
9.323747472478095127e-03 1.685014603459896593e-02 2.061334531565940306e-02 2.168052123118400371e-02 2.179285553808132936e-02 2.179285553808132936e-02 2.184902269152999219e-02 2.184902269152999219e-02 2.184902269152999219e-02 2.184902269152999219e-02
0.000000000000000000e+00 0.000000000000000000e+00 0.000000000000000000e+00 5.616715344866321958e-05 5.616715344866321958e-05 5.616715344866321958e-05 5.616715344866321958e-05 5.616715344866321958e-05 5.616715344866321958e-05 5.616715344866321958e-05
7.357897101774882320e-03 1.078409346214333903e-02 1.117726353628398055e-02 1.117726353628398055e-02 1.123343068973264511e-02 1.134576499662997076e-02 1.134576499662997076e-02 1.134576499662997076e-02 1.134576499662997076e-02 1.140193215007863359e-02
2.484472049689441086e-03 8.163265306122449716e-03 1.295474711623779973e-02 1.419698314108252049e-02 1.419698314108252049e-02 1.437444543034605178e-02 1.437444543034605178e-02 1.437444543034605178e-02 1.437444543034605178e-02 1.437444543034605178e-02
0.000000000000000000e+00 5.323868677905945184e-04 8.873114463176575307e-04 1.064773735581189037e-03 1.774622892635315061e-03 1.774622892635315061e-03 1.774622892635315061e-03 1.774622892635315061e-03 2.129547471162378074e-03 2.129547471162378074e-03
3.549245785270630123e-04 2.307009760425909363e-03 2.839396628216504098e-03 2.839396628216504098e-03 2.839396628216504098e-03 2.839396628216504098e-03 2.839396628216504098e-03 2.839396628216504098e-03 2.839396628216504098e-03 2.839396628216504098e-03
0.000000000000000000e+00 0.000000000000000000e+00 0.000000000000000000e+00 0.000000000000000000e+00 0.000000000000000000e+00 0.000000000000000000e+00 0.000000000000000000e+00 0.000000000000000000e+00 0.000000000000000000e+00 0.000000000000000000e+00
1.242236024844720543e-03 6.921029281277728089e-03 1.206743566992014155e-02 1.561668145519077254e-02 1.792369121561668277e-02 1.845607808340727490e-02 1.863354037267080793e-02 1.898846495119787051e-02 1.898846495119787051e-02 1.934338952972493308e-02
8.482995796713794015e-03 2.483760030569354127e-02 4.317921283912877495e-02 5.387848681696599112e-02 5.938097057699655984e-02 6.152082537256400169e-02 6.251432938479174750e-02 6.259075277034772955e-02 6.266717615590371160e-02 6.266717615590371160e-02
0.000000000000000000e+00 2.292701566679403993e-04 9.170806266717615972e-04 1.528467711119602590e-03 2.369124952235384090e-03 2.598395108903324598e-03 2.980512036683224866e-03 3.133358807795185493e-03 3.133358807795185493e-03 3.133358807795185493e-03
7.191440580817730355e-02 1.869316010699274000e-01 2.646541841803591866e-01 2.982040504394344871e-01 3.113488727550630664e-01 3.163163928162017746e-01 3.196025983951089056e-01 3.215131830340083874e-01 3.225831104317921083e-01 3.235001910584638929e-01
4.585403133358807986e-04 2.827665265571264672e-03 6.572411157814291374e-03 9.400076423385556046e-03 1.100496752006113917e-02 1.276270538784868118e-02 1.352693924340848258e-02 1.367978601452044321e-02 1.367978601452044321e-02 1.383263278563240384e-02
0.000000000000000000e+00 0.000000000000000000e+00 7.642338555598012406e-05 7.642338555598012406e-05 1.528467711119602481e-04 1.528467711119602481e-04 1.528467711119602481e-04 1.528467711119602481e-04 2.292701566679403993e-04 2.292701566679403993e-04
2.160994057266342472e-02 4.538087520259319330e-02 5.753646677471636883e-02 5.915721231766612326e-02 5.942733657482442144e-02 5.942733657482442144e-02 5.942733657482442144e-02 5.942733657482442144e-02 5.969746083198271269e-02 5.996758508914100394e-02
1.309288537549407189e-02 3.631422924901185623e-02 4.545454545454545581e-02 4.594861660079051224e-02 4.619565217391304046e-02 4.619565217391304046e-02 4.619565217391304046e-02 4.619565217391304046e-02 4.619565217391304046e-02 4.619565217391304046e-02
5.020920502092050125e-03 1.108786610878661170e-02 1.192468619246861948e-02 1.192468619246861948e-02 1.192468619246861948e-02 1.192468619246861948e-02 1.192468619246861948e-02 1.192468619246861948e-02 1.192468619246861948e-02 1.192468619246861948e-02
4.274465691788526672e-02 6.591676040494938438e-02 6.861642294713160561e-02 6.861642294713160561e-02 6.861642294713160561e-02 6.861642294713160561e-02 6.861642294713160561e-02 6.861642294713160561e-02 6.861642294713160561e-02 6.861642294713160561e-02
1.837440553393860851e-02 3.501945525291828842e-02 3.912667531344574123e-02 3.912667531344574123e-02 3.912667531344574123e-02 3.912667531344574123e-02 3.912667531344574123e-02 3.912667531344574123e-02 3.912667531344574123e-02 3.912667531344574123e-02
1.434676434676434575e-01 3.321123321123320982e-01 4.118844118844118829e-01 4.385429385429385207e-01 4.456654456654456919e-01 4.507529507529507429e-01 4.519739519739519595e-01 4.550264550264550012e-01 4.578754578754578586e-01 4.607244607244607160e-01
1.091016316099862327e-01 2.838608217023785851e-01 3.752702968350697943e-01 4.010222134853548281e-01 4.071161784942008977e-01 4.100648712404167395e-01 4.120306664045606526e-01 4.141930410851189515e-01 4.161588362492628090e-01 4.185177904462354936e-01
9.184302445038011742e-02 2.449147318676802854e-01 3.215533182658721900e-01 3.412779946579001522e-01 3.451818368604890330e-01 3.482638175467433483e-01 3.497020752003287547e-01 3.515512636120813883e-01 3.525785905074995119e-01 3.536059174029176355e-01
2.587412587412587367e-02 7.692307692307692735e-02 1.191142191142191137e-01 1.333333333333333315e-01 1.386946386946386889e-01 1.417249417249417387e-01 1.431235431235431121e-01 1.447552447552447608e-01 1.456876456876456949e-01 1.480186480186480302e-01
1.265627411637598385e-02 3.997530483099243775e-02 6.112054329371816724e-02 7.408550702268869304e-02 7.825281679271492430e-02 8.072233369347121823e-02 8.257447136903843521e-02 8.473529865720018373e-02 8.643309152647013494e-02 8.720481555795647766e-02
4.939209726443768815e-03 1.405775075987841967e-02 1.709726443768996851e-02 1.823708206686929997e-02 1.823708206686929997e-02 1.899696048632218762e-02 1.937689969604863144e-02 1.975683890577507526e-02 2.013677811550151908e-02 2.013677811550151908e-02
0.000000000000000000e+00 0.000000000000000000e+00 0.000000000000000000e+00 0.000000000000000000e+00 0.000000000000000000e+00 0.000000000000000000e+00 0.000000000000000000e+00 0.000000000000000000e+00 0.000000000000000000e+00 0.000000000000000000e+00
5.167173252279635282e-02 9.346504559270517321e-02 1.056231003039513616e-01 1.117021276595744628e-01 1.132218844984802381e-01 1.155015197568389079e-01 1.166413373860182429e-01 1.166413373860182429e-01 1.174012158054711236e-01 1.177811550151975639e-01
0.000000000000000000e+00 7.598784194528875350e-04 1.519756838905775070e-03 1.519756838905775070e-03 1.519756838905775070e-03 1.519756838905775070e-03 1.519756838905775070e-03 1.519756838905775070e-03 1.899696048632218892e-03 1.899696048632218892e-03
1.519756838905775070e-03 5.319148936170212637e-03 6.079027355623100280e-03 6.838905775075987924e-03 8.358662613981762343e-03 8.358662613981762343e-03 8.358662613981762343e-03 9.878419452887537630e-03 9.878419452887537630e-03 9.878419452887537630e-03
1.228419654714475451e-01 2.244355909694555062e-01 2.509960159362549792e-01 2.523240371845949515e-01 2.526560424966799445e-01 2.539840637450199168e-01 2.546480743691899029e-01 2.549800796812748960e-01 2.559760956175298752e-01 2.566401062416998613e-01
7.735723771580345354e-02 1.517264276228419695e-01 1.643426294820717060e-01 1.653386454183266852e-01 1.660026560424966713e-01 1.666666666666666574e-01 1.669986719787516505e-01 1.669986719787516505e-01 1.669986719787516505e-01 1.673306772908366435e-01
1.041608489248813246e-01 1.647584473610723133e-01 1.792795308573024160e-01 1.812342920971795612e-01 1.815135437028762844e-01 1.823512985199664815e-01 1.826305501256632324e-01 1.826305501256632324e-01 1.826305501256632324e-01 1.826305501256632324e-01
1.494023904382470180e-02 2.324037184594953537e-02 2.622841965471447642e-02 2.722443559096945562e-02 2.755644090305444868e-02 2.855245683930942788e-02 2.921646746347941401e-02 3.021248339973439667e-02 3.054448871181938974e-02 3.054448871181938974e-02
1.294820717131474168e-02 1.826029216467463592e-02 1.992031872509960125e-02 1.992031872509960125e-02 2.058432934926958738e-02 2.058432934926958738e-02 2.058432934926958738e-02 2.058432934926958738e-02 2.058432934926958738e-02 2.058432934926958738e-02
5.831597738768223849e-02 1.222850342160071435e-01 1.431121689973222366e-01 1.448973519785778097e-01 1.448973519785778097e-01 1.451948824754537293e-01 1.451948824754537293e-01 1.451948824754537293e-01 1.451948824754537293e-01 1.451948824754537293e-01
1.190121987503719135e-02 3.362094614698006578e-02 4.819994049390062540e-02 5.236536745016363847e-02 5.355548943766735848e-02 5.385301993454329195e-02 5.385301993454329195e-02 5.415055043141921848e-02 5.415055043141921848e-02 5.415055043141921848e-02
9.706120248045294746e-03 3.370180641682394423e-02 5.014828794823402575e-02 5.985440819627932396e-02 6.362901051496359928e-02 6.416823941763279138e-02 6.470746832030196960e-02 6.470746832030196960e-02 6.497708277163656565e-02 6.497708277163656565e-02
4.676174888940846236e-03 1.660042085574000431e-02 2.922609305588029158e-02 4.185176525602057190e-02 4.699555763385550311e-02 5.097030628945522363e-02 5.260696750058452276e-02 5.377601122281973345e-02 5.564648117839607333e-02 5.658171615618424327e-02
0.000000000000000000e+00 0.000000000000000000e+00 2.975304968759297838e-04 2.975304968759297838e-04 2.975304968759297838e-04 2.975304968759297838e-04 2.975304968759297838e-04 2.975304968759297838e-04 2.975304968759297838e-04 2.975304968759297838e-04
1.468548584482336520e-03 2.610753039079709466e-03 2.937097168964673041e-03 2.937097168964673041e-03 2.937097168964673041e-03 2.937097168964673041e-03 2.937097168964673041e-03 2.937097168964673041e-03 2.937097168964673041e-03 2.937097168964673041e-03
8.158603247124092081e-05 4.079301623562046311e-04 4.079301623562046311e-04 4.895161948274455790e-04 4.895161948274455790e-04 5.711022272986864727e-04 5.711022272986864727e-04 5.711022272986864727e-04 5.711022272986864727e-04 5.711022272986864727e-04
1.386962552011095735e-03 2.529167006608468680e-03 3.345027331320877834e-03 3.589785428734600624e-03 3.589785428734600624e-03 3.589785428734600624e-03 3.589785428734600624e-03 3.589785428734600624e-03 3.589785428734600624e-03 3.589785428734600624e-03
1.917271763074161750e-02 3.614261238475972859e-02 4.030350004079301385e-02 4.120094639797666769e-02 4.128253243044791021e-02 4.136411846291914579e-02 4.136411846291914579e-02 4.144570449539038831e-02 4.152729052786163083e-02 4.152729052786163083e-02
6.526882597699274098e-03 1.231949090315737939e-02 1.435914171493840250e-02 1.476707187729460642e-02 1.476707187729460642e-02 1.476707187729460642e-02 1.476707187729460642e-02 1.476707187729460642e-02 1.476707187729460642e-02 1.476707187729460642e-02
1.058882449738856625e-02 3.004936681691349962e-02 4.256993632396079141e-02 4.843671746440580961e-02 4.915217857909422866e-02 4.922372469056306848e-02 4.922372469056306848e-02 4.922372469056306848e-02 4.922372469056306848e-02 4.922372469056306848e-02
2.146383344065250004e-04 9.300994490949416682e-04 3.505759461973241564e-03 6.296057809258066677e-03 8.370895041854474472e-03 8.943263933605208674e-03 9.014810045074050232e-03 9.014810045074050232e-03 9.014810045074050232e-03 9.014810045074050232e-03
1.552550618873864245e-02 3.190956571510338707e-02 3.756170852114187886e-02 3.856335408170565721e-02 3.856335408170565721e-02 3.856335408170565721e-02 3.863490019317450397e-02 3.870644630464334379e-02 3.870644630464334379e-02 3.870644630464334379e-02
4.006582242255133340e-03 9.730271159762467550e-03 1.380839951348644158e-02 1.581169063461401042e-02 1.624096730342705977e-02 1.638405952636474289e-02 1.638405952636474289e-02 1.645560563783358271e-02 1.645560563783358271e-02 1.645560563783358271e-02
5.008227802818916675e-04 1.073191672032625110e-03 2.003291121127566670e-03 2.217929455534091779e-03 2.217929455534091779e-03 2.217929455534091779e-03 2.217929455534091779e-03 2.217929455534091779e-03 2.217929455534091779e-03 2.217929455534091779e-03
5.887005649717513833e-02 1.212429378531073437e-01 1.447457627118644008e-01 1.477966101694915269e-01 1.489265536723163863e-01 1.501694915254237206e-01 1.506214689265536755e-01 1.509604519774011278e-01 1.515254237288135575e-01 1.523163841807909646e-01
9.039548022598870372e-03 1.649717514124293682e-02 1.785310734463276677e-02 1.807909604519774074e-02 1.830508474576271125e-02 1.830508474576271125e-02 1.830508474576271125e-02 1.830508474576271125e-02 1.830508474576271125e-02 1.830508474576271125e-02
4.632768361581921304e-03 1.050847457627118731e-02 1.220338983050847474e-02 1.242937853107344698e-02 1.242937853107344698e-02 1.242937853107344698e-02 1.242937853107344698e-02 1.242937853107344698e-02 1.242937853107344698e-02 1.242937853107344698e-02
5.649717514124293983e-04 1.920903954802259889e-03 2.033898305084745790e-03 2.146892655367231475e-03 2.146892655367231475e-03 2.146892655367231475e-03 2.146892655367231475e-03 2.146892655367231475e-03 2.146892655367231475e-03 2.146892655367231475e-03
2.372881355932203278e-03 9.265536723163842608e-03 1.299435028248587497e-02 1.401129943502824916e-02 1.412429378531073441e-02 1.423728813559321967e-02 1.423728813559321967e-02 1.435028248587570665e-02 1.435028248587570665e-02 1.446327683615819190e-02
2.818623045119539872e-01 4.381628617652346125e-01 4.613517886032716397e-01 4.627898615854754705e-01 4.629696207082509285e-01 4.631493798310264420e-01 4.631493798310264420e-01 4.631493798310264420e-01 4.631493798310264420e-01 4.631493798310264420e-01
1.557280852216303968e-01 2.748939243477475647e-01 3.008937437934458559e-01 3.031506725647738487e-01 3.036020583190394695e-01 3.036923354698925492e-01 3.036923354698925492e-01 3.036923354698925492e-01 3.036923354698925492e-01 3.036923354698925492e-01
4.645913665005172583e-02 9.705633405435906691e-02 1.119157340355497049e-01 1.139847644126775195e-01 1.141728580833255013e-01 1.142669049186494923e-01 1.142669049186494923e-01 1.142669049186494923e-01 1.142669049186494923e-01 1.143609517539734832e-01
1.095220854453294798e-02 2.887400434467777069e-02 3.539102099927588646e-02 3.729181752353367268e-02 3.783490224475018204e-02 3.783490224475018204e-02 3.783490224475018204e-02 3.792541636495293245e-02 3.792541636495293245e-02 3.792541636495293245e-02
2.769315978953198511e-04 7.384842610541862695e-04 8.307947936859595532e-04 9.231053263177328369e-04 1.015415858949506121e-03 1.107726391581279404e-03 1.107726391581279404e-03 1.107726391581279404e-03 1.107726391581279404e-03 1.107726391581279404e-03
1.979529861657856188e-02 6.568439995501068607e-02 9.689573726240018059e-02 1.096614554043414680e-01 1.129794173883702652e-01 1.141603869081093264e-01 1.146665167022832138e-01 1.148352266336745003e-01 1.148914632774716005e-01 1.150601732088629009e-01
1.328162354566222222e-03 4.462625511342506110e-03 6.853317749561706369e-03 8.128353609945279667e-03 8.500239069223822566e-03 8.659618551771768036e-03 8.659618551771768036e-03 8.659618551771768036e-03 8.765871540137066750e-03 8.765871540137066750e-03
1.364610352994248370e-02 4.905830607871884685e-02 8.864328408706440010e-02 1.147513251381526989e-01 1.242810420660877407e-01 1.271568738017367639e-01 1.281154843802864429e-01 1.285665952407804291e-01 1.289613172437126531e-01 1.292996503890831150e-01
1.243710780711176390e-02 3.346712646277347214e-02 4.839165583130759091e-02 5.449714511843518905e-02 5.579738820736050708e-02 5.579738820736050708e-02 5.591045282378879350e-02 5.596698513200294017e-02 5.602351744021708685e-02 5.602351744021708685e-02
4.675221889309740669e-02 1.256147888518288069e-01 1.663180507660127760e-01 1.749674939227768566e-01 1.754762846967041767e-01 1.760981400870597624e-01 1.763242693199163214e-01 1.764373339363446147e-01 1.764373339363446147e-01 1.765503985527729081e-01
1.070950468540829946e-02 2.208835341365461905e-02 2.454261490406068821e-02 2.543507362784471273e-02 2.565818830879071713e-02 2.565818830879071713e-02 2.588130298973672500e-02 2.610441767068272939e-02 2.655064703257474512e-02 2.677376171352074952e-02
1.083733556065984566e-01 2.681144288995614966e-01 3.297139277510962585e-01 3.437043224055126300e-01 3.462100647316767588e-01 3.497598663604092883e-01 3.520567968260597258e-01 3.528920442681144354e-01 3.553977865942785641e-01 3.560242221758195824e-01
4.462293618920124775e-04 6.693440428380187162e-04 8.924587237840249550e-04 8.924587237840249550e-04 1.115573404730031302e-03 1.115573404730031302e-03 1.338688085676037432e-03 1.338688085676037432e-03 1.561802766622043780e-03 2.231146809460062604e-03
1.561802766622043780e-03 6.470325747434181249e-03 8.924587237840250417e-03 1.026327532351628720e-02 1.070950468540829946e-02 1.115573404730031172e-02 1.137884872824631785e-02 1.160196340919232572e-02 1.160196340919232572e-02 1.182507809013833185e-02
2.231146809460062387e-04 2.231146809460062387e-04 2.231146809460062387e-04 4.462293618920124775e-04 4.462293618920124775e-04 4.462293618920124775e-04 4.462293618920124775e-04 4.462293618920124775e-04 4.462293618920124775e-04 4.462293618920124775e-04
1.885545933398803664e-01 3.247924292473886032e-01 3.491652531024015960e-01 3.504151415052227381e-01 3.505044192482814069e-01 3.506829747343986892e-01 3.508615302205160269e-01 3.513971966788679846e-01 3.523792518525131756e-01 3.528256405678064644e-01
1.544504954914739832e-02 4.106776180698151757e-02 5.526292295330773735e-02 6.017319882153378957e-02 6.186947593964824826e-02 6.258369788411749512e-02 6.276225337023480511e-02 6.311936434246942507e-02 6.329791982858673505e-02 6.356575305776270002e-02
1.463262208731363201e-01 2.509597357378805516e-01 2.727435050441924802e-01 2.772073921971252575e-01 2.784572805999464551e-01 2.792607802874743084e-01 2.793500580305329772e-01 2.799750022319436038e-01 2.806892241764128437e-01 2.810463351486474637e-01
2.589054548701009029e-03 1.035621819480403612e-02 2.062315864654941377e-02 3.097937684135345163e-02 3.803231854298723402e-02 4.053209534862958763e-02 4.133559503615748254e-02 4.204981698062672940e-02 4.213909472368538439e-02 4.249620569592000435e-02
7.142219444692438253e-03 2.580126774395143444e-02 3.705026336934202219e-02 4.231765020980269437e-02 4.392464958485849807e-02 4.446031604321042802e-02 4.499598250156235796e-02 4.544237121685563985e-02 4.553164895991429484e-02 4.571020444603160482e-02
1.326553172673004648e-03 5.527304886137519510e-03 7.296042449701525129e-03 7.959319036038027886e-03 8.622595622374530644e-03 8.843687817820031563e-03 9.064780013265532482e-03 9.285872208711031667e-03 9.285872208711031667e-03 9.285872208711031667e-03
0.000000000000000000e+00 0.000000000000000000e+00 7.258649891120251421e-04 9.678199854827001895e-04 1.693684974594725440e-03 1.935639970965400379e-03 1.935639970965400379e-03 1.935639970965400379e-03 1.935639970965400379e-03 2.177594967336075535e-03
6.792675723567631781e-03 1.919669226225634989e-02 2.894270525694034313e-02 3.101004134672179571e-02 3.219137625516833856e-02 3.219137625516833856e-02 3.248670998227997514e-02 3.307737743650324830e-02 3.307737743650324830e-02 3.337271116361488488e-02
2.827521206409048214e-03 5.969211435752434444e-03 8.482563619227143775e-03 1.131008482563619286e-02 1.225259189443920864e-02 1.288092994030788641e-02 1.288092994030788641e-02 1.288092994030788641e-02 1.288092994030788641e-02 1.288092994030788641e-02
9.425070688030159991e-04 2.199183160540370881e-03 3.141690229343386664e-03 4.712535344015079779e-03 4.712535344015079779e-03 4.712535344015079779e-03 4.712535344015079779e-03 4.712535344015079779e-03 4.712535344015079779e-03 4.712535344015079779e-03
6.315179606025492220e-02 1.668597914252607228e-01 2.149478563151795973e-01 2.314600231749710246e-01 2.360950173812282615e-01 2.384125144843569077e-01 2.421784472769409058e-01 2.442062572421784539e-01 2.456546929316338335e-01 2.471031286210892131e-01
1.158748551564310614e-02 3.186558516801853841e-02 4.866743916570104300e-02 5.156431054461181607e-02 5.475086906141367338e-02 5.619930475086905991e-02 5.706836616454229183e-02 5.822711471610660799e-02 5.880648899188876261e-02 5.938586326767091722e-02
2.027809965237543574e-02 4.779837775202781108e-02 7.184241019698725528e-02 8.256083429895712256e-02 8.806488991888759832e-02 9.038238702201621677e-02 9.125144843568945563e-02 9.269988412514484910e-02 9.356894553881807408e-02 9.501738122827346755e-02
2.224797219003476212e-01 4.017960602549247029e-01 4.403244495944380055e-01 4.481460023174971274e-01 4.527809965237543643e-01 4.594438006952491493e-01 4.646581691772885270e-01 4.666859791425260751e-01 4.678447276940903565e-01 4.707415990730011712e-01
1.448435689455388267e-03 7.242178447276941336e-03 1.013904982618771787e-02 1.129779837775202710e-02 1.245654692931633806e-02 1.274623406720741536e-02 1.332560834298957171e-02 1.332560834298957171e-02 1.332560834298957171e-02 1.332560834298957171e-02
1.128136797690428572e-01 1.943149011769931267e-01 2.151898734177215278e-01 2.182989118365534220e-01 2.189651343548745244e-01 2.194092827004219537e-01 2.194092827004219537e-01 2.196313568731956545e-01 2.196313568731956545e-01 2.198534310459693553e-01
5.996002664890072963e-03 2.642682656007106293e-02 5.307572729291583358e-02 6.817677104152787548e-02 7.039751276926493884e-02 7.306240284254941764e-02 7.372862536087053387e-02 7.439484787919165010e-02 7.506107039751276633e-02 7.550521874306018177e-02
6.662225183211192663e-04 1.332445036642238533e-03 6.218076837663779818e-03 1.243615367532755964e-02 1.399067288474350503e-02 1.510104374861203670e-02 1.554519209415944868e-02 1.576726626693315467e-02 1.621141461248057011e-02 1.665556295802798209e-02
2.442815900510770730e-02 8.083499888962913937e-02 1.290250943815234308e-01 1.472351765489673669e-01 1.554519209415944903e-01 1.572285143237841520e-01 1.585609593604263845e-01 1.590051077059737861e-01 1.594492560515212154e-01 1.596713302242949162e-01
3.997335109926715598e-03 1.754385964912280604e-02 2.775927159671330233e-02 3.264490339773484101e-02 3.375527426160337269e-02 3.553186764379302753e-02 3.664223850766155921e-02 3.730846102598267544e-02 3.775260937153009089e-02 3.775260937153009089e-02
8.091385054735840410e-03 2.141837220371251710e-02 2.855782960495002396e-02 3.077899412977946891e-02 3.125495795652863396e-02 3.157226717436141528e-02 3.204823100111058032e-02 3.236554021894336164e-02 3.268284943677613602e-02 3.300015865460891734e-02
1.527689369828134913e-02 4.789942711648631501e-02 8.593252705283259407e-02 9.659452577975811971e-02 9.898154042011457487e-02 1.005728835136855542e-01 1.005728835136855542e-01 1.008911521323997418e-01 1.010502864417568425e-01 1.013685550604710439e-01
1.105277701022381806e-02 4.863221884498480224e-02 8.565902182923459951e-02 1.329096435479414084e-01 1.613705443492677583e-01 1.724233213594915659e-01 1.738049184857695384e-01 1.749101961867919330e-01 1.762917933130699055e-01 1.771207515888366946e-01
2.389990158864051945e-03 6.748207507380851733e-03 9.278785322648671133e-03 1.012231126107127760e-02 1.040348657387881424e-02 1.068466188668634916e-02 1.068466188668634916e-02 1.068466188668634916e-02 1.068466188668634916e-02 1.068466188668634916e-02
1.956564273136372507e-03 8.217569947172764788e-03 1.506554490315006878e-02 2.093523772255918500e-02 2.250048914106828404e-02 2.289180199569555707e-02 2.308745842300919532e-02 2.328311485032283357e-02 2.347877127763647181e-02 2.347877127763647181e-02
6.621004566210045295e-02 1.050228310502283047e-01 1.255707762557077556e-01 1.506849315068493067e-01 1.552511415525114069e-01 1.689497716894977075e-01 1.735159817351598077e-01 1.757990867579908578e-01 1.780821917808219079e-01 1.826484018264840081e-01
2.756892230576440950e-02 6.015037593984962072e-02 6.766917293233082331e-02 8.020050125313282763e-02 9.523809523809523281e-02 1.027568922305764354e-01 1.102756892230576380e-01 1.127819548872180389e-01 1.253132832080200432e-01 1.278195488721804440e-01
0.000000000000000000e+00 0.000000000000000000e+00 0.000000000000000000e+00 0.000000000000000000e+00 0.000000000000000000e+00 0.000000000000000000e+00 0.000000000000000000e+00 0.000000000000000000e+00 0.000000000000000000e+00 0.000000000000000000e+00
0.000000000000000000e+00 0.000000000000000000e+00 0.000000000000000000e+00 0.000000000000000000e+00 0.000000000000000000e+00 0.000000000000000000e+00 0.000000000000000000e+00 0.000000000000000000e+00 0.000000000000000000e+00 1.795332136445242435e-03
0.000000000000000000e+00 0.000000000000000000e+00 0.000000000000000000e+00 0.000000000000000000e+00 0.000000000000000000e+00 0.000000000000000000e+00 0.000000000000000000e+00 0.000000000000000000e+00 0.000000000000000000e+00 0.000000000000000000e+00
1.416026344676180049e-01 3.644346871569703605e-01 4.824368825466520128e-01 5.233260153677278259e-01 5.332052689352360098e-01 5.370472008781558282e-01 5.386937431394072107e-01 5.406147091108671754e-01 5.419868276619099756e-01 5.425356750823271401e-01
2.991218441273325868e-02 1.062019758507135037e-01 1.772777167947310606e-01 2.299670691547749668e-01 2.574094401756311656e-01 2.716794731064763879e-01 2.788144895718990268e-01 2.826564215148189008e-01 2.840285400658617010e-01 2.859495060373216102e-01
2.936333699231613581e-02 1.081229418221734406e-01 1.970362239297475393e-01 2.406695938529088974e-01 2.642700329308452223e-01 2.714050493962678612e-01 2.768935236004390621e-01 2.801866081229418270e-01 2.810098792535675183e-01 2.815587266739846273e-01
8.232711306256860345e-04 7.135016465422612877e-03 1.783754116355653133e-02 3.814489571899012249e-02 5.378704720087815888e-02 6.147091108671789289e-02 6.503841931942920540e-02 6.970362239297475671e-02 7.162458836443469368e-02 7.272228320526893941e-02
0.000000000000000000e+00 8.232711306256860345e-04 3.293084522502744138e-03 1.015367727771679558e-02 1.509330406147091179e-02 2.469813391877058104e-02 2.908891328210757438e-02 3.265642151481887995e-02 3.347969264544456425e-02 3.402854006586168711e-02
1.579846285226302327e-01 3.161827497865072334e-01 3.638627953316254104e-01 3.722601764873327834e-01 3.757472245943637712e-01 3.780244805009962961e-01 3.792342727013948145e-01 3.796612581838884060e-01 3.804440649017933329e-01 3.807998861372046684e-01
5.209222886421861765e-02 1.079561628237973303e-01 1.307287218901224124e-01 1.360660404212923336e-01 1.382009678337603187e-01 1.394107600341588371e-01 1.400512382578992243e-01 1.404782237403928158e-01 1.409763734699686910e-01 1.414033589524622825e-01
6.191289496157130999e-03 1.779106177056646865e-02 2.576145744378024321e-02 2.775405636208368859e-02 2.903501280956447342e-02 2.981781952746940037e-02 3.017364076288072891e-02 3.038713350412752465e-02 3.045829775120979105e-02 3.045829775120979105e-02
3.650725875320239011e-02 8.376031881582693406e-02 1.006262453743239360e-01 1.032593225163677825e-01 1.038286364930258998e-01 1.043267862226017612e-01 1.046826074580130966e-01 1.048249359521776225e-01 1.049672644463421622e-01 1.051807571875889580e-01
3.914033589524622617e-03 8.112724167378309106e-03 1.010532308568175275e-02 1.074580130942214690e-02 1.081696555650441156e-02 1.088812980358667797e-02 1.088812980358667797e-02 1.103045829775120903e-02 1.103045829775120903e-02 1.103045829775120903e-02
9.663564781675017257e-02 2.362204724409448786e-01 2.956335003579098064e-01 3.149606299212598381e-01 3.221188260558339178e-01 3.278453829634931926e-01 3.314244810307802602e-01 3.328561202576950651e-01 3.335719398711524675e-01 3.350035790980672723e-01
1.906542056074766456e-01 3.246105919003115514e-01 3.676012461059189884e-01 3.838006230529594776e-01 3.912772585669782033e-01 3.968847352024922337e-01 4.000000000000000222e-01 4.037383177570093573e-01 4.062305295950155992e-01 4.074766355140186924e-01
2.520478890989288033e-03 8.821676118462507682e-03 1.512287334593572820e-02 2.331442974165091539e-02 2.583490863264020082e-02 2.835538752362948972e-02 2.898550724637681195e-02 2.961562696912413417e-02 2.961562696912413417e-02 2.961562696912413417e-02
5.225483178239083426e-02 1.317108088761632101e-01 1.760916249105225484e-01 2.018611309949892574e-01 2.133142448103078070e-01 2.190408017179670819e-01 2.247673586256263289e-01 2.269148174659985640e-01 2.269148174659985640e-01 2.283464566929133965e-01
0.000000000000000000e+00 7.158196134574087034e-04 1.431639226914817407e-03 2.147458840372226327e-03 4.294917680744452654e-03 7.158196134574087467e-03 8.589835361488905308e-03 1.002147458840372228e-02 1.073729420186113163e-02 1.073729420186113163e-02
1.228925056037423191e-01 2.283403177078257573e-01 2.571874086346360166e-01 2.607932950004872574e-01 2.627424227658122780e-01 2.641068122015398090e-01 2.652762888607348435e-01 2.658610271903323330e-01 2.667381346847285672e-01 2.676152421791248570e-01
5.652470519442549454e-03 1.081765909755384551e-02 1.247441769808010914e-02 1.266933047461261085e-02 1.266933047461261085e-02 1.276678686287886257e-02 1.276678686287886257e-02 1.276678686287886257e-02 1.276678686287886257e-02 1.276678686287886257e-02
1.461845823993762790e-03 3.898255530650034106e-03 4.677906636780040928e-03 4.775363025046291780e-03 4.775363025046291780e-03 4.775363025046291780e-03 4.775363025046291780e-03 4.775363025046291780e-03 4.775363025046291780e-03 4.775363025046291780e-03
1.851671377058766201e-03 4.190624695448786664e-03 4.677906636780040928e-03 4.677906636780040928e-03 4.677906636780040928e-03 4.677906636780040928e-03 4.677906636780040928e-03 4.677906636780040928e-03 4.677906636780040928e-03 4.677906636780040928e-03
3.898255530650034106e-03 6.919403566903810539e-03 7.601598284767566507e-03 7.601598284767566507e-03 7.699054673033817360e-03 7.991423837832569918e-03 8.088880226098821638e-03 8.186336614365071623e-03 8.381249390897573329e-03 8.673618555696326754e-03
9.698594168809146487e-02 1.822657403861933090e-01 2.047480991193041944e-01 2.075378808599092073e-01 2.081943000929927234e-01 2.083584049012636163e-01 2.083584049012636163e-01 2.085772113122914551e-01 2.086866145178053744e-01 2.087413161205623202e-01
2.932005907773097692e-02 9.403205513921557290e-02 1.445216344838903821e-01 1.682621300804113540e-01 1.783819265904491025e-01 1.834691756468464496e-01 1.863683605929653819e-01 1.878453038674033071e-01 1.891581423335703671e-01 1.903615775942235078e-01
9.572780482468136107e-03 2.910125266670313474e-02 4.217493572561675785e-02 5.021607133088999697e-02 5.273234505771019071e-02 5.497511077074558605e-02 5.672556205896833043e-02 5.765548930583665882e-02 5.842131174443411512e-02 5.891362616924675916e-02
2.045839943110333223e-02 6.602483452765166294e-02 1.060664077457469517e-01 1.271265248071768439e-01 1.357146764400196937e-01 1.405284174826322285e-01 1.433729008259942150e-01 1.446310376894043015e-01 1.454515617307587105e-01 1.457250697445435228e-01
4.321426617799901254e-03 1.586346479951862565e-02 2.942946228324489974e-02 3.911164597122696041e-02 4.392538701383950223e-02 4.600404791860401854e-02 4.742628959028499791e-02 4.852032164542421228e-02 4.901263607023685631e-02 4.934084568677862132e-02
7.157157157157156835e-02 1.919919919919919893e-01 2.479479479479479442e-01 2.602602602602602788e-01 2.630630630630630407e-01 2.642642642642642481e-01 2.649649649649649663e-01 2.654654654654654555e-01 2.659659659659659448e-01 2.664664664664664895e-01
5.318017443097213188e-04 2.127206977238885275e-03 3.828972559029993668e-03 6.168900233992767601e-03 7.019783024888321364e-03 7.445224420336098679e-03 7.764305466921931666e-03 7.870665815783875127e-03 7.977026164645819456e-03 7.977026164645819456e-03
2.718589272593681036e-02 8.439172877086176250e-02 1.414925999790070388e-01 1.618557783142647311e-01 1.659494069486721901e-01 1.669990553164689695e-01 1.672089849900283420e-01 1.684685630313844940e-01 1.684685630313844940e-01 1.686784927049438387e-01
4.786215698787492194e-03 2.084662837694107804e-02 3.860880663688576880e-02 4.573495001063603710e-02 4.818123803446075493e-02 4.903212082535630956e-02 4.967028291852797206e-02 4.988300361625186419e-02 4.998936396511380331e-02 4.998936396511380331e-02
1.169963837481386966e-03 6.168900233992767601e-03 1.191235907253775789e-02 1.499680918953414169e-02 1.659221442246330488e-02 1.701765581791108220e-02 1.744309721335885952e-02 1.754945756222080558e-02 1.765581791108274817e-02 1.765581791108274817e-02
1.088715609827865284e-02 2.089156981021038709e-02 2.707076651463881031e-02 3.001324113579520447e-02 3.074885979108430215e-02 3.119023098425776144e-02 3.133735471531558237e-02 3.163160217743121727e-02 3.177872590848904166e-02 3.177872590848904166e-02
1.555693839452395753e-04 3.111387678904791506e-04 1.400124455507156286e-03 2.177971375233354271e-03 2.955818294959551822e-03 3.578095830740510123e-03 3.733665214685749807e-03 3.733665214685749807e-03 3.889234598630989491e-03 4.044803982576229175e-03
5.972474681900805105e-02 1.137366917683718531e-01 1.349000259672812341e-01 1.376265904959750597e-01 1.384056089327447281e-01 1.395741365878992446e-01 1.402233186185406488e-01 1.403531550246689130e-01 1.403531550246689130e-01 1.406128278369254692e-01
2.570363706464464607e-04 8.996272972625626125e-04 2.184809150494794808e-03 3.727027374373474006e-03 4.369618300989589615e-03 4.498136486312813605e-03 4.498136486312813605e-03 4.498136486312813605e-03 4.498136486312813605e-03 4.498136486312813605e-03
4.117259552042160965e-03 7.740447957839262025e-03 8.563899868247694044e-03 8.893280632411067893e-03 8.893280632411067893e-03 8.893280632411067893e-03 8.893280632411067893e-03 8.893280632411067893e-03 8.893280632411067893e-03 8.893280632411067893e-03
2.092409240924092417e-01 3.614961496149615150e-01 3.971397139713971347e-01 4.030803080308030806e-01 4.050605060506050625e-01 4.066006600660065917e-01 4.088008800880088001e-01 4.105610561056105556e-01 4.129812981298129904e-01 4.136413641364136140e-01
1.085540599218410701e-01 2.077724706904038321e-01 2.472861485019539618e-01 2.548849326964828244e-01 2.568389057750760096e-01 2.598784194528875324e-01 2.609639600521059255e-01 2.627008250108553988e-01 2.644376899696048722e-01 2.653061224489796088e-01
3.137095131391322289e-02 7.842737828478305029e-02 1.014463230800570354e-01 1.093909146465675275e-01 1.104094520268893848e-01 1.126502342635974790e-01 1.136687716439193363e-01 1.144836015481768138e-01 1.148910165003055595e-01 1.157058464045630508e-01
6.169031462060456904e-03 1.727328809376927829e-02 2.241414764548632643e-02 2.549866337651655185e-02 2.693810405099732533e-02 2.796627596134073496e-02 2.796627596134073496e-02 2.837754472547809881e-02 2.858317910754678073e-02 2.899444787168414459e-02
4.139072847682119202e-04 1.448675496688741748e-03 1.655629139072847681e-03 1.862582781456953614e-03 1.862582781456953614e-03 2.276490066225165480e-03 2.276490066225165480e-03 2.483443708609271629e-03 2.483443708609271629e-03 2.690397350993377346e-03
7.870672762900064734e-02 1.796211626387981819e-01 2.201175702155453995e-01 2.269758327890267768e-01 2.292619203135205785e-01 2.299150881776616528e-01 2.312214239059438292e-01 2.312214239059438292e-01 2.325277596342260056e-01 2.328543435662965289e-01
9.697661152310325591e-03 2.738163148887621384e-02 4.449515116942384663e-02 6.018254420992583814e-02 6.531660011409012867e-02 6.674272675413576994e-02 6.731317741015402367e-02 6.731317741015402367e-02 6.788362806617227740e-02 6.788362806617227740e-02
1.635322976287816900e-03 7.904061052057782116e-03 1.035704551648950617e-02 1.090215317525211267e-02 1.090215317525211267e-02 1.117470700463341592e-02 1.117470700463341592e-02 1.144726083401471743e-02 1.144726083401471743e-02 1.144726083401471743e-02
0.000000000000000000e+00 0.000000000000000000e+00 0.000000000000000000e+00 0.000000000000000000e+00 0.000000000000000000e+00 0.000000000000000000e+00 0.000000000000000000e+00 0.000000000000000000e+00 0.000000000000000000e+00 0.000000000000000000e+00
0.000000000000000000e+00 0.000000000000000000e+00 0.000000000000000000e+00 0.000000000000000000e+00 0.000000000000000000e+00 0.000000000000000000e+00 0.000000000000000000e+00 0.000000000000000000e+00 0.000000000000000000e+00 0.000000000000000000e+00
2.094017094017093863e-02 5.242165242165242045e-02 7.378917378917379533e-02 7.977207977207977085e-02 8.048433048433048520e-02 8.190883190883191389e-02 8.247863247863247704e-02 8.361823361823361722e-02 8.461538461538462008e-02 8.504273504273504591e-02
3.988603988603988890e-03 1.239316239316239250e-02 2.378917378917378908e-02 3.176638176638176686e-02 3.390313390313390296e-02 3.504273504273504314e-02 3.518518518518518740e-02 3.561253561253561323e-02 3.618233618233618332e-02 3.646723646723646489e-02
1.139601139601139658e-02 3.190883190883191112e-02 4.643874643874643798e-02 5.170940170940170610e-02 5.270655270655270896e-02 5.299145299145299054e-02 5.370370370370370489e-02 5.398860398860398646e-02 5.441595441595441923e-02 5.455840455840455655e-02
0.000000000000000000e+00 1.994301994301994445e-03 4.700854700854700634e-03 8.262108262108262824e-03 9.116809116809116223e-03 9.401709401709401268e-03 1.011396011396011388e-02 1.039886039886039892e-02 1.068376068376068397e-02 1.082621082621082649e-02
3.019943019943020085e-02 4.985754985754985852e-02 5.398860398860398646e-02 5.441595441595441923e-02 5.470085470085470081e-02 5.484330484330484506e-02 5.498575498575498238e-02 5.541310541310541515e-02 5.541310541310541515e-02 5.541310541310541515e-02
3.625792811839323448e-01 4.603594080338266337e-01 4.672304439746300386e-01 4.698731501057082371e-01 4.704016913319238880e-01 4.725158562367864912e-01 4.741014799154333881e-01 4.741014799154333881e-01 4.746300211416490389e-01 4.746300211416490389e-01
5.496828752642705929e-02 7.980972515856236960e-02 8.086680761099365733e-02 8.139534883720930813e-02 8.192389006342494506e-02 8.192389006342494506e-02 8.298097251585623280e-02 8.298097251585623280e-02 8.350951374207188360e-02 8.350951374207188360e-02
1.849894291754757003e-02 2.642706131078224191e-02 2.854122621564482085e-02 2.854122621564482085e-02 2.854122621564482085e-02 2.906976744186046471e-02 2.906976744186046471e-02 2.906976744186046471e-02 2.906976744186046471e-02 2.906976744186046471e-02
2.008456659619450163e-02 3.488372093023255766e-02 3.646934460887948926e-02 3.646934460887948926e-02 3.646934460887948926e-02 3.646934460887948926e-02 3.646934460887948926e-02 3.646934460887948926e-02 3.699788583509514006e-02 3.699788583509514006e-02
2.642706131078224191e-02 4.545454545454545581e-02 4.704016913319238741e-02 4.704016913319238741e-02 4.704016913319238741e-02 4.704016913319238741e-02 4.704016913319238741e-02 4.704016913319238741e-02 4.704016913319238741e-02 4.704016913319238741e-02
2.500375056258438700e-01 3.794569185377806853e-01 4.033605040756113591e-01 4.052607891183677702e-01 4.061109166374956003e-01 4.072610891633745012e-01 4.078611791768765316e-01 4.082612391858778667e-01 4.086612991948792573e-01 4.090613592038805924e-01
1.084442617052988611e-01 1.953024618389268552e-01 2.180706172585701874e-01 2.200236418769594415e-01 2.208459680320707108e-01 2.212057357249319067e-01 2.214627126484041697e-01 2.216682941871819801e-01 2.219252711106542708e-01 2.220794572647376286e-01
2.626304157886621624e-02 5.920748316801151268e-02 7.226191088040294364e-02 7.354679549776430014e-02 7.400935396001438737e-02 7.416354011409775904e-02 7.426633088348666423e-02 7.442051703757002201e-02 7.442051703757002201e-02 7.442051703757002201e-02
2.538932003906049090e-02 4.517654314642544772e-02 5.273166469651025673e-02 5.422213085264943055e-02 5.432492162203834268e-02 5.447910777612170741e-02 5.458189854551061260e-02 5.463329393020506519e-02 5.468468931489952473e-02 5.473608469959397732e-02
6.964074626098576415e-02 1.368145140566377205e-01 1.617926710181425698e-01 1.661098833324767543e-01 1.667780233335046380e-01 1.673947679498380969e-01 1.678059310273937454e-01 1.679601171814771032e-01 1.684740710284216569e-01 1.687824433365883725e-01
3.965517241379310637e-03 2.758620689655172376e-02 5.999999999999999778e-02 8.362068965517241437e-02 9.137931034482758841e-02 9.551724137931034975e-02 9.741379310344827624e-02 9.862068965517241381e-02 9.965517241379309721e-02 1.000000000000000056e-01
0.000000000000000000e+00 8.620689655172413673e-04 2.586206896551724102e-03 3.620689655172414003e-03 4.827586206896552004e-03 5.000000000000000104e-03 6.206896551724137671e-03 6.379310344827586639e-03 6.379310344827586639e-03 6.551724137931034739e-03
4.482758620689654937e-03 1.534482758620689738e-02 2.810344827586206892e-02 3.396551724137931300e-02 3.689655172413792983e-02 3.775862068965517293e-02 3.827586206896551463e-02 3.844827586206896880e-02 3.862068965517241603e-02 3.879310344827586327e-02
0.000000000000000000e+00 0.000000000000000000e+00 0.000000000000000000e+00 0.000000000000000000e+00 0.000000000000000000e+00 0.000000000000000000e+00 1.724137931034482626e-04 1.724137931034482626e-04 1.724137931034482626e-04 1.724137931034482626e-04
3.310344827586206989e-02 7.310344827586207073e-02 8.862068965517241881e-02 9.155172413793102870e-02 9.224137931034483151e-02 9.327586206896551491e-02 9.362068965517240937e-02 9.396551724137930384e-02 9.465517241379310664e-02 9.465517241379310664e-02
2.852908484623934912e-02 9.855502037791774583e-02 1.596887736198591978e-01 1.945164875879955568e-01 2.089662838088180707e-01 2.174879585031493090e-01 2.219340496480177727e-01 2.237865876250463015e-01 2.241570952204520184e-01 2.256391256020748304e-01
2.964060763245646504e-03 1.444979622082252606e-02 3.482771396813634512e-02 4.520192663949611223e-02 5.038903297517598884e-02 5.409410892923304653e-02 5.891070766950722709e-02 6.076324564653575594e-02 6.224527602815857485e-02 6.298629121896999472e-02
0.000000000000000000e+00 0.000000000000000000e+00 0.000000000000000000e+00 3.705075954057058130e-04 3.705075954057058130e-04 3.705075954057058130e-04 3.705075954057058130e-04 3.705075954057058130e-04 3.705075954057058130e-04 3.705075954057058130e-04
3.705075954057058130e-03 2.297147091515375911e-02 5.965172286031863308e-02 9.410892923304928215e-02 1.055946646906261582e-01 1.107817710263060418e-01 1.130048165987402736e-01 1.148573545757688025e-01 1.148573545757688025e-01 1.159688773619859253e-01
2.297147091515375911e-02 8.484623934790663791e-02 1.441274546128195611e-01 1.871063356798814414e-01 2.037791774731382011e-01 2.141533901444979682e-01 2.200815116709892438e-01 2.223045572434234896e-01 2.245276028158577353e-01 2.260096331974805473e-01
2.853133769878390957e-02 1.052385406922357325e-01 1.347053320860617520e-01 1.478016838166510694e-01 1.496725912067352615e-01 1.520112254443405087e-01 1.529466791393825909e-01 1.538821328344247008e-01 1.548175865294667830e-01 1.557530402245088930e-01
2.525724976613657677e-02 7.904583723105705617e-02 9.915809167446211492e-02 1.057062675397567875e-01 1.066417212347988835e-01 1.089803554724041168e-01 1.089803554724041168e-01 1.094480823199251579e-01 1.099158091674462129e-01 1.103835360149672540e-01
2.189141856392294236e-02 6.917688266199649438e-02 9.807355516637478177e-02 1.169001751313485105e-01 1.199649737302977276e-01 1.221541155866900236e-01 1.239054290718038520e-01 1.247810858143607732e-01 1.247810858143607732e-01 1.252189141856392407e-01
5.205116894574327024e-02 1.363034847816497475e-01 2.134980149977944441e-01 2.439347154830172060e-01 2.518747243052492091e-01 2.545213939126598768e-01 2.558447287163652661e-01 2.611380679311866015e-01 2.633436259373621580e-01 2.633436259373621580e-01
3.818251240931653471e-03 6.872852233676975814e-03 8.781977854142803200e-03 1.145475372279495911e-02 1.336387934326078650e-02 1.489117983963344702e-02 1.527300496372661388e-02 1.527300496372661388e-02 1.527300496372661388e-02 1.527300496372661388e-02
1.076955248849853670e-02 5.384776244249268179e-02 1.149100794646591428e-01 1.656210790464240912e-01 1.846507737348389855e-01 1.930154746967795987e-01 1.986616478460895008e-01 2.007528230865746610e-01 2.027394395650355396e-01 2.038895859473023875e-01
1.275616896695943095e-02 4.642409033877038793e-02 8.176495190296946547e-02 1.122961104140526994e-01 1.252613969050606346e-01 1.356127143454621542e-01 1.403178586365537439e-01 1.432455039732329627e-01 1.457549142618151383e-01 1.480552070263488063e-01
1.641572563780844748e-02 5.572982015892932045e-02 8.071936428272689923e-02 9.399832705980760983e-02 9.870347135089919954e-02 1.010037641154328675e-01 1.021539104976997014e-01 1.030949393559180277e-01 1.042450857381848617e-01 1.053952321204516956e-01
3.868674194897532472e-03 1.693851944792973754e-02 4.025512337933918883e-02 6.001672940192388089e-02 6.764951902969468245e-02 7.099539941447093050e-02 7.214554579673776447e-02 7.287745713090756916e-02 7.371392722710162770e-02 7.413216227519865698e-02
1.056043496445002033e-02 3.189042241739857564e-02 6.106231702216646101e-02 8.375156838143035798e-02 9.127979924717691262e-02 9.504391468005018995e-02 9.650773734838979934e-02 9.786700125470514100e-02 9.859891258887494569e-02 9.901714763697197497e-02
2.840815429419198818e-02 5.632177592175394154e-02 6.505851969888455655e-02 6.599263695807461305e-02 6.637727347656464938e-02 6.654211769877466098e-02 6.654211769877466098e-02 6.659706577284466023e-02 6.665201384691465947e-02 6.670696192098467259e-02
3.719984614539260243e-02 7.577339414253531080e-02 9.637892191878674741e-02 1.026430023627671884e-01 1.040716522885872797e-01 1.046760811033573269e-01 1.048409253255673385e-01 1.050057695477773501e-01 1.051156656959173624e-01 1.053354579921973733e-01
6.456398703225452174e-02 1.126984999175778823e-01 1.255014011758887882e-01 1.275894279905489259e-01 1.278641683608989499e-01 1.280290125831089754e-01 1.280839606571789746e-01 1.283037529534589716e-01 1.284136491015989978e-01 1.286883894719490218e-01
9.780757184460683873e-03 2.703445244244189263e-02 4.198032858948293894e-02 5.011264355184350677e-02 5.439859332930380847e-02 5.654156821803395933e-02 5.692620473652398178e-02 5.714599703280399956e-02 5.731084125501401116e-02 5.753063355129402895e-02
6.209132369910434768e-03 1.390186273971097397e-02 1.824276059124127838e-02 2.093521622067146676e-02 2.329798340568163192e-02 2.555085444255178820e-02 2.785867355349195065e-02 2.873784273861201138e-02 2.895763503489202570e-02 2.901258310896203188e-02
3.648403012204622098e-02 7.634380680342768566e-02 9.231368475720591604e-02 9.426123084913010097e-02 9.465074006751493518e-02 9.529992209815632553e-02 9.529992209815632553e-02 9.542975850428460360e-02 9.542975850428460360e-02 9.568943131654115974e-02
3.349779278109581843e-02 9.400155803687354483e-02 1.137366917683718531e-01 1.180212931706050433e-01 1.186704752012464337e-01 1.193196572318878240e-01 1.194494936380161021e-01 1.195793300441443802e-01 1.199688392625292144e-01 1.200986756686574924e-01
8.179693586081537501e-03 2.259153466632043625e-02 2.973253700337574745e-02 3.271877434432615001e-02 3.401713840560893071e-02 3.414697481173720878e-02 3.427681121786548685e-02 3.453648403012204299e-02 3.453648403012204299e-02 3.453648403012204299e-02
2.220202544793560204e-02 5.712801869644248270e-02 7.270838743183588582e-02 7.582446117891457338e-02 7.621397039729940759e-02 7.647364320955596373e-02 7.673331602181251987e-02 7.699298883406907601e-02 7.712282524019735408e-02 7.712282524019735408e-02
6.102311088029083175e-03 1.233445858218644442e-02 1.791742404570241531e-02 1.934562451311347756e-02 1.947546091924175563e-02 1.973513373149831177e-02 1.999480654375486791e-02 2.012464294988314598e-02 2.025447935601142405e-02 2.025447935601142405e-02
5.663430420711974139e-02 1.553398058252427050e-01 2.168284789644013000e-01 2.459546925566342968e-01 2.475728155339805836e-01 2.572815533980582492e-01 2.621359223300970820e-01 2.653721682847896557e-01 2.653721682847896557e-01 2.669902912621359148e-01
3.883495145631067624e-02 1.116504854368932098e-01 1.715210355987054902e-01 2.087378640776698935e-01 2.152103559870550131e-01 2.200647249190938459e-01 2.216828478964401328e-01 2.249190938511326787e-01 2.249190938511326787e-01 2.249190938511326787e-01
2.952503209242618790e-02 6.931964056482670111e-02 1.078305519897304193e-01 1.258023106546855008e-01 1.309370988446726669e-01 1.335044929396662361e-01 1.373555840821566176e-01 1.373555840821566176e-01 1.373555840821566176e-01 1.373555840821566176e-01
1.030042918454935653e-02 2.918454935622317656e-02 4.291845493562231745e-02 6.094420600858369008e-02 6.437768240343347270e-02 6.523605150214592530e-02 6.609442060085836401e-02 6.695278969957081661e-02 6.695278969957081661e-02 6.781115879828325532e-02
1.132852729145211040e-02 4.170957775489186198e-02 5.767250257466529501e-02 6.333676622039134674e-02 6.591143151390319033e-02 6.591143151390319033e-02 6.591143151390319033e-02 6.642636457260556182e-02 6.694129763130793331e-02 6.745623069001030481e-02
2.094329028635598111e-01 3.472768107804604099e-01 3.823694553621561076e-01 3.886861313868613110e-01 3.910724312184166163e-01 3.940202133632790815e-01 3.968276249298147151e-01 4.000561482313307327e-01 4.031443009545199185e-01 4.052498596294216715e-01
7.433489827856024773e-03 4.518779342723004688e-02 9.800469483568075013e-02 1.398669796557120426e-01 1.615805946791862291e-01 1.690140845070422504e-01 1.723395931142409909e-01 1.754694835680751241e-01 1.762519561815336366e-01 1.778169014084507171e-01
5.672926447574335243e-03 3.990610328638497656e-02 9.057120500782472883e-02 1.379107981220657198e-01 1.564945226917058008e-01 1.660798122065727800e-01 1.690140845070422504e-01 1.715571205007824784e-01 1.733176838810641662e-01 1.750782472613458540e-01
5.477308294209702784e-03 3.227699530516432019e-02 7.942097026604068299e-02 1.079812206572769995e-01 1.177621283255086138e-01 1.253912363067292701e-01 1.289123630672926457e-01 1.296948356807511860e-01 1.304773082942096984e-01 1.312597809076682387e-01
3.912363067292644846e-04 3.716744913928012387e-03 9.585289514866979221e-03 1.506259780907668287e-02 1.858372456964006367e-02 2.093114241001564971e-02 2.190923317683881114e-02 2.347417840375586734e-02 2.445226917057902877e-02 2.484350547730829542e-02
3.677604332589997083e-01 5.185727938834023831e-01 5.455877668047148799e-01 5.490283529786555983e-01 5.506849315068492734e-01 5.521503663587129518e-01 5.531697992991398971e-01 5.544440904746734677e-01 5.557183816502070384e-01 5.570563873845173486e-01
1.599235425294679713e-01 2.795157693532972498e-01 3.120739088881809287e-01 3.173622172666454300e-01 3.191462249123924733e-01 3.199745141764893108e-01 3.211850907932462529e-01 3.216948072634597255e-01 3.225230965275565631e-01 3.233513857916534007e-01
1.681005207154177145e-02 4.160063391442155034e-02 5.546751188589540277e-02 6.056146705908987959e-02 6.271224813221643046e-02 6.344804165723341716e-02 6.384423817070410123e-02 6.384423817070410123e-02 6.407063617840162706e-02 6.424043468417478531e-02
4.427499692534743632e-03 1.315951297503382099e-02 2.176854015496249017e-02 2.761038002705694383e-02 2.994711597589472252e-02 3.080801869388758926e-02 3.105399089902841081e-02 3.111548395031361533e-02 3.123847005288402437e-02 3.129996310416922889e-02
5.647235991717387479e-04 4.643282926523184875e-03 9.663048252494196161e-03 1.323963104724854185e-02 1.493380184476375723e-02 1.574951371023404489e-02 1.593775490995795810e-02 1.618874317625651135e-02 1.625149024283114793e-02 1.631423730940578451e-02
1.556150262662305515e-02 6.274159976211715617e-02 9.981167608286252435e-02 1.115075825156110617e-01 1.129943502824858753e-01 1.135890573892358035e-01 1.138864109426107607e-01 1.138864109426107607e-01 1.140846466448607460e-01 1.142828823471107175e-01
9.911785112498760683e-05 8.920606601248885293e-04 2.378828426999702456e-03 2.775299831499653154e-03 3.270889087124591310e-03 3.270889087124591310e-03 3.270889087124591310e-03 3.270889087124591310e-03 3.270889087124591310e-03 3.370006938249578768e-03
0.000000000000000000e+00 9.911785112498760683e-05 3.964714044999504273e-04 5.947071067499256139e-04 7.929428089999008547e-04 9.911785112498760954e-04 1.090296362374863770e-03 1.090296362374863770e-03 1.090296362374863770e-03 1.090296362374863770e-03
9.911785112498760683e-05 1.982357022499752137e-04 4.955892556249380477e-04 7.929428089999008547e-04 7.929428089999008547e-04 7.929428089999008547e-04 7.929428089999008547e-04 7.929428089999008547e-04 7.929428089999008547e-04 7.929428089999008547e-04
9.911785112498760683e-05 1.982357022499752137e-04 2.973535533749628069e-04 4.955892556249380477e-04 6.938249578749132885e-04 6.938249578749132885e-04 6.938249578749132885e-04 6.938249578749132885e-04 6.938249578749132885e-04 6.938249578749132885e-04
4.615571480626745604e-03 1.821936110773715589e-02 2.259200777359407150e-02 2.271347018097898823e-02 2.283493258836390150e-02 2.283493258836390150e-02 2.307785740313373149e-02 2.307785740313373149e-02 2.319931981051864475e-02 2.319931981051864475e-02
5.465808332321146247e-03 1.226770314587635052e-02 1.336086481234058029e-02 1.348232721972549529e-02 1.348232721972549529e-02 1.360378962711040855e-02 1.372525203449532355e-02 1.372525203449532355e-02 1.384671444188023855e-02 1.384671444188023855e-02
2.550710555083201929e-03 5.344345924936232117e-03 9.595530183408234465e-03 1.020284222033280772e-02 1.020284222033280772e-02 1.032430462771772098e-02 1.032430462771772098e-02 1.032430462771772098e-02 1.032430462771772098e-02 1.044576703510263598e-02
0.000000000000000000e+00 1.214624073849143737e-04 2.429248147698287474e-04 3.643872221547430940e-04 3.643872221547430940e-04 3.643872221547430940e-04 4.858496295396574948e-04 4.858496295396574948e-04 4.858496295396574948e-04 4.858496295396574948e-04
6.073120369245718414e-04 1.579011296003886722e-03 1.700473703388801069e-03 1.821936110773715633e-03 1.821936110773715633e-03 1.821936110773715633e-03 1.821936110773715633e-03 1.821936110773715633e-03 1.821936110773715633e-03 1.821936110773715633e-03
9.987770077456176177e-02 1.577660008153281834e-01 1.704035874439461806e-01 1.728495719527109731e-01 1.748878923766816196e-01 1.765185487158581201e-01 1.769262128006522661e-01 1.773338768854463843e-01 1.773338768854463843e-01 1.773338768854463843e-01
1.712189156135344309e-02 3.628210354667753962e-02 4.565837749694252184e-02 4.688136975132491113e-02 4.688136975132491113e-02 4.769669792091316834e-02 4.769669792091316834e-02 4.851202609050142556e-02 4.932735426008968277e-02 4.932735426008968277e-02
1.956787607011822167e-02 4.402772115776600048e-02 5.095801059926620413e-02 5.218100285364859342e-02 5.340399510803098271e-02 5.381165919282511478e-02 5.381165919282511478e-02 5.421932327761923992e-02 5.421932327761923992e-02 5.421932327761923992e-02
5.707297187117815231e-03 1.182225845902975907e-02 1.426824296779453764e-02 1.467590705258866625e-02 1.508357113738279659e-02 1.549123522217692693e-02 1.549123522217692693e-02 1.549123522217692693e-02 1.630656339176518588e-02 1.630656339176518588e-02
4.076640847941296361e-04 2.038320423970648235e-03 2.445984508764777708e-03 3.261312678353037089e-03 3.668976763147166562e-03 3.668976763147166562e-03 3.668976763147166562e-03 3.668976763147166562e-03 3.668976763147166562e-03 3.668976763147166562e-03
4.088050314465408591e-02 1.352201257861635197e-01 1.808176100628930694e-01 2.075471698113207641e-01 2.201257861635220192e-01 2.437106918238993725e-01 2.547169811320754707e-01 2.610062893081760982e-01 2.625786163522012551e-01 2.688679245283018826e-01
0.000000000000000000e+00 0.000000000000000000e+00 0.000000000000000000e+00 4.482294935006723687e-04 4.482294935006723687e-04 4.482294935006723687e-04 4.482294935006723687e-04 4.482294935006723687e-04 4.482294935006723687e-04 4.482294935006723687e-04
0.000000000000000000e+00 0.000000000000000000e+00 3.759398496240601729e-04 7.518796992481203458e-04 7.518796992481203458e-04 7.518796992481203458e-04 7.518796992481203458e-04 7.518796992481203458e-04 7.518796992481203458e-04 7.518796992481203458e-04
0.000000000000000000e+00 0.000000000000000000e+00 0.000000000000000000e+00 0.000000000000000000e+00 0.000000000000000000e+00 0.000000000000000000e+00 0.000000000000000000e+00 0.000000000000000000e+00 0.000000000000000000e+00 0.000000000000000000e+00
0.000000000000000000e+00 0.000000000000000000e+00 0.000000000000000000e+00 0.000000000000000000e+00 0.000000000000000000e+00 0.000000000000000000e+00 0.000000000000000000e+00 0.000000000000000000e+00 0.000000000000000000e+00 0.000000000000000000e+00
1.687676871623360053e-01 2.775919732441471388e-01 3.133521996398250797e-01 3.213275019295085966e-01 3.236429122716747986e-01 3.254437869822485174e-01 3.259583226138410006e-01 3.267301260612297531e-01 3.272446616928222363e-01 3.275019295086184501e-01
2.752765629019809576e-02 5.891432981733984997e-02 8.232570105479804223e-02 9.441728839722150768e-02 9.750450218677643444e-02 1.000771803447388780e-01 1.023925906869050662e-01 1.039361975816825295e-01 1.044507332132750127e-01 1.044507332132750127e-01
6.431695394906096833e-03 1.929508618471829223e-02 2.572678157962438733e-02 3.061487007975302252e-02 3.395935168510419433e-02 3.576022639567789929e-02 3.601749421147414781e-02 3.756110110625161119e-02 3.807563673784409436e-02 3.859017236943658447e-02
5.145356315924878290e-04 2.315410342166195068e-03 4.630820684332390136e-03 5.659891947517366011e-03 7.975302289683560211e-03 8.747105737072291901e-03 9.261641368664780272e-03 9.261641368664780272e-03 9.261641368664780272e-03 9.518909184461023590e-03
0.000000000000000000e+00 0.000000000000000000e+00 0.000000000000000000e+00 5.145356315924878290e-04 5.145356315924878290e-04 5.145356315924878290e-04 5.145356315924878290e-04 5.145356315924878290e-04 5.145356315924878290e-04 5.145356315924878290e-04
1.790038525041276751e-01 3.736929003852504372e-01 4.240506329113923889e-01 4.273527793065492464e-01 4.288662630709961232e-01 4.296917996697853792e-01 4.303797468354430555e-01 4.312052834342322560e-01 4.314804623004953044e-01 4.317556411667584082e-01
4.499174463401210688e-02 1.392405063291139167e-01 1.860209135938359903e-01 1.971656576774903635e-01 1.984039625756741920e-01 1.997798569069895447e-01 2.004678040726472210e-01 2.010181618051733732e-01 2.011557512383048973e-01 2.017061089708310495e-01
7.567418822234452634e-03 2.641717116125481477e-02 3.824986241056686775e-02 4.512933406714364493e-02 4.691799669785360477e-02 4.705558613098514281e-02 4.719317556411667391e-02 4.760594386351128110e-02 4.788112272977435024e-02 4.801871216290588829e-02
8.365437534397358876e-02 2.198679141441937379e-01 2.812328013208585387e-01 2.921023665382498358e-01 2.943037974683544444e-01 2.956796917996697971e-01 2.966428178315905217e-01 2.971931755641166739e-01 2.981563015960373986e-01 2.988442487616950749e-01
1.472206934507429808e-02 4.856906989543203351e-02 6.948266373142542029e-02 7.622454595487065943e-02 7.815079801871216425e-02 7.938910291689597887e-02 7.993946064942213103e-02 8.007705008255365520e-02 8.007705008255365520e-02 8.007705008255365520e-02
8.940201302545884576e-02 2.184724689165186418e-01 2.895204262877442147e-01 3.161634103019538289e-01 3.203078744819419788e-01 3.214920071047957517e-01 3.214920071047957517e-01 3.214920071047957517e-01 3.214920071047957517e-01 3.214920071047957517e-01
3.315571343990526831e-02 1.249259917110716461e-01 1.912374185908821689e-01 2.332741267021906373e-01 2.516281823564239239e-01 2.616933096506808831e-01 2.622853759621077696e-01 2.628774422735346561e-01 2.628774422735346561e-01 2.634695085849615426e-01
2.261693309650680828e-01 4.174067495559502516e-01 4.801657785671995526e-01 4.896388395500296253e-01 4.925991711071640022e-01 4.943753700414446617e-01 4.961515689757252656e-01 4.961515689757252656e-01 4.967436352871521521e-01 4.973357015985790386e-01
3.793103448275862016e-02 8.333333333333332871e-02 1.040229885057471215e-01 1.149425287356321823e-01 1.178160919540229834e-01 1.195402298850574696e-01 1.195402298850574696e-01 1.218390804597701133e-01 1.224137931034482707e-01 1.235632183908045995e-01
2.723505032563647288e-02 6.867969212551805480e-02 1.030195381882770822e-01 1.243339253996447596e-01 1.462403789224393236e-01 1.598579040852575461e-01 1.651865008880994690e-01 1.675547661338069871e-01 1.681468324452338736e-01 1.681468324452338736e-01
6.502971185110438014e-03 1.423926449153492535e-02 1.849983181971073115e-02 2.006951451956497448e-02 2.040587509810517022e-02 2.063011548379863058e-02 2.085435586949209441e-02 2.096647606233882632e-02 2.107859625518555824e-02 2.130283664087902207e-02
4.183544724085264815e-03 9.894415299820704876e-03 1.294906700312105710e-02 1.487482568563649674e-02 1.533966398831263650e-02 1.573809681917789915e-02 1.600371870642140759e-02 1.613652965004316528e-02 1.620293512185404239e-02 1.633574606547579661e-02
2.601626016260162383e-04 8.455284552845528014e-04 1.235772357723577321e-03 1.300813008130081300e-03 1.365853658536585278e-03 1.365853658536585278e-03 1.365853658536585278e-03 1.365853658536585278e-03 1.430894308943089473e-03 1.430894308943089473e-03
1.741705129321605800e-04 5.225115387964817401e-04 7.837673081947226644e-04 1.393364103457284640e-03 1.393364103457284640e-03 1.567534616389445329e-03 1.654619872855525456e-03 1.654619872855525456e-03 1.654619872855525456e-03 1.654619872855525456e-03
0.000000000000000000e+00 0.000000000000000000e+00 0.000000000000000000e+00 0.000000000000000000e+00 0.000000000000000000e+00 0.000000000000000000e+00 0.000000000000000000e+00 0.000000000000000000e+00 0.000000000000000000e+00 0.000000000000000000e+00
4.699248120300751619e-03 1.917293233082706730e-02 4.172932330827067854e-02 6.372180451127819334e-02 8.157894736842105643e-02 9.417293233082706105e-02 9.868421052631579093e-02 1.003759398496240629e-01 1.011278195488721776e-01 1.018796992481203062e-01
3.195488721804511361e-03 9.022556390977444149e-03 1.522556390977443559e-02 2.161654135338345745e-02 2.575187969924811957e-02 2.706766917293233071e-02 2.875939849624060268e-02 3.007518796992481036e-02 3.195488721804511101e-02 3.233082706766917530e-02
6.240601503759398566e-02 1.932330827067669232e-01 2.815789473684210398e-01 3.142857142857142794e-01 3.197368421052631526e-01 3.221804511278195671e-01 3.227443609022556115e-01 3.229323308270676818e-01 3.234962406015037817e-01 3.240601503759398261e-01
1.748120300751879533e-02 6.804511278195488067e-02 1.360902255639097613e-01 1.911654135338345939e-01 2.120300751879699297e-01 2.167293233082706883e-01 2.178571428571428603e-01 2.189849624060150324e-01 2.193609022556390897e-01 2.197368421052631471e-01
3.759398496240601729e-04 7.518796992481203458e-04 2.819548872180450971e-03 4.699248120300751619e-03 6.766917293233082678e-03 7.706766917293233002e-03 9.210526315789472826e-03 9.398496240601503238e-03 9.586466165413533649e-03 9.962406015037594473e-03
1.216991963260619924e-01 2.512055109070034375e-01 2.929965556831228279e-01 3.024110218140068640e-01 3.053960964408725665e-01 3.067738231917336300e-01 3.074626865671641895e-01 3.081515499425946936e-01 3.092996555683122928e-01 3.095292766934558126e-01
4.133180252583237499e-03 1.148105625717566088e-02 1.377726750861079166e-02 1.492537313432835792e-02 1.584385763490241128e-02 1.584385763490241128e-02 1.584385763490241128e-02 1.653272101033295000e-02 1.653272101033295000e-02 1.653272101033295000e-02
1.065442020665901268e-01 2.057405281285878407e-01 2.463834672789896596e-01 2.594718714121699299e-01 2.645235361653271999e-01 2.665901262916188230e-01 2.670493685419058627e-01 2.684270952927669263e-01 2.700344431687715097e-01 2.702640642939150295e-01
1.676234213547646290e-02 3.398392652123995161e-02 3.995407577497129409e-02 4.339839265212399461e-02 4.431687715269804623e-02 4.500574052812858494e-02 4.500574052812858494e-02 4.500574052812858494e-02 4.500574052812858494e-02 4.500574052812858494e-02
3.903559127439724594e-03 6.888633754305395832e-03 8.495981630309987903e-03 9.644087256027554164e-03 1.033295063145809461e-02 1.056257175660160752e-02 1.102181400688863333e-02 1.102181400688863333e-02 1.102181400688863333e-02 1.102181400688863333e-02
1.018303686517143571e-02 1.920598092291827749e-02 2.062387213199278271e-02 2.088167053364269055e-02 2.101056973446764620e-02 2.101056973446764620e-02 2.101056973446764620e-02 2.113946893529260185e-02 2.126836813611755750e-02 2.126836813611755750e-02
1.412144442202945341e-02 2.965503328626185181e-02 3.994351422231188359e-02 4.337300786766189187e-02 4.417994754892071857e-02 4.417994754892071857e-02 4.438168246923542698e-02 4.458341738955012845e-02 4.478515230986483686e-02 4.498688723017954527e-02
3.898235535494460301e-03 9.848173984407057602e-03 1.395157981124333160e-02 1.497743126795240097e-02 1.661879359868690884e-02 1.682396389002872514e-02 1.702913418137053797e-02 1.723430447271235080e-02 1.743947476405416364e-02 1.743947476405416364e-02
4.015056461731492804e-03 9.535759096612295843e-03 1.079046424090338713e-02 1.154328732747804225e-02 1.154328732747804225e-02 1.166875784190715172e-02 1.166875784190715172e-02 1.179422835633626120e-02 1.191969887076537067e-02 1.191969887076537067e-02
2.333333333333333526e-03 4.666666666666667053e-03 7.000000000000000146e-03 8.666666666666666269e-03 9.333333333333334106e-03 9.333333333333334106e-03 9.333333333333334106e-03 9.666666666666667157e-03 9.666666666666667157e-03 9.666666666666667157e-03
2.842524161455372428e-02 7.466363464089444124e-02 1.087739245783589104e-01 1.224180405533447091e-01 1.282925904870191314e-01 1.301876065946560579e-01 1.320826227022929567e-01 1.326511275345840513e-01 1.328406291453477217e-01 1.335986355884025145e-01
1.318500206015657192e-02 4.326328800988875345e-02 6.510094767202306842e-02 7.519571487433045209e-02 8.055212196126905477e-02 8.158220024721879460e-02 8.240626287597857536e-02 8.323032550473835611e-02 8.343634116192830130e-02 8.364235681911824649e-02
6.966292134831460203e-02 2.361423220973782877e-01 3.544943820224719100e-01 3.940074906367040941e-01 4.001872659176030078e-01 4.024344569288389462e-01 4.037453183520599009e-01 4.056179775280898681e-01 4.073033707865168496e-01 4.089887640449438311e-01
1.998351874742480480e-02 5.562422744128554114e-02 9.064688916357643844e-02 1.161928306551297946e-01 1.234033786567779178e-01 1.254635352286773697e-01 1.260815822002472053e-01 1.271116604861969590e-01 1.285537700865265753e-01 1.304079110012360820e-01
0.000000000000000000e+00 1.442109600329624999e-03 2.472187886279357018e-03 3.708281829419035960e-03 3.914297486608982017e-03 4.120313143798928941e-03 4.532344458178821922e-03 4.738360115368767979e-03 4.738360115368767979e-03 5.150391429748660960e-03
1.702581608704928640e-01 2.948581181992745992e-01 3.181139321527629571e-01 3.211009174311926784e-01 3.247279709835715900e-01 3.260081075314700261e-01 3.272882440793684622e-01 3.289950928098997474e-01 3.296351610838489377e-01 3.304885854491145802e-01
1.145127366207057684e-02 2.407104463659733712e-02 3.084832904884318716e-02 3.435382098621173053e-02 3.528861883617667727e-02 3.645711614863286071e-02 3.669081561112409740e-02 3.715821453610656383e-02 3.762561346108903720e-02 3.762561346108903720e-02
0.000000000000000000e+00 2.336994624912362803e-04 2.336994624912362803e-04 2.336994624912362803e-04 2.336994624912362803e-04 4.673989249824725607e-04 4.673989249824725607e-04 9.347978499649451213e-04 9.347978499649451213e-04 1.168497312456181266e-03
3.972890862351016739e-03 1.098387473708810520e-02 1.963075484926384701e-02 2.220144893666744709e-02 2.477214302407104371e-02 2.617433979901846383e-02 2.710913764898340711e-02 2.827763496143958707e-02 2.874503388642206045e-02 2.967983173638700720e-02
2.336994624912362803e-04 4.673989249824725607e-04 1.869595699929890243e-03 1.869595699929890243e-03 1.869595699929890243e-03 1.869595699929890243e-03 2.103295162421126279e-03 2.103295162421126279e-03 2.570694087403598786e-03 2.570694087403598786e-03
4.037293644683945248e-02 1.133350440509793833e-01 1.576426310837396316e-01 1.761183816611068265e-01 1.804807116585407656e-01 1.826191087161063986e-01 1.831323240099221594e-01 1.833033957745274223e-01 1.838166110683431831e-01 1.840732187152510357e-01
2.772643253234750426e-03 1.164510166358595153e-02 2.412199630314233040e-02 3.354898336414047916e-02 3.900184842883548664e-02 4.371534195933456796e-02 4.519408502772643416e-02 4.602587800369685456e-02 4.658040665434380612e-02 4.704251386321626344e-02
1.936026936026935888e-02 5.873550317994762765e-02 9.259259259259258745e-02 1.088664421997755372e-01 1.148522259633370790e-01 1.175645342312009040e-01 1.187803965581743365e-01 1.190609801720912825e-01 1.198092031425364717e-01 1.200897867564534177e-01
1.594578433326689342e-03 7.873231014550528817e-03 1.594578433326689429e-02 2.581223838947578272e-02 3.179190751445086505e-02 3.547937014151883450e-02 3.737293203109427753e-02 3.797089894359179096e-02 3.826988239984054074e-02 3.856886585608929746e-02
2.105484787872407746e-04 8.421939151489630983e-04 2.210759027266028052e-03 2.947678703021370736e-03 3.895146857563954249e-03 4.632066533319296499e-03 5.158437730287398354e-03 5.895357406042741472e-03 6.000631645436361669e-03 6.527002842404463524e-03
2.292934019653720262e-02 4.773046326626111113e-02 5.708937763219466832e-02 6.036499766027141056e-02 6.176883481516143998e-02 6.176883481516143998e-02 6.410856340664482234e-02 6.410856340664482234e-02 6.457650912494150575e-02 6.457650912494150575e-02
1.243339253996447562e-02 4.174067495559502516e-02 6.838365896980461156e-02 7.992895204262877307e-02 8.348134991119005033e-02 8.703374777975132759e-02 8.880994671403197316e-02 8.880994671403197316e-02 8.880994671403197316e-02 8.969804618117228900e-02
8.880994671403197489e-04 5.328596802841918494e-03 7.104795737122557991e-03 1.154529307282415630e-02 1.243339253996447562e-02 1.509769094138543530e-02 1.687388987566607393e-02 1.776198934280639324e-02 1.865008880994671256e-02 1.865008880994671256e-02
8.880994671403196622e-03 2.841918294849023197e-02 4.440497335701598658e-02 5.328596802841917973e-02 5.772646536412077978e-02 6.305506216696270261e-02 6.483126110124333430e-02 6.483126110124333430e-02 6.571936056838366402e-02 6.571936056838366402e-02
8.880994671403197489e-04 5.328596802841918494e-03 1.154529307282415630e-02 1.598579040852575461e-02 1.687388987566607393e-02 1.776198934280639324e-02 1.953818827708703534e-02 1.953818827708703534e-02 2.131438721136767397e-02 2.131438721136767397e-02
