1.091496767777225263e-01 2.861760318249627066e-01 3.637493784186971446e-01 3.823968175037295025e-01 3.886126305320736218e-01 3.920934858279462865e-01 3.945798110392839120e-01 3.968175037294878194e-01 3.975634012928890848e-01 3.988065638985579531e-01
6.803377563329313094e-02 1.739445114595898623e-01 2.398069963811821359e-01 2.661037394451146176e-01 2.694813027744270006e-01 2.711700844390832477e-01 2.721351025331725237e-01 2.728588661037394392e-01 2.740651387213510204e-01 2.755126658624849068e-01
5.888125613346418055e-03 2.576054955839057747e-02 4.170755642787046108e-02 5.667320902845927183e-02 6.844946025515211141e-02 7.262021589793915544e-02 7.360157016683022135e-02 7.433758586849853467e-02 7.458292443572130115e-02 7.458292443572130115e-02
3.083043262058677431e-02 9.423172550969666217e-02 1.588761810044753975e-01 1.877175534559920311e-01 2.033814022874191885e-01 2.123321730482347069e-01 2.170561909497762398e-01 2.192938836399801195e-01 2.197911486822476390e-01 2.200397812033814127e-01
6.464445549477871276e-03 1.566384883142715040e-02 2.685231228244654503e-02 3.928393833913475935e-02 4.624564893088015799e-02 4.997513674788662402e-02 5.420188960716061655e-02 5.867727498756837579e-02 5.967180507210342877e-02 5.992043759323719548e-02
8.722741433021806434e-02 2.570093457943924964e-01 3.535825545171339401e-01 3.707165109034267769e-01 3.769470404984423539e-01 3.800623052959501424e-01 3.831775700934579310e-01 3.847352024922118252e-01 3.878504672897196137e-01 3.894080996884735080e-01
4.828660436137071493e-02 1.619937694704049747e-01 2.429906542056074759e-01 2.585669781931463906e-01 2.601246105919002849e-01 2.616822429906541791e-01 2.616822429906541791e-01 2.647975077881619677e-01 2.647975077881619677e-01 2.647975077881619677e-01
1.090342679127725804e-02 3.115264797507788161e-02 6.230529595015576322e-02 7.943925233644859307e-02 8.411214953271027583e-02 8.566978193146417009e-02 8.566978193146417009e-02 8.722741433021806434e-02 9.190031152647974710e-02 9.345794392523364136e-02
1.869158878504672758e-02 1.121495327102803724e-01 1.713395638629283402e-01 1.993769470404984367e-01 2.024922118380062253e-01 2.024922118380062253e-01 2.040498442367601195e-01 2.040498442367601195e-01 2.040498442367601195e-01 2.040498442367601195e-01
1.869158878504672758e-02 7.632398753894080456e-02 1.105919003115264782e-01 1.323987538940809838e-01 1.370716510903426666e-01 1.370716510903426666e-01 1.386292834890965608e-01 1.386292834890965608e-01 1.401869158878504551e-01 1.401869158878504551e-01
2.538162226878180050e-01 4.395889454255212936e-01 4.892746682629950938e-01 5.001496557916791375e-01 5.019455252918287869e-01 5.036416242641923446e-01 5.046393295420532610e-01 5.062356579866307271e-01 5.070338222089194602e-01 5.082310685423525598e-01
8.580265389603911053e-02 2.346602813528883558e-01 3.125810635538261995e-01 3.301406764441783825e-01 3.338321859722637730e-01 3.356280554724134224e-01 3.371246133892048524e-01 3.380225481392796771e-01 3.391200239449266851e-01 3.398184176394293265e-01
2.873391200239449120e-02 8.260999700688416436e-02 1.196248628155242993e-01 1.324952608999301618e-01 1.364860820113738271e-01 1.391798862615983290e-01 1.402773620672453370e-01 1.408759852339618868e-01 1.415743789284645282e-01 1.419734610396088947e-01
1.346902125112241916e-02 4.250224483687518873e-02 6.335428514416840962e-02 7.273271475606106484e-02 7.562606006185772223e-02 7.722238850643520225e-02 7.782101167315175205e-02 7.841963483986830186e-02 7.881871695101266839e-02 7.921779906215703493e-02
1.855731816821310984e-02 5.976254614386910385e-02 8.251022647909807273e-02 9.168911503541853081e-02 9.418337823007083554e-02 9.498154245235956861e-02 9.567993614686221004e-02 9.587947720243440719e-02 9.627855931357877373e-02 9.657787089693704863e-02
1.864749494495619025e-02 4.223769939339474394e-02 4.903392496068299106e-02 4.993259941586160322e-02 5.010110087620759517e-02 5.015726802965625453e-02 5.026960233655358018e-02 5.026960233655358018e-02 5.026960233655358018e-02 5.038193664345091277e-02
1.230060660525724575e-02 3.650864974163109400e-02 5.335879577623005993e-02 5.976185126937767073e-02 6.015502134351830704e-02 6.043585711076162464e-02 6.049202426421029094e-02 6.060435857110761659e-02 6.066052572455628289e-02 6.066052572455628289e-02
3.847450011233431028e-02 1.012132105144911282e-01 1.281172770164007990e-01 1.336216580543697907e-01 1.342956638957537585e-01 1.344079982026510911e-01 1.345203325095484237e-01 1.346326668164457563e-01 1.347450011233430611e-01 1.348011682767917274e-01
1.348011682767917378e-03 4.156369355201078655e-03 6.515389800044933850e-03 7.638732869018198188e-03 8.312738710402157311e-03 8.762075937991463392e-03 9.042911705234779260e-03 9.211413165580767740e-03 9.436081779375420781e-03 9.436081779375420781e-03
4.987643226241294386e-02 7.745450460570658946e-02 8.054369804538305533e-02 8.099303527297237182e-02 8.127387104021567554e-02 8.149853965401034073e-02 8.161087396090765944e-02 8.161087396090765944e-02 8.161087396090765944e-02 8.161087396090765944e-02
4.773735581188997407e-02 1.398402839396628294e-01 1.927240461401951988e-01 2.072759538598047957e-01 2.097604259094942303e-01 2.118899733806565988e-01 2.127772848269742778e-01 2.136645962732919291e-01 2.140195208518189951e-01 2.143744454303460611e-01
2.661934338952972375e-03 9.228039041703637452e-03 1.437444543034605178e-02 1.703637976929902459e-02 1.916592724046140353e-02 1.952085181898846611e-02 2.005323868677905824e-02 2.040816326530612082e-02 2.094055013309671642e-02 2.111801242236024945e-02
1.242236024844720413e-02 2.661934338952972462e-02 3.265306122448979886e-02 3.584738243123336554e-02 3.708961845607808283e-02 3.744454303460514888e-02 3.744454303460514888e-02 3.744454303460514888e-02 3.762200532386867496e-02 3.762200532386867496e-02
1.774622892635315061e-04 1.064773735581189037e-03 3.016858917480035387e-03 3.549245785270630123e-03 4.081632653061224858e-03 4.081632653061224858e-03 4.081632653061224858e-03 4.081632653061224858e-03 4.081632653061224858e-03 4.081632653061224858e-03
4.968944099378882172e-03 2.271517302573203279e-02 3.992901508429459040e-02 5.004436557231588256e-02 5.412599822537710742e-02 5.714285714285714107e-02 5.803016858917479925e-02 5.891748003549245744e-02 5.944986690328304957e-02 6.051464063886424077e-02
2.690103171570500454e-02 8.956820787160871267e-02 1.521589606419564422e-01 1.942682460833014824e-01 2.193351165456629837e-01 2.356897210546427257e-01 2.467711119602598313e-01 2.495223538402751295e-01 2.504394344669468864e-01 2.508215513947267827e-01
8.406572411157813918e-04 5.884600687810470285e-03 1.505540695452808539e-02 3.125716469239587375e-02 4.019870080244555138e-02 4.722965227359571944e-02 5.235001910584639179e-02 5.578907145586549376e-02 5.815819640810088176e-02 5.884600687810469938e-02
8.979747802827665881e-02 2.358425678257546898e-01 3.369507069163164004e-01 3.833397019487963520e-01 4.022927015666794004e-01 4.105464272067252396e-01 4.146732900267481869e-01 4.176538020634313897e-01 4.190294230034390388e-01 4.200993504012227597e-01
3.897592663354986463e-03 1.551394726786396554e-02 3.400840657241115811e-02 5.212074894917844564e-02 6.251432938479174750e-02 7.099732518150554672e-02 7.802827665265571477e-02 8.223156285823461642e-02 8.521207489491784692e-02 8.582346197936568943e-02
7.642338555598012406e-05 4.585403133358807986e-04 1.146350783339701888e-03 1.604891096675582687e-03 2.445548337791363970e-03 3.286205578907145687e-03 3.591899121131066075e-03 3.821169277799006583e-03 4.050439434466947090e-03 4.126862820022927404e-03
5.429497568881685304e-02 1.180443003781739553e-01 1.482982171799027415e-01 1.520799567801188468e-01 1.528903295515937344e-01 1.531604538087520395e-01 1.534305780659103169e-01 1.539708265802268994e-01 1.539708265802268994e-01 1.539708265802268994e-01
3.582015810276679979e-02 9.486166007905137698e-02 1.254940711462450564e-01 1.267292490118576975e-01 1.272233201581027540e-01 1.272233201581027540e-01 1.274703557312253099e-01 1.279644268774703664e-01 1.279644268774703664e-01 1.279644268774703664e-01
5.251046025104602610e-02 9.748953974895396835e-02 1.085774058577405887e-01 1.085774058577405887e-01 1.085774058577405887e-01 1.085774058577405887e-01 1.085774058577405887e-01 1.085774058577405887e-01 1.085774058577405887e-01 1.085774058577405887e-01
6.186726659167603865e-02 9.381327334083239267e-02 9.853768278965129024e-02 9.853768278965129024e-02 9.853768278965129024e-02 9.853768278965129024e-02 9.853768278965129024e-02 9.853768278965129024e-02 9.853768278965129024e-02 9.853768278965129024e-02
2.637267617812364892e-02 4.863813229571984503e-02 5.425853869433636123e-02 5.425853869433636123e-02 5.425853869433636123e-02 5.425853869433636123e-02 5.425853869433636123e-02 5.425853869433636123e-02 5.425853869433636123e-02 5.425853869433636123e-02
1.579161579161579287e-01 3.746438746438746636e-01 4.694749694749694724e-01 4.993894993894993917e-01 5.065120065120065629e-01 5.126170126170126462e-01 5.150590150590150795e-01 5.170940170940171443e-01 5.199430199430199462e-01 5.223850223850223795e-01
1.248279929231374125e-01 3.326125417731472522e-01 4.564576371142127220e-01 4.875172007076862823e-01 4.957735403970906507e-01 4.989188126597208783e-01 5.008846078238647914e-01 5.030469825044230348e-01 5.059956752506389321e-01 5.067819933162964752e-01
1.183480583521676621e-01 3.213478528867885764e-01 4.279843846311896516e-01 4.577768645983151807e-01 4.645572221080747632e-01 4.690774604479145404e-01 4.713375796178344013e-01 4.729813026505033657e-01 4.750359564413396130e-01 4.766796794740086329e-01
3.006993006993007034e-02 9.510489510489510134e-02 1.526806526806526731e-01 1.769230769230769329e-01 1.832167832167832244e-01 1.881118881118881148e-01 1.890442890442890489e-01 1.909090909090909172e-01 1.920745920745920710e-01 1.937062937062937196e-01
2.654730668313011119e-02 9.106343571538817738e-02 1.435406698564593297e-01 1.802747337552091378e-01 1.927766630652878455e-01 1.986417657045840279e-01 2.011112826053403357e-01 2.043525235375829585e-01 2.066676956320419867e-01 2.083654885013119240e-01
2.089665653495440673e-02 5.053191489361701788e-02 6.534954407294832346e-02 7.142857142857142461e-02 7.370820668693009448e-02 7.674772036474164505e-02 7.750759878419452575e-02 7.864741641337386069e-02 7.940729483282674139e-02 7.978723404255319562e-02
7.598784194528875350e-04 1.519756838905775070e-03 1.899696048632218892e-03 3.039513677811550140e-03 3.039513677811550140e-03 3.419452887537993962e-03 3.799392097264437784e-03 3.799392097264437784e-03 3.799392097264437784e-03 3.799392097264437784e-03
9.574468085106382920e-02 1.751519756838905706e-01 1.964285714285714246e-01 2.063069908814589570e-01 2.108662613981762968e-01 2.150455927051671823e-01 2.154255319148936088e-01 2.165653495440729437e-01 2.180851063829787329e-01 2.192249240121580678e-01
3.419452887537993962e-03 8.358662613981762343e-03 1.177811550151975674e-02 1.291793313069908820e-02 1.367781155015197585e-02 1.481762917933130731e-02 1.519756838905775113e-02 1.519756838905775113e-02 1.557750759878419496e-02 1.633738601823708086e-02
1.063829787234042527e-02 2.545592705167173259e-02 3.229483282674772138e-02 3.761398176291793488e-02 4.103343465045592581e-02 4.293313069908814839e-02 4.331306990881458874e-02 4.445288753799392367e-02 4.445288753799392367e-02 4.559270516717325167e-02
1.925630810092961442e-01 3.379814077025232177e-01 3.701859229747676006e-01 3.735059760956175312e-01 3.741699867197875173e-01 3.751660026560424965e-01 3.751660026560424965e-01 3.758300132802124827e-01 3.768260292164674619e-01 3.768260292164674619e-01
1.215139442231075728e-01 2.247675962815404993e-01 2.463479415670650763e-01 2.486719787516600277e-01 2.503320053120849931e-01 2.513280212483399723e-01 2.516600265604249653e-01 2.516600265604249653e-01 2.519920318725099584e-01 2.519920318725099584e-01
1.692264730522200500e-01 2.767383412454621494e-01 2.974029600670203832e-01 3.007539793353811719e-01 3.010332309410779228e-01 3.018709857581681200e-01 3.018709857581681200e-01 3.018709857581681200e-01 3.018709857581681200e-01 3.018709857581681200e-01
8.964143426294821082e-02 1.430942895086321498e-01 1.596945551128818030e-01 1.606905710491367822e-01 1.610225763612217753e-01 1.620185922974767545e-01 1.630146082337317337e-01 1.669986719787516505e-01 1.679946879150066297e-01 1.679946879150066297e-01
5.942895086321381415e-02 1.055776892430278918e-01 1.128818061088977392e-01 1.135458167330677254e-01 1.145418326693227046e-01 1.145418326693227046e-01 1.145418326693227046e-01 1.145418326693227046e-01 1.145418326693227046e-01 1.145418326693227046e-01
1.065159178815828639e-01 2.258256471288307143e-01 2.656947337102052997e-01 2.719428741445998332e-01 2.734305266289794867e-01 2.758107706039868989e-01 2.767033620946147132e-01 2.770008925914906328e-01 2.770008925914906328e-01 2.772984230883665524e-01
3.064564117822076925e-02 9.669741148467718428e-02 1.407319250223147966e-01 1.600714073192502362e-01 1.689973222255281293e-01 1.716750966974114889e-01 1.722701576911633559e-01 1.728652186849151950e-01 1.740553406724189289e-01 1.743528711692948485e-01
2.318684281477487175e-02 7.684011863035858370e-02 1.162038285252089548e-01 1.428956592073335197e-01 1.539498517120517773e-01 1.590725262874090051e-01 1.614990563494203279e-01 1.620382852520895200e-01 1.633863575087624587e-01 1.633863575087624587e-01
9.118541033434649987e-03 3.133037175590366874e-02 5.658171615618424327e-02 7.598784194528875047e-02 8.604161795651157907e-02 9.375730652326397241e-02 9.703062894552255679e-02 9.936871638999299206e-02 1.026420388122515764e-01 1.047463175122749640e-01
8.925914906277893513e-04 1.785182981255578703e-03 2.975304968759297838e-03 5.355548943766735674e-03 6.248140434394525676e-03 7.140731925022314810e-03 7.140731925022314810e-03 8.033323415650104812e-03 8.033323415650104812e-03 8.330853912526033078e-03
1.509341600717957130e-02 2.667863261809578362e-02 2.945255772211797379e-02 2.969731581953169788e-02 2.986048788447417945e-02 2.986048788447417945e-02 3.010524598188790008e-02 3.035000407930162417e-02 3.043159011177286322e-02 3.043159011177286322e-02
1.386962552011095735e-03 4.650403850860732567e-03 7.342742922411682818e-03 7.669087052296646827e-03 7.832259117239129265e-03 7.995431182181610835e-03 8.077017214652851620e-03 8.077017214652851620e-03 8.077017214652851620e-03 8.077017214652851620e-03
1.770416904625927990e-02 4.087460226809170455e-02 4.854368932038834877e-02 5.107285632699681832e-02 5.139920045688178146e-02 5.156237252182426650e-02 5.156237252182426650e-02 5.156237252182426650e-02 5.164395855429550208e-02 5.188871665170922964e-02
1.010035081993962691e-01 1.755731418781104614e-01 1.875662886513828898e-01 1.895243534306926547e-01 1.897691115281063823e-01 1.900138696255201098e-01 1.900138696255201098e-01 1.900138696255201098e-01 1.900138696255201098e-01 1.900138696255201098e-01
5.205188871665170774e-02 1.034510891735334892e-01 1.146283756220934924e-01 1.209105001223790554e-01 1.220527045769764229e-01 1.220527045769764229e-01 1.221342906094476655e-01 1.224606347393326217e-01 1.226238068042751067e-01 1.228685649016888343e-01
6.417686198755097327e-02 1.712098447449381111e-01 2.249409744580382065e-01 2.464763540101595485e-01 2.502682979180081424e-01 2.512699434785719554e-01 2.515561279244473147e-01 2.518423123703226740e-01 2.519854045932603537e-01 2.519854045932603537e-01
7.655433927166058888e-03 3.090792015453960179e-02 5.537669027688345291e-02 7.347785647850040014e-02 8.599842598554768847e-02 9.229448379480574560e-02 9.472705158474636900e-02 9.479859769621520882e-02 9.479859769621520882e-02 9.494168991915288847e-02
7.354940258996923996e-02 1.788652786721041665e-01 2.243686055662874601e-01 2.344566072833941528e-01 2.353867067324890983e-01 2.362452600701151761e-01 2.365314445159905632e-01 2.368176289618659225e-01 2.368891750733347623e-01 2.371753595192101216e-01
1.624096730342705977e-02 4.378622021893110311e-02 6.396222365314445379e-02 7.254775702940545468e-02 7.498032481934606419e-02 7.569578593403449018e-02 7.591042426844100965e-02 7.591042426844100965e-02 7.619660871431638283e-02 7.641124704872290230e-02
2.146383344065250220e-03 5.723688917507333343e-03 1.080346283179509266e-02 1.337912284467339223e-02 1.430922229376833422e-02 1.459540673964370046e-02 1.488159118551906669e-02 1.488159118551906669e-02 1.495313729698790825e-02 1.495313729698790825e-02
1.087005649717514150e-01 2.310734463276836181e-01 2.729943502824858648e-01 2.814689265536723384e-01 2.842937853107344592e-01 2.863276836158192284e-01 2.871186440677966356e-01 2.877966101694915402e-01 2.883615819209039421e-01 2.892655367231638519e-01
5.988700564971751600e-02 1.049717514124293843e-01 1.157062146892655352e-01 1.180790960451977428e-01 1.183050847457627064e-01 1.183050847457627064e-01 1.185310734463276838e-01 1.185310734463276838e-01 1.186440677966101725e-01 1.186440677966101725e-01
2.847457627118643933e-02 6.553672316384180629e-02 7.864406779661016478e-02 8.101694915254237239e-02 8.169491525423729084e-02 8.237288135593220928e-02 8.248587570621468412e-02 8.248587570621468412e-02 8.259887005649717284e-02 8.282485875706215028e-02
1.491525423728813637e-02 3.649717514124294071e-02 4.610169491525423907e-02 4.757062146892655080e-02 4.802259887005649874e-02 4.824858757062146924e-02 4.824858757062146924e-02 4.824858757062146924e-02 4.824858757062146924e-02 4.836158192090395797e-02
1.186440677966101725e-02 3.536723163841808126e-02 4.824858757062146924e-02 5.265536723163841831e-02 5.333333333333333676e-02 5.412429378531073698e-02 5.423728813559321876e-02 5.446327683615818926e-02 5.480225988700564849e-02 5.514124293785310771e-02
3.019953262628078394e-01 4.727664928995146676e-01 4.991012043861225989e-01 5.008089160524896721e-01 5.010785547366528592e-01 5.012583138594283172e-01 5.012583138594283172e-01 5.013481934208161572e-01 5.013481934208161572e-01 5.013481934208161572e-01
1.922903313171436257e-01 3.412476302247900994e-01 3.737474045319129634e-01 3.763654419066534418e-01 3.768168276609190070e-01 3.769973819626252776e-01 3.769973819626252776e-01 3.769973819626252776e-01 3.769973819626252776e-01 3.769973819626252776e-01
8.915639988714380015e-02 1.813222985046553104e-01 2.091601617605567676e-01 2.134863161854603508e-01 2.140505971974042965e-01 2.142386908680522783e-01 2.142386908680522783e-01 2.142386908680522783e-01 2.142386908680522783e-01 2.142386908680522783e-01
2.299058653149891468e-02 5.883417813178856010e-02 7.177769732078204123e-02 7.594134685010861530e-02 7.657494569152788200e-02 7.675597393193338280e-02 7.675597393193338280e-02 7.675597393193338280e-02 7.675597393193338280e-02 7.684648805213613321e-02
1.846210652635465674e-03 4.338595033693344767e-03 6.092495153697036724e-03 6.461737284224129858e-03 6.646358349487676426e-03 6.738668882119450143e-03 6.738668882119450143e-03 6.738668882119450143e-03 6.738668882119450143e-03 6.830979414751222993e-03
5.078168934877966278e-02 1.749521988527724670e-01 2.649308289281295803e-01 3.013721741086491934e-01 3.103700371161848826e-01 3.134630525250253208e-01 3.145877854009672681e-01 3.154875717017208148e-01 3.158249915645034434e-01 3.163873580024744170e-01
7.862721139032035483e-03 2.836954789353450523e-02 4.345747224140678738e-02 5.360463263029272701e-02 5.854539658927907647e-02 6.056420336821972950e-02 6.125484779259416507e-02 6.141422727514211227e-02 6.167985974605535993e-02 6.173298624023800668e-02
2.531859704522386456e-02 9.416939212811548110e-02 1.671929626705762895e-01 2.164768241795421155e-01 2.385812563437464673e-01 2.454043081087177169e-01 2.477726401263110334e-01 2.486184729897372159e-01 2.490695838502312021e-01 2.495206947107251605e-01
5.879360054271015601e-02 1.623042568828085286e-01 2.339872236983435994e-01 2.615184577986319203e-01 2.662671716886200191e-01 2.673978178529029526e-01 2.679066086268302449e-01 2.681892701679009505e-01 2.684719317089716561e-01 2.689807224828990040e-01
9.746169936118491417e-02 2.614619254904178014e-01 3.508960370851941790e-01 3.724348465147832021e-01 3.745265419187065459e-01 3.758267850076318362e-01 3.766747696308440085e-01 3.771835604047713009e-01 3.774662219458420620e-01 3.775227542540561809e-01
8.032128514056224855e-02 1.595269968763944612e-01 1.858545292280232020e-01 1.921017402945113806e-01 1.958946898705934969e-01 1.981258366800535409e-01 1.990182954038375862e-01 2.010263275323516396e-01 2.019187862561356572e-01 2.025881302989736843e-01
1.411568177072457797e-01 3.505951138024639979e-01 4.374608477761536829e-01 4.570891626644393302e-01 4.608477761536855510e-01 4.662768845270411355e-01 4.683650031321778817e-01 4.706619335978283747e-01 4.719148047609104113e-01 4.729588640634788121e-01
4.908522980812137469e-03 1.137884872824631785e-02 1.517179830432842554e-02 1.584114234716644393e-02 1.740294511378848857e-02 1.851851851851851749e-02 1.918786256135653762e-02 1.941097724230254201e-02 1.985720660419455427e-02 2.008032128514056214e-02
9.817045961624274938e-03 3.056671128960285547e-02 3.993752788933511988e-02 4.774654172244533618e-02 5.064703257474342107e-02 5.220883534136545878e-02 5.243195002231147012e-02 5.377063810798750343e-02 5.466309683177152795e-02 5.510932619366354368e-02
4.462293618920124775e-04 1.115573404730031302e-03 2.900490852298081429e-03 3.792949576082106384e-03 4.016064257028112081e-03 4.239178937974119078e-03 4.685408299866131339e-03 4.908522980812137469e-03 5.131637661758143600e-03 5.131637661758143600e-03
2.002499776805642395e-01 3.465761985537005874e-01 3.740737434157664354e-01 3.753236318185876330e-01 3.755914650477635841e-01 3.761271315061155418e-01 3.766627979644674440e-01 3.776448531381126905e-01 3.783590750825819304e-01 3.788054637978751638e-01
2.044460316043210379e-02 5.928042139094723967e-02 8.392107847513614882e-02 9.320596375323632332e-02 9.633068476028926186e-02 9.758057316311043172e-02 9.784840639228639669e-02 9.838407285063834051e-02 9.865190607981430548e-02 9.909829479510758043e-02
1.606999375055798707e-01 2.781001696277118351e-01 3.070261583787161630e-01 3.126506561914114690e-01 3.140791000803499489e-01 3.147040442817605754e-01 3.151504329970538087e-01 3.159539326845817175e-01 3.164003213998750064e-01 3.170252656012855774e-01
4.196053923756807094e-03 1.606999375055798499e-02 3.169359878582269502e-02 4.579948218909025981e-02 5.579858941165967423e-02 5.901258816177126776e-02 6.053030979376841647e-02 6.133380948129631138e-02 6.169092045353093134e-02 6.204803142576555824e-02
1.205249531291848961e-02 4.249620569592000435e-02 6.499419694670119374e-02 7.677885903044370797e-02 8.043924649584859032e-02 8.231407910008034512e-02 8.311757878760825391e-02 8.365324524596018385e-02 8.392107847513614882e-02 8.427818944737076878e-02
1.127570196772053994e-02 2.321468052177758090e-02 3.161618394870661236e-02 3.493256688038912094e-02 3.581693566217112462e-02 3.648021224850762911e-02 3.692239663939862748e-02 3.780676542118063116e-02 3.780676542118063116e-02 3.824894981207163647e-02
4.839099927413500948e-04 2.661504960077425413e-03 6.290829905637551449e-03 7.742559883861601516e-03 7.984514880232277539e-03 8.226469876602951828e-03 8.710379869344302139e-03 8.710379869344302139e-03 8.710379869344302139e-03 8.710379869344302139e-03
3.248670998227997514e-02 9.066745422327229798e-02 1.252215002953337153e-01 1.385115180153573544e-01 1.411695215593620767e-01 1.414648552864737063e-01 1.420555227406969934e-01 1.432368576491435397e-01 1.441228588304784286e-01 1.444181925575900860e-01
1.068174677976751509e-02 4.115614200439836334e-02 6.503298774740810806e-02 7.822808671065033248e-02 8.262645303173106470e-02 8.890983349041783890e-02 9.110901665095821889e-02 9.519321394910461309e-02 9.644989004084197903e-02 9.739239710964499308e-02
3.770028275212063996e-03 1.288092994030788641e-02 2.356267672007539976e-02 3.707194470625196220e-02 3.832862079798932120e-02 3.958529688972667326e-02 4.052780395852968731e-02 4.115614200439836334e-02 4.178448005026704631e-02 4.241281809613572235e-02
9.385863267670915833e-02 2.337775202780996431e-01 3.085168018539976575e-01 3.322711471610660383e-01 3.415411355735805121e-01 3.455967555040556083e-01 3.496523754345307045e-01 3.516801853997682525e-01 3.539976825028968710e-01 3.551564310544612080e-01
3.128621089223638380e-02 9.038238702201621677e-02 1.329663962920046294e-01 1.457126303592120586e-01 1.497682502896871271e-01 1.532444959443800825e-01 1.567207415990730102e-01 1.578794901506373194e-01 1.587485515643105582e-01 1.593279258400926990e-01
2.896871378910776534e-02 8.169177288528389758e-02 1.193511008111239891e-01 1.378910776361529644e-01 1.512166859791425344e-01 1.564310544611819120e-01 1.587485515643105582e-01 1.610660486674391767e-01 1.625144843568945563e-01 1.642526071842410063e-01
2.676709154113557365e-01 4.930475086906141446e-01 5.449015063731170727e-01 5.547508690614136873e-01 5.611239860950173464e-01 5.657589803012745833e-01 5.698146002317496794e-01 5.721320973348783534e-01 5.741599073001159015e-01 5.770567786790266052e-01
5.793742757821553069e-03 1.853997682502896843e-02 3.041714947856315188e-02 3.505214368482039572e-02 3.968713789107763956e-02 4.229432213209733532e-02 4.374275782155272185e-02 4.403244495944379916e-02 4.432213209733487647e-02 4.432213209733487647e-02
1.832111925383077822e-01 3.235620697312902583e-01 3.590939373750832719e-01 3.659782367310681628e-01 3.677548301132578246e-01 3.686431268043526277e-01 3.686431268043526277e-01 3.688652009771263840e-01 3.688652009771263840e-01 3.701976460137685887e-01
1.199200532978014593e-02 4.596935376415722807e-02 9.016211414612480823e-02 1.141461248056851036e-01 1.208083499888962936e-01 1.254719076171441350e-01 1.279147235176548991e-01 1.303575394181656633e-01 1.310237619364867934e-01 1.328003553186764274e-01
1.332445036642238533e-03 4.441483455474128442e-03 1.465689540306462299e-02 2.576060404174994323e-02 2.842549411503442203e-02 3.020208749722407340e-02 3.042416166999777766e-02 3.064623584277148538e-02 3.153453253386630933e-02 3.242282922496114023e-02
3.308905174328225646e-02 1.176993115700643994e-01 1.936486786586719966e-01 2.349544747945813972e-01 2.533866311347990341e-01 2.582722629358205624e-01 2.602709304907839249e-01 2.622695980457472875e-01 2.627137463912946891e-01 2.631578947368420907e-01
8.216744392627137183e-03 3.419942260715078813e-02 5.640683988452142861e-02 6.751054852320674537e-02 7.084166111481234041e-02 7.372862536087053387e-02 7.728181212524982968e-02 7.972462802576060770e-02 8.083499888962913937e-02 8.105707306240284016e-02
2.808186577820085544e-02 8.472156116135173831e-02 1.277169601776931562e-01 1.475487862922418014e-01 1.524670791686498494e-01 1.548468983023956747e-01 1.559574805648104023e-01 1.565920990004759650e-01 1.573853720450578975e-01 1.581786450896398577e-01
3.294080203691916037e-02 1.024824952259707211e-01 1.605665181413112597e-01 1.750477402928071191e-01 1.799809038828771579e-01 1.841183959261616931e-01 1.847549331635900682e-01 1.852323360916613704e-01 1.855506047103755440e-01 1.863462762571610476e-01
2.044763746891406497e-02 8.344846642718983798e-02 1.461729759602100054e-01 2.232660956065211366e-01 2.652666482453716612e-01 2.851616468637745427e-01 2.895827576678640658e-01 2.920696324951644329e-01 2.953854655982315336e-01 2.975960210002763229e-01
2.727400534233094184e-02 8.350906790383803846e-02 1.237171376353156244e-01 1.374947279628848662e-01 1.419935329678054248e-01 1.450864614086883053e-01 1.452270490650920953e-01 1.455082243778996198e-01 1.455082243778996198e-01 1.456488120343033821e-01
9.391508511054587338e-03 3.541381334376834250e-02 6.534924672275484181e-02 9.548033652905497937e-02 1.060457836039913893e-01 1.179808256701232599e-01 1.271766777538642090e-01 1.308941498728233288e-01 1.320680884367051444e-01 1.332420270005869600e-01
6.621004566210045295e-02 1.118721461187214550e-01 1.415525114155251063e-01 1.666666666666666574e-01 1.735159817351598077e-01 1.872146118721461083e-01 1.894977168949771584e-01 1.917808219178082085e-01 1.986301369863013588e-01 2.054794520547945091e-01
3.759398496240601295e-02 7.268170426065162504e-02 8.020050125313282763e-02 9.774436090225563367e-02 1.152882205513784397e-01 1.278195488721804440e-01 1.428571428571428492e-01 1.453634085213032501e-01 1.503759398496240518e-01 1.553884711779448535e-01
0.000000000000000000e+00 0.000000000000000000e+00 1.569858712715855665e-03 1.569858712715855665e-03 1.569858712715855665e-03 1.569858712715855665e-03 1.569858712715855665e-03 3.139717425431711329e-03 3.139717425431711329e-03 3.139717425431711329e-03
0.000000000000000000e+00 1.795332136445242435e-03 3.590664272890484870e-03 5.385996409335727306e-03 8.976660682226212176e-03 8.976660682226212176e-03 8.976660682226212176e-03 8.976660682226212176e-03 8.976660682226212176e-03 1.256732495511669705e-02
0.000000000000000000e+00 2.084781097984711451e-03 2.084781097984711451e-03 2.084781097984711451e-03 2.084781097984711451e-03 2.084781097984711451e-03 2.084781097984711451e-03 2.084781097984711451e-03 2.779708130646282079e-03 2.779708130646282079e-03
1.454445664105378788e-01 3.811745334796926565e-01 5.016465422612513825e-01 5.433589462129527758e-01 5.518660812294182705e-01 5.548847420417124532e-01 5.562568605927552534e-01 5.579034028540066359e-01 5.592755214050494361e-01 5.606476399560922363e-01
3.430296377607025549e-02 1.306256860592755198e-01 2.244785949506037381e-01 2.980241492864983410e-01 3.315038419319429330e-01 3.471459934138309555e-01 3.542810098792535944e-01 3.586717892425905774e-01 3.605927552140504866e-01 3.630625686059275603e-01
3.402854006586168711e-02 1.333699231613611480e-01 2.560373216245883654e-01 3.218990120746432759e-01 3.504390779363337205e-01 3.592206366630076864e-01 3.652579582875960518e-01 3.682766190998902345e-01 3.693743139407244525e-01 3.710208562019758349e-01
3.018660812294182271e-03 1.811196487376509276e-02 4.527991218441273363e-02 9.055982436882546727e-02 1.232162458836443403e-01 1.402305159165752046e-01 1.473655323819978158e-01 1.536772777167947357e-01 1.564215148188803639e-01 1.577936333699231641e-01
5.488474204171240592e-04 5.214050493962678508e-03 1.454445664105378719e-02 4.281009879253567380e-02 6.366630076838639130e-02 8.342480790340285612e-02 9.055982436882546727e-02 9.549945115257958694e-02 9.851811196487376965e-02 9.961580680570801538e-02
1.789069171648164092e-01 3.613720466837460621e-01 4.227867919157415333e-01 4.338172502134927666e-01 4.387987475092513523e-01 4.413606604042129011e-01 4.427127810987759871e-01 4.430686023341873225e-01 4.434955878166809140e-01 4.437802448050099380e-01
6.846000569313977213e-02 1.439652718474238591e-01 1.755621975519499056e-01 1.850270424138912573e-01 1.877312838030173736e-01 1.895103899800740233e-01 1.898662112154853310e-01 1.901508682038144105e-01 1.906490179333902579e-01 1.911471676629661332e-01
1.380586393395957789e-02 3.629376601195559437e-02 5.052661542840877068e-02 5.508112724167378571e-02 5.728721890122402682e-02 5.828351836037574951e-02 5.892399658411613672e-02 5.942214631369199807e-02 5.949331056077426794e-02 5.963563905493880074e-02
6.532877882152006432e-02 1.549957301451750646e-01 1.929974380871050388e-01 2.014659834898946678e-01 2.038144036436094486e-01 2.049530315969257110e-01 2.056646740677483542e-01 2.060916595502419457e-01 2.062339880444064855e-01 2.065186450327355649e-01
1.067463706233988049e-02 2.455166524338172479e-02 3.209507543410190789e-02 3.430116709365214900e-02 3.508397381155707595e-02 3.522630230572160875e-02 3.522630230572160875e-02 3.529746655280387169e-02 3.551095929405066742e-02 3.565328778821520023e-02
1.088045812455261246e-01 2.634216177523264202e-01 3.321403006442376626e-01 3.579098067287043716e-01 3.715103793843951285e-01 3.765211166785970009e-01 3.829634931997136782e-01 3.872584108804581482e-01 3.894058697208303554e-01 3.901216893342877579e-01
1.981308411214953158e-01 3.464174454828660710e-01 3.943925233644859918e-01 4.124610591900311762e-01 4.199376947040498465e-01 4.255451713395638769e-01 4.292834890965732120e-01 4.317757009345794539e-01 4.336448598130840937e-01 4.355140186915887890e-01
3.780718336483932050e-03 1.449275362318840597e-02 2.898550724637681195e-02 4.158790170132325298e-02 4.599873976055450508e-02 5.040957781978575719e-02 5.229993698802772734e-02 5.419029615626969054e-02 5.797101449275362389e-02 5.860113421550094265e-02
5.225483178239083426e-02 1.395848246241946922e-01 1.997136721546170501e-01 2.326413743736578388e-01 2.476735862562634283e-01 2.526843235504652729e-01 2.598425196850393526e-01 2.641374373657838226e-01 2.670007158196134323e-01 2.691481746599856950e-01
7.158196134574087034e-04 7.158196134574087467e-03 1.073729420186113163e-02 1.503221188260558255e-02 1.861130994989262585e-02 2.290622763063707851e-02 2.505368647100930657e-02 2.791696492483894051e-02 2.934860415175375922e-02 2.934860415175375922e-02
1.464769515641750341e-01 2.783354448884124421e-01 3.171230874183803006e-01 3.232628398791540514e-01 3.257967059740766169e-01 3.271610954098040924e-01 3.285254848455316234e-01 3.292076795633953612e-01 3.301822434460578992e-01 3.307669817756553887e-01
4.658415359126790584e-02 8.537179612123574346e-02 9.531234772439332870e-02 9.667673716012084584e-02 9.677419354838709409e-02 9.726147548971834922e-02 9.735893187798459747e-02 9.745638826625085960e-02 9.745638826625085960e-02 9.745638826625085960e-02
1.968619042978267397e-02 4.931293246272293318e-02 6.100769905467303550e-02 6.188480654906929057e-02 6.207971932560179401e-02 6.227463210213429745e-02 6.237208849040054570e-02 6.237208849040054570e-02 6.237208849040054570e-02 6.237208849040054570e-02
1.685995517006139838e-02 3.342754117532404506e-02 3.713088392944157573e-02 3.761816587077283086e-02 3.761816587077283086e-02 3.761816587077283086e-02 3.761816587077283086e-02 3.761816587077283086e-02 3.771562225903907911e-02 3.771562225903907911e-02
1.715232433486015007e-02 3.060130591560276947e-02 3.323262839879154162e-02 3.342754117532404506e-02 3.362245395185654157e-02 3.381736672838904501e-02 3.391482311665530019e-02 3.391482311665530019e-02 3.391482311665530019e-02 3.401227950492154845e-02
1.216016629287238054e-01 2.317159892784858566e-01 2.632241124664952414e-01 2.682566599201356428e-01 2.695147967835457847e-01 2.700071112083584079e-01 2.701712160166293009e-01 2.703353208249001938e-01 2.704994256331710312e-01 2.705541272359280325e-01
3.818171872435862507e-02 1.253760735189541065e-01 1.992779388436081156e-01 2.358186094852579295e-01 2.516820742847765691e-01 2.595044034790219278e-01 2.633882172747661343e-01 2.651933701657458453e-01 2.669438214539686105e-01 2.684754663311634815e-01
1.487883594989333237e-02 4.955965209780646696e-02 7.258902685848694913e-02 8.489688747880312636e-02 8.927301569935999770e-02 9.206279743996499676e-02 9.392265193370165355e-02 9.507138559159783453e-02 9.594661123570920325e-02 9.632952245500793487e-02
2.893714785843225223e-02 9.561840161916744518e-02 1.534926973360319358e-01 1.848367157157704832e-01 1.993326404463650892e-01 2.079754936819648847e-01 2.127892347245774196e-01 2.154149116569115396e-01 2.170012581368634119e-01 2.176029757671899822e-01
9.572780482468136107e-03 3.528253377823969972e-02 6.279743996499097258e-02 8.095837208030194632e-02 8.927301569935999770e-02 9.370384552267381484e-02 9.660303046879273325e-02 9.818937694874459166e-02 9.895519938734205490e-02 1.002133362507521414e-01
9.529529529529529031e-02 2.513513513513513375e-01 3.292292292292292033e-01 3.510510510510510551e-01 3.556556556556556559e-01 3.585585585585585600e-01 3.598598598598598541e-01 3.604604604604604856e-01 3.623623623623623557e-01 3.631631631631631607e-01
7.551584769198043008e-03 2.701552861093384217e-02 5.190385024462880470e-02 6.870878536481599130e-02 7.604764943629015173e-02 8.008934269304403275e-02 8.328015315890235915e-02 8.562008083386513091e-02 8.710912571793234804e-02 8.742820676451819317e-02
4.440012595780413324e-02 1.403379867744305731e-01 2.256743990763094287e-01 2.593681116825863331e-01 2.667156502571638721e-01 2.689199118295371171e-01 2.695497008502151792e-01 2.707043140547916171e-01 2.710192085651306759e-01 2.714390679122494210e-01
1.361412465432886541e-02 5.371197617528185309e-02 9.242714316102956795e-02 1.147628164220378666e-01 1.211444373537545194e-01 1.232716443309933990e-01 1.248670495639225692e-01 1.253988513082322787e-01 1.258242927036800629e-01 1.259306530525420020e-01
4.679855349925547865e-03 1.925122314401191137e-02 3.605615826419910491e-02 4.860667942990853224e-02 5.435013826845352253e-02 5.658370559455434823e-02 5.754094873431184892e-02 5.828547117634545749e-02 5.860455222293128874e-02 5.871091257179323480e-02
3.898778873032220094e-02 9.592467264969839480e-02 1.296160070619390980e-01 1.409445343533912154e-01 1.430042665882006736e-01 1.443283801677210654e-01 1.449168750919523352e-01 1.450639988230101596e-01 1.453582462851257806e-01 1.457996174782992538e-01
6.222775357809583012e-04 1.866832607342874904e-03 4.355942750466708542e-03 8.089607965152458349e-03 1.228998133167392634e-02 1.493466085874299923e-02 1.586807716241443733e-02 1.617921593030491670e-02 1.633478531425015465e-02 1.664592408214063401e-02
1.206180212931706047e-01 2.230589457283822519e-01 2.644767592833030534e-01 2.738249805245390744e-01 2.752531809919501193e-01 2.765515450532329278e-01 2.772007270838743320e-01 2.777200727083874443e-01 2.778499091145157363e-01 2.782394183329005566e-01
2.184809150494794808e-03 1.002441845521141219e-02 1.734995501863513534e-02 2.570363706464464867e-02 2.955918262434134580e-02 3.084436447757357702e-02 3.110140084822002327e-02 3.110140084822002327e-02 3.122991903354324639e-02 3.122991903354324639e-02
4.150197628458498350e-02 7.888669301712779303e-02 9.420289855072463969e-02 9.864953886693017537e-02 9.930830039525691266e-02 9.930830039525691266e-02 9.947299077733860739e-02 9.963768115942028825e-02 9.963768115942028825e-02 9.980237154150198298e-02
2.222222222222222099e-01 3.854785478547854694e-01 4.231023102310231265e-01 4.292629262926292433e-01 4.310231023102309988e-01 4.325632563256325835e-01 4.343234323432343391e-01 4.352035203520351891e-01 4.371837183718371711e-01 4.376237623762376239e-01
1.141988710377768168e-01 2.262266608771167919e-01 2.696482848458532366e-01 2.781155015197568359e-01 2.811550151975684142e-01 2.841945288753799370e-01 2.850629613547546737e-01 2.870169344333478034e-01 2.883195831524099084e-01 2.891880156317846451e-01
3.524139335913627907e-02 9.390914646567528890e-02 1.214096557343654487e-01 1.313913220615196553e-01 1.336321042982277496e-01 1.356691790588714641e-01 1.370951313913220670e-01 1.377062538195151786e-01 1.387247911998370220e-01 1.397433285801588931e-01
8.842278428953321071e-03 2.734937281513468918e-02 3.598601686201932659e-02 3.968743573925560125e-02 4.256631708821714821e-02 4.338885461649187592e-02 4.338885461649187592e-02 4.338885461649187592e-02 4.380012338062923977e-02 4.462266090890396747e-02
8.278145695364238403e-04 1.862582781456953614e-03 2.690397350993377346e-03 3.104304635761589212e-03 3.104304635761589212e-03 3.104304635761589212e-03 3.104304635761589212e-03 3.311258278145695361e-03 3.725165562913907227e-03 3.725165562913907227e-03
1.032005225342913085e-01 2.390594382756368319e-01 3.063357282821685401e-01 3.249510124101894215e-01 3.295231874591770249e-01 3.331156107119529475e-01 3.360548661005878235e-01 3.367080339647289255e-01 3.380143696930111297e-01 3.383409536250816529e-01
2.139189960068453925e-02 6.674272675413576994e-02 1.106674272675413628e-01 1.494580718767826721e-01 1.691386195094124467e-01 1.731317741015402090e-01 1.774101540216771189e-01 1.788362806617227740e-01 1.796919566457501338e-01 1.799771819737592815e-01
7.631507222676478866e-03 2.234941400926683183e-02 3.216135186699373150e-02 3.624965930771327505e-02 3.870264377214499563e-02 4.033796674843281860e-02 4.251839738348323766e-02 4.333605887162714915e-02 4.469882801853366366e-02 4.524393567729626670e-02
2.548419979612640365e-04 1.019367991845056146e-03 1.529051987767584110e-03 1.529051987767584110e-03 1.783893985728848093e-03 1.783893985728848093e-03 1.783893985728848093e-03 2.038735983690112292e-03 2.548419979612640256e-03 3.058103975535168221e-03
0.000000000000000000e+00 2.087682672233820576e-04 2.087682672233820576e-04 2.087682672233820576e-04 2.087682672233820576e-04 2.087682672233820576e-04 2.087682672233820576e-04 2.087682672233820576e-04 2.087682672233820576e-04 2.087682672233820576e-04
4.800569800569800399e-02 1.203703703703703637e-01 1.622507122507122479e-01 1.729344729344729215e-01 1.747863247863247760e-01 1.774928774928774822e-01 1.786324786324786362e-01 1.809116809116809166e-01 1.817663817663817682e-01 1.824786324786324687e-01
8.689458689458688656e-03 2.849002849002849058e-02 4.957264957264957000e-02 6.410256410256409687e-02 6.723646723646724277e-02 6.880341880341880878e-02 6.923076923076923461e-02 7.037037037037037479e-02 7.179487179487178961e-02 7.264957264957265515e-02
3.831908831908831942e-02 1.189458689458689489e-01 1.609686609686609704e-01 1.716524216524216440e-01 1.739316239316239243e-01 1.750712250712250784e-01 1.769230769230769329e-01 1.776353276353276334e-01 1.789173789173789109e-01 1.793447293447293367e-01
8.547008547008547001e-04 5.698005698005698290e-03 1.481481481481481538e-02 2.464387464387464421e-02 2.934472934472934572e-02 3.219373219373219269e-02 3.361823361823362138e-02 3.433048433048432879e-02 3.675213675213675341e-02 3.831908831908831942e-02
9.658119658119658502e-02 1.596866096866096929e-01 1.747863247863247760e-01 1.763532763532763559e-01 1.766381766381766305e-01 1.769230769230769329e-01 1.772079772079772075e-01 1.774928774928774822e-01 1.776353276353276334e-01 1.777777777777777846e-01
4.376321353065539266e-01 5.570824524312896209e-01 5.713530655391120261e-01 5.761099365750528278e-01 5.776955602536998358e-01 5.792811839323467327e-01 5.792811839323467327e-01 5.792811839323467327e-01 5.803382663847780343e-01 5.803382663847780343e-01
1.754756871035940691e-01 2.473572938689217737e-01 2.526427061310781985e-01 2.542283298097251509e-01 2.547568710359408017e-01 2.552854122621564525e-01 2.558139534883721034e-01 2.558139534883721034e-01 2.568710359408034050e-01 2.579281183932346511e-01
1.109936575052854063e-01 1.643763213530655409e-01 1.701902748414376443e-01 1.707188160676532673e-01 1.717758985200845689e-01 1.717758985200845689e-01 1.723044397463002197e-01 1.728329809725158428e-01 1.738900634249471444e-01 1.738900634249471444e-01
9.513742071881606255e-02 1.633192389006342393e-01 1.701902748414376443e-01 1.701902748414376443e-01 1.701902748414376443e-01 1.712473572938689181e-01 1.717758985200845689e-01 1.723044397463002197e-01 1.723044397463002197e-01 1.723044397463002197e-01
1.421775898520084569e-01 2.605708245243129051e-01 2.774841437632135088e-01 2.795983086680761120e-01 2.811839323467230645e-01 2.811839323467230645e-01 2.811839323467230645e-01 2.811839323467230645e-01 2.811839323467230645e-01 2.811839323467230645e-01
2.873431014652197968e-01 4.420663099464919865e-01 4.714707206080911983e-01 4.739710956643496398e-01 4.747212081812272055e-01 4.761214182127319061e-01 4.768715307296094164e-01 4.774216132419862868e-01 4.777716657498624619e-01 4.781217182577386371e-01
1.629747648661150350e-01 2.907950866012232183e-01 3.227630158811738981e-01 3.260009251169245226e-01 3.271830189648969323e-01 3.278511589659248715e-01 3.282109266587860397e-01 3.286220897363416604e-01 3.288790666598139234e-01 3.293416251220640523e-01
8.757773551935035816e-02 1.847664079765637124e-01 2.192013157218481723e-01 2.250603895770159901e-01 2.264480649637662657e-01 2.269106234260163391e-01 2.272189957341830824e-01 2.274759726576553454e-01 2.276301588117387031e-01 2.276815541964331557e-01
1.037672816981035084e-01 1.903171095235647869e-01 2.180706172585701874e-01 2.225420157269877297e-01 2.235185280361823568e-01 2.240324818831268827e-01 2.243922495759880786e-01 2.245978311147658890e-01 2.247006218841547942e-01 2.248548080382381797e-01
9.240890168062908250e-02 1.849205941306470702e-01 2.221822480341265338e-01 2.293262065066556943e-01 2.303027188158503491e-01 2.311250449709616184e-01 2.315362080485172391e-01 2.318445803566839825e-01 2.323585342036285084e-01 2.326669065117952517e-01
1.379310344827586188e-02 7.293103448275861656e-02 1.618965517241379437e-01 2.443103448275862066e-01 2.763793103448276001e-01 2.879310344827586410e-01 2.922413793103448287e-01 2.958620689655172553e-01 2.968965517241379248e-01 2.972413793103448332e-01
1.724137931034482735e-03 7.931034482758621273e-03 2.103448275862069075e-02 3.413793103448276023e-02 4.310344827586207184e-02 4.758620689655172070e-02 5.068965517241379171e-02 5.206896551724137651e-02 5.275862068965517238e-02 5.310344827586206684e-02
1.706896551724138011e-02 6.448275862068965358e-02 1.308620689655172475e-01 1.798275862068965392e-01 1.984482758620689791e-01 2.018965517241379237e-01 2.022413793103448321e-01 2.031034482758620752e-01 2.036206896551724099e-01 2.044827586206896530e-01
1.034482758620689684e-03 5.862068965517241471e-03 1.189655172413793018e-02 1.879310344827586285e-02 2.068965517241379282e-02 2.241379310344827555e-02 2.396551724137931105e-02 2.465517241379310345e-02 2.482758620689655069e-02 2.482758620689655069e-02
1.020689655172413862e-01 2.186206896551724232e-01 2.589655172413792839e-01 2.658620689655172287e-01 2.675862068965517149e-01 2.698275862068965636e-01 2.700000000000000178e-01 2.713793103448275956e-01 2.722413793103448110e-01 2.731034482758620818e-01
3.297517599110781628e-02 1.263430900333456786e-01 2.067432382363838528e-01 2.608373471656169063e-01 2.838088180807706307e-01 2.978881067061874832e-01 3.056687662097072877e-01 3.078918117821415334e-01 3.093738421637643454e-01 3.119673953316042803e-01
5.928121526491293009e-03 2.593553167839940735e-02 5.891070766950722709e-02 8.781030011115227574e-02 1.067061874768432811e-01 1.193034457206372662e-01 1.296776583919970471e-01 1.363467951092997288e-01 1.407928862541682202e-01 1.415339014449796262e-01
0.000000000000000000e+00 2.593553167839940908e-03 7.410151908114116261e-03 1.037421267135976363e-02 1.148573545757687955e-02 1.222675064838829248e-02 1.333827343460541014e-02 1.482030381622823252e-02 1.519081141163393898e-02 1.630233419785105664e-02
7.039644312708410664e-03 3.630974434975917098e-02 9.929603556872916570e-02 1.559836976658021401e-01 1.808077065579844489e-01 1.915524268247499051e-01 1.982215635420526145e-01 2.022971470915153891e-01 2.045201926639496071e-01 2.056317154501667299e-01
2.778806965542793619e-02 9.855502037791774583e-02 1.748795850314931455e-01 2.297147091515376049e-01 2.556502408299370366e-01 2.697295294553538336e-01 2.793627269359021947e-01 2.830678028899592524e-01 2.849203408669877535e-01 2.864023712486106210e-01
4.209541627689429577e-02 1.487371375116931793e-01 1.913002806361085162e-01 2.076707202993451906e-01 2.104770813844714650e-01 2.123479887745556571e-01 2.142188961646398493e-01 2.156220767072029865e-01 2.165575304022450964e-01 2.174929840972871786e-01
4.443405051449952903e-02 1.253507951356407912e-01 1.548175865294667830e-01 1.646398503274087988e-01 1.669784845650140181e-01 1.702525724976613752e-01 1.725912067352665946e-01 1.730589335827876496e-01 1.735266604303087046e-01 1.735266604303087046e-01
3.809106830122591797e-02 1.282837127845884440e-01 2.018388791593695164e-01 2.460595446584938617e-01 2.561295971978984065e-01 2.600700525394045726e-01 2.635726795096322017e-01 2.648861646234675904e-01 2.653239929947460718e-01 2.657618213660244977e-01
6.263784737538596881e-02 1.720335244816938725e-01 2.704014115571239385e-01 3.096603440670489538e-01 3.259814733127481268e-01 3.317159241288045735e-01 3.343625937362152412e-01 3.400970445522717434e-01 3.431848257609175223e-01 3.440670489633877449e-01
5.727376861397479556e-03 1.374570446735395163e-02 2.138220694921725770e-02 2.787323405880106839e-02 2.978235967926689404e-02 3.207331042382588482e-02 3.245513554791905342e-02 3.283696067201221508e-02 3.283696067201221508e-02 3.283696067201221508e-02
1.286072772898368827e-02 6.555834378920953609e-02 1.439774153074027674e-01 2.070263488080301140e-01 2.313885403596821488e-01 2.432036804684232500e-01 2.489544123797574338e-01 2.515683814303638632e-01 2.529276453366792188e-01 2.540777917189460666e-01
1.819322459222082883e-02 7.737348389795065118e-02 1.427227101631116657e-01 1.952112086992890128e-01 2.179004600585529028e-01 2.328523630280217582e-01 2.400669176076955236e-01 2.435173567544960394e-01 2.473860309493935705e-01 2.502091175240485077e-01
4.109159347553324737e-02 1.272480133835215410e-01 1.845462149728147316e-01 2.119406106231702114e-01 2.205144291091593600e-01 2.245922208281053989e-01 2.257423672103722190e-01 2.269970723546633207e-01 2.286700125470514378e-01 2.300292764533667933e-01
1.035131744040150570e-02 4.621497281472187330e-02 9.316185696361355129e-02 1.282936010037641072e-01 1.413634462567963102e-01 1.486825595984943571e-01 1.509828523630280250e-01 1.517147636971978297e-01 1.525512337933918883e-01 1.534922626516102007e-01
1.442910915934755324e-02 4.976997072354663598e-02 9.880803011292346727e-02 1.339397741530740371e-01 1.447093266415725721e-01 1.502509410288582203e-01 1.529694688414889037e-01 1.539104976997072438e-01 1.547469677959013024e-01 1.553743203680468532e-01
5.599208747733391833e-02 1.147315786581680347e-01 1.337985603604593676e-01 1.367108082861695773e-01 1.373152371009396244e-01 1.376998736194296469e-01 1.381944062860596678e-01 1.385240947304796910e-01 1.387438870267597157e-01 1.390735754711797389e-01
6.434419473597451089e-02 1.371503928787295989e-01 1.725919006538820799e-01 1.831419308753228226e-01 1.851750096159129610e-01 1.863289191713830562e-01 1.866586076158030794e-01 1.870432441342931018e-01 1.874278806527831243e-01 1.877575690972031475e-01
9.275234903016649213e-02 1.643496895433814997e-01 1.866036595417330524e-01 1.898455959118632852e-01 1.905599208747733309e-01 1.911094016154733788e-01 1.913291939117534035e-01 1.914940381339634012e-01 1.918786746524534237e-01 1.922633111709434461e-01
1.631957799879114185e-02 5.187098192208362823e-02 8.016924006813561099e-02 9.868674102972690987e-02 1.064893675476674545e-01 1.105555250288477454e-01 1.120940711028078490e-01 1.126435518435078831e-01 1.131930325842079171e-01 1.136875652508379519e-01
1.181383592505082757e-02 2.879279081268201410e-02 3.956261333040277106e-02 4.698060332985328630e-02 5.225561844057365762e-02 5.835485466234408697e-02 6.373976592120446372e-02 6.615748118028462466e-02 6.687180614319468419e-02 6.725644266168470664e-02
8.166709945468710041e-02 1.713840560893274412e-01 2.035834848091404858e-01 2.092962866787847209e-01 2.109841599584523497e-01 2.125421968319916866e-01 2.134510516748896469e-01 2.138405608932744673e-01 2.141002337055310234e-01 2.143599065177875795e-01
7.582446117891457338e-02 1.937159179433913248e-01 2.400675149311866929e-01 2.488963905479096295e-01 2.517527914827317748e-01 2.529213191378862358e-01 2.537003375746559319e-01 2.539600103869125158e-01 2.546091924175538646e-01 2.549987016359387404e-01
3.960010386912490160e-02 1.046481433393923605e-01 1.387951181511295762e-01 1.486626850168787373e-01 1.522981043884705232e-01 1.534666320436250397e-01 1.539859776681381520e-01 1.546351596987795285e-01 1.550246689171643766e-01 1.554141781355491969e-01
6.284082056608672473e-02 1.525577772007270794e-01 1.900804985717995388e-01 1.977408465333679588e-01 2.005972474681900763e-01 2.021552843417294132e-01 2.026746299662425255e-01 2.031939755907556378e-01 2.034536484030121939e-01 2.035834848091404858e-01
2.947286419111919131e-02 7.348740586860555424e-02 9.828615943910672115e-02 1.063360166190599893e-01 1.084133991171124384e-01 1.099714359906517752e-01 1.107504544274214436e-01 1.113996364580628340e-01 1.117891456764476821e-01 1.119189820825759601e-01
7.605177993527507951e-02 2.168284789644013000e-01 2.961165048543689116e-01 3.284789644012944820e-01 3.317152103559870557e-01 3.462783171521035541e-01 3.511326860841423869e-01 3.527508090614886460e-01 3.527508090614886460e-01 3.543689320388349606e-01
4.530744336569579589e-02 1.310679611650485410e-01 2.006472491909385147e-01 2.427184466019417508e-01 2.540453074433656755e-01 2.588996763754045083e-01 2.637540453074433411e-01 2.669902912621359148e-01 2.669902912621359148e-01 2.669902912621359148e-01
3.337612323491655902e-02 9.114249037227215022e-02 1.335044929396662361e-01 1.553273427471116852e-01 1.630295250320924205e-01 1.655969191270860175e-01 1.694480102695763712e-01 1.707317073170731836e-01 1.707317073170731836e-01 1.707317073170731836e-01
1.287553648068669523e-02 3.433476394849785396e-02 5.321888412017167225e-02 7.124463519313305182e-02 7.553648068669527316e-02 7.725321888412017834e-02 7.896995708154506965e-02 7.982832618025750837e-02 7.982832618025750837e-02 8.068669527896996096e-02
1.905252317198764117e-02 6.591143151390319033e-02 9.629248197734294190e-02 1.055612770339855871e-01 1.112255406797116319e-01 1.117404737384140034e-01 1.122554067971163749e-01 1.143151390319258470e-01 1.153450051493305900e-01 1.158599382080329615e-01
2.348399775407074563e-01 3.875631667602470465e-01 4.261650758001123140e-01 4.326221224031442936e-01 4.350084222346995988e-01 4.372543514879281279e-01 4.393599101628298809e-01 4.414654688377316338e-01 4.427288040426726745e-01 4.441325098259404913e-01
2.171361502347417954e-02 9.233176838810641662e-02 1.758607198748043943e-01 2.437402190923317613e-01 2.840375586854460010e-01 3.004694835680751241e-01 3.118153364632237912e-01 3.172926447574335174e-01 3.202269170579029600e-01 3.235524256651017283e-01
1.036776212832550906e-02 5.966353677621283325e-02 1.404538341158059478e-01 2.187010954616588343e-01 2.546948356807511860e-01 2.736697965571204816e-01 2.812989045383411657e-01 2.856025039123630815e-01 2.899061032863849974e-01 2.928403755868544400e-01
8.020344287949921283e-03 5.301251956181533831e-02 1.312597809076682387e-01 1.891627543035993841e-01 2.132237871674491358e-01 2.343505477308294171e-01 2.445226917057903016e-01 2.507824726134585402e-01 2.554773082942097262e-01 2.568466353677621439e-01
3.912363067292644846e-03 2.601721439749608844e-02 6.103286384976525786e-02 9.096244131455398507e-02 1.113067292644757400e-01 1.226525821596244070e-01 1.275430359937402280e-01 1.316510172143975088e-01 1.353677621283255195e-01 1.365414710485133021e-01
3.506212169480726337e-01 4.923861102261866685e-01 5.177445046193055456e-01 5.209302325581395277e-01 5.216948072634597366e-01 5.225868110863332028e-01 5.232876712328766722e-01 5.239248168206435130e-01 5.246893915259637220e-01 5.249442497610704583e-01
1.510035043007327271e-01 2.661994265689709982e-01 2.970372730168843733e-01 3.022618668365721351e-01 3.034724434533290771e-01 3.044281618349792828e-01 3.050015928639694396e-01 3.052564510990761204e-01 3.056387384517362249e-01 3.061484549219496420e-01
2.054561919855105168e-02 5.309033280507131219e-02 7.114557391894951732e-02 7.759791713832918381e-02 7.980529771338011613e-02 8.088068824994340544e-02 8.122028526148969418e-02 8.144668326918723389e-02 8.161648177496037826e-02 8.178628028073352263e-02
8.609027179928667450e-03 2.453572746279670397e-02 3.794121264297134477e-02 4.685770507932603829e-02 5.036280900258270632e-02 5.220760054113884885e-02 5.276103800270569300e-02 5.294551715656131002e-02 5.306850325913171906e-02 5.337596851555774513e-02
2.070653196963041787e-03 9.035577586747819967e-03 1.788291397377172673e-02 2.566355022902679431e-02 2.905189182405722506e-02 2.993035075610215104e-02 3.024408608897534087e-02 3.087155675472171706e-02 3.105979795444563027e-02 3.118529208759490343e-02
3.498860144712062636e-02 1.319258598473585231e-01 2.144910298344731847e-01 2.445237387253444417e-01 2.501734562394687389e-01 2.525522846664684518e-01 2.528496382198434089e-01 2.531469917732183661e-01 2.534443453265933233e-01 2.539399345822182519e-01
3.270889087124591310e-03 1.090296362374863770e-02 1.912974526712260884e-02 2.121122014074734718e-02 2.220239865199722523e-02 2.240063435424720015e-02 2.249975220537218587e-02 2.259887005649717506e-02 2.279710575874714998e-02 2.289622360987213917e-02
9.911785112498760954e-04 3.270889087124591310e-03 5.847953216374268681e-03 6.839131727624144994e-03 7.929428089999008764e-03 8.623253047873922703e-03 8.821488750123897618e-03 8.821488750123897618e-03 8.920606601248885076e-03 8.920606601248885076e-03
7.929428089999008547e-04 2.279710575874714998e-03 5.055010407374368152e-03 6.343542471999206837e-03 6.640896025374170078e-03 7.037367429874119909e-03 7.532956685499058065e-03 7.532956685499058065e-03 7.632074536624046390e-03 7.632074536624046390e-03
1.189414213499851228e-03 3.270889087124591310e-03 6.442660323124194295e-03 8.226781643373971137e-03 9.118842303498859991e-03 9.713549410248786473e-03 9.911785112498761388e-03 9.911785112498761388e-03 1.001090296362374885e-02 1.001090296362374885e-02
2.514271832867727430e-02 9.036803109437628601e-02 1.181829223855216798e-01 1.221911818292238522e-01 1.236487307178428252e-01 1.244989675695372250e-01 1.251062796064618121e-01 1.255921292360014652e-01 1.261994412729260384e-01 1.265638284950807713e-01
2.040568444066561543e-02 6.510385035831410538e-02 8.393052350297583453e-02 8.878901979837240666e-02 8.976071905745171275e-02 9.024656868699137968e-02 9.036803109437628601e-02 9.061095590914611253e-02 9.097534313130085926e-02 9.109680553868577946e-02
1.153892870156686574e-02 3.182315073484756618e-02 4.712741406534677602e-02 5.137859832381877490e-02 5.259322239766792140e-02 5.405077128628689442e-02 5.514393295275112072e-02 5.526539536013604093e-02 5.562978258229078071e-02 5.575124498967569397e-02
1.579011296003886722e-03 6.194582776630632760e-03 1.153892870156686574e-02 1.579011296003886636e-02 1.821936110773715589e-02 1.858374832989189915e-02 1.931252277420138566e-02 1.955544758897121219e-02 2.016275962589578544e-02 2.028422203328069870e-02
1.032430462771772098e-02 2.975828980930401990e-02 4.105429369610105739e-02 4.445524110287865649e-02 4.566986517672780299e-02 4.639863962103728950e-02 4.676302684319202929e-02 4.688448925057694949e-02 4.700595165796186276e-02 4.724887647273168928e-02
1.724419078679168271e-01 2.706889523033020883e-01 2.939258051365674640e-01 2.988177741540970489e-01 3.028944150020383419e-01 3.045250713412148147e-01 3.061557276803913430e-01 3.077863840195678713e-01 3.086017121891561077e-01 3.102323685283326360e-01
7.134121483897268301e-02 1.569506726457399193e-01 1.916021198532409375e-01 1.977170811251528770e-01 2.005707297187117877e-01 2.030167142274765524e-01 2.034243783122706983e-01 2.050550346514471989e-01 2.066856909906237272e-01 2.075010191602119913e-01
1.072156543008560975e-01 2.030167142274765524e-01 2.303302079086832488e-01 2.352221769262128059e-01 2.397064818589482171e-01 2.433754586220953919e-01 2.445984508764777743e-01 2.454137790460660384e-01 2.458214431308601844e-01 2.462291072156543026e-01
3.954341622503057541e-02 9.865470852017936554e-02 1.243375458622095336e-01 1.280065226253566946e-01 1.308601712189156052e-01 1.320831634732980153e-01 1.333061557276803977e-01 1.345291479820627800e-01 1.349368120668568982e-01 1.369751324908275447e-01
2.038320423970648235e-03 8.968609865470851886e-03 1.019160211985324117e-02 1.345291479820627870e-02 1.467590705258866625e-02 1.467590705258866625e-02 1.467590705258866625e-02 1.467590705258866625e-02 1.549123522217692693e-02 1.549123522217692693e-02
6.289308176100628922e-02 1.855345911949685400e-01 2.405660377358490587e-01 2.704402515723270395e-01 2.845911949685534514e-01 3.113207547169811185e-01 3.223270440251572166e-01 3.254716981132075304e-01 3.301886792452830011e-01 3.349056603773584717e-01
4.482294935006723687e-04 1.344688480502016998e-03 2.241147467503361735e-03 4.034065441506051210e-03 5.378753922008067991e-03 5.826983415508740251e-03 6.275212909009412511e-03 6.275212909009412511e-03 6.275212909009412511e-03 6.275212909009412511e-03
0.000000000000000000e+00 3.759398496240601729e-04 7.518796992481203458e-04 1.127819548872180519e-03 1.127819548872180519e-03 1.127819548872180519e-03 1.127819548872180519e-03 1.127819548872180519e-03 1.127819548872180519e-03 1.127819548872180519e-03
3.565062388591800258e-04 7.130124777183600515e-04 7.130124777183600515e-04 7.130124777183600515e-04 7.130124777183600515e-04 7.130124777183600515e-04 7.130124777183600515e-04 7.130124777183600515e-04 7.130124777183600515e-04 7.130124777183600515e-04
0.000000000000000000e+00 0.000000000000000000e+00 0.000000000000000000e+00 0.000000000000000000e+00 0.000000000000000000e+00 0.000000000000000000e+00 0.000000000000000000e+00 0.000000000000000000e+00 0.000000000000000000e+00 0.000000000000000000e+00
1.988680216104965204e-01 3.295600720349884383e-01 3.738101363519423792e-01 3.835863133521996149e-01 3.853871880627733337e-01 3.874453305891433219e-01 3.879598662207358051e-01 3.884744018523282882e-01 3.892462052997169852e-01 3.895034731155132546e-01
5.454077694880370142e-02 1.152559814767172564e-01 1.533316182145613715e-01 1.721121687676871737e-01 1.772575250836120331e-01 1.824028813995369203e-01 1.860046308206843302e-01 1.878055055312580490e-01 1.885773089786467738e-01 1.885773089786467738e-01
1.826601492153331549e-02 5.068175971186004297e-02 6.817597118600463024e-02 7.846668381785439073e-02 8.361204013377926403e-02 8.824286081811165416e-02 8.901466426550039279e-02 9.158734242346282250e-02 9.313094931824028588e-02 9.364548494983276905e-02
5.402624131721121825e-03 1.234885515821970703e-02 2.006688963210702392e-02 2.624131721121687744e-02 3.087213789554926757e-02 3.318754823771546264e-02 3.473115513249292602e-02 3.576022639567789929e-02 3.627476202727038940e-02 3.678929765886287950e-02
2.572678157962439145e-04 1.029071263184975658e-03 2.315410342166195068e-03 3.087213789554926757e-03 4.373552868536145950e-03 5.145356315924877640e-03 5.659891947517366011e-03 5.659891947517366011e-03 6.688963210702341018e-03 6.688963210702341018e-03
1.919372592184920290e-01 4.058888277380297005e-01 4.634012107870115749e-01 4.672537149146945290e-01 4.691799669785360338e-01 4.701430930104568140e-01 4.711062190423775387e-01 4.717941662080352150e-01 4.724821133736928913e-01 4.728948816730875193e-01
6.728123280132085327e-02 2.037699504678040785e-01 2.746285085305448792e-01 2.936158503026967681e-01 2.965052283984589976e-01 2.988442487616950749e-01 2.998073747936158551e-01 3.011832691249312077e-01 3.018712162905888841e-01 3.024215740231150362e-01
2.173913043478260809e-02 7.072096862960924879e-02 1.034672537149146920e-01 1.198403962575674137e-01 1.227297743533296709e-01 1.235553109521188714e-01 1.242432581177765616e-01 1.249312052834342379e-01 1.254815630159603623e-01 1.254815630159603623e-01
1.074573472757292258e-01 2.849477160154100241e-01 3.625481563015960362e-01 3.778205833791964952e-01 3.811227297743533526e-01 3.829113924050632778e-01 3.841496973032471063e-01 3.847000550357732584e-01 3.859383599339570869e-01 3.864887176664832391e-01
3.769950467804072947e-02 1.125481563015960362e-01 1.635938359933957198e-01 1.810676940011007041e-01 1.842322509631260374e-01 1.858833241607044662e-01 1.873968079251513430e-01 1.879471656576774952e-01 1.884975233902036196e-01 1.889102916895982476e-01
9.473060982830076859e-02 2.462995855535820011e-01 3.333333333333333148e-01 3.664890467732386248e-01 3.712255772646536611e-01 3.718176435760805476e-01 3.718176435760805476e-01 3.730017761989342651e-01 3.741859088217880380e-01 3.741859088217880380e-01
3.611604499703966603e-02 1.355831853167554779e-01 2.137359384251036054e-01 2.646536412078152600e-01 2.883362936648904418e-01 3.043220840734162103e-01 3.055062166962699832e-01 3.066903493191237562e-01 3.072824156305506427e-01 3.078744819419775292e-01
2.344582593250444102e-01 4.345766725873297931e-01 5.032563647128478479e-01 5.133214920071047516e-01 5.156897572528122975e-01 5.168738898756660705e-01 5.204262877442273894e-01 5.204262877442273894e-01 5.210183540556542203e-01 5.216104203670811623e-01
5.632183908045976933e-02 1.454022988505747072e-01 1.954022988505747238e-01 2.155172413793103314e-01 2.264367816091953922e-01 2.367816091954023094e-01 2.385057471264367679e-01 2.408045977011494254e-01 2.425287356321839116e-01 2.454022988505747127e-01
3.907637655417407069e-02 1.036116044997039687e-01 1.568975725281231415e-01 1.906453522794553102e-01 2.190645352279455282e-01 2.445233866193013694e-01 2.516281823564239239e-01 2.545885139135583008e-01 2.563647128478389603e-01 2.569567791592658468e-01
3.262697611839892459e-02 7.814777441417199155e-02 9.967485144074447745e-02 1.050566206973875955e-01 1.065141832043951103e-01 1.077475053257091614e-01 1.089808274470232125e-01 1.099899091826437997e-01 1.108868707254176411e-01 1.117838322681914964e-01
6.773358124709476409e-03 1.746463908626070746e-02 2.450361909821369144e-02 2.948402948402948504e-02 3.101135533567965855e-02 3.140978816654492467e-02 3.174181552559930675e-02 3.194103194103194154e-02 3.267149213095159321e-02 3.287070854638422107e-02
6.048780487804878217e-03 2.029268292682926897e-02 3.297560975609756251e-02 3.811382113821137896e-02 3.928455284552845317e-02 3.967479674796747791e-02 3.986991869918699027e-02 3.993495934959349902e-02 4.000000000000000083e-02 4.006504065040650264e-02
8.708525646608029002e-04 3.396325002177131257e-03 8.011843594879386465e-03 1.045023077592963437e-02 1.140816859705651859e-02 1.166942436645476006e-02 1.175650962292083997e-02 1.193068013585299979e-02 1.193068013585299979e-02 1.201776539231907970e-02
2.242403856934633948e-04 1.009081735620585276e-03 1.345442314160780369e-03 1.793923085547707158e-03 2.018163471241170553e-03 2.130283664087902033e-03 2.242403856934633948e-03 2.242403856934633948e-03 2.354524049781365428e-03 2.466644242628097342e-03
6.015037593984962766e-03 2.857142857142857054e-02 6.146616541353383534e-02 9.680451127819549029e-02 1.225563909774436133e-01 1.394736842105263053e-01 1.456766917293233210e-01 1.481203007518797077e-01 1.494360902255639223e-01 1.503759398496240518e-01
3.195488721804511361e-03 1.221804511278195421e-02 2.462406015037594056e-02 3.909774436090225624e-02 4.736842105263158048e-02 5.187969924812030342e-02 5.657894736842105504e-02 5.921052631578947040e-02 6.221804511278195698e-02 6.296992481203007863e-02
7.368421052631578261e-02 2.343984962406014949e-01 3.387218045112782017e-01 3.746240601503759149e-01 3.804511278195488733e-01 3.821428571428571175e-01 3.832706766917293173e-01 3.842105263157894468e-01 3.851503759398496318e-01 3.855263157894736614e-01
2.349624060150375809e-02 8.627819548872180111e-02 1.746240601503759315e-01 2.456766917293232988e-01 2.706766917293232932e-01 2.763157894736842368e-01 2.781954887218044958e-01 2.802631578947368252e-01 2.812030075187970102e-01 2.812030075187970102e-01
7.518796992481203458e-04 3.759398496240601295e-03 1.278195488721804544e-02 2.086466165413533927e-02 2.706766917293233071e-02 3.289473684210526133e-02 3.571428571428571230e-02 3.627819548872180527e-02 3.627819548872180527e-02 3.684210526315789130e-02
1.873708381171067805e-01 3.832376578645235177e-01 4.500574052812859049e-01 4.684270952927669374e-01 4.746268656716418066e-01 4.785304247990815329e-01 4.812858783008036601e-01 4.828932261768082435e-01 4.842709529276693625e-01 4.854190585533869062e-01
6.681974741676234564e-02 1.462686567164179219e-01 1.859931113662456892e-01 2.025258323765786461e-01 2.078071182548794360e-01 2.091848450057405273e-01 2.103329506314580988e-01 2.121699196326062020e-01 2.133180252583237735e-01 2.137772675086107854e-01
1.577497129735935810e-01 3.175660160734787851e-01 3.830080367393799978e-01 4.059701492537313161e-01 4.126291618828932251e-01 4.167623421354764712e-01 4.179104477611940149e-01 4.208955223880597174e-01 4.231917336394948603e-01 4.254879448909299477e-01
1.095292766934558015e-01 2.296211251435132106e-01 2.764638346727898988e-01 2.911595866819747247e-01 2.964408725602755701e-01 2.987370838117106575e-01 3.001148105625717766e-01 3.017221584385763600e-01 3.021814006888633997e-01 3.024110218140068640e-01
6.659012629161882579e-02 1.377726750861079097e-01 1.719862227324913950e-01 1.841561423650975859e-01 1.894374282433984036e-01 1.921928817451205584e-01 1.942594718714121815e-01 1.942594718714121815e-01 1.944890929965556736e-01 1.944890929965556736e-01
2.410415055426656447e-02 4.098994586233565413e-02 4.485692188708430284e-02 4.563031709203402980e-02 4.588811549368394110e-02 4.627481309615880112e-02 4.627481309615880112e-02 4.627481309615880112e-02 4.627481309615880112e-02 4.627481309615880112e-02
2.804115392374419841e-02 6.294129513818842725e-02 8.331652208997376852e-02 9.037724430098850736e-02 9.279806334476498053e-02 9.380673794633850870e-02 9.461367762759734235e-02 9.501714746822674529e-02 9.562235222917087052e-02 9.582408714948557893e-02
1.579811243331965404e-02 4.144439885104636567e-02 5.601148953631514271e-02 6.114074681986048088e-02 6.524415264669675141e-02 6.668034468608945164e-02 6.729585556011490055e-02 6.770619614279851928e-02 6.832170701682396818e-02 6.873204759950758691e-02
8.281053952321204559e-03 1.831869510664993830e-02 2.170639899623588373e-02 2.283563362609786554e-02 2.296110414052697501e-02 2.308657465495608449e-02 2.308657465495608449e-02 2.321204516938519397e-02 2.321204516938519397e-02 2.321204516938519397e-02
7.333333333333333197e-03 1.433333333333333334e-02 1.966666666666666563e-02 2.333333333333333440e-02 2.433333333333333182e-02 2.533333333333333270e-02 2.533333333333333270e-02 2.599999999999999881e-02 2.599999999999999881e-02 2.599999999999999881e-02
4.244836081106689168e-02 1.176805002842524206e-01 1.741519802918324866e-01 1.970816751942391643e-01 2.052302444570778817e-01 2.075042637862421768e-01 2.093992798938791033e-01 2.103467879476975666e-01 2.107257911692249353e-01 2.111047943907523317e-01
3.069633292130202057e-02 1.250515039142974794e-01 1.950968273588792878e-01 2.239390193654717809e-01 2.385661310259579726e-01 2.414503502266172330e-01 2.430984754841367945e-01 2.441285537700865205e-01 2.451586320560362464e-01 2.455706633704161646e-01
7.902621722846442376e-02 2.649812734082396815e-01 3.979400749063670140e-01 4.423220973782771570e-01 4.490636704119850275e-01 4.509363295880149947e-01 4.518726591760299782e-01 4.541198501872659166e-01 4.558052434456928981e-01 4.578651685393258508e-01
2.410383189122373288e-02 7.457766790276061653e-02 1.219612690564482876e-01 1.573959620931190684e-01 1.664606510094767122e-01 1.701689328388957534e-01 1.709929954676555341e-01 1.718170580964153149e-01 1.734651833539349042e-01 1.747012772970745753e-01
8.240626287597857449e-04 3.502266172229089470e-03 9.682735887927482882e-03 1.915945611866501710e-02 2.492789451998351710e-02 2.801812937783271576e-02 3.131437989287185614e-02 3.275648949320148634e-02 3.440461475072105479e-02 3.481664606510094517e-02
1.992745892895242121e-01 3.439300192020482427e-01 3.755067207168764631e-01 3.795604864518882238e-01 3.825474717303178895e-01 3.844676765521655715e-01 3.857478131000640076e-01 3.866012374653296502e-01 3.868145935566460469e-01 3.874546618305952372e-01
3.552231829866791396e-02 7.922411778452909115e-02 1.084365505959336284e-01 1.187193269455480288e-01 1.222248188829165721e-01 1.231596167328815189e-01 1.233933161953727486e-01 1.245618135078289251e-01 1.257303108202851016e-01 1.261977097452675889e-01
0.000000000000000000e+00 2.336994624912362803e-04 7.010983874737087597e-04 1.402196774947417519e-03 1.635896237438653989e-03 1.869595699929890243e-03 2.336994624912362532e-03 2.804393549894835039e-03 2.804393549894835039e-03 3.505491937368544232e-03
7.712082262210796790e-03 2.033185323673755707e-02 3.692451507361533408e-02 4.300070109838747406e-02 4.580509464828230737e-02 4.767469034821220086e-02 4.884318766066837736e-02 5.024538443561579748e-02 5.071278336059827085e-02 5.118018228558074423e-02
1.168497312456181266e-03 1.869595699929890243e-03 3.972890862351016739e-03 4.673989249824725065e-03 5.141388174807197571e-03 6.076186024772143451e-03 6.543584949754615958e-03 6.543584949754615958e-03 7.010983874737088464e-03 7.010983874737088464e-03
6.141476349328543055e-02 1.726114104866991739e-01 2.406979727995894325e-01 2.696091010178769953e-01 2.759387563082713046e-01 2.789325121888632242e-01 2.799589427764947458e-01 2.802155504234026262e-01 2.809853733641262674e-01 2.814130527756393829e-01
7.670979667282809382e-03 3.391866913123844918e-02 6.552680221811460481e-02 8.853974121996302515e-02 1.019408502772643221e-01 1.097042513863216301e-01 1.124768946395563740e-01 1.137707948243992656e-01 1.146950092421441803e-01 1.154343807763401064e-01
3.226711560044893262e-02 1.006359895248784136e-01 1.542274597830153304e-01 1.778900112233445518e-01 1.868686868686868785e-01 1.907968574635241221e-01 1.925738870183314744e-01 1.931350542461653663e-01 1.936962214739992583e-01 1.942573887018331502e-01
3.388479170819214473e-03 1.564680087701813757e-02 3.159258521028503186e-02 4.783735299980067940e-02 5.740482359976081111e-02 6.438110424556507672e-02 6.846721148096472642e-02 7.016145106637432238e-02 7.105840143512058560e-02 7.195535180386684881e-02
4.210969575744815492e-04 1.789662069691546394e-03 4.632066533319296499e-03 6.948099799978945182e-03 8.948310348457732405e-03 1.115906937572376002e-02 1.273818296662806646e-02 1.389619959995789036e-02 1.442257079692599135e-02 1.484366775450047388e-02
4.585868039307440525e-02 9.312119794103883297e-02 1.146467009826860062e-01 1.207299953205428211e-01 1.249415067852129163e-01 1.272812353766963056e-01 1.291530182498830115e-01 1.296209639681796810e-01 1.300889096864763783e-01 1.305568554047730478e-01
3.197158081705150923e-02 9.857904085257548910e-02 1.509769094138543599e-01 1.749555950266429849e-01 1.838365896980461711e-01 1.936056838365896871e-01 1.962699822380106485e-01 1.989342806394316099e-01 1.998223801065719396e-01 2.015985790408525713e-01
8.880994671403197489e-04 1.332149200710479493e-02 2.486678507992895124e-02 4.174067495559502516e-02 5.328596802841917973e-02 6.039076376554174119e-02 6.927175843694494128e-02 7.282415630550621854e-02 7.637655417406749581e-02 7.992895204262877307e-02
2.664298401420958987e-02 8.259325044404973448e-02 1.252220248667850755e-01 1.447602131438721074e-01 1.545293072824156233e-01 1.634103019538188373e-01 1.660746003552397987e-01 1.669626998223801007e-01 1.687388987566607323e-01 1.696269982238010621e-01
4.440497335701598311e-03 2.131438721136767397e-02 4.351687388987566379e-02 6.749555950266429571e-02 7.815275310834814138e-02 8.792184724689165731e-02 9.591474245115452768e-02 9.857904085257548910e-02 1.012433392539964505e-01 1.030195381882770822e-01
