1.074092491297861801e-01 2.834410740924913075e-01 3.617603182496270664e-01 3.799104922923918215e-01 3.843858776727995807e-01 3.871208354052710354e-01 3.891098955743411136e-01 3.908503232222774737e-01 3.913475882645450210e-01 3.915962207856787392e-01
7.792521109770808585e-02 2.038600723763570599e-01 2.820265379975874787e-01 3.141133896260555058e-01 3.184559710494571649e-01 3.201447527141134120e-01 3.211097708082026325e-01 3.227985524728588795e-01 3.240048250904704608e-01 3.249698431845597368e-01
8.832188420019627950e-03 3.680078508341511068e-02 6.035328753680078290e-02 8.488714425907752104e-02 1.035328753680078567e-01 1.128557409224730107e-01 1.150637880274779229e-01 1.167811579980372882e-01 1.177625122669283680e-01 1.177625122669283680e-01
3.580308304326206004e-02 1.089010442565887665e-01 1.857284932869219252e-01 2.173048234709099857e-01 2.374440576827449023e-01 2.478866235703630072e-01 2.521133764296369928e-01 2.545997016409746183e-01 2.558428642466434866e-01 2.560914967677772047e-01
1.044256588761809969e-02 2.983590253605171438e-02 5.345599204375932334e-02 7.682744903033317252e-02 9.099950273495772957e-02 9.845847836897066163e-02 1.046742913973147671e-01 1.113873694679264059e-01 1.151168572849328720e-01 1.158627548483341652e-01
9.657320872274142987e-02 2.834890965732086987e-01 3.925233644859812965e-01 4.112149532710280275e-01 4.127725856697819218e-01 4.127725856697819218e-01 4.158878504672897103e-01 4.174454828660436045e-01 4.190031152647974988e-01 4.190031152647974988e-01
5.763239875389408046e-02 1.760124610591900229e-01 2.710280373831775447e-01 2.928348909657320642e-01 2.943925233644859585e-01 2.990654205607476412e-01 2.990654205607476412e-01 3.021806853582554298e-01 3.021806853582554298e-01 3.021806853582554298e-01
1.401869158878504655e-02 5.140186915887850344e-02 9.034267912772585285e-02 1.168224299065420552e-01 1.261682242990654068e-01 1.292834890965731953e-01 1.308411214953270896e-01 1.323987538940809838e-01 1.339563862928348781e-01 1.370716510903426666e-01
3.115264797507788161e-02 1.557632398753893976e-01 2.196261682242990620e-01 2.523364485981308136e-01 2.538940809968847079e-01 2.538940809968847079e-01 2.554517133956386021e-01 2.554517133956386021e-01 2.570093457943924964e-01 2.601246105919002849e-01
2.647975077881619885e-02 1.028037383177570069e-01 1.510903426791277149e-01 1.853582554517133885e-01 1.931464174454828597e-01 1.962616822429906482e-01 1.978193146417445425e-01 1.978193146417445425e-01 2.024922118380062253e-01 2.024922118380062253e-01
2.516212710765239891e-01 4.342013369250723454e-01 4.824902723735408627e-01 4.921680135687917512e-01 4.933652599022249063e-01 4.947620472912301892e-01 4.951611294023745558e-01 4.960590641524493805e-01 4.964581462635937470e-01 4.970567694303102968e-01
9.029232764641324793e-02 2.468322857427915906e-01 3.285443479996009164e-01 3.465030430010974660e-01 3.506934051681133147e-01 3.526888157238352028e-01 3.541853736406265774e-01 3.553826199740596770e-01 3.564800957797066849e-01 3.572782600019954180e-01
3.222588047490770879e-02 9.508131298014566024e-02 1.361867704280155522e-01 1.510525790681432612e-01 1.558415644018756874e-01 1.585353686521001615e-01 1.598323855133193527e-01 1.607303202633942052e-01 1.616282550134690299e-01 1.620273371246133964e-01
1.506534969569989051e-02 4.828893544846852431e-02 7.353087897834979791e-02 8.530380125710865236e-02 8.909508131298014832e-02 9.079118028534370610e-02 9.148957397984634754e-02 9.248727925770727776e-02 9.288636136885164429e-02 9.328544347999601083e-02
2.025341714057667455e-02 6.724533572782599722e-02 9.348498453556819410e-02 1.044597425920383155e-01 1.075526289534071700e-01 1.086501047590541780e-01 1.097475805647011859e-01 1.100468921480594608e-01 1.106455153147760107e-01 1.111443679537064688e-01
4.560772860031453435e-02 9.773084700067401209e-02 1.138508200404403509e-01 1.163783419456301954e-01 1.167153448663221793e-01 1.169400134801168306e-01 1.172208492473601482e-01 1.172208492473601482e-01 1.173331835542574669e-01 1.175016850146034658e-01
2.752190518984497930e-02 7.734217029880925687e-02 1.036845652662323064e-01 1.135138171197483670e-01 1.144686587283756524e-01 1.152549988766569250e-01 1.156481689507975752e-01 1.159851718714895591e-01 1.160413390249382115e-01 1.161536733318355441e-01
5.043810379689957213e-02 1.295776230060660394e-01 1.633340822287126515e-01 1.699618063356549136e-01 1.708604807908335188e-01 1.711413165580768503e-01 1.715906537856661529e-01 1.719838238598067892e-01 1.721523253201527881e-01 1.722084924736014266e-01
2.696023365535834757e-03 8.986744551786114699e-03 1.538980004493372203e-02 1.881599640530217873e-02 2.044484385531341111e-02 2.134351831049202328e-02 2.184902269152999219e-02 2.201752415187598413e-02 2.229835991911929827e-02 2.229835991911929827e-02
7.487081554706807862e-02 1.182318580094360860e-01 1.239609076611997290e-01 1.249157492698270006e-01 1.253650864974163170e-01 1.256459222646596208e-01 1.258705908784542860e-01 1.259829251853516185e-01 1.261514266456975897e-01 1.262637609525949223e-01
6.885536823425021657e-02 2.044365572315882951e-01 2.789707187222715268e-01 3.047027506654835793e-01 3.093167701863354102e-01 3.130434782608695898e-01 3.148181011535048923e-01 3.158828748890860627e-01 3.165927240461401948e-01 3.173025732031943269e-01
3.371783496007098400e-03 1.632653061224489943e-02 3.052351375332741645e-02 3.708961845607808283e-02 4.170363797692989982e-02 4.347826086956521618e-02 4.472049689440994041e-02 4.525288376220053255e-02 4.614019520851819073e-02 4.614019520851819073e-02
4.010647737355811648e-02 9.174800354924578238e-02 1.238686779059449822e-01 1.327417923691215640e-01 1.361135758651286498e-01 1.370008873114463288e-01 1.375332741792369140e-01 1.380656610470274992e-01 1.385980479148181121e-01 1.391304347826086973e-01
5.146406388642413461e-03 1.703637976929902459e-02 2.697426796805678720e-02 3.070097604259094948e-02 3.247559893522626584e-02 3.300798580301685797e-02 3.318544809228039100e-02 3.318544809228039100e-02 3.354037267080745011e-02 3.371783496007098313e-02
5.678793256433008196e-03 2.786157941437444538e-02 4.525288376220053255e-02 5.803016858917479925e-02 6.299911268855368229e-02 6.654835847382431502e-02 6.761313220940549928e-02 6.867790594498668355e-02 6.921029281277728262e-02 7.045252883762199991e-02
3.377913641574321890e-02 1.079862437905999284e-01 1.820405043943446599e-01 2.318685517768437065e-01 2.607565915170041992e-01 2.790217806648834786e-01 2.910966755827283370e-01 2.947649980894153643e-01 2.958349254871990852e-01 2.962934658005349498e-01
2.369124952235384090e-03 1.008788689338937714e-02 2.491402369124952332e-02 4.722965227359571944e-02 5.915170042032862063e-02 7.046236148261368626e-02 7.642338555598013339e-02 8.016813144822315662e-02 8.330149025601833734e-02 8.536492166602981102e-02
9.040886511272448745e-02 2.406572411157814340e-01 3.423767672907909732e-01 3.886129155521589329e-01 4.070309514711501486e-01 4.152082537256400196e-01 4.191822697745510307e-01 4.217806648834543370e-01 4.232327092090179543e-01 4.243790599923576434e-01
6.343141001146350433e-03 2.606037447458922282e-02 5.479556744363775489e-02 8.207871608712266620e-02 9.721054642720672323e-02 1.098968284294994241e-01 1.209782193351165436e-01 1.271685135651509369e-01 1.320596102407336769e-01 1.329002674818494378e-01
4.585403133358807986e-04 1.681314482231562784e-03 5.196790217806649195e-03 7.413068398930072224e-03 9.782193351165455880e-03 1.199847153228887978e-02 1.306839893007260243e-02 1.406190294230034304e-02 1.482613679786014445e-02 1.505540695452808539e-02
6.185845488924905655e-02 1.366828741220961763e-01 1.723392760669908153e-01 1.763911399243651978e-01 1.772015126958400855e-01 1.774716369529983906e-01 1.777417612101566680e-01 1.780118854673149731e-01 1.788222582387898330e-01 1.788222582387898330e-01
4.174901185770751172e-02 1.067193675889328008e-01 1.398221343873517764e-01 1.413043478260869457e-01 1.417984189723320021e-01 1.417984189723320021e-01 1.417984189723320021e-01 1.420454545454545581e-01 1.420454545454545581e-01 1.420454545454545581e-01
6.736401673640167453e-02 1.263598326359832713e-01 1.420502092050209275e-01 1.422594142259414329e-01 1.422594142259414329e-01 1.422594142259414329e-01 1.422594142259414329e-01 1.422594142259414329e-01 1.422594142259414329e-01 1.422594142259414329e-01
6.299212598425196763e-02 9.628796400449943227e-02 1.012373453318335254e-01 1.012373453318335254e-01 1.012373453318335254e-01 1.012373453318335254e-01 1.012373453318335254e-01 1.012373453318335254e-01 1.012373453318335254e-01 1.012373453318335254e-01
2.723735408560311322e-02 5.015131863380890842e-02 5.620406398616515503e-02 5.620406398616515503e-02 5.620406398616515503e-02 5.620406398616515503e-02 5.620406398616515503e-02 5.620406398616515503e-02 5.620406398616515503e-02 5.620406398616515503e-02
1.556776556776556797e-01 3.711843711843711979e-01 4.649979649979649743e-01 4.945054945054945250e-01 5.010175010175009769e-01 5.065120065120065629e-01 5.089540089540089962e-01 5.103785103785103416e-01 5.122100122100121666e-01 5.138380138380138629e-01
1.313151169648122674e-01 3.491252211519559889e-01 4.784745429526243155e-01 5.136622763908000877e-01 5.217220365637900148e-01 5.254570473756634552e-01 5.274228425398073128e-01 5.295852172203656671e-01 5.313544328680951390e-01 5.315510123845095247e-01
1.228682966920073977e-01 3.365522909389767614e-01 4.503801109513047018e-01 4.816108485720156374e-01 4.873638791863570963e-01 4.918841175261968179e-01 4.941442366961166788e-01 4.961988904869529260e-01 4.968152866242038224e-01 4.982535442777891732e-01
3.286713286713286580e-02 1.025641025641025605e-01 1.636363636363636354e-01 1.927738927738927854e-01 1.990675990675990770e-01 2.041958041958041870e-01 2.053613053613053685e-01 2.065268065268065223e-01 2.069930069930069894e-01 2.086247086247086380e-01
2.994289242167001014e-02 1.031023306065750877e-01 1.686988732829140247e-01 2.102176261768791410e-01 2.234912795184441914e-01 2.292020373514431220e-01 2.330606575088748356e-01 2.366105880537119899e-01 2.392344497607655496e-01 2.413952770489272981e-01
2.469604863221884494e-02 6.876899696048632826e-02 9.156534954407294369e-02 1.010638297872340358e-01 1.063829787234042562e-01 1.101823708206686875e-01 1.117021276595744628e-01 1.128419452887537977e-01 1.136018237082066923e-01 1.136018237082066923e-01
1.899696048632218892e-03 5.319148936170212637e-03 8.358662613981762343e-03 1.253799392097264438e-02 1.367781155015197585e-02 1.367781155015197585e-02 1.443768996960486349e-02 1.481762917933130731e-02 1.595744680851063704e-02 1.595744680851063704e-02
1.071428571428571369e-01 1.949088145896656632e-01 2.196048632218844943e-01 2.294832826747720267e-01 2.340425531914893664e-01 2.386018237082066784e-01 2.386018237082066784e-01 2.393617021276595869e-01 2.397416413373860133e-01 2.401215805471124676e-01
5.699088145896656459e-03 1.443768996960486349e-02 2.355623100303951348e-02 2.811550151975683934e-02 2.963525835866261463e-02 3.115501519756838991e-02 3.191489361702127409e-02 3.229483282674772138e-02 3.267477203647416173e-02 3.381458966565349666e-02
1.633738601823708086e-02 4.293313069908814839e-02 6.079027355623100454e-02 7.332826747720365412e-02 7.826747720364742034e-02 8.244680851063829197e-02 8.320668693009118655e-02 8.434650455927052148e-02 8.472644376899696184e-02 8.700607902735561783e-02
2.075033200531208599e-01 3.638778220451527323e-01 4.007304116865869625e-01 4.043824701195218863e-01 4.047144754316068793e-01 4.057104913678618585e-01 4.077025232403718724e-01 4.080345285524568655e-01 4.106905710491368100e-01 4.110225763612218031e-01
1.334661354581673232e-01 2.430278884462151456e-01 2.656042496679946741e-01 2.682602921646746186e-01 2.685922974767596116e-01 2.692563081009295978e-01 2.695883134130145908e-01 2.695883134130145908e-01 2.695883134130145908e-01 2.699203187250995839e-01
1.974308852275900583e-01 3.205808433398492086e-01 3.462719910639486254e-01 3.499022619380061649e-01 3.507400167550963621e-01 3.532532812063669536e-01 3.532532812063669536e-01 3.535325328120636490e-01 3.540910360234571508e-01 3.543702876291538462e-01
9.993359893758299584e-02 1.623505976095617476e-01 1.812749003984063800e-01 1.839309428950863246e-01 1.839309428950863246e-01 1.862549800796812760e-01 1.875830013280212483e-01 1.922310756972111512e-01 1.928950863213811373e-01 1.928950863213811373e-01
7.735723771580345354e-02 1.411022576361221914e-01 1.533864541832669348e-01 1.547144754316069071e-01 1.557104913678618863e-01 1.560424966799468793e-01 1.563745019920318724e-01 1.563745019920318724e-01 1.563745019920318724e-01 1.563745019920318724e-01
1.249628086878905031e-01 2.606367152633145001e-01 3.031835763165724451e-01 3.118119607259743908e-01 3.138946742041059390e-01 3.168699791728652460e-01 3.183576316572448439e-01 3.192502231478726582e-01 3.198452841416244974e-01 3.210354061291282313e-01
3.481106813448378579e-02 1.228800952097589966e-01 1.868491520380839155e-01 2.121392442725379412e-01 2.231478726569473270e-01 2.276108301100862874e-01 2.290984825944659409e-01 2.305861350788455943e-01 2.320737875632252201e-01 2.335614400476048735e-01
2.965758964680506940e-02 9.544351577244540585e-02 1.442437314640064583e-01 1.741709355621461341e-01 1.868428147748719403e-01 1.933135616069021345e-01 1.965489350229172316e-01 1.970881639255864237e-01 1.984362361822593623e-01 1.987058506335939723e-01
8.884732288987607501e-03 3.320084171148000862e-02 6.172550853401917448e-02 8.370353051204114381e-02 9.422492401215805391e-02 1.045125087678279163e-01 1.091886836567687591e-01 1.117605798456862282e-01 1.157353285012859417e-01 1.176057984568622816e-01
1.785182981255578703e-03 3.867896459387086972e-03 6.545670931270454809e-03 1.041356739065754308e-02 1.279381136566498135e-02 1.576911633442427962e-02 1.606664683130020962e-02 1.755429931567985616e-02 1.844689080630764616e-02 1.963701279381136616e-02
1.501182997470833051e-02 2.684180468303826519e-02 2.986048788447417945e-02 3.018683201435914260e-02 3.035000407930162417e-02 3.035000407930162417e-02 3.075793424165782983e-02 3.092110630660031140e-02 3.092110630660031140e-02 3.092110630660031140e-02
3.752957493677082628e-03 1.109570041608876588e-02 1.468548584482336564e-02 1.590927633189197915e-02 1.656196459166190890e-02 1.680672268907562952e-02 1.696989475401811109e-02 1.713306681896059266e-02 1.713306681896059266e-02 1.721465285143183518e-02
2.904462755976176813e-02 6.926654156808353946e-02 8.550216202986048175e-02 8.966304968589378088e-02 9.023415191319246464e-02 9.039732397813494968e-02 9.056049604307742085e-02 9.056049604307742085e-02 9.072366810801990589e-02 9.105001223790487597e-02
1.487313371950721996e-01 2.560985559272252465e-01 2.722525903565309879e-01 2.742106551358407529e-01 2.744554132332544527e-01 2.747001713306682080e-01 2.748633433956106931e-01 2.748633433956106931e-01 2.748633433956106931e-01 2.748633433956106931e-01
5.572326017785755176e-02 1.114465203557151035e-01 1.234396671289875180e-01 1.301297217916292659e-01 1.313535122786978759e-01 1.313535122786978759e-01 1.314350983111691185e-01 1.320062005384678161e-01 1.324957167332952712e-01 1.330668189605939411e-01
9.000500822780281573e-02 2.370322672962724420e-01 3.092938398798025235e-01 3.348358016741790344e-01 3.399155755884667451e-01 3.411318594834370499e-01 3.421335050440008629e-01 3.424196894898762222e-01 3.427774200472204491e-01 3.431351506045646205e-01
1.423767618229949267e-02 5.344494526722472910e-02 9.315303713243185124e-02 1.220576661658438894e-01 1.386563640266151587e-01 1.482435429634399449e-01 1.518923946483508591e-01 1.521785790942262184e-01 1.521785790942262184e-01 1.525363096515704453e-01
8.835944766401945816e-02 2.207912999928453857e-01 2.828933247477999346e-01 2.983472848250697806e-01 3.007798526150103902e-01 3.022107748443871866e-01 3.030693281820133200e-01 3.039994276311082655e-01 3.047148887457966637e-01 3.052872576375473823e-01
2.232238677827860091e-02 6.138656364026615075e-02 9.079201545396008155e-02 1.029548544036631569e-01 1.061744294197610322e-01 1.071760749803248175e-01 1.078915360950132296e-01 1.080346283179509231e-01 1.082492666523574426e-01 1.086785433211704954e-01
4.650497245474708233e-03 1.173356228089003292e-02 2.067682621449524333e-02 2.690133791228446758e-02 2.919081347928740092e-02 2.997782070544465979e-02 3.019245903985118273e-02 3.047864348572655244e-02 3.062173570866423555e-02 3.083637404307075849e-02
1.111864406779660974e-01 2.416949152542372803e-01 2.872316384180790827e-01 2.960451977401130086e-01 2.988700564971751295e-01 3.007909604519773961e-01 3.013559322033898535e-01 3.022598870056497078e-01 3.028248587570621653e-01 3.035028248587570698e-01
9.988700564971751683e-02 1.810169491525423779e-01 2.045197740112994489e-01 2.090395480225988589e-01 2.098305084745762661e-01 2.108474576271186507e-01 2.111864406779661030e-01 2.112994350282485778e-01 2.115254237288135553e-01 2.115254237288135553e-01
3.841807909604520038e-02 9.412429378531073088e-02 1.193220338983050910e-01 1.251977401129943379e-01 1.264406779661017000e-01 1.267796610169491522e-01 1.271186440677966045e-01 1.271186440677966045e-01 1.272316384180791071e-01 1.274576271186440568e-01
1.988700564971751517e-02 5.242937853107344781e-02 6.813559322033897747e-02 7.231638418079096298e-02 7.333333333333333370e-02 7.367231638418078599e-02 7.401129943502825215e-02 7.423728813559321571e-02 7.457627118644068187e-02 7.491525423728813415e-02
1.299435028248587497e-02 3.977401129943503033e-02 5.322033898305084804e-02 5.796610169491525633e-02 5.864406779661016783e-02 5.943502824858756806e-02 5.977401129943502728e-02 5.999999999999999778e-02 6.022598870056497522e-02 6.033898305084745700e-02
3.041524357361136133e-01 4.760021571094733006e-01 5.030559050871831195e-01 5.046737371921624637e-01 5.048534963149380328e-01 5.048534963149380328e-01 5.048534963149380328e-01 5.048534963149380328e-01 5.048534963149380328e-01 5.048534963149380328e-01
2.027624808161054559e-01 3.649002437483073180e-01 4.005597183352893609e-01 4.032680328608829190e-01 4.036291414642954045e-01 4.038999729168547548e-01 4.039902500677078900e-01 4.039902500677078900e-01 4.039902500677078900e-01 4.039902500677078900e-01
1.039217530330104333e-01 2.185648452929558894e-01 2.542085958807486223e-01 2.593811718235681241e-01 2.600394996708360607e-01 2.602275933414840425e-01 2.602275933414840425e-01 2.602275933414840425e-01 2.602275933414840425e-01 2.602275933414840425e-01
2.570601013758146147e-02 6.670890658942794926e-02 8.309196234612599430e-02 8.816075307748008627e-02 8.924692251991310499e-02 8.960897900072410660e-02 8.969949312092687088e-02 8.988052136133237169e-02 8.988052136133237169e-02 8.988052136133237169e-02
2.123142250530785525e-03 4.153973968429798200e-03 6.554047816855903576e-03 7.107911012646543278e-03 7.292532077910089845e-03 7.292532077910089845e-03 7.292532077910089845e-03 7.384842610541862695e-03 7.384842610541862695e-03 7.384842610541862695e-03
6.298504105274997655e-02 2.143178495107412040e-01 3.225171521763581239e-01 3.661567877629063328e-01 3.765043302215723697e-01 3.800472387807895536e-01 3.814531548757170154e-01 3.825778877516589627e-01 3.830277809020357638e-01 3.835901473400067374e-01
2.215374807416458508e-02 7.889284386123360249e-02 1.331881209159007651e-01 1.679859746055357705e-01 1.800988152791797303e-01 1.843489348137916373e-01 1.858896031450884556e-01 1.864208680869149370e-01 1.867927535461934851e-01 1.870583860171067259e-01
2.841998421111988429e-02 1.039246644862975022e-01 1.820232322093154331e-01 2.353670914627269684e-01 2.588812450659749853e-01 2.659862411187549069e-01 2.682981842787864890e-01 2.693695725724596923e-01 2.699334611480771473e-01 2.703281831510093713e-01
6.523828367912261339e-02 1.780202385663406661e-01 2.571654700661428206e-01 2.879190457346373355e-01 2.929504211656961954e-01 2.945333257956922468e-01 2.950421165696195391e-01 2.955509073435468315e-01 2.960596981174741238e-01 2.966815535078297095e-01
1.118774379557917337e-01 2.928938888574820765e-01 3.897902651365255378e-01 4.124597207303974389e-01 4.150602069082480750e-01 4.165300469218158330e-01 4.174910961614562988e-01 4.181694838600260034e-01 4.186782746339532957e-01 4.187348069421674701e-01
1.059794734493529622e-01 2.161981258366800496e-01 2.559125390450691651e-01 2.639446675591253788e-01 2.686300758589915127e-01 2.719767960731815926e-01 2.733154841588576467e-01 2.753235162873717279e-01 2.766622043730477265e-01 2.775546630968317441e-01
1.438713718939235719e-01 3.616621424096888582e-01 4.562539152223846206e-01 4.760910419711839592e-01 4.794320317394027975e-01 4.844435163917310549e-01 4.861140112758404741e-01 4.877845061599498933e-01 4.892461891835456211e-01 4.898726247650866394e-01
1.271753681392235637e-02 3.391343150379295263e-02 4.306113342257920917e-02 4.663096831771530726e-02 4.930834448906738082e-02 5.087014725568942547e-02 5.220883534136545878e-02 5.287817938420347891e-02 5.421686746987951916e-02 5.443998215082552355e-02
2.074966532797858226e-02 5.734047300312360845e-02 7.675145024542615046e-02 8.746095493083444472e-02 9.103078982597054281e-02 9.214636323070057866e-02 9.281570727353860573e-02 9.370816599732262331e-02 9.460062472110665477e-02 9.482373940205265916e-02
2.008032128514056040e-03 4.239178937974119078e-03 6.470325747434181249e-03 8.255243195002230291e-03 8.701472556894244287e-03 9.370816599732262678e-03 1.004016064257028107e-02 1.026327532351628720e-02 1.070950468540829946e-02 1.093261936635430559e-02
2.007856441389161695e-01 3.490759753593429271e-01 3.764842424783501618e-01 3.778234086242299727e-01 3.782697973395232616e-01 3.785376305686992127e-01 3.789840192839925015e-01 3.797875189715204103e-01 3.805910186590483191e-01 3.808588518882242702e-01
2.205160253548790403e-02 6.365503080082135501e-02 9.150968663512186463e-02 1.025801267743951389e-01 1.058834032675654013e-01 1.072225694134452262e-01 1.074904026426211912e-01 1.078475136148558111e-01 1.081153468440317761e-01 1.085617355593250649e-01
1.640032139987501192e-01 2.864029997321667631e-01 3.167574323721096263e-01 3.227390411570395523e-01 3.242567627890367010e-01 3.249709847335059409e-01 3.256852066779751809e-01 3.265779841085617585e-01 3.271136505669136607e-01 3.276493170252656184e-01
4.374609409874118809e-03 1.785554861173109520e-02 3.437193107758235860e-02 4.928131416837782525e-02 5.990536559235782460e-02 6.410141951611462996e-02 6.561914114811177867e-02 6.642264083563967358e-02 6.677975180787429355e-02 6.731541826622622349e-02
1.339166145879832140e-02 4.588875993214891480e-02 7.070797250245514087e-02 8.436746719042942377e-02 8.856352111418623607e-02 9.070618694759396972e-02 9.159896437818051962e-02 9.186679760735648459e-02 9.213463083653244956e-02 9.249174180876706952e-02
2.498341808534158826e-02 6.256909131107671329e-02 8.843687817820031216e-02 9.838602697324784485e-02 1.028078708821578563e-01 1.036922396639398669e-01 1.043555162502763645e-01 1.050187928366128620e-01 1.054609772275038743e-01 1.065664382047313702e-01
1.451729978224050284e-03 7.742559883861601516e-03 1.403338978949915383e-02 1.766271473505928030e-02 1.911444471328332950e-02 2.008226469876603013e-02 2.032421969513670615e-02 2.056617469150737870e-02 2.105008468424873075e-02 2.105008468424873075e-02
5.020673360897814214e-02 1.376255168340224377e-01 1.822209096278795126e-01 2.008269344359125685e-01 2.046662728883638649e-01 2.055522740696987538e-01 2.061429415239220408e-01 2.073242764323685872e-01 2.088009450679267631e-01 2.096869462492616520e-01
1.539428212378259574e-02 5.906377631165567188e-02 9.205152371976123293e-02 1.099591580270185415e-01 1.162425384857053157e-01 1.228400879673264279e-01 1.253534401508011320e-01 1.297518064718818642e-01 1.306943135406848921e-01 1.319509896324222442e-01
6.911718504555451094e-03 2.262016965127238571e-02 3.927112786679233525e-02 5.717876217404963685e-02 5.937794533459000990e-02 6.032045240339302394e-02 6.126295947219604493e-02 6.251963556393339005e-02 6.283380458686772807e-02 6.314797360980207996e-02
9.936268829663963409e-02 2.488412514484356908e-01 3.342989571263035864e-01 3.597914252607184449e-01 3.670336037079953706e-01 3.713789107763615371e-01 3.739860950173812260e-01 3.754345307068366333e-01 3.774623406720741814e-01 3.786210892236384629e-01
4.606025492468134724e-02 1.263035921205098444e-01 1.833719582850521501e-01 1.998841251448435774e-01 2.068366164542294328e-01 2.114716106604866697e-01 2.158169177288528362e-01 2.181344148319814547e-01 2.204519119351100731e-01 2.216106604866743823e-01
3.041714947856315188e-02 8.690614136732328909e-02 1.292004634994206314e-01 1.517960602549246751e-01 1.668597914252607228e-01 1.726535341830822690e-01 1.761297798377751966e-01 1.778679026651216744e-01 1.790266512166859836e-01 1.810544611819235317e-01
2.752027809965237326e-01 5.060834298957126443e-01 5.582271147161066427e-01 5.680764774044032572e-01 5.738702201622247756e-01 5.779258400926998718e-01 5.822711471610660938e-01 5.834298957126303753e-01 5.848783314020857826e-01 5.871958285052143456e-01
7.242178447276941336e-03 2.201622247972189958e-02 3.765932792584009148e-02 4.490150637311703108e-02 5.417149478563151876e-02 5.793742757821553069e-02 5.967555040556199453e-02 6.083429895712630375e-02 6.112398609501738106e-02 6.228273464658169029e-02
1.878747501665556374e-01 3.335554075061070156e-01 3.697534976682211871e-01 3.757495003331112748e-01 3.773040195425271803e-01 3.781923162336220390e-01 3.786364645791694405e-01 3.788585387519431413e-01 3.788585387519431413e-01 3.801909837885854015e-01
1.554519209415944868e-02 6.506773262269598124e-02 1.272485009993337690e-01 1.592271818787475146e-01 1.696646679991117013e-01 1.776593382189651238e-01 1.807683766377970180e-01 1.836553408838552115e-01 1.847657117477237432e-01 1.858760826115922749e-01
4.219409282700421586e-03 1.443482123029091700e-02 3.642016433488785149e-02 5.796135909393737573e-02 6.640017765933821370e-02 6.995336442371752339e-02 7.195203197868088596e-02 7.217410615145458674e-02 7.439484787919165010e-02 7.528314457028648099e-02
3.597601598934044298e-02 1.316899844548078957e-01 2.185209860093271228e-01 2.669331556739951150e-01 2.869198312236286852e-01 2.929158338885187729e-01 2.953586497890295370e-01 2.975793915167666004e-01 2.982456140350877027e-01 2.986897623806351598e-01
1.332445036642238533e-02 5.707306240284255178e-02 9.837885853875194542e-02 1.188096824339329310e-01 1.265822784810126667e-01 1.316899844548078957e-01 1.363535420830557510e-01 1.394625805018876175e-01 1.410170997113035785e-01 1.410170997113035785e-01
3.347612248135808238e-02 1.004283674440742541e-01 1.505632238616531893e-01 1.753133428526098547e-01 1.816595272092654256e-01 1.846739647786768135e-01 1.864191654767571038e-01 1.870537839124226664e-01 1.880057115659209965e-01 1.887989846105029290e-01
3.946530872056015077e-02 1.222151495862507931e-01 1.888924252068746035e-01 2.075111394016549982e-01 2.132399745385105128e-01 2.173774665817950480e-01 2.183322724379376245e-01 2.191279439847231003e-01 2.196053469127944024e-01 2.199236155315086039e-01
2.155291516993644574e-02 9.090909090909091161e-02 1.599889472229897858e-01 2.439900525006908072e-01 2.904117159436308548e-01 3.111356728378004699e-01 3.163857419176568375e-01 3.197015750207239382e-01 3.221884498480243053e-01 3.241226858248134612e-01
3.135104737804021019e-02 9.363137916490932300e-02 1.374947279628848662e-01 1.529593701672993245e-01 1.580205257978349598e-01 1.616758048643329171e-01 1.618163925207366793e-01 1.625193308027555184e-01 1.630816814283705951e-01 1.633628567411781196e-01
9.782821365681862100e-03 3.873997260810017884e-02 7.337116024261397529e-02 1.046761886127959285e-01 1.154372921150459835e-01 1.299158677362551306e-01 1.398943455292506466e-01 1.445900997847779368e-01 1.459596947759733976e-01 1.477206026217961210e-01
7.534246575342465335e-02 1.232876712328767055e-01 1.552511415525114069e-01 1.803652968036529580e-01 1.872146118721461083e-01 2.031963470319634590e-01 2.054794520547945091e-01 2.077625570776255592e-01 2.146118721461187095e-01 2.214611872146118599e-01
4.761904761904761640e-02 9.523809523809523281e-02 1.052631578947368363e-01 1.228070175438596423e-01 1.403508771929824483e-01 1.528822055137844527e-01 1.679197994987468578e-01 1.704260651629072587e-01 1.754385964912280604e-01 1.779448621553884613e-01
1.569858712715855665e-03 1.569858712715855665e-03 3.139717425431711329e-03 7.849293563579277239e-03 7.849293563579277239e-03 7.849293563579277239e-03 7.849293563579277239e-03 9.419152276295132686e-03 9.419152276295132686e-03 1.098901098901098987e-02
0.000000000000000000e+00 0.000000000000000000e+00 1.795332136445242435e-03 3.590664272890484870e-03 5.385996409335727306e-03 5.385996409335727306e-03 5.385996409335727306e-03 5.385996409335727306e-03 5.385996409335727306e-03 1.077199281867145461e-02
0.000000000000000000e+00 2.084781097984711451e-03 2.084781097984711451e-03 2.084781097984711451e-03 2.084781097984711451e-03 2.084781097984711451e-03 2.084781097984711451e-03 2.779708130646282079e-03 3.474635163307852707e-03 3.474635163307852707e-03
1.427003293084522506e-01 3.800768386388583830e-01 4.991767288693743088e-01 5.395170142700329574e-01 5.477497255762897588e-01 5.507683863885839415e-01 5.518660812294182705e-01 5.535126234906695419e-01 5.548847420417124532e-01 5.557080131723380889e-01
3.320526893523600281e-02 1.276070252469813371e-01 2.217343578485181099e-01 2.969264544456641230e-01 3.304061470911086595e-01 3.476948408342480645e-01 3.551042810098792302e-01 3.597694840834247954e-01 3.611416026344675956e-01 3.641602634467617783e-01
3.512623490669593979e-02 1.361141602634467485e-01 2.615257958287596218e-01 3.282107574094401681e-01 3.583973655323819951e-01 3.677277716794731255e-01 3.743139407244785999e-01 3.778814489571898916e-01 3.787047200878155828e-01 3.798024149286498563e-01
3.293084522502744138e-03 1.893523600439078053e-02 4.747530186608123204e-02 9.769484083424807841e-02 1.336443468715697025e-01 1.525795828759604900e-01 1.616355653128430381e-01 1.687705817782656492e-01 1.717892425905598319e-01 1.728869374313940777e-01
8.232711306256860345e-04 6.311745334796926843e-03 1.838638858397365419e-02 4.994511525795828494e-02 7.519209659714599925e-02 9.659714599341383268e-02 1.053787047200878124e-01 1.114160263446761778e-01 1.149835345773874834e-01 1.174533479692645432e-01
1.779106177056646865e-01 3.580273270708795863e-01 4.194420723028750575e-01 4.301167093652148998e-01 4.343865641901508701e-01 4.365926558497010834e-01 4.374466268146883219e-01 4.375889553088528339e-01 4.380159407913464253e-01 4.382294335325932488e-01
6.789069171648164092e-02 1.419726729291204137e-01 1.725021349274124816e-01 1.811841730714489063e-01 1.833902647309991474e-01 1.848135496726444615e-01 1.851693709080557970e-01 1.852405351551380530e-01 1.855963563905493885e-01 1.860233418730429800e-01
1.352120694563051576e-02 3.643609450612012718e-02 5.002846569883290934e-02 5.436948477085112169e-02 5.607742670082550840e-02 5.671790492456589561e-02 5.721605465414175695e-02 5.750071164247082256e-02 5.757187588955308549e-02 5.757187588955308549e-02
7.372615997722743730e-02 1.731426131511528688e-01 2.182607458013094137e-01 2.295046968403074428e-01 2.324935952177625831e-01 2.339880444064901810e-01 2.346996868773128242e-01 2.351978366068886994e-01 2.352690008539709554e-01 2.354824935952177511e-01
1.266723598064332414e-02 2.810987759749501713e-02 3.707657272986052133e-02 3.985197836606888672e-02 4.091944207230287234e-02 4.120409906063193795e-02 4.134642755479647075e-02 4.148875604896100355e-02 4.163108454312553636e-02 4.170224879020779929e-02
1.088045812455261246e-01 2.662848962061560298e-01 3.357193987115246747e-01 3.607730851825339813e-01 3.743736578382247937e-01 3.801002147458840130e-01 3.836793128131710806e-01 3.865425912670006903e-01 3.865425912670006903e-01 3.872584108804581482e-01
1.987538940809968901e-01 3.451713395638629223e-01 3.962616822429906316e-01 4.143302180685358160e-01 4.199376947040498465e-01 4.242990654205607282e-01 4.267912772585669701e-01 4.280373831775701188e-01 4.286604361370716654e-01 4.286604361370716654e-01
5.671077504725898291e-03 1.953371140516698204e-02 3.654694391934467518e-02 5.103969754253308289e-02 5.797101449275362389e-02 6.112161310649023155e-02 6.364209199747952739e-02 6.616257088846880241e-02 6.994328922495274270e-02 7.120352867044738021e-02
5.798138869005010909e-02 1.531853972798854768e-01 2.140300644237652095e-01 2.483894058697208307e-01 2.634216177523264202e-01 2.698639942734430974e-01 2.763063707945597747e-01 2.813171080887616471e-01 2.820329277022190495e-01 2.841803865425912567e-01
1.431639226914817407e-03 5.726556907659269627e-03 1.073729420186113163e-02 1.574803149606299191e-02 2.004294917680744456e-02 2.433786685755189722e-02 2.576950608446671592e-02 2.791696492483894051e-02 3.006442376521116511e-02 3.006442376521116511e-02
1.491082740473637924e-01 2.840853717961212554e-01 3.234577526556866034e-01 3.289153103985966164e-01 3.310593509404541335e-01 3.325211967644479127e-01 3.330084787057791540e-01 3.333983042588441470e-01 3.343728681415066850e-01 3.349576064711041745e-01
1.002826235259721283e-01 1.799044927394990723e-01 2.022220056524705323e-01 2.050482409121917871e-01 2.053406100769905596e-01 2.061202611831205456e-01 2.063151739596530421e-01 2.063151739596530421e-01 2.065100867361855663e-01 2.065100867361855663e-01
3.878764252996783762e-02 1.006724490790371351e-01 1.293246272293148702e-01 1.330279699834324147e-01 1.332228827599649112e-01 1.335152519247636560e-01 1.337101647012961803e-01 1.337101647012961803e-01 1.338076210895624285e-01 1.338076210895624285e-01
4.521976415554039563e-02 8.449468862683949533e-02 9.589708605399084596e-02 9.716401910145210097e-02 9.774875743104960435e-02 9.794367020758210085e-02 9.794367020758210085e-02 9.823603937238085948e-02 9.833349576064710773e-02 9.843095214891335598e-02
2.514374817269272172e-02 4.746126108566416785e-02 5.223662411071045703e-02 5.330864438163921554e-02 5.340610076990547073e-02 5.379592632297047067e-02 5.399083909950297411e-02 5.438066465256797405e-02 5.438066465256797405e-02 5.438066465256797405e-02
1.278923472457743071e-01 2.449537771456703761e-01 2.799081013073683177e-01 2.857064711996061268e-01 2.872381160768010533e-01 2.876757288988567307e-01 2.879492369126415152e-01 2.881680433236694094e-01 2.884415513374541939e-01 2.887150593512389785e-01
3.861933154641430943e-02 1.270718232044198981e-01 2.015207045566435040e-01 2.372408511569389089e-01 2.535419287785132259e-01 2.612548547672446930e-01 2.653027733712597924e-01 2.673267326732673421e-01 2.691865871670039989e-01 2.706635304414419241e-01
1.794212570428313502e-02 5.940594059405940319e-02 8.828838684973469575e-02 1.040971500464963617e-01 1.090749958973797895e-01 1.123023904600404799e-01 1.144904545703189086e-01 1.159673978447568476e-01 1.168426234888682302e-01 1.174990427219517464e-01
3.008588151632842975e-02 1.009791586893496046e-01 1.619714457633608662e-01 1.929872545265576278e-01 2.075925824626661531e-01 2.161807340955090029e-01 2.208850719326076184e-01 2.237295552759695771e-01 2.250423937421366372e-01 2.257535145779771268e-01
1.055740933209343112e-02 3.965866199879656412e-02 7.154969640610470138e-02 9.102346698758273513e-02 1.007056506755647923e-01 1.057928997319621534e-01 1.091843991028937089e-01 1.111536568021442989e-01 1.121382856517696008e-01 1.133964225151797012e-01
9.669669669669669898e-02 2.576576576576576350e-01 3.389389389389389495e-01 3.617617617617617798e-01 3.667667667667667830e-01 3.693693693693693714e-01 3.707707707707707523e-01 3.714714714714714705e-01 3.733733733733733962e-01 3.741741741741742011e-01
1.010423314188470603e-02 3.828972559029993755e-02 7.434588385449904246e-02 9.987236758136566750e-02 1.125292490959370340e-01 1.181663475856200851e-01 1.218889597957881349e-01 1.246543288661986770e-01 1.268878961922995097e-01 1.275260582854711722e-01
4.880864910255064415e-02 1.574472551695182132e-01 2.525453972919072254e-01 2.910674923900493094e-01 2.995696441692033418e-01 3.025086595990343352e-01 3.037682376403904594e-01 3.049228508449669528e-01 3.056576047024247011e-01 3.060774640495433907e-01
1.478408849181025303e-02 6.307168687513295402e-02 1.134864922356945277e-01 1.409274622420761403e-01 1.507126143373750393e-01 1.554988300361625220e-01 1.573069559668155704e-01 1.579451180599872329e-01 1.590087215486066796e-01 1.592214422463305579e-01
5.424377791959157299e-03 2.339927674962773846e-02 4.520314826632631372e-02 6.222080408423739939e-02 7.072963199319293182e-02 7.455860455222293459e-02 7.562220804084236747e-02 7.657945118059987510e-02 7.732397362263347673e-02 7.774941501808126099e-02
6.208621450639988104e-02 1.534500514933058724e-01 2.047962336324849197e-01 2.205384728556716301e-01 2.248050610563483986e-01 2.276004119464469511e-01 2.284831543327938697e-01 2.293658967191407883e-01 2.296601441812564370e-01 2.302486391054877068e-01
1.400124455507156286e-03 3.889234598630989491e-03 9.645301804604853452e-03 1.602364654635967528e-02 2.177971375233354184e-02 2.582451773490977015e-02 2.738021157436216699e-02 2.784691972619788430e-02 2.831362787803360162e-02 2.846919726197884304e-02
1.352895351856660544e-01 2.534406647623994036e-01 3.012204622176058444e-01 3.108283562710983938e-01 3.129057387691508429e-01 3.148532848610750556e-01 3.151129576733315840e-01 3.158919761101012802e-01 3.161516489223578086e-01 3.166709945468709209e-01
3.727027374373474006e-03 1.529366405346356539e-02 2.904510988304844984e-02 4.279655571263333430e-02 4.819431949620871236e-02 5.012209227605705919e-02 5.063616501734995168e-02 5.076468320267317480e-02 5.102171957331962798e-02 5.127875594396607423e-02
1.223649538866930231e-01 2.486824769433464977e-01 2.969367588932806390e-01 3.083003952569169925e-01 3.106060606060606077e-01 3.112648221343873312e-01 3.114295125164690536e-01 3.117588932806323876e-01 3.119235836627141101e-01 3.120882740447957771e-01
2.195819581958195765e-01 3.832783278327832610e-01 4.220022002200219946e-01 4.281628162816281669e-01 4.294829482948294697e-01 4.305830583058306016e-01 4.323432343234323572e-01 4.332233223322332072e-01 4.349834983498349628e-01 4.356435643564356419e-01
1.204950065132436021e-01 2.381676074685193101e-01 2.874511506730351718e-01 2.967867998263135076e-01 2.993920972644377176e-01 3.022145028224055840e-01 3.033000434216239771e-01 3.048198002605297385e-01 3.063395570994354999e-01 3.072079895788102366e-01
4.318598492564677122e-02 1.116316968832756218e-01 1.452434304338969251e-01 1.568547565695661006e-01 1.588918313302098151e-01 1.609289060908535296e-01 1.625585658993685123e-01 1.633733958036260037e-01 1.643919331839478470e-01 1.656141780403340702e-01
1.336623483446432170e-02 3.598601686201932659e-02 4.894098293234629138e-02 5.408184248406333605e-02 5.675508945095619762e-02 5.819453012543697457e-02 5.840016450750565302e-02 5.881143327164301687e-02 5.942833641784906612e-02 6.025087394612379382e-02
8.278145695364238403e-04 2.483443708609271629e-03 4.139072847682119527e-03 5.380794701986754691e-03 6.001655629139073141e-03 6.208609271523178423e-03 6.622516556291390723e-03 7.036423841059603022e-03 7.657284768211920604e-03 8.071192052980132037e-03
1.097322011757021487e-01 2.524493794905290911e-01 3.259307642064010468e-01 3.455258001306335536e-01 3.500979751796211570e-01 3.533638145003265563e-01 3.563030698889614878e-01 3.566296538210320111e-01 3.582625734813847385e-01 3.582625734813847385e-01
2.082144894466628551e-02 6.617227609811751621e-02 1.120935539075869902e-01 1.497432972047917921e-01 1.714204221334854616e-01 1.751283513976041040e-01 1.782658300057045064e-01 1.794067313177410139e-01 1.802624073017684014e-01 1.802624073017684014e-01
5.723630417007358716e-03 2.071409103297901233e-02 2.834559825565549293e-02 3.243390569637503301e-02 3.325156718451894450e-02 3.515944399018806205e-02 3.761242845461978956e-02 3.952030526028890711e-02 4.115562823657672314e-02 4.197328972472063463e-02
5.096839959225280730e-04 1.529051987767584110e-03 2.293577981651376274e-03 2.293577981651376274e-03 2.293577981651376274e-03 2.548419979612640256e-03 2.803261977573904239e-03 3.312945973496432203e-03 4.077471967380224584e-03 4.587155963302752548e-03
0.000000000000000000e+00 2.087682672233820576e-04 2.087682672233820576e-04 4.175365344467641153e-04 4.175365344467641153e-04 6.263048016701461187e-04 8.350730688935282305e-04 8.350730688935282305e-04 1.043841336116910126e-03 1.043841336116910126e-03
5.655270655270655533e-02 1.401709401709401726e-01 1.877492877492877577e-01 1.984330484330484312e-01 2.001424501424501345e-01 2.027065527065527173e-01 2.039886039886039948e-01 2.056980056980056981e-01 2.071225071225071268e-01 2.075498575498575526e-01
8.974358974358973701e-03 3.162393162393162260e-02 5.797720797720797709e-02 7.649572649572650151e-02 8.105413105413104835e-02 8.276353276353276556e-02 8.333333333333332871e-02 8.433048433048433157e-02 8.575498575498576026e-02 8.660968660968661192e-02
5.299145299145299054e-02 1.460113960113960108e-01 1.957264957264957250e-01 2.074074074074074014e-01 2.096866096866096818e-01 2.113960113960113851e-01 2.131054131054131162e-01 2.133903133903133909e-01 2.145299145299145172e-01 2.148148148148148195e-01
2.136752136752136967e-03 9.544159544159543790e-03 2.378917378917378908e-02 3.504273504273504314e-02 3.917378917378917108e-02 4.188034188034187727e-02 4.316239316239316171e-02 4.444444444444444614e-02 4.658119658119658224e-02 4.829059829059829251e-02
1.632478632478632508e-01 2.908831908831908675e-01 3.168091168091168308e-01 3.193732193732193858e-01 3.200854700854700585e-01 3.210826210826210891e-01 3.215099715099715150e-01 3.219373219373219408e-01 3.225071225071224901e-01 3.230769230769230949e-01
4.371035940803382758e-01 5.565539112050740256e-01 5.708245243128964308e-01 5.739957716701902246e-01 5.750528541226215262e-01 5.761099365750528278e-01 5.761099365750528278e-01 5.761099365750528278e-01 5.771670190274841294e-01 5.771670190274841294e-01
2.478858350951374245e-01 3.504228329809725428e-01 3.604651162790697416e-01 3.631078224101479957e-01 3.646934460887949481e-01 3.662790697674418450e-01 3.668076109936574958e-01 3.668076109936574958e-01 3.678646934460887974e-01 3.694503171247357498e-01
1.728329809725158428e-01 2.753699788583509611e-01 2.869978858350951123e-01 2.885835095137420647e-01 2.896405919661733663e-01 2.896405919661733663e-01 2.901691331923890171e-01 2.906976744186046679e-01 2.922832980972515649e-01 2.933403805496828665e-01
1.622621564482029655e-01 2.795983086680761120e-01 2.970401691331923666e-01 2.986257928118393190e-01 3.002114164904862714e-01 3.012684989429175730e-01 3.023255813953488191e-01 3.028541226215644699e-01 3.044397463002114224e-01 3.044397463002114224e-01
1.865750528541226250e-01 3.414376321353065347e-01 3.636363636363636465e-01 3.662790697674418450e-01 3.689217758985200990e-01 3.705073995771669959e-01 3.710359408033826467e-01 3.710359408033826467e-01 3.710359408033826467e-01 3.715644820295982975e-01
2.903935590338550532e-01 4.479171875781366996e-01 4.780217032554883172e-01 4.805720858128719186e-01 4.812721908286242689e-01 4.825723858578787051e-01 4.833725058758813753e-01 4.840726108916337256e-01 4.844726709006351162e-01 4.847727159073861314e-01
1.677031402580048403e-01 2.991725343064192688e-01 3.329906974353702975e-01 3.362800020558153746e-01 3.374620959037878398e-01 3.380274451354268184e-01 3.385927943670658524e-01 3.391067482140103784e-01 3.393637251374826413e-01 3.396720974456493569e-01
1.099861232461324945e-01 2.318959757413784351e-01 2.742457727296088721e-01 2.822120573572493019e-01 2.841650819756386115e-01 2.851415942848332108e-01 2.858611296705556026e-01 2.865292696715834864e-01 2.867348512103612967e-01 2.868890373644446545e-01
1.121961247879940393e-01 2.075345633962070169e-01 2.380120265200185159e-01 2.432029603741583945e-01 2.442822634527419545e-01 2.447962172996864805e-01 2.452073803772421290e-01 2.456185434547977497e-01 2.458241249935755879e-01 2.460297065323533983e-01
9.518425245412961977e-02 1.891864110602867743e-01 2.276815541964331557e-01 2.347227218995734110e-01 2.356478388240735855e-01 2.365729557485737877e-01 2.368299326720460507e-01 2.370869095955183137e-01 2.378064449812406778e-01 2.382176080587963263e-01
1.586206896551724255e-02 8.362068965517241437e-02 1.827586206896551768e-01 2.729310344827586277e-01 3.099999999999999978e-01 3.229310344827586166e-01 3.275862068965517127e-01 3.306896551724137767e-01 3.324137931034482629e-01 3.327586206896551713e-01
2.586206896551724102e-03 1.224137931034482811e-02 2.706896551724137859e-02 4.741379310344827347e-02 6.155172413793103675e-02 6.982758620689655249e-02 7.499999999999999722e-02 7.706896551724137789e-02 7.827586206896551546e-02 7.862068965517240993e-02
2.155172413793103592e-02 8.758620689655172153e-02 1.765517241379310209e-01 2.387931034482758674e-01 2.632758620689655271e-01 2.675862068965517149e-01 2.686206896551724399e-01 2.693103448275862011e-01 2.700000000000000178e-01 2.705172413793103248e-01
1.724137931034482735e-03 1.034482758620689641e-02 2.448275862068965622e-02 4.086206896551724393e-02 4.689655172413793177e-02 5.482758620689655304e-02 5.827586206896551851e-02 5.999999999999999778e-02 6.120689655172413535e-02 6.137931034482758952e-02
1.198275862068965553e-01 2.586206896551724310e-01 3.072413793103448421e-01 3.156896551724138189e-01 3.179310344827586121e-01 3.205172413793103692e-01 3.208620689655172220e-01 3.220689655172414012e-01 3.229310344827586166e-01 3.236206896551724332e-01
3.445720637273064213e-02 1.296776583919970471e-01 2.156354205261207801e-01 2.719525750277880793e-01 2.982586143015931723e-01 3.149314560948499597e-01 3.260466839570211328e-01 3.297517599110781905e-01 3.316042978881066916e-01 3.345683586513523711e-01
5.557613931085587412e-03 2.556502408299370088e-02 6.113375324194145893e-02 9.262689885142645629e-02 1.118932938125231508e-01 1.259725824379399894e-01 1.348647647276769168e-01 1.419044090403853153e-01 1.463505001852538068e-01 1.482030381622823356e-01
3.334568358651352534e-03 9.633197480548350705e-03 2.037791774731382080e-02 2.852908484623934912e-02 3.223416080029640335e-02 3.482771396813634512e-02 3.853278992219340282e-02 4.038532789922193167e-02 4.223786587625046052e-02 4.334938866246758338e-02
8.151167098925528320e-03 4.112634309003334460e-02 1.078177102630603901e-01 1.745090774360874286e-01 2.060022230455724468e-01 2.197110040755835547e-01 2.282326787699147930e-01 2.334197851055946626e-01 2.367543534642460035e-01 2.389773990366802492e-01
2.741756206002222973e-02 9.818451278251204284e-02 1.722860318636532106e-01 2.274916635791033592e-01 2.563912560207484148e-01 2.715820674323823902e-01 2.812152649129306958e-01 2.852908484623934982e-01 2.875138940348276884e-01 2.889959244164505558e-01
4.256314312441534381e-02 1.506080449017773715e-01 1.955098222637979555e-01 2.146866230121609043e-01 2.188961646398503158e-01 2.202993451824134807e-01 2.226379794200187001e-01 2.240411599625818651e-01 2.245088868101028923e-01 2.249766136576239473e-01
4.864359214218896138e-02 1.440598690364826850e-01 1.800748362956033632e-01 1.913002806361085162e-01 1.945743685687558455e-01 1.978484565014031749e-01 2.006548175865294770e-01 2.006548175865294770e-01 2.011225444340505042e-01 2.034611786716557513e-01
3.940455341506129278e-02 1.401050788091068311e-01 2.281085814360770680e-01 2.784588441330998476e-01 2.907180385288966606e-01 2.972854640980735486e-01 3.012259194395796591e-01 3.029772329246935292e-01 3.038528896672504365e-01 3.047285464098073438e-01
6.175562417291574624e-02 1.777679752977503191e-01 2.845169827966475551e-01 3.286281429201587945e-01 3.462726069695633013e-01 3.528892809880899706e-01 3.564181737979708608e-01 3.621526246140273630e-01 3.630348478164975856e-01 3.639170710189678082e-01
8.400152730049638070e-03 1.756395570828560640e-02 2.634593356242840786e-02 3.512791141657121280e-02 3.818251240931653384e-02 4.047346315387552462e-02 4.085528827796869322e-02 4.161893852615502348e-02 4.161893852615502348e-02 4.161893852615502348e-02
1.327896277708071927e-02 6.503554997908825297e-02 1.414680050188205640e-01 2.039941447093266413e-01 2.284608950230029301e-01 2.396486825595985082e-01 2.455039732329569180e-01 2.471769134253450351e-01 2.487452948557088983e-01 2.496863237139272385e-01
1.829778335424508615e-02 8.082392304475115308e-02 1.489962358845671186e-01 2.042032622333751490e-01 2.287745713090756916e-01 2.443538268506900979e-01 2.535549979088247419e-01 2.566917607695524683e-01 2.598285236302801948e-01 2.620242576327896367e-01
4.872438310330405586e-02 1.501463822668339665e-01 2.167503136762860827e-01 2.455039732329569180e-01 2.538686741948975589e-01 2.579464659138435700e-01 2.592011710581346717e-01 2.603513174404015196e-01 2.618151401087411290e-01 2.633835215391049922e-01
1.254705144291091631e-02 5.656629025512337899e-02 1.132371392722710118e-01 1.538059389376829900e-01 1.679213718109577591e-01 1.747176913425345091e-01 1.772271016311166847e-01 1.783772480133835325e-01 1.794228356336260988e-01 1.799456294437473958e-01
1.526557925554161525e-02 5.374320368046842100e-02 1.069636135508155589e-01 1.460685905478878999e-01 1.584065244667503258e-01 1.637390213299874664e-01 1.662484316185696420e-01 1.671894604767879544e-01 1.679213718109577591e-01 1.681304893350062668e-01
6.082751799549426103e-02 1.263805703610088593e-01 1.483597999890103880e-01 1.518764767294906448e-01 1.529754382108907129e-01 1.536348150997307593e-01 1.542392439145008065e-01 1.546788285070608282e-01 1.550634650255508507e-01 1.555030496181108723e-01
6.621242925435463778e-02 1.439639540634100878e-01 1.824276059124127769e-01 1.942414418374635854e-01 1.964393648002637494e-01 1.977031705038738429e-01 1.981427550964338646e-01 1.984174954667838886e-01 1.988570800593439103e-01 1.991867685037639335e-01
9.665366228913677138e-02 1.733611736908621248e-01 1.990768723556239350e-01 2.025935490961041918e-01 2.033078740590142375e-01 2.039123028737842847e-01 2.041320951700642816e-01 2.045716797626243311e-01 2.051761085773943505e-01 2.056156931699543999e-01
1.725369525798120876e-02 5.423374910709379687e-02 8.451013791966591193e-02 1.026430023627671884e-01 1.108852134732677686e-01 1.148964228803780463e-01 1.163800208802681507e-01 1.171492939172481956e-01 1.175888785098082312e-01 1.179185669542282544e-01
1.269300511017088830e-02 3.148524644211220247e-02 4.434309577449310064e-02 5.329963184790373343e-02 5.956371229188416744e-02 6.670696192098467259e-02 7.253145777240507797e-02 7.505906917962525127e-02 7.571844606846529768e-02 7.626792680916534561e-02
1.062061802129317112e-01 2.285120747857699308e-01 2.708387431835886927e-01 2.783692547390288485e-01 2.809659828615944099e-01 2.829135289535185671e-01 2.838223837964164997e-01 2.847312386393144878e-01 2.852505842638276001e-01 2.853804206699558366e-01
9.010646585302518885e-02 2.255258374448195213e-01 2.779797455206439727e-01 2.878473123863931615e-01 2.909633861334718352e-01 2.921319137886263517e-01 2.927810958192677004e-01 2.930407686315242843e-01 2.936899506621656886e-01 2.940794598805505089e-01
5.232407166969618023e-02 1.407426642430537611e-01 1.833290054531290514e-01 1.946247727862892851e-01 1.987795377823941834e-01 2.003375746559335202e-01 2.009867566865749244e-01 2.018956115294728570e-01 2.021552843417294132e-01 2.024149571539859693e-01
7.997922617501947162e-02 1.933264087250065044e-01 2.399376785250584287e-01 2.498052453908075898e-01 2.530511555440145277e-01 2.549987016359387404e-01 2.555180472604518527e-01 2.559075564788366730e-01 2.564269021033497853e-01 2.568164113217346056e-01
4.232666839781874801e-02 1.081537263048558822e-01 1.452869384575435074e-01 1.561931965723188653e-01 1.593092703193975668e-01 1.613866528174500159e-01 1.622955076603479485e-01 1.629446896909893527e-01 1.633341989093742008e-01 1.633341989093742008e-01
7.766990291262135249e-02 2.184466019417475591e-01 2.977346278317152262e-01 3.284789644012944820e-01 3.317152103559870557e-01 3.462783171521035541e-01 3.511326860841423869e-01 3.527508090614886460e-01 3.527508090614886460e-01 3.543689320388349606e-01
4.854368932038834877e-02 1.375404530744336606e-01 2.087378640776698935e-01 2.508090614886731573e-01 2.605177993527508229e-01 2.637540453074433411e-01 2.686084142394821739e-01 2.718446601941747476e-01 2.718446601941747476e-01 2.718446601941747476e-01
3.594351732991014209e-02 9.884467265725288554e-02 1.463414634146341375e-01 1.681643132220795867e-01 1.745827984595635374e-01 1.771501925545571343e-01 1.797175866495507035e-01 1.810012836970474881e-01 1.810012836970474881e-01 1.810012836970474881e-01
1.287553648068669523e-02 3.433476394849785396e-02 5.321888412017167225e-02 7.381974248927038185e-02 7.896995708154506965e-02 8.154506437768239968e-02 8.326180257510729099e-02 8.412017167381974359e-02 8.497854077253218230e-02 8.583690987124463490e-02
1.905252317198764117e-02 7.157569515962924900e-02 1.045314109165808442e-01 1.143151390319258470e-01 1.210092687950566487e-01 1.215242018537590063e-01 1.230690010298661208e-01 1.251287332646755790e-01 1.261585993820803220e-01 1.266735324407826935e-01
2.365244244806288532e-01 3.912128017967433924e-01 4.284110050533408431e-01 4.340258281864121104e-01 4.355699045480067588e-01 4.368332397529477995e-01 4.385176866928691686e-01 4.396406513194834331e-01 4.406232453677709215e-01 4.418865805727119622e-01
2.895148669796557273e-02 1.062206572769953117e-01 1.962050078247261353e-01 2.713223787167449164e-01 3.172926447574335174e-01 3.352895148669796654e-01 3.470266040688576026e-01 3.530907668231612062e-01 3.573943661971831220e-01 3.634585289514867257e-01
9.976525821596244140e-03 5.946791862284819818e-02 1.428012519561815408e-01 2.204616588419405221e-01 2.562597809076682109e-01 2.787558685446009377e-01 2.869718309859154992e-01 2.930359937402191028e-01 2.989045383411580437e-01 3.016431924882629345e-01
8.020344287949921283e-03 5.262128325508607513e-02 1.328247261345852914e-01 1.922926447574334896e-01 2.198748043818466447e-01 2.441314553990610314e-01 2.562597809076682109e-01 2.664319248826291231e-01 2.740610328638497517e-01 2.762128325508607096e-01
5.281690140845070325e-03 2.992957746478873068e-02 7.022691705790297390e-02 1.097417840375586873e-01 1.373239436619718423e-01 1.519953051643192499e-01 1.615805946791862291e-01 1.688184663536776153e-01 1.744913928012519488e-01 1.774256651017214470e-01
3.330997132844855102e-01 4.666454284804077979e-01 4.911118190506530978e-01 4.937241159604969787e-01 4.944249761070404481e-01 4.951258362535839175e-01 4.956992672825740742e-01 4.960815546352341787e-01 4.964638419878942277e-01 4.965912711054475959e-01
1.431028990124243450e-01 2.530105129021981702e-01 2.834023574386747568e-01 2.884995221408091504e-01 2.897100987575660924e-01 2.905383880216629300e-01 2.910481044918764026e-01 2.912392481682064549e-01 2.913666772857598231e-01 2.917489646384198720e-01
2.541317636404799574e-02 6.197645460719945765e-02 8.427665836540638999e-02 9.293638215983698880e-02 9.593615576182928928e-02 9.735114330993886733e-02 9.808693683495585403e-02 9.842653384650215664e-02 9.876613085804844538e-02 9.899252886574598509e-02
9.100971590210307077e-03 2.761038002705694383e-02 4.353708030992498035e-02 5.392940597712458234e-02 5.860287787480014665e-02 6.057065551592669822e-02 6.118558602877875036e-02 6.155454433648997747e-02 6.167753043906038651e-02 6.204648874677161363e-02
2.572629729560143089e-03 1.123172491686013665e-02 2.158499090167534731e-02 3.105979795444563027e-02 3.469912781577461081e-02 3.582857501411809004e-02 3.601681621384199977e-02 3.658153981301374286e-02 3.670703394616301601e-02 3.683252807931228917e-02
3.736742987412033229e-02 1.414411735553573191e-01 2.308454752700961343e-01 2.625631876300921763e-01 2.689067301020913736e-01 2.713846763802160722e-01 2.716820299335910294e-01 2.719793834869659865e-01 2.724749727425909152e-01 2.729705619982158993e-01
3.667360491624541575e-03 1.328179205074834016e-02 2.309445931212211409e-02 2.586975914362176637e-02 2.696005550599663014e-02 2.735652691049657997e-02 2.765388046387154408e-02 2.834770542174645802e-02 2.864505897512141866e-02 2.864505897512141866e-02
1.685003469124789384e-03 7.037367429874119909e-03 1.090296362374863770e-02 1.308355634849836524e-02 1.486767766874814121e-02 1.575973832887302833e-02 1.595797403112300672e-02 1.605709188224799244e-02 1.615620973337298164e-02 1.615620973337298164e-02
1.982357022499752191e-03 5.253246109624343067e-03 1.030825651699871122e-02 1.328179205074834016e-02 1.407473485974823982e-02 1.476855981762315376e-02 1.526414907324809278e-02 1.526414907324809278e-02 1.536326692437308024e-02 1.556150262662305515e-02
2.477946278124690347e-03 8.425017345623946052e-03 1.407473485974823982e-02 1.774209535137278096e-02 1.903062741599761964e-02 2.031915948062246180e-02 2.061651303399742244e-02 2.081474873624739735e-02 2.091386658737238655e-02 2.091386658737238655e-02
2.987975221668893316e-02 1.017854973885582437e-01 1.314223247904773573e-01 1.361593586784889953e-01 1.378598323818778226e-01 1.388315316409571287e-01 1.399246933074213550e-01 1.402890805295760879e-01 1.410178549738855813e-01 1.413822421960403142e-01
2.769342888376047709e-02 8.672415887282886038e-02 1.119883396088910549e-01 1.180614599781367735e-01 1.198833960889104794e-01 1.215838697922992789e-01 1.219482570144540257e-01 1.226770314587635191e-01 1.230414186809182520e-01 1.231628810883031722e-01
2.016275962589578544e-02 5.380784647151706790e-02 7.761447831896027549e-02 8.380906109559091433e-02 8.587392202113446060e-02 8.757439572452326015e-02 8.951779424268188623e-02 9.024656868699137968e-02 9.085388072391595293e-02 9.146119276084052618e-02
2.915097777237944752e-03 8.137981294789263173e-03 1.542572573788412484e-02 2.089153407020527195e-02 2.332078221790355801e-02 2.404955666221304453e-02 2.429248147698287452e-02 2.441394388436778778e-02 2.489979351390744430e-02 2.514271832867727430e-02
1.991983481112595544e-02 5.247175999028300813e-02 6.741163609862747819e-02 7.239159480140897052e-02 7.421353091218267639e-02 7.494230535649216984e-02 7.554961739341674309e-02 7.554961739341674309e-02 7.615692943034130247e-02 7.652131665249604919e-02
1.842641663269465879e-01 2.922951487973909357e-01 3.155320016306563669e-01 3.200163065633917503e-01 3.232776192417448069e-01 3.257236037505095716e-01 3.265389319200978635e-01 3.281695882592743363e-01 3.293925805136567742e-01 3.314309009376273929e-01
8.275580921320831174e-02 1.834488381573583238e-01 2.229922543823888992e-01 2.327761924174480135e-01 2.360375050958010701e-01 2.384834896045658348e-01 2.397064818589482171e-01 2.409294741133306272e-01 2.429677945373012737e-01 2.441907867916836561e-01
1.186302486750917262e-01 2.242152466367713093e-01 2.539747248267427704e-01 2.596820220138605917e-01 2.641663269465960306e-01 2.682429677945373236e-01 2.702812882185079424e-01 2.719119445576844707e-01 2.723196086424786166e-01 2.723196086424786166e-01
4.688136975132491113e-02 1.190379127598858583e-01 1.500203832042397156e-01 1.577660008153281834e-01 1.610273134936812123e-01 1.626579698328577128e-01 1.646962902568283871e-01 1.667346106807990336e-01 1.671422747655931518e-01 1.687729311047696801e-01
4.484304932735425943e-03 1.467590705258866625e-02 1.834488381573583238e-02 2.201386057888300024e-02 2.405218100285365021e-02 2.445984508764777882e-02 2.568283734203016810e-02 2.568283734203016810e-02 2.649816551161842532e-02 2.731349368120668600e-02
6.761006289308175987e-02 1.792452830188679125e-01 2.327044025157232743e-01 2.594339622641509413e-01 2.735849056603773533e-01 2.987421383647798634e-01 3.081761006289308047e-01 3.113207547169811185e-01 3.144654088050314322e-01 3.191823899371069029e-01
0.000000000000000000e+00 8.964589870013447374e-04 2.241147467503361735e-03 3.137606454504706256e-03 4.930524428507395730e-03 5.378753922008067991e-03 5.826983415508740251e-03 6.275212909009412511e-03 6.275212909009412511e-03 6.275212909009412511e-03
0.000000000000000000e+00 3.759398496240601729e-04 7.518796992481203458e-04 1.127819548872180519e-03 1.127819548872180519e-03 1.127819548872180519e-03 1.127819548872180519e-03 1.127819548872180519e-03 1.127819548872180519e-03 1.879699248120300648e-03
3.565062388591800258e-04 1.069518716577540132e-03 1.069518716577540132e-03 1.069518716577540132e-03 1.069518716577540132e-03 1.782531194295900075e-03 1.782531194295900075e-03 1.782531194295900075e-03 1.782531194295900075e-03 1.782531194295900075e-03
0.000000000000000000e+00 0.000000000000000000e+00 0.000000000000000000e+00 0.000000000000000000e+00 0.000000000000000000e+00 0.000000000000000000e+00 0.000000000000000000e+00 0.000000000000000000e+00 0.000000000000000000e+00 0.000000000000000000e+00
2.032415744790326828e-01 3.388217134036531908e-01 3.851299202469771199e-01 3.949060972472343556e-01 3.969642397736043438e-01 3.990223822999742764e-01 3.997941857473630289e-01 4.003087213789555121e-01 4.013377926421404784e-01 4.018523282737329616e-01
5.454077694880370142e-02 1.175713918188834584e-01 1.584769745304862310e-01 1.790583997941857519e-01 1.844610239259068807e-01 1.896063802418317401e-01 1.929508618471829084e-01 1.947517365577566273e-01 1.955235400051453520e-01 1.957808078209415936e-01
1.800874710573707391e-02 5.299717005402623804e-02 7.126318497555955700e-02 8.258296887059428382e-02 8.901466426550039279e-02 9.338821713403652747e-02 9.416002058142526610e-02 9.673269873938769581e-02 9.853357344996141465e-02 9.904810908155389781e-02
6.431695394906096833e-03 1.466426550038590210e-02 2.315410342166195068e-02 3.087213789554926757e-02 3.704656547465912109e-02 3.961924363262155774e-02 4.142011834319526964e-02 4.244918960638024291e-02 4.296372523797273302e-02 4.347826086956521618e-02
7.718034473887316893e-04 1.800874710573707130e-03 3.601749421147414261e-03 5.145356315924877640e-03 6.946231026498585204e-03 8.232570105479805264e-03 1.003344481605351196e-02 1.054798044764600033e-02 1.131978389503473202e-02 1.183431952662721866e-02
1.922124380847550773e-01 4.038249862410566715e-01 4.611997798569069662e-01 4.647771051183269275e-01 4.667033571821684323e-01 4.678040726472206812e-01 4.680792515134837850e-01 4.690423775454045097e-01 4.700055035773252343e-01 4.705558613098513865e-01
6.728123280132085327e-02 2.023940561364887258e-01 2.732526141992295265e-01 2.921023665382498358e-01 2.947165657677490169e-01 2.970555861309851498e-01 2.980187121629058744e-01 2.992570170610897029e-01 2.998073747936158551e-01 3.002201430930104831e-01
2.517886626307099668e-02 7.966428178315905495e-02 1.169510181618051703e-01 1.358007705008255350e-01 1.403412217941662210e-01 1.410291689598238973e-01 1.418547055586130978e-01 1.424050632911392500e-01 1.432305998899284505e-01 1.432305998899284505e-01
1.085580627407815024e-01 2.881122729774353575e-01 3.654375343973582657e-01 3.801596037424325725e-01 3.831865712713263816e-01 3.851128233351678865e-01 3.862135388002201353e-01 3.869014859658778116e-01 3.880022014309301159e-01 3.885525591634562681e-01
3.811227297743532971e-02 1.136488717666483267e-01 1.652449091909741208e-01 1.825811777655476087e-01 1.856081452944413901e-01 1.868464501926252186e-01 1.884975233902036196e-01 1.890478811227297717e-01 1.893230599889928478e-01 1.897358282883874481e-01
9.473060982830076859e-02 2.474837181764357741e-01 3.368857312018946337e-01 3.706335109532267746e-01 3.753700414446418110e-01 3.753700414446418110e-01 3.765541740674955840e-01 3.771462403789224149e-01 3.777383066903493014e-01 3.783303730017761879e-01
3.552397868561278649e-02 1.373593842510361096e-01 2.172883362936648965e-01 2.711663706335109558e-01 2.972172883362936835e-01 3.132030787448193965e-01 3.137951450562462830e-01 3.155713439905269424e-01 3.161634103019538289e-01 3.161634103019538289e-01
2.356423919478981555e-01 4.381290704558910565e-01 5.068087625814091668e-01 5.180580224985198434e-01 5.204262877442273894e-01 5.216104203670811623e-01 5.227945529899348243e-01 5.227945529899348243e-01 5.233866193013617663e-01 5.239786856127885972e-01
6.379310344827586465e-02 1.683908045977011436e-01 2.321839080459770221e-01 2.580459770114942319e-01 2.747126436781608949e-01 2.867816091954022983e-01 2.890804597701149281e-01 2.908045977011494143e-01 2.925287356321839005e-01 2.959770114942528729e-01
3.848431024274719114e-02 1.071640023682652459e-01 1.598579040852575461e-01 1.953818827708703465e-01 2.232089994079336781e-01 2.474837181764357741e-01 2.545885139135583008e-01 2.575488454706927333e-01 2.593250444049733372e-01 2.593250444049733372e-01
3.868146653212243408e-02 9.261127929140038073e-02 1.177262024890682879e-01 1.236685727099450655e-01 1.257988563740329579e-01 1.269200583025002771e-01 1.272564188810404728e-01 1.281533804238143281e-01 1.284897410023545239e-01 1.292745823522816473e-01
9.429576997144565112e-03 2.516767381632246600e-02 3.419881798260176325e-02 4.050733780463509903e-02 4.216747459990703023e-02 4.276512384620492768e-02 4.322996214888107092e-02 4.349558403612457935e-02 4.396042233880071565e-02 4.429244969785510466e-02
7.674796747967479842e-03 2.595121951219512071e-02 4.188617886178861577e-02 4.800000000000000100e-02 4.930081300813007883e-02 4.975609756097561232e-02 5.001626016260162649e-02 5.008130081300812830e-02 5.027642276422764067e-02 5.040650406504065123e-02
1.915875642253766489e-03 7.750587825481145866e-03 1.314987372637812374e-02 1.637202821562309604e-02 1.732996603674997679e-02 1.785247757554645973e-02 1.820081860141078284e-02 1.846207437080902083e-02 1.846207437080902083e-02 1.854915962727510248e-02
4.484807713869267895e-04 1.457562507007512066e-03 2.690884628321560737e-03 4.036326942482341106e-03 4.933288485256194685e-03 5.718129835183316349e-03 5.830250028030048264e-03 6.054490413723511225e-03 6.278730799416975053e-03 6.278730799416975053e-03
6.390977443609022722e-03 2.969924812030075301e-02 6.315789473684210731e-02 9.962406015037593432e-02 1.257518796992481147e-01 1.432330827067669066e-01 1.501879699248120370e-01 1.526315789473684237e-01 1.539473684210526383e-01 1.550751879699248104e-01
3.195488721804511361e-03 1.240601503759398462e-02 2.443609022556390842e-02 3.853383458646616327e-02 4.680451127819548751e-02 5.206766917293233210e-02 5.676691729323308372e-02 6.071428571428571369e-02 6.390977443609022202e-02 6.466165413533835060e-02
7.537593984962405458e-02 2.390977443609022535e-01 3.464285714285714191e-01 3.842105263157894468e-01 3.911654135338346050e-01 3.928571428571428492e-01 3.937969924812030342e-01 3.947368421052631637e-01 3.954887218045112784e-01 3.960526315789473784e-01
2.424812030075187974e-02 9.078947368421053099e-02 1.812030075187970046e-01 2.535714285714285587e-01 2.808270676691729251e-01 2.862781954887217983e-01 2.883458646616541277e-01 2.904135338345864570e-01 2.913533834586466420e-01 2.917293233082706716e-01
7.518796992481203458e-04 4.135338345864661251e-03 1.372180451127819577e-02 2.142857142857142877e-02 2.838345864661654186e-02 3.609022556390977660e-02 3.947368421052631360e-02 4.041353383458646392e-02 4.078947368421052821e-02 4.154135338345864986e-02
1.910447761194029870e-01 3.901262916188289465e-01 4.613088404133180442e-01 4.808266360505166204e-01 4.865671641791044499e-01 4.907003444316876961e-01 4.927669345579793192e-01 4.946039035591274224e-01 4.962112514351320058e-01 4.971297359357060852e-01
7.026406429391504616e-02 1.563719862227324897e-01 2.009184845005740627e-01 2.197474167623421348e-01 2.273249138920780676e-01 2.303099885189437424e-01 2.314580941446613138e-01 2.339839265212399488e-01 2.358208955223880521e-01 2.367393800229621037e-01
1.579793340987370731e-01 3.198622273249138726e-01 3.869115958668197242e-01 4.098737083811710424e-01 4.165327210103329514e-01 4.204362801377726777e-01 4.213547646383467016e-01 4.236509758897818445e-01 4.259471871412169874e-01 4.275545350172215708e-01
1.189437428243398376e-01 2.495981630309988542e-01 3.056257175660160863e-01 3.221584385763490155e-01 3.295063145809414284e-01 3.331802525832376349e-01 3.343283582089552342e-01 3.354764638346727779e-01 3.366245694603903771e-01 3.368541905855338414e-01
7.876004592422503059e-02 1.630309988518943709e-01 2.027554535017221660e-01 2.176808266360505117e-01 2.241102181400688731e-01 2.275545350172215875e-01 2.305396096440872622e-01 2.307692307692307820e-01 2.319173363949483258e-01 2.326061997703788853e-01
3.377159061613817931e-02 5.890693477700438552e-02 6.612529002320186033e-02 6.831657643722609252e-02 6.908997164217581255e-02 6.960556844547563515e-02 6.986336684712554645e-02 7.037896365042536906e-02 7.063676205207528036e-02 7.063676205207528036e-02
3.187411740972362351e-02 7.262457131329433380e-02 9.542061730885616211e-02 1.034900141214444153e-01 1.061125680855356107e-01 1.077264474480532641e-01 1.093403268105709036e-01 1.097437966512003205e-01 1.099455315715150289e-01 1.103490014121444457e-01
1.702913418137053797e-02 4.349610176446450788e-02 5.949938448912597128e-02 6.483381206401313268e-02 6.914238818219121951e-02 7.037340993024210345e-02 7.098892080426753848e-02 7.160443167829298738e-02 7.221994255231842241e-02 7.242511284366023872e-02
1.279799247176913353e-02 2.722710163111668677e-02 3.299874529485571223e-02 3.613550815558343871e-02 3.713927227101631451e-02 3.739021329987452652e-02 3.739021329987452652e-02 3.776662484316185842e-02 3.776662484316185842e-02 3.776662484316185842e-02
1.166666666666666720e-02 2.966666666666666757e-02 4.433333333333333570e-02 5.233333333333333587e-02 5.500000000000000028e-02 5.733333333333333337e-02 5.733333333333333337e-02 5.833333333333333426e-02 5.833333333333333426e-02 5.866666666666666557e-02
4.415387530794012000e-02 1.248815614932726886e-01 1.841955656623081306e-01 2.097782831154064720e-01 2.181163539890089154e-01 2.203903733181732105e-01 2.220958878150464388e-01 2.226643926473375057e-01 2.232328974796285725e-01 2.234223990903922707e-01
4.120313143798928768e-02 1.625463535228677259e-01 2.581376184590029044e-01 2.985166872682323835e-01 3.147919241862381368e-01 3.178821590440873424e-01 3.195302843016069039e-01 3.199423156159867943e-01 3.207663782447465750e-01 3.213844252163164383e-01
8.071161048689139139e-02 2.705992509363295828e-01 4.031835205992509441e-01 4.481273408239700440e-01 4.550561797752809001e-01 4.563670411985018549e-01 4.574906367041198241e-01 4.591760299625468056e-01 4.604868913857678159e-01 4.621722846441947419e-01
2.575195714874330480e-02 7.849196538936958900e-02 1.302018953440461368e-01 1.662546353522867670e-01 1.775854964977338357e-01 1.821178409559126576e-01 1.829419035846724384e-01 1.841779975278121095e-01 1.854140914709517807e-01 1.870622167284713699e-01
1.442109600329624999e-03 5.150391429748660960e-03 1.462711166048619692e-02 2.616398846312319865e-02 3.481664606510094517e-02 4.099711578079934249e-02 4.882571075401730826e-02 5.191594561186649998e-02 5.480016481252575344e-02 5.583024309847548633e-02
2.048218476637508056e-01 3.548111798591849775e-01 3.893748666524429192e-01 3.936419884787710766e-01 3.972690420311499881e-01 3.985491785790484243e-01 3.994026029443140668e-01 4.004693834008961062e-01 4.011094516748452965e-01 4.015361638574781455e-01
4.370179948586118412e-02 1.030614629586351916e-01 1.439588688946015493e-01 1.579808366440757228e-01 1.621874269689179693e-01 1.638233232063566192e-01 1.640570226688478628e-01 1.652255199813040532e-01 1.661603178312689999e-01 1.663940172937602158e-01
0.000000000000000000e+00 7.010983874737087597e-04 2.103295162421126279e-03 3.972890862351016739e-03 4.206590324842252558e-03 4.440289787333489245e-03 5.141388174807197571e-03 5.608787099789670078e-03 6.543584949754615958e-03 7.010983874737088464e-03
1.075017527459686852e-02 2.617433979901846383e-02 4.533769572329983399e-02 5.258237906052815741e-02 5.655526992287917415e-02 5.865856508530030433e-02 6.029446132273896114e-02 6.169665809768637432e-02 6.216405702266884770e-02 6.263145594765132107e-02
2.103295162421126279e-03 3.739191399859780485e-03 5.842486562280906764e-03 7.010983874737088464e-03 9.114279037158215177e-03 1.051647581210563183e-02 1.121757419957934016e-02 1.121757419957934016e-02 1.168497312456181353e-02 1.168497312456181353e-02
6.517834231460097050e-02 1.821914293045932831e-01 2.519031733812334140e-01 2.808998374818236221e-01 2.878282439483363375e-01 2.911641433581387273e-01 2.924471815926781293e-01 2.928748610041912448e-01 2.933880762980070056e-01 2.936446839449148860e-01
9.149722735674676449e-03 4.066543438077634132e-02 7.698706099815157133e-02 1.063770794824399207e-01 1.216266173752310470e-01 1.296672828096118169e-01 1.329944547134935262e-01 1.345656192236598936e-01 1.356746765249537967e-01 1.365064695009242102e-01
4.442573887018331363e-02 1.308454919566030550e-01 1.931350542461653663e-01 2.191358024691358042e-01 2.288627010849233201e-01 2.335390946502057530e-01 2.355967078189300512e-01 2.363449307893752405e-01 2.367190422745978351e-01 2.375607931163486730e-01
6.577636037472593157e-03 2.770580027905122575e-02 5.351803866852700847e-02 7.624078134343233171e-02 8.849910304963125307e-02 9.687063982459637179e-02 1.026509866454056175e-01 1.049431931433127407e-01 1.065377715766394201e-01 1.079330277058002802e-01
1.158016633329824125e-03 3.579324139383092789e-03 8.527213390883251615e-03 1.200126329087272334e-02 1.452784503631961328e-02 1.726497526055374362e-02 1.979155700600063184e-02 2.158121907569217693e-02 2.242341299084114198e-02 2.326560690599010356e-02
5.053813757604117690e-02 1.076275152082358383e-01 1.361722040243331655e-01 1.445952269536733836e-01 1.502105755732335013e-01 1.525503041647169045e-01 1.544220870379036104e-01 1.548900327562002799e-01 1.558259241927936467e-01 1.567618156293869858e-01
3.641207815275310927e-02 1.207815275310834824e-01 1.936056838365896871e-01 2.300177619893428171e-01 2.433392539964475965e-01 2.531083481349911124e-01 2.575488454706927333e-01 2.611012433392539966e-01 2.619893428063942986e-01 2.655417406749556175e-01
5.328596802841918494e-03 1.865008880994671256e-02 3.463587921847247064e-02 5.595026642984014115e-02 7.104795737122557298e-02 8.436944937833036617e-02 9.413854351687389599e-02 9.769094138543517325e-02 1.030195381882770822e-01 1.092362344582593209e-01
3.374777975133214786e-02 9.769094138543517325e-02 1.456483126110124371e-01 1.731793960923623532e-01 1.829484902309058691e-01 1.918294849023090554e-01 1.944937833037300168e-01 1.944937833037300168e-01 1.971580817051509782e-01 1.989342806394316099e-01
5.328596802841918494e-03 2.664298401420958987e-02 4.884547069271758662e-02 8.348134991119005033e-02 1.021314387211367664e-01 1.172291296625222051e-01 1.278863232682060369e-01 1.314387211367673280e-01 1.349911190053285914e-01 1.358792184724689212e-01
