6.837394331178518747e-02 1.725509696668324211e-01 2.175534559920437594e-01 2.282446544007956379e-01 2.329686723023371431e-01 2.364495275982098355e-01 2.384385877672799692e-01 2.386872202884137151e-01 2.409249129786175947e-01 2.424167081054201811e-01
1.158021712907117071e-02 2.412545235223160361e-02 3.281061519903498425e-02 3.691194209891435207e-02 3.715319662243667109e-02 3.739445114595899011e-02 3.763570566948130219e-02 3.763570566948130219e-02 3.763570566948130219e-02 3.763570566948130219e-02
0.000000000000000000e+00 2.453385672227674009e-04 4.906771344455348018e-04 1.226692836113837167e-03 1.472031403336604514e-03 1.472031403336604514e-03 1.472031403336604514e-03 1.472031403336604514e-03 1.472031403336604514e-03 1.472031403336604514e-03
6.464445549477871276e-03 1.665837891596220685e-02 2.560914967677772186e-02 2.834410740924913144e-02 2.958727001491795114e-02 3.008453505718548110e-02 3.058180009945300759e-02 3.058180009945300759e-02 3.058180009945300759e-02 3.058180009945300759e-02
0.000000000000000000e+00 2.486325211337642757e-04 9.945300845350571028e-04 1.243162605668821433e-03 1.243162605668821433e-03 1.243162605668821433e-03 1.243162605668821433e-03 1.243162605668821433e-03 1.243162605668821433e-03 1.243162605668821433e-03
2.959501557632398736e-02 1.012461059190031126e-01 1.417445482866043494e-01 1.526479750778816091e-01 1.542056074766355034e-01 1.557632398753893976e-01 1.557632398753893976e-01 1.557632398753893976e-01 1.557632398753893976e-01 1.557632398753893976e-01
0.000000000000000000e+00 1.090342679127725804e-02 3.426791277258566665e-02 3.582554517133956090e-02 3.582554517133956090e-02 3.582554517133956090e-02 3.582554517133956090e-02 3.582554517133956090e-02 3.582554517133956090e-02 3.582554517133956090e-02
0.000000000000000000e+00 0.000000000000000000e+00 0.000000000000000000e+00 1.557632398753894037e-03 1.557632398753894037e-03 1.557632398753894037e-03 1.557632398753894037e-03 1.557632398753894037e-03 1.557632398753894037e-03 1.557632398753894037e-03
3.115264797507788074e-03 3.738317757009345516e-02 5.295950155763239769e-02 5.451713395638629195e-02 5.607476635514018620e-02 5.607476635514018620e-02 5.607476635514018620e-02 5.607476635514018620e-02 5.607476635514018620e-02 5.763239875389408046e-02
0.000000000000000000e+00 1.557632398753894037e-03 3.115264797507788074e-03 3.115264797507788074e-03 3.115264797507788074e-03 3.115264797507788074e-03 3.115264797507788074e-03 3.115264797507788074e-03 3.115264797507788074e-03 3.115264797507788074e-03
2.394492666866207820e-01 4.109548039509128836e-01 4.575476404270178432e-01 4.683228574279157952e-01 4.712162027337124526e-01 4.756061059563004845e-01 4.791978449565998388e-01 4.813927965678938548e-01 4.850843060959792452e-01 4.883767335129202691e-01
2.713758355781702158e-02 7.552628953407163059e-02 1.009677741195250944e-01 1.054574478698992318e-01 1.065549236755462398e-01 1.071535468422627896e-01 1.075526289534071700e-01 1.079517110645515365e-01 1.083507931756959031e-01 1.086501047590541780e-01
2.893345305796667793e-03 8.380724334031726744e-03 1.217200438990322271e-02 1.326948019555023416e-02 1.356879177890851079e-02 1.366856230669460243e-02 1.386810336226678569e-02 1.386810336226678569e-02 1.386810336226678569e-02 1.386810336226678569e-02
1.297016861219195795e-03 3.591739000299311400e-03 4.090591639229771738e-03 4.589444278160231643e-03 4.888755861518507412e-03 4.888755861518507412e-03 4.888755861518507412e-03 4.888755861518507412e-03 4.888755861518507412e-03 4.888755861518507412e-03
2.394492666866207889e-03 6.185772722737702990e-03 7.981642222887358473e-03 8.480494861817818378e-03 8.580265389603911746e-03 8.580265389603911746e-03 8.680035917390003380e-03 8.680035917390003380e-03 8.879576972962186648e-03 8.879576972962186648e-03
0.000000000000000000e+00 0.000000000000000000e+00 0.000000000000000000e+00 0.000000000000000000e+00 0.000000000000000000e+00 0.000000000000000000e+00 0.000000000000000000e+00 0.000000000000000000e+00 0.000000000000000000e+00 0.000000000000000000e+00
0.000000000000000000e+00 0.000000000000000000e+00 0.000000000000000000e+00 0.000000000000000000e+00 0.000000000000000000e+00 0.000000000000000000e+00 0.000000000000000000e+00 0.000000000000000000e+00 0.000000000000000000e+00 0.000000000000000000e+00
1.123343068973264392e-04 6.740058413839586891e-04 9.548416086272747735e-04 1.123343068973264337e-03 1.123343068973264337e-03 1.123343068973264337e-03 1.123343068973264337e-03 1.123343068973264337e-03 1.123343068973264337e-03 1.123343068973264337e-03
0.000000000000000000e+00 0.000000000000000000e+00 0.000000000000000000e+00 0.000000000000000000e+00 0.000000000000000000e+00 0.000000000000000000e+00 0.000000000000000000e+00 0.000000000000000000e+00 0.000000000000000000e+00 0.000000000000000000e+00
0.000000000000000000e+00 5.616715344866321958e-05 5.616715344866321958e-05 5.616715344866321958e-05 5.616715344866321958e-05 5.616715344866321958e-05 5.616715344866321958e-05 5.616715344866321958e-05 5.616715344866321958e-05 5.616715344866321958e-05
0.000000000000000000e+00 8.873114463176575307e-04 1.597160603371783555e-03 1.774622892635315061e-03 1.774622892635315061e-03 1.952085181898846568e-03 1.952085181898846568e-03 1.952085181898846568e-03 1.952085181898846568e-03 1.952085181898846568e-03
0.000000000000000000e+00 1.774622892635315061e-04 1.774622892635315061e-04 1.774622892635315061e-04 3.549245785270630123e-04 3.549245785270630123e-04 3.549245785270630123e-04 3.549245785270630123e-04 5.323868677905945184e-04 5.323868677905945184e-04
0.000000000000000000e+00 0.000000000000000000e+00 0.000000000000000000e+00 0.000000000000000000e+00 0.000000000000000000e+00 0.000000000000000000e+00 0.000000000000000000e+00 0.000000000000000000e+00 0.000000000000000000e+00 0.000000000000000000e+00
0.000000000000000000e+00 0.000000000000000000e+00 0.000000000000000000e+00 0.000000000000000000e+00 0.000000000000000000e+00 0.000000000000000000e+00 0.000000000000000000e+00 0.000000000000000000e+00 0.000000000000000000e+00 0.000000000000000000e+00
0.000000000000000000e+00 8.873114463176575307e-04 2.307009760425909363e-03 2.839396628216504098e-03 3.016858917480035387e-03 3.016858917480035387e-03 3.194321206743567110e-03 3.194321206743567110e-03 3.194321206743567110e-03 3.194321206743567110e-03
4.585403133358807986e-04 2.139854795567443582e-03 3.974016048910966777e-03 5.120366832250668881e-03 6.190294230034390673e-03 7.030951471150171522e-03 7.489491784486052538e-03 7.489491784486052538e-03 7.489491784486052538e-03 7.489491784486052538e-03
7.642338555598012406e-05 1.528467711119602481e-04 1.528467711119602481e-04 1.528467711119602481e-04 1.528467711119602481e-04 1.528467711119602481e-04 1.528467711119602481e-04 1.528467711119602481e-04 1.528467711119602481e-04 1.528467711119602481e-04
1.941153993121895460e-02 4.959877722583110743e-02 7.176155903706533945e-02 8.406572411157814395e-02 8.918609094382881630e-02 9.102025219717232996e-02 9.193733282384410066e-02 9.231944975162399702e-02 9.270156667940389339e-02 9.293083683607183954e-02
0.000000000000000000e+00 0.000000000000000000e+00 1.528467711119602481e-04 2.292701566679403993e-04 2.292701566679403993e-04 3.821169277799006474e-04 3.821169277799006474e-04 3.821169277799006474e-04 3.821169277799006474e-04 3.821169277799006474e-04
0.000000000000000000e+00 0.000000000000000000e+00 0.000000000000000000e+00 0.000000000000000000e+00 0.000000000000000000e+00 0.000000000000000000e+00 0.000000000000000000e+00 0.000000000000000000e+00 0.000000000000000000e+00 0.000000000000000000e+00
4.862236628849271082e-03 1.188546731496488429e-02 1.539708265802268959e-02 1.566720691518098257e-02 1.566720691518098257e-02 1.566720691518098257e-02 1.566720691518098257e-02 1.566720691518098257e-02 1.566720691518098257e-02 1.566720691518098257e-02
9.881422924901185102e-04 2.964426877470355531e-03 3.705533596837944522e-03 3.705533596837944522e-03 3.705533596837944522e-03 3.705533596837944522e-03 3.705533596837944522e-03 3.705533596837944522e-03 3.705533596837944522e-03 3.705533596837944522e-03
0.000000000000000000e+00 0.000000000000000000e+00 0.000000000000000000e+00 0.000000000000000000e+00 0.000000000000000000e+00 0.000000000000000000e+00 0.000000000000000000e+00 0.000000000000000000e+00 0.000000000000000000e+00 0.000000000000000000e+00
2.249718785151855909e-04 8.998875140607423637e-04 8.998875140607423637e-04 8.998875140607423637e-04 8.998875140607423637e-04 8.998875140607423637e-04 8.998875140607423637e-04 8.998875140607423637e-04 8.998875140607423637e-04 8.998875140607423637e-04
2.594033722438391591e-03 4.755728491137051032e-03 5.620406398616515330e-03 5.620406398616515330e-03 5.620406398616515330e-03 5.620406398616515330e-03 5.620406398616515330e-03 5.620406398616515330e-03 5.620406398616515330e-03 5.620406398616515330e-03
1.013431013431013439e-01 2.279202279202279247e-01 2.806267806267806475e-01 2.956857956857956715e-01 3.011803011803012020e-01 3.062678062678062529e-01 3.097273097273097187e-01 3.115588115588115437e-01 3.131868131868131844e-01 3.158323158323158575e-01
7.175152349125221707e-02 1.861608020444269762e-01 2.410064871240416851e-01 2.528012581089050248e-01 2.557499508551209222e-01 2.590918026341655356e-01 2.606644387654806216e-01 2.624336544132101490e-01 2.643994495773540621e-01 2.667584037743266911e-01
6.184507910417094689e-02 1.540990343127183193e-01 1.982740908156975512e-01 2.103965481816313932e-01 2.120402712143003854e-01 2.140949250051366326e-01 2.153277172796383698e-01 2.159441134168892662e-01 2.173823710704746170e-01 2.175878364495582584e-01
1.328671328671328714e-02 3.986013986013985794e-02 6.083916083916084128e-02 6.806526806526806694e-02 7.062937062937063581e-02 7.272727272727272374e-02 7.389277389277389141e-02 7.482517482517482554e-02 7.552447552447552614e-02 7.738927738927739441e-02
2.623861707053557531e-03 6.636826670782527797e-03 1.064979163451149936e-02 1.419972217934866408e-02 1.497144621083500507e-02 1.512579101713227431e-02 1.558882543602407855e-02 1.558882543602407855e-02 1.574317024232134432e-02 1.574317024232134432e-02
3.799392097264437675e-04 7.598784194528875350e-04 1.139817629179331248e-03 1.139817629179331248e-03 1.139817629179331248e-03 1.139817629179331248e-03 1.139817629179331248e-03 1.139817629179331248e-03 1.139817629179331248e-03 1.139817629179331248e-03
0.000000000000000000e+00 0.000000000000000000e+00 0.000000000000000000e+00 0.000000000000000000e+00 0.000000000000000000e+00 0.000000000000000000e+00 0.000000000000000000e+00 0.000000000000000000e+00 0.000000000000000000e+00 0.000000000000000000e+00
1.671732522796352469e-02 2.393617021276595730e-02 2.735562310030395169e-02 3.001519756838905845e-02 3.077507598784194609e-02 3.077507598784194609e-02 3.077507598784194609e-02 3.077507598784194609e-02 3.077507598784194609e-02 3.153495440729483373e-02
0.000000000000000000e+00 0.000000000000000000e+00 0.000000000000000000e+00 0.000000000000000000e+00 0.000000000000000000e+00 0.000000000000000000e+00 0.000000000000000000e+00 0.000000000000000000e+00 0.000000000000000000e+00 0.000000000000000000e+00
7.598784194528875350e-04 7.598784194528875350e-04 7.598784194528875350e-04 7.598784194528875350e-04 1.139817629179331248e-03 1.139817629179331248e-03 1.139817629179331248e-03 1.139817629179331248e-03 1.139817629179331248e-03 1.139817629179331248e-03
3.718459495351925798e-02 7.071713147410359224e-02 7.868525896414342580e-02 7.901726427622841886e-02 7.901726427622841886e-02 7.934926958831341193e-02 7.968127490039840499e-02 7.968127490039840499e-02 8.001328021248339806e-02 8.001328021248339806e-02
1.925630810092961512e-02 3.585657370517928572e-02 3.917662682602921637e-02 3.950863213811420943e-02 3.950863213811420943e-02 3.950863213811420943e-02 3.950863213811420943e-02 3.984063745019920250e-02 3.984063745019920250e-02 4.017264276228419556e-02
2.038536721586148986e-02 3.099692823233733685e-02 3.434794750069813246e-02 3.434794750069813246e-02 3.434794750069813246e-02 3.434794750069813246e-02 3.434794750069813246e-02 3.434794750069813246e-02 3.434794750069813246e-02 3.434794750069813246e-02
2.988047808764940187e-03 4.648074369189907247e-03 5.644090305444887309e-03 5.644090305444887309e-03 5.644090305444887309e-03 5.644090305444887309e-03 5.644090305444887309e-03 5.644090305444887309e-03 5.644090305444887309e-03 5.644090305444887309e-03
2.656042496679946689e-03 3.320053120849933686e-03 3.652058432934926751e-03 3.652058432934926751e-03 3.652058432934926751e-03 3.652058432934926751e-03 3.652058432934926751e-03 3.652058432934926751e-03 3.652058432934926751e-03 3.652058432934926751e-03
8.925914906277893513e-04 1.785182981255578703e-03 1.785182981255578703e-03 1.785182981255578703e-03 1.785182981255578703e-03 1.785182981255578703e-03 1.785182981255578703e-03 1.785182981255578703e-03 1.785182981255578703e-03 1.785182981255578703e-03
0.000000000000000000e+00 5.950609937518595675e-04 1.190121987503719135e-03 1.190121987503719135e-03 1.190121987503719135e-03 1.190121987503719135e-03 1.190121987503719135e-03 1.190121987503719135e-03 1.190121987503719135e-03 1.190121987503719135e-03
2.696144513345915508e-04 1.617686708007549197e-03 2.426530062011323687e-03 3.235373416015098393e-03 3.504987867349690107e-03 3.504987867349690107e-03 3.504987867349690107e-03 3.504987867349690107e-03 3.504987867349690107e-03 3.504987867349690107e-03
4.676174888940846453e-04 4.208557400046762133e-03 7.481879822305354324e-03 1.005377601122281993e-02 1.052139350011690490e-02 1.145662847790507310e-02 1.169043722235211559e-02 1.169043722235211559e-02 1.169043722235211559e-02 1.169043722235211559e-02
0.000000000000000000e+00 0.000000000000000000e+00 0.000000000000000000e+00 0.000000000000000000e+00 0.000000000000000000e+00 0.000000000000000000e+00 0.000000000000000000e+00 0.000000000000000000e+00 0.000000000000000000e+00 0.000000000000000000e+00
8.158603247124092081e-05 8.158603247124092081e-05 8.158603247124092081e-05 8.158603247124092081e-05 8.158603247124092081e-05 8.158603247124092081e-05 8.158603247124092081e-05 8.158603247124092081e-05 8.158603247124092081e-05 8.158603247124092081e-05
0.000000000000000000e+00 0.000000000000000000e+00 0.000000000000000000e+00 0.000000000000000000e+00 0.000000000000000000e+00 0.000000000000000000e+00 0.000000000000000000e+00 0.000000000000000000e+00 0.000000000000000000e+00 0.000000000000000000e+00
0.000000000000000000e+00 8.158603247124092081e-05 1.631720649424818416e-04 1.631720649424818416e-04 1.631720649424818416e-04 1.631720649424818416e-04 1.631720649424818416e-04 1.631720649424818416e-04 1.631720649424818416e-04 1.631720649424818416e-04
3.916129558619564632e-03 6.363710532756791660e-03 7.342742922411682818e-03 7.424328954882924471e-03 7.424328954882924471e-03 7.424328954882924471e-03 7.424328954882924471e-03 7.424328954882924471e-03 7.424328954882924471e-03 7.424328954882924471e-03
5.711022272986864727e-04 1.468548584482336520e-03 2.202822876723505106e-03 2.365994941665986676e-03 2.365994941665986676e-03 2.365994941665986676e-03 2.365994941665986676e-03 2.365994941665986676e-03 2.365994941665986676e-03 2.365994941665986676e-03
2.146383344065250004e-04 5.008227802818916675e-04 6.439150032195750011e-04 7.870072261572583347e-04 7.870072261572583347e-04 7.870072261572583347e-04 7.870072261572583347e-04 7.870072261572583347e-04 7.870072261572583347e-04 7.870072261572583347e-04
0.000000000000000000e+00 0.000000000000000000e+00 0.000000000000000000e+00 0.000000000000000000e+00 0.000000000000000000e+00 0.000000000000000000e+00 0.000000000000000000e+00 0.000000000000000000e+00 0.000000000000000000e+00 0.000000000000000000e+00
7.154611146884166679e-05 2.146383344065250004e-04 2.146383344065250004e-04 2.146383344065250004e-04 2.146383344065250004e-04 2.146383344065250004e-04 2.146383344065250004e-04 2.146383344065250004e-04 2.146383344065250004e-04 2.146383344065250004e-04
0.000000000000000000e+00 7.154611146884166679e-05 7.154611146884166679e-05 7.154611146884166679e-05 7.154611146884166679e-05 7.154611146884166679e-05 7.154611146884166679e-05 7.154611146884166679e-05 1.430922229376833336e-04 1.430922229376833336e-04
0.000000000000000000e+00 0.000000000000000000e+00 7.154611146884166679e-05 7.154611146884166679e-05 7.154611146884166679e-05 7.154611146884166679e-05 7.154611146884166679e-05 7.154611146884166679e-05 7.154611146884166679e-05 7.154611146884166679e-05
7.909604519774010925e-03 1.672316384180791080e-02 1.988700564971751517e-02 2.045197740112994489e-02 2.067796610169491539e-02 2.101694915254237461e-02 2.124293785310734511e-02 2.124293785310734511e-02 2.124293785310734511e-02 2.124293785310734511e-02
0.000000000000000000e+00 0.000000000000000000e+00 0.000000000000000000e+00 1.129943502824858742e-04 1.129943502824858742e-04 1.129943502824858742e-04 1.129943502824858742e-04 1.129943502824858742e-04 1.129943502824858742e-04 1.129943502824858742e-04
0.000000000000000000e+00 3.389830508474576498e-04 3.389830508474576498e-04 3.389830508474576498e-04 3.389830508474576498e-04 3.389830508474576498e-04 3.389830508474576498e-04 3.389830508474576498e-04 3.389830508474576498e-04 3.389830508474576498e-04
0.000000000000000000e+00 0.000000000000000000e+00 0.000000000000000000e+00 0.000000000000000000e+00 0.000000000000000000e+00 0.000000000000000000e+00 0.000000000000000000e+00 0.000000000000000000e+00 0.000000000000000000e+00 0.000000000000000000e+00
0.000000000000000000e+00 1.129943502824858742e-04 1.129943502824858742e-04 1.129943502824858742e-04 1.129943502824858742e-04 1.129943502824858742e-04 1.129943502824858742e-04 1.129943502824858742e-04 1.129943502824858742e-04 1.129943502824858742e-04
1.639403199712385351e-01 2.526514470609383389e-01 2.639762717957936378e-01 2.644256696027323383e-01 2.644256696027323383e-01 2.645155491641200673e-01 2.646054287255077964e-01 2.646953082868955809e-01 2.647851878482833099e-01 2.647851878482833099e-01
4.640245553850320254e-02 8.657578766814119642e-02 9.406879118895007663e-02 9.488128554662815517e-02 9.497156269748126267e-02 9.497156269748126267e-02 9.497156269748126267e-02 9.506183984833438405e-02 9.506183984833438405e-02 9.506183984833438405e-02
6.113044296059438019e-03 1.175585441549891787e-02 1.391893162795071991e-02 1.429511896924668540e-02 1.429511896924668540e-02 1.438916580457067634e-02 1.438916580457067634e-02 1.438916580457067634e-02 1.448321263989466728e-02 1.448321263989466728e-02
2.172338884866039169e-03 6.788559015206372185e-03 7.693700217233888361e-03 8.055756698044895178e-03 8.146270818247647316e-03 8.146270818247647316e-03 8.146270818247647316e-03 8.146270818247647316e-03 8.146270818247647316e-03 8.146270818247647316e-03
0.000000000000000000e+00 0.000000000000000000e+00 9.231053263177328369e-05 9.231053263177328369e-05 9.231053263177328369e-05 9.231053263177328369e-05 9.231053263177328369e-05 9.231053263177328369e-05 9.231053263177328369e-05 9.231053263177328369e-05
2.136992464289731112e-03 6.242267461477899425e-03 8.547969857158924448e-03 9.391519514115397038e-03 9.560229445506692250e-03 9.728939376897987462e-03 9.785176020695084131e-03 9.841412664492182535e-03 9.841412664492182535e-03 9.841412664492182535e-03
2.656324709132444552e-04 9.031504011050310501e-04 1.487541837114168776e-03 1.593794825479466623e-03 1.700047813844764470e-03 1.700047813844764470e-03 1.700047813844764470e-03 1.700047813844764470e-03 1.700047813844764470e-03 1.700047813844764470e-03
1.466110296605390708e-03 5.695274613736325819e-03 1.229277094846058412e-02 1.674749069583850170e-02 1.810082327732040128e-02 1.849554528025262184e-02 1.866471185293785973e-02 1.872110071049960453e-02 1.883387842562309761e-02 1.883387842562309761e-02
2.600486177850641709e-03 4.579116965345695137e-03 5.935892362485159848e-03 6.105489287127593805e-03 6.218553903555881952e-03 6.218553903555881952e-03 6.218553903555881952e-03 6.218553903555881952e-03 6.218553903555881952e-03 6.218553903555881952e-03
9.949686245689410777e-03 2.170840635423144233e-02 2.713550794278930464e-02 2.781389564135903700e-02 2.792696025778732688e-02 2.804002487421561329e-02 2.809655718242975997e-02 2.815308949064390318e-02 2.815308949064390318e-02 2.815308949064390318e-02
2.454261490406068735e-03 5.354752342704149730e-03 6.024096385542168988e-03 6.024096385542168988e-03 6.024096385542168988e-03 6.024096385542168988e-03 6.024096385542168988e-03 6.024096385542168988e-03 6.024096385542168988e-03 6.024096385542168988e-03
7.579870536646481083e-02 1.820839423679264935e-01 2.200877009814157514e-01 2.280225516809354647e-01 2.301106702860722386e-01 2.326164126122363673e-01 2.336604719148047682e-01 2.357485905199415421e-01 2.384631447066193344e-01 2.399248277302150900e-01
0.000000000000000000e+00 0.000000000000000000e+00 0.000000000000000000e+00 0.000000000000000000e+00 0.000000000000000000e+00 0.000000000000000000e+00 0.000000000000000000e+00 0.000000000000000000e+00 0.000000000000000000e+00 2.231146809460062387e-04
2.231146809460062387e-04 8.924587237840249550e-04 1.338688085676037432e-03 1.338688085676037432e-03 1.338688085676037432e-03 1.338688085676037432e-03 1.338688085676037432e-03 1.338688085676037432e-03 1.338688085676037432e-03 1.338688085676037432e-03
0.000000000000000000e+00 0.000000000000000000e+00 0.000000000000000000e+00 0.000000000000000000e+00 0.000000000000000000e+00 0.000000000000000000e+00 0.000000000000000000e+00 0.000000000000000000e+00 0.000000000000000000e+00 0.000000000000000000e+00
1.371306133380948145e-01 2.331934648692081113e-01 2.503347915364699805e-01 2.510490134809392204e-01 2.514954021962324537e-01 2.518525131684670737e-01 2.520310686545844114e-01 2.522989018837603625e-01 2.530131238282296025e-01 2.531916793143469402e-01
2.053388090349076052e-03 4.285331666815462952e-03 5.445942326577983897e-03 5.713775555753950602e-03 5.803053298812605593e-03 5.892331041871261450e-03 5.892331041871261450e-03 5.892331041871261450e-03 6.070886527988572298e-03 6.160164271047228156e-03
6.463708597446655990e-02 1.074011248995625362e-01 1.150790108026069070e-01 1.166860101776627107e-01 1.171323988929559856e-01 1.175787876082492606e-01 1.176680653513079156e-01 1.177573430943665705e-01 1.178466208374252255e-01 1.179358985804838805e-01
1.785554861173109563e-04 1.428443888938487651e-03 3.035443263994286149e-03 4.731720382108740505e-03 5.713775555753950602e-03 6.249442014105883146e-03 6.427997500223193994e-03 6.517275243281849852e-03 6.606552986340505709e-03 6.695830729399160700e-03
1.071332916703865738e-03 2.231943576466386900e-03 3.035443263994286149e-03 3.213998750111596997e-03 3.213998750111596997e-03 3.303276493170252855e-03 3.303276493170252855e-03 3.392554236228908279e-03 3.392554236228908279e-03 3.392554236228908279e-03
2.210921954455007837e-04 2.210921954455007837e-04 2.210921954455007837e-04 2.210921954455007837e-04 2.210921954455007837e-04 2.210921954455007837e-04 2.210921954455007837e-04 2.210921954455007837e-04 2.210921954455007837e-04 4.421843908910015673e-04
0.000000000000000000e+00 0.000000000000000000e+00 0.000000000000000000e+00 0.000000000000000000e+00 0.000000000000000000e+00 0.000000000000000000e+00 0.000000000000000000e+00 0.000000000000000000e+00 0.000000000000000000e+00 0.000000000000000000e+00
2.953337271116361455e-04 2.362669816893089164e-03 2.953337271116361455e-03 3.544004725339633746e-03 3.544004725339633746e-03 3.544004725339633746e-03 3.839338452451269892e-03 3.839338452451269892e-03 3.839338452451269892e-03 4.430005906674542616e-03
3.141690229343386664e-04 6.283380458686773327e-04 6.283380458686773327e-04 9.425070688030159991e-04 9.425070688030159991e-04 9.425070688030159991e-04 9.425070688030159991e-04 9.425070688030159991e-04 9.425070688030159991e-04 9.425070688030159991e-04
0.000000000000000000e+00 0.000000000000000000e+00 0.000000000000000000e+00 0.000000000000000000e+00 0.000000000000000000e+00 0.000000000000000000e+00 0.000000000000000000e+00 0.000000000000000000e+00 0.000000000000000000e+00 0.000000000000000000e+00
2.288528389339513497e-02 6.344148319814600645e-02 8.198146002317496794e-02 9.154113557358053987e-02 9.327925840092700371e-02 9.501738122827346755e-02 9.704519119351100176e-02 9.762456546929317025e-02 9.878331402085747948e-02 9.994206257242178870e-02
1.448435689455388267e-03 4.055619930475086628e-03 4.634994206257242108e-03 4.924681344148319415e-03 5.214368482039397588e-03 5.504055619930474895e-03 5.504055619930474895e-03 5.793742757821553069e-03 5.793742757821553069e-03 5.793742757821553069e-03
8.980301274623406910e-03 2.172653534183082227e-02 3.099652375434530649e-02 3.476245654692931841e-02 3.621089223638470495e-02 3.794901506373116878e-02 3.794901506373116878e-02 3.910776361529547801e-02 3.910776361529547801e-02 3.997682502896871687e-02
1.599073001158748675e-01 2.873696407879490211e-01 3.119930475086906130e-01 3.195249130938586091e-01 3.258980301274623237e-01 3.311123986095017568e-01 3.345886442641946568e-01 3.357473928157589937e-01 3.380648899188876122e-01 3.412514484356894418e-01
5.793742757821552635e-04 2.607184241019698794e-03 3.186558516801853841e-03 3.476245654692931581e-03 3.476245654692931581e-03 3.476245654692931581e-03 3.765932792584009321e-03 3.765932792584009321e-03 3.765932792584009321e-03 3.765932792584009321e-03
4.841216966466799915e-02 8.172329558072395639e-02 8.994003997335109357e-02 9.127248500999333991e-02 9.171663335554075536e-02 9.193870752831445614e-02 9.193870752831445614e-02 9.193870752831445614e-02 9.216078170108815693e-02 9.216078170108815693e-02
8.882966910948256883e-04 4.663557628247834430e-03 9.771263602043082572e-03 1.288030202087497161e-02 1.399067288474350503e-02 1.421274705751721101e-02 1.465689540306462299e-02 1.487896957583833071e-02 1.532311792138574269e-02 1.598934043970686239e-02
0.000000000000000000e+00 0.000000000000000000e+00 0.000000000000000000e+00 2.220741727737064221e-04 2.220741727737064221e-04 6.662225183211192663e-04 6.662225183211192663e-04 6.662225183211192663e-04 6.662225183211192663e-04 6.662225183211192663e-04
5.996002664890072963e-03 1.909837885853875317e-02 3.042416166999777766e-02 3.353320008882967190e-02 3.508771929824561209e-02 3.575394181656673526e-02 3.619809016211414376e-02 3.619809016211414376e-02 3.642016433488785149e-02 3.642016433488785149e-02
2.220741727737064221e-04 4.441483455474128442e-04 1.332445036642238533e-03 2.886964246058183487e-03 3.109038418831889909e-03 3.109038418831889909e-03 3.109038418831889909e-03 3.331112591605596331e-03 3.331112591605596331e-03 3.331112591605596331e-03
1.903855306996668191e-03 3.649056005076947457e-03 4.125019831826114668e-03 4.283674440742503593e-03 4.283674440742503593e-03 4.442329049658892519e-03 4.442329049658892519e-03 4.759638267491670370e-03 4.918292876408059296e-03 5.076947485324449089e-03
3.660089115213240041e-03 1.654996817313812707e-02 3.469127943984723350e-02 3.978357733927434525e-02 4.042011457670273422e-02 4.137492043284532461e-02 4.137492043284532461e-02 4.153405474220241839e-02 4.169318905155951910e-02 4.185232336091661287e-02
4.421110804089527398e-03 2.514506769825918669e-02 4.172423321359491899e-02 6.659298148659850702e-02 8.261950815142304894e-02 8.731693838076816372e-02 8.731693838076816372e-02 8.786957723127936104e-02 8.786957723127936104e-02 8.786957723127936104e-02
4.217629692113032333e-04 7.029382820188387945e-04 1.124701251230142028e-03 1.265288907633909700e-03 1.405876564037677589e-03 1.546464220441445261e-03 1.546464220441445261e-03 1.546464220441445261e-03 1.546464220441445261e-03 1.546464220441445261e-03
0.000000000000000000e+00 1.956564273136372452e-04 7.826257092545489810e-04 1.173938563881823417e-03 1.369594991195460798e-03 1.369594991195460798e-03 1.369594991195460798e-03 1.369594991195460798e-03 1.369594991195460798e-03 1.369594991195460798e-03
3.881278538812785173e-02 5.936073059360730264e-02 7.534246575342465335e-02 9.589041095890410427e-02 1.004566210045662045e-01 1.073059360730593548e-01 1.095890410958904049e-01 1.118721461187214550e-01 1.118721461187214550e-01 1.187214611872146053e-01
1.002506265664160345e-02 3.508771929824561209e-02 3.508771929824561209e-02 4.260651629072681468e-02 4.511278195488721554e-02 4.761904761904761640e-02 5.012531328320801727e-02 5.012531328320801727e-02 5.263157894736841813e-02 5.513784461152881899e-02
0.000000000000000000e+00 0.000000000000000000e+00 0.000000000000000000e+00 0.000000000000000000e+00 0.000000000000000000e+00 0.000000000000000000e+00 0.000000000000000000e+00 0.000000000000000000e+00 0.000000000000000000e+00 0.000000000000000000e+00
0.000000000000000000e+00 0.000000000000000000e+00 0.000000000000000000e+00 0.000000000000000000e+00 0.000000000000000000e+00 0.000000000000000000e+00 0.000000000000000000e+00 0.000000000000000000e+00 0.000000000000000000e+00 0.000000000000000000e+00
0.000000000000000000e+00 0.000000000000000000e+00 0.000000000000000000e+00 0.000000000000000000e+00 0.000000000000000000e+00 0.000000000000000000e+00 0.000000000000000000e+00 0.000000000000000000e+00 0.000000000000000000e+00 0.000000000000000000e+00
1.138858397365532377e-01 2.972008781558726498e-01 3.907793633369923136e-01 4.242590559824369056e-01 4.316684961580680713e-01 4.355104281009879452e-01 4.371569703622392722e-01 4.388035126234906547e-01 4.409989023051591461e-01 4.426454445664105286e-01
1.536772777167947322e-02 5.598243688254665035e-02 9.302963776070252711e-02 1.180021953896816661e-01 1.317233809001097655e-01 1.399560922063666224e-01 1.429747530186608051e-01 1.457189901207464333e-01 1.468166849615806790e-01 1.481888035126234793e-01
1.427003293084522575e-02 4.006586169045005252e-02 7.409440175631173964e-02 8.644346871569703883e-02 9.824368825466520128e-02 1.026344676180021981e-01 1.059275521405049353e-01 1.070252469813391810e-01 1.075740944017563178e-01 1.092206366630076864e-01
0.000000000000000000e+00 2.744237102085620296e-04 1.646542261251372069e-03 4.939626783754116207e-03 7.409440175631174311e-03 9.330406147091107813e-03 1.015367727771679558e-02 1.152579582875960448e-02 1.262349066959385369e-02 1.317233809001097655e-02
0.000000000000000000e+00 2.744237102085620296e-04 1.097694840834248118e-03 2.469813391877058104e-03 2.469813391877058104e-03 3.567508232711306439e-03 4.390779363336992473e-03 4.665203073545553906e-03 5.214050493962678508e-03 5.214050493962678508e-03
9.621406205522345378e-02 1.954170224879020756e-01 2.251636777682892165e-01 2.287218901224025158e-01 2.306433247936236774e-01 2.319954454881867356e-01 2.327782522060916626e-01 2.331340734415029980e-01 2.334898946769143058e-01 2.337033874181611293e-01
2.120694563051522818e-02 4.405066894392257321e-02 5.273270708795901179e-02 5.486763450042698304e-02 5.614859094790777133e-02 5.714489040705949402e-02 5.764304013663535536e-02 5.799886137204668390e-02 5.814118986621121671e-02 5.842584685454028232e-02
1.636777682892115102e-03 4.198690577853686490e-03 6.547110731568460407e-03 7.045260461144320883e-03 7.543410190720182228e-03 7.614574437802447762e-03 7.614574437802447762e-03 7.685738684884714164e-03 7.685738684884714164e-03 7.685738684884714164e-03
8.610873896954170451e-03 2.092228864218616605e-02 2.384002277255906771e-02 2.419584400797039625e-02 2.448050099629945839e-02 2.469399373754625759e-02 2.476515798462852400e-02 2.476515798462852400e-02 2.476515798462852400e-02 2.483632223171078693e-02
4.269854824935952133e-04 7.116424708226587069e-04 9.251352120694562864e-04 9.962994591517222547e-04 1.067463706233988006e-03 1.067463706233988006e-03 1.067463706233988006e-03 1.067463706233988006e-03 1.138627953316253974e-03 1.209792200398519726e-03
7.802433786685755712e-02 1.732283464566929110e-01 2.083035075161059346e-01 2.269148174659985640e-01 2.312097351467430340e-01 2.362204724409448786e-01 2.397995705082319184e-01 2.412312097351467510e-01 2.412312097351467510e-01 2.433786685755189583e-01
1.713395638629283402e-01 2.872274143302180893e-01 3.208722741433021608e-01 3.339563862928349169e-01 3.395638629283488918e-01 3.470404984423676176e-01 3.501557632398754061e-01 3.526479750778815925e-01 3.595015576323987716e-01 3.607476635514018648e-01
0.000000000000000000e+00 6.301197227473220083e-04 3.150598613736609824e-03 4.410838059231253841e-03 5.040957781978576066e-03 5.040957781978576066e-03 5.671077504725898291e-03 5.671077504725898291e-03 5.671077504725898291e-03 5.671077504725898291e-03
2.505368647100930657e-02 6.800286327845382617e-02 8.876163206871867661e-02 9.591982820329277015e-02 9.949892627057980998e-02 1.009305654974946287e-01 1.045096635647816685e-01 1.045096635647816685e-01 1.052254831782390848e-01 1.052254831782390848e-01
0.000000000000000000e+00 7.158196134574087034e-04 7.158196134574087034e-04 7.158196134574087034e-04 7.158196134574087034e-04 7.158196134574087034e-04 7.158196134574087034e-04 7.158196134574087034e-04 7.158196134574087034e-04 7.158196134574087034e-04
5.019003995711918825e-02 9.043952831108079127e-02 1.008673618555696316e-01 1.020368385147646384e-01 1.030114023974271487e-01 1.033037715622259073e-01 1.037910535035571624e-01 1.038885098918234107e-01 1.041808790566221554e-01 1.043757918331546658e-01
0.000000000000000000e+00 0.000000000000000000e+00 0.000000000000000000e+00 0.000000000000000000e+00 0.000000000000000000e+00 0.000000000000000000e+00 0.000000000000000000e+00 0.000000000000000000e+00 0.000000000000000000e+00 0.000000000000000000e+00
9.745638826625085266e-05 9.745638826625085266e-05 9.745638826625085266e-05 9.745638826625085266e-05 9.745638826625085266e-05 9.745638826625085266e-05 9.745638826625085266e-05 9.745638826625085266e-05 9.745638826625085266e-05 9.745638826625085266e-05
9.745638826625085266e-05 9.745638826625085266e-05 9.745638826625085266e-05 9.745638826625085266e-05 9.745638826625085266e-05 9.745638826625085266e-05 9.745638826625085266e-05 9.745638826625085266e-05 9.745638826625085266e-05 9.745638826625085266e-05
9.745638826625085266e-04 1.559302212260013643e-03 1.559302212260013643e-03 1.559302212260013643e-03 1.559302212260013643e-03 1.559302212260013643e-03 1.559302212260013643e-03 1.559302212260013643e-03 1.559302212260013643e-03 1.656758600526264495e-03
1.137793337344784189e-02 2.122422186970078159e-02 2.335758437722225411e-02 2.352168918549313661e-02 2.357639078825009629e-02 2.357639078825009629e-02 2.357639078825009629e-02 2.363109239100705597e-02 2.363109239100705597e-02 2.368579399376401565e-02
1.487883594989333237e-02 4.786390241234068227e-02 7.231551884470215075e-02 8.298233138230949602e-02 8.763196761665116574e-02 9.020294294622832609e-02 9.211749904272195644e-02 9.332093430337508322e-02 9.381324872818773419e-02 9.446966796127126420e-02
9.299272468683332732e-04 2.789781740604999928e-03 4.540233028827744301e-03 6.290684317050489541e-03 7.165909961161861727e-03 7.494119577703626731e-03 7.767627591488430322e-03 7.877030797002351412e-03 7.986434002516274236e-03 8.150538810787156738e-03
6.618893933592254544e-03 1.865324654012362471e-02 2.997647831081450692e-02 3.604835621683715602e-02 3.900224276571303411e-02 4.086209725944970478e-02 4.173732290356107349e-02 4.222963732837372447e-02 4.244844373940156318e-02 4.244844373940156318e-02
6.017176303265685949e-04 2.953886548875881996e-03 5.196652261911274308e-03 7.001805152890980093e-03 7.384716372189704774e-03 7.658224385974509232e-03 7.931732399759312824e-03 7.986434002516274236e-03 8.041135605273233913e-03 8.041135605273233913e-03
3.143143143143142804e-02 8.608608608608608881e-02 1.087087087087087039e-01 1.140140140140140090e-01 1.153153153153153171e-01 1.159159159159159208e-01 1.163163163163163094e-01 1.167167167167167119e-01 1.168168168168168125e-01 1.173173173173173156e-01
0.000000000000000000e+00 0.000000000000000000e+00 0.000000000000000000e+00 0.000000000000000000e+00 0.000000000000000000e+00 0.000000000000000000e+00 0.000000000000000000e+00 0.000000000000000000e+00 0.000000000000000000e+00 0.000000000000000000e+00
2.729085756271649055e-03 6.927679227458800881e-03 1.186102655610370496e-02 1.480004198593471224e-02 1.542983100661278473e-02 1.553479584339246405e-02 1.563976068017214338e-02 1.563976068017214338e-02 1.563976068017214338e-02 1.563976068017214338e-02
4.254413954477770442e-04 6.381620931716656476e-04 1.276324186343331295e-03 1.489044884067219736e-03 1.701765581791108177e-03 1.701765581791108177e-03 1.701765581791108177e-03 1.701765581791108177e-03 1.808125930653052505e-03 1.808125930653052505e-03
0.000000000000000000e+00 1.063603488619442610e-04 5.318017443097213188e-04 7.445224420336098679e-04 8.508827908955540883e-04 8.508827908955540883e-04 8.508827908955540883e-04 8.508827908955540883e-04 8.508827908955540883e-04 8.508827908955540883e-04
2.059732234809474698e-03 4.119464469618949395e-03 5.002206855965867123e-03 5.884949242312784851e-03 5.884949242312784851e-03 5.884949242312784851e-03 6.032072973370604906e-03 6.032072973370604906e-03 6.032072973370604906e-03 6.179196704428424093e-03
0.000000000000000000e+00 0.000000000000000000e+00 0.000000000000000000e+00 1.555693839452395753e-04 1.555693839452395753e-04 3.111387678904791506e-04 3.111387678904791506e-04 3.111387678904791506e-04 3.111387678904791506e-04 3.111387678904791506e-04
1.376265904959750666e-02 2.674629966242534490e-02 3.232926512594131579e-02 3.310828356271098422e-02 3.349779278109581843e-02 3.375746559335237457e-02 3.375746559335237457e-02 3.375746559335237457e-02 3.388730199948065264e-02 3.414697481173720878e-02
0.000000000000000000e+00 0.000000000000000000e+00 1.285181853232232304e-04 2.570363706464464607e-04 2.570363706464464607e-04 2.570363706464464607e-04 2.570363706464464607e-04 2.570363706464464607e-04 2.570363706464464607e-04 2.570363706464464607e-04
0.000000000000000000e+00 0.000000000000000000e+00 0.000000000000000000e+00 0.000000000000000000e+00 0.000000000000000000e+00 0.000000000000000000e+00 0.000000000000000000e+00 0.000000000000000000e+00 0.000000000000000000e+00 0.000000000000000000e+00
1.427942794279427885e-01 2.473047304730472962e-01 2.739273927392739116e-01 2.783278327832783283e-01 2.807480748074807630e-01 2.820682068206820658e-01 2.838283828382838214e-01 2.849284928492849533e-01 2.858085808580858034e-01 2.869086908690869353e-01
6.795484151107251958e-02 1.328701693443334886e-01 1.584889274858879704e-01 1.643508467216673874e-01 1.663048198002605171e-01 1.691272253582284113e-01 1.704298740772904885e-01 1.719496309161962777e-01 1.728180633955709866e-01 1.732522796352583550e-01
1.303727846811978015e-02 3.870442045223059652e-02 5.214911387247912061e-02 5.724180077408840689e-02 5.744550825015277973e-02 5.887146058260338266e-02 5.968629048686086708e-02 6.009370543898961275e-02 6.050112039111835149e-02 6.070482786718272433e-02
1.645075056549454972e-03 3.907053259304955721e-03 5.963397079991774978e-03 6.169031462060456904e-03 6.580300226197819888e-03 6.991568990335183739e-03 7.197203372403865665e-03 7.197203372403865665e-03 7.402837754472547591e-03 7.814106518609911442e-03
0.000000000000000000e+00 0.000000000000000000e+00 0.000000000000000000e+00 0.000000000000000000e+00 0.000000000000000000e+00 0.000000000000000000e+00 0.000000000000000000e+00 0.000000000000000000e+00 0.000000000000000000e+00 0.000000000000000000e+00
2.449379490529066117e-02 5.225342913128674244e-02 6.303069888961462808e-02 6.499020248203787875e-02 6.499020248203787875e-02 6.531678641410842978e-02 6.531678641410842978e-02 6.531678641410842978e-02 6.531678641410842978e-02 6.531678641410842978e-02
5.704506560182543828e-04 2.567027952082144831e-03 5.704506560182544261e-03 7.986309184255562660e-03 8.556759840273816392e-03 8.556759840273816392e-03 9.127210496292070124e-03 9.127210496292070124e-03 9.127210496292070124e-03 9.412435824301198725e-03
0.000000000000000000e+00 2.725538293813028166e-04 8.176614881439084499e-04 8.176614881439084499e-04 8.176614881439084499e-04 8.176614881439084499e-04 8.176614881439084499e-04 8.176614881439084499e-04 8.176614881439084499e-04 8.176614881439084499e-04
0.000000000000000000e+00 0.000000000000000000e+00 0.000000000000000000e+00 0.000000000000000000e+00 0.000000000000000000e+00 0.000000000000000000e+00 0.000000000000000000e+00 0.000000000000000000e+00 0.000000000000000000e+00 0.000000000000000000e+00
0.000000000000000000e+00 0.000000000000000000e+00 0.000000000000000000e+00 0.000000000000000000e+00 0.000000000000000000e+00 0.000000000000000000e+00 0.000000000000000000e+00 0.000000000000000000e+00 0.000000000000000000e+00 0.000000000000000000e+00
4.415954415954415589e-03 1.239316239316239250e-02 2.079772079772079785e-02 2.264957264957264890e-02 2.279202279202279316e-02 2.350427350427350404e-02 2.350427350427350404e-02 2.364672364672364829e-02 2.393162393162393334e-02 2.407407407407407413e-02
2.849002849002848820e-04 2.564102564102564100e-03 6.837606837606837601e-03 1.068376068376068397e-02 1.139601139601139658e-02 1.153846153846153910e-02 1.153846153846153910e-02 1.153846153846153910e-02 1.182336182336182415e-02 1.196581196581196667e-02
2.136752136752136967e-03 5.698005698005698290e-03 8.119658119658120302e-03 9.259259259259258745e-03 9.544159544159543790e-03 9.829059829059828834e-03 9.829059829059828834e-03 1.025641025641025640e-02 1.039886039886039892e-02 1.054131054131054145e-02
0.000000000000000000e+00 1.424501424501424410e-04 5.698005698005697639e-04 1.282051282051282050e-03 1.424501424501424572e-03 1.424501424501424572e-03 1.709401709401709400e-03 1.709401709401709400e-03 1.709401709401709400e-03 1.709401709401709400e-03
3.846153846153846367e-03 5.982905982905983334e-03 6.125356125356124989e-03 6.267806267806267512e-03 6.267806267806267512e-03 6.267806267806267512e-03 6.410256410256410034e-03 6.410256410256410034e-03 6.410256410256410034e-03 6.410256410256410034e-03
1.284355179704017025e-01 1.649048625792811917e-01 1.670190274841437672e-01 1.680761099365750411e-01 1.686046511627906919e-01 1.686046511627906919e-01 1.686046511627906919e-01 1.686046511627906919e-01 1.691331923890063427e-01 1.696617336152219935e-01
5.813953488372092943e-03 7.399577167019027145e-03 7.399577167019027145e-03 7.928118393234671879e-03 7.928118393234671879e-03 7.928118393234671879e-03 7.928118393234671879e-03 7.928118393234671879e-03 7.928118393234671879e-03 7.928118393234671879e-03
5.285412262156448425e-04 5.285412262156448425e-04 5.285412262156448425e-04 5.285412262156448425e-04 5.285412262156448425e-04 5.285412262156448425e-04 5.285412262156448425e-04 5.285412262156448425e-04 5.285412262156448425e-04 5.285412262156448425e-04
1.057082452431289685e-03 1.057082452431289685e-03 1.057082452431289685e-03 1.057082452431289685e-03 1.057082452431289685e-03 1.057082452431289685e-03 1.057082452431289685e-03 1.057082452431289685e-03 1.057082452431289685e-03 1.057082452431289685e-03
0.000000000000000000e+00 5.285412262156448425e-04 5.285412262156448425e-04 5.285412262156448425e-04 5.285412262156448425e-04 5.285412262156448425e-04 5.285412262156448425e-04 5.285412262156448425e-04 5.285412262156448425e-04 5.285412262156448425e-04
1.164174626193929113e-01 1.730759613942091379e-01 1.837275591338700942e-01 1.845776866529979521e-01 1.850277541631244749e-01 1.854278141721258100e-01 1.855778366755013176e-01 1.857778666800020129e-01 1.858278741811271728e-01 1.861279191878781880e-01
3.361258159017320446e-02 5.848794778228914859e-02 6.547772010073495130e-02 6.583748779359613335e-02 6.604306933237395760e-02 6.619725548645731539e-02 6.630004625584622058e-02 6.655702317931849743e-02 6.665981394870740262e-02 6.665981394870740262e-02
2.055815387778177523e-04 4.625584622500899428e-04 4.625584622500899428e-04 4.625584622500899428e-04 4.625584622500899428e-04 4.625584622500899428e-04 4.625584622500899428e-04 4.625584622500899428e-04 4.625584622500899428e-04 4.625584622500899428e-04
3.906049236778537295e-03 6.732795394973531064e-03 7.966284627640438445e-03 8.223261551112710094e-03 8.223261551112710094e-03 8.223261551112710094e-03 8.223261551112710094e-03 8.223261551112710094e-03 8.223261551112710094e-03 8.223261551112710094e-03
1.870792002878141416e-02 3.669630467184047118e-02 4.265816929639718036e-02 4.414863545253636112e-02 4.430282160661972585e-02 4.466258929948090789e-02 4.476538006886981308e-02 4.481677545356427261e-02 4.486817083825872521e-02 4.497096160764763040e-02
5.172413793103448421e-04 5.862068965517241471e-03 1.155172413793103398e-02 1.637931034482758771e-02 1.793103448275861975e-02 1.896551724137931008e-02 1.948275862068965525e-02 1.965517241379310248e-02 1.965517241379310248e-02 1.982758620689655318e-02
0.000000000000000000e+00 0.000000000000000000e+00 1.724137931034482626e-04 1.724137931034482626e-04 3.448275862068965253e-04 3.448275862068965253e-04 3.448275862068965253e-04 3.448275862068965253e-04 3.448275862068965253e-04 3.448275862068965253e-04
1.724137931034482626e-04 1.206896551724138001e-03 2.586206896551724102e-03 3.275862068965517369e-03 3.448275862068965469e-03 3.448275862068965469e-03 3.793103448275862103e-03 3.965517241379310637e-03 3.965517241379310637e-03 3.965517241379310637e-03
0.000000000000000000e+00 0.000000000000000000e+00 0.000000000000000000e+00 0.000000000000000000e+00 0.000000000000000000e+00 0.000000000000000000e+00 0.000000000000000000e+00 0.000000000000000000e+00 0.000000000000000000e+00 0.000000000000000000e+00
6.206896551724137671e-03 1.068965517241379261e-02 1.293103448275862051e-02 1.327586206896551671e-02 1.344827586206896568e-02 1.379310344827586188e-02 1.379310344827586188e-02 1.379310344827586188e-02 1.379310344827586188e-02 1.379310344827586188e-02
1.185624305298258602e-02 4.964801778436458285e-02 8.151167098925528320e-02 9.633197480548351399e-02 1.026306039273805065e-01 1.078177102630603901e-01 1.100407558354946219e-01 1.118932938125231508e-01 1.118932938125231508e-01 1.126343090033345706e-01
1.852537977028529065e-03 6.298629121896998605e-03 1.593182660244535018e-02 1.963690255650240787e-02 2.185994812893664319e-02 2.482400889218229142e-02 2.630603927380511381e-02 2.815857725083364266e-02 2.889959244164505212e-02 2.889959244164505212e-02
0.000000000000000000e+00 0.000000000000000000e+00 0.000000000000000000e+00 0.000000000000000000e+00 0.000000000000000000e+00 0.000000000000000000e+00 0.000000000000000000e+00 0.000000000000000000e+00 0.000000000000000000e+00 0.000000000000000000e+00
0.000000000000000000e+00 3.705075954057058130e-04 2.223045572434234878e-03 8.521674694331233049e-03 1.074472026676546836e-02 1.148573545757687955e-02 1.148573545757687955e-02 1.185624305298258602e-02 1.185624305298258602e-02 1.185624305298258602e-02
1.556131900703964371e-02 5.557613931085587239e-02 9.040385327899222445e-02 1.152278621711745055e-01 1.218969988884772149e-01 1.256020748425342726e-01 1.285661356057799243e-01 1.289366432011856134e-01 1.311596887736198591e-01 1.315301963690255760e-01
6.080449017773620173e-03 2.572497661365762481e-02 3.414405986903648604e-02 3.882132834424695950e-02 3.928905519176800754e-02 3.975678203928905557e-02 4.022450888681010361e-02 4.022450888681010361e-02 4.022450888681010361e-02 4.022450888681010361e-02
1.403180542563143033e-03 7.015902712815715384e-03 1.169317118802619231e-02 1.216089803554724035e-02 1.216089803554724035e-02 1.216089803554724035e-02 1.216089803554724035e-02 1.216089803554724035e-02 1.216089803554724035e-02 1.216089803554724035e-02
2.626970227670753083e-03 1.357267950963222426e-02 2.101576182136602466e-02 2.802101576182136622e-02 2.889667250437828391e-02 2.889667250437828391e-02 2.977232924693520161e-02 2.977232924693520161e-02 3.021015761821365872e-02 3.108581436077057641e-02
2.117335685928540059e-02 5.293339214821349975e-02 8.469342743714160238e-02 1.018967798853109841e-01 1.058667842964269995e-01 1.076312307013674446e-01 1.080723423026025559e-01 1.093956771063078898e-01 1.102779003087781262e-01 1.120423467137185713e-01
0.000000000000000000e+00 0.000000000000000000e+00 0.000000000000000000e+00 3.818251240931653471e-04 3.818251240931653471e-04 7.636502481863306942e-04 7.636502481863306942e-04 7.636502481863306942e-04 7.636502481863306942e-04 7.636502481863306942e-04
6.273525721455458157e-03 2.917189460476787843e-02 5.938937682977833699e-02 8.552906733584274279e-02 9.347553324968632671e-02 9.535759096612296537e-02 9.692597239648682861e-02 9.807611877875366257e-02 9.964450020911752581e-02 1.008992053534086136e-01
2.195734002509410181e-03 1.171058134671685430e-02 1.934337097448766279e-02 2.927645336679213575e-02 3.502718527812630905e-02 4.025512337933918883e-02 4.255541614387285676e-02 4.349644500209117609e-02 4.506482643245503933e-02 4.705144291091593184e-02
2.509410288582183002e-03 8.887494772061898043e-03 1.505646173149309888e-02 2.080719364282726871e-02 2.300292764533667933e-02 2.394395650355499866e-02 2.425763278962777061e-02 2.446675031367628525e-02 2.467586783772479989e-02 2.530322040987034726e-02
7.319113341698033938e-04 2.718527812630698506e-03 8.155583437892095083e-03 1.212881639481388531e-02 1.411543287327478129e-02 1.495190296946884156e-02 1.547469677959012989e-02 1.578837306566290358e-02 1.641572563780844748e-02 1.652028439983270480e-02
3.659556670849016969e-03 1.014219991635299106e-02 1.913425345043914816e-02 2.791718946047678715e-02 2.959012965286491118e-02 3.105395232120451710e-02 3.136762860727729252e-02 3.178586365537432179e-02 3.220409870347135106e-02 3.283145127561689497e-02
2.747403703500192387e-03 5.714599703280399956e-03 6.868509258750481183e-03 7.143249629100499945e-03 7.198197703170503524e-03 7.198197703170503524e-03 7.198197703170503524e-03 7.198197703170503524e-03 7.198197703170503524e-03 7.198197703170503524e-03
8.626847628990604380e-03 1.747348755426122308e-02 2.208912577614154452e-02 2.346282762789164353e-02 2.395736029452167834e-02 2.417715259080169266e-02 2.428704873894170155e-02 2.428704873894170155e-02 2.434199681301170426e-02 2.445189296115171315e-02
1.538546073960107667e-02 2.686960822023188103e-02 3.000164844222210150e-02 3.038628496071212742e-02 3.055112918292213903e-02 3.055112918292213903e-02 3.060607725699214174e-02 3.066102533106214792e-02 3.066102533106214792e-02 3.082586955327215952e-02
2.033078740590142392e-03 5.934391999560415139e-03 1.005549755481070437e-02 1.357217429529095076e-02 1.566020110995109543e-02 1.681411066542117666e-02 1.714379910984119987e-02 1.730864333205121147e-02 1.741853948019122036e-02 1.752843562833122579e-02
6.044288147700422947e-04 1.373701851750096193e-03 1.538546073960107797e-03 1.648442222100115389e-03 1.978130666520138380e-03 2.747403703500192387e-03 3.461728666410242381e-03 3.791417110830265589e-03 3.791417110830265589e-03 3.846365184900269168e-03
6.881329524798753330e-03 1.363282264346922859e-02 1.700856920280446535e-02 1.713840560893274342e-02 1.739807842118930303e-02 1.765775123344585917e-02 1.791742404570241531e-02 1.804726045183069338e-02 1.804726045183069338e-02 1.804726045183069338e-02
8.179693586081537501e-03 2.103349779278109594e-02 2.557777200727083880e-02 2.648662685016878876e-02 2.661646325629706683e-02 2.700597247468190104e-02 2.713580888081017911e-02 2.713580888081017911e-02 2.713580888081017911e-02 2.713580888081017911e-02
2.207218904180732397e-03 4.024928589976629716e-03 5.323292651259413019e-03 6.232147494157362112e-03 6.232147494157362112e-03 6.232147494157362112e-03 6.361983900285640182e-03 6.361983900285640182e-03 6.361983900285640182e-03 6.361983900285640182e-03
3.116073747078681056e-03 8.828875616722929587e-03 1.012723967800571202e-02 1.090625811477538218e-02 1.103609452090366198e-02 1.103609452090366198e-02 1.103609452090366198e-02 1.116593092703194005e-02 1.116593092703194005e-02 1.116593092703194005e-02
1.038691249026226946e-03 2.856400934822124048e-03 3.635419371591794204e-03 3.895092183848351212e-03 3.895092183848351212e-03 3.895092183848351212e-03 3.895092183848351212e-03 3.895092183848351212e-03 3.895092183848351212e-03 3.895092183848351212e-03
4.692556634304206886e-02 1.148867313915857558e-01 1.618122977346278246e-01 1.812297734627831836e-01 1.828478964401294427e-01 1.893203883495145623e-01 1.941747572815533951e-01 1.941747572815533951e-01 1.941747572815533951e-01 1.974110032362459410e-01
2.588996763754045430e-02 7.119741100323624672e-02 1.067961165048543631e-01 1.310679611650485410e-01 1.359223300970873738e-01 1.391585760517799475e-01 1.423948220064724934e-01 1.423948220064724934e-01 1.440129449838187803e-01 1.456310679611650394e-01
1.540436456996148971e-02 3.337612323491655902e-02 4.749679075738125894e-02 5.905006418485237579e-02 6.033376123234916732e-02 6.033376123234916732e-02 6.290115532734275039e-02 6.290115532734275039e-02 6.418485237483953498e-02 6.418485237483953498e-02
1.716738197424892611e-03 6.866952789699570445e-03 1.287553648068669523e-02 1.888412017167381829e-02 1.974248927038626741e-02 2.060085836909871307e-02 2.060085836909871307e-02 2.145922746781115872e-02 2.145922746781115872e-02 2.231759656652360438e-02
1.544799176107106023e-03 7.723995880535530767e-03 1.132852729145211040e-02 1.132852729145211040e-02 1.287332646755921794e-02 1.287332646755921794e-02 1.287332646755921794e-02 1.287332646755921794e-02 1.287332646755921794e-02 1.338825952626158597e-02
1.694272880404267267e-01 2.747052217855137646e-01 3.022178551375631628e-01 3.074115665356541016e-01 3.097978663672094068e-01 3.130263896687254244e-01 3.155530600786075057e-01 3.172375070185289303e-01 3.186412128017967471e-01 3.199045480067377878e-01
2.543035993740218933e-03 2.190923317683881114e-02 4.949139280125195578e-02 7.296557120500782312e-02 8.431142410015649014e-02 8.646322378716744805e-02 8.822378716744913585e-02 8.939749608763693234e-02 8.939749608763693234e-02 9.017996870109545871e-02
2.543035993740218933e-03 1.486697965571204955e-02 3.325508607198748162e-02 4.655712050078247149e-02 5.223004694835680500e-02 5.379499217527386468e-02 5.496870109546166117e-02 5.575117370892018753e-02 5.633802816901408578e-02 5.731611893583724721e-02
2.738654147104851392e-03 1.212832550860719859e-02 3.266823161189358338e-02 4.186228482003129941e-02 4.557902973395931007e-02 4.675273865414710656e-02 4.773082942097026798e-02 4.812206572769953117e-02 4.812206572769953117e-02 4.851330203442879435e-02
1.956181533646322423e-04 5.868544600938967268e-04 1.173708920187793454e-03 1.369327073552425696e-03 1.369327073552425696e-03 1.564945226917057938e-03 1.564945226917057938e-03 1.564945226917057938e-03 1.564945226917057938e-03 1.564945226917057938e-03
3.536795157693533032e-01 4.986938515450780596e-01 5.242433896145268779e-01 5.285122650525645449e-01 5.301051290219814804e-01 5.317617075501752666e-01 5.333545715195922021e-01 5.348200063714558805e-01 5.364765848996495556e-01 5.379420197515132340e-01
1.341828607836890730e-01 2.335138579165339234e-01 2.592545396623128218e-01 2.629499840713603320e-01 2.643517043644472708e-01 2.652437081873207925e-01 2.661357120101943141e-01 2.665179993628544186e-01 2.670914303918445198e-01 2.678560050971647288e-01
4.244962644328729821e-03 9.848313334842652769e-03 1.296128594068372136e-02 1.330088295223002051e-02 1.347068145800317009e-02 1.352728095992755328e-02 1.358388046185193647e-02 1.358388046185193647e-02 1.364047996377631793e-02 1.364047996377631793e-02
5.534374615668429540e-04 1.598819333415324017e-03 2.828680359119419615e-03 3.997048333538310259e-03 4.243020538679129205e-03 4.304513589964333725e-03 4.366006641249539112e-03 4.366006641249539112e-03 4.366006641249539112e-03 4.427499692534743632e-03
6.274706657463763565e-05 1.882411997239129069e-04 6.274706657463764107e-04 1.192194264918115159e-03 1.317688398067390267e-03 1.317688398067390267e-03 1.317688398067390267e-03 1.380435464642027930e-03 1.380435464642027930e-03 1.380435464642027930e-03
4.063831896124491840e-03 1.496679551987312867e-02 2.279710575874714998e-02 2.507681633462186671e-02 2.527505203687184163e-02 2.527505203687184163e-02 2.537416988799682735e-02 2.547328773912181654e-02 2.547328773912181654e-02 2.547328773912181654e-02
0.000000000000000000e+00 0.000000000000000000e+00 0.000000000000000000e+00 0.000000000000000000e+00 0.000000000000000000e+00 0.000000000000000000e+00 0.000000000000000000e+00 0.000000000000000000e+00 0.000000000000000000e+00 0.000000000000000000e+00
0.000000000000000000e+00 0.000000000000000000e+00 0.000000000000000000e+00 0.000000000000000000e+00 9.911785112498760683e-05 9.911785112498760683e-05 9.911785112498760683e-05 9.911785112498760683e-05 9.911785112498760683e-05 9.911785112498760683e-05
0.000000000000000000e+00 0.000000000000000000e+00 0.000000000000000000e+00 9.911785112498760683e-05 9.911785112498760683e-05 9.911785112498760683e-05 9.911785112498760683e-05 9.911785112498760683e-05 9.911785112498760683e-05 9.911785112498760683e-05
0.000000000000000000e+00 0.000000000000000000e+00 0.000000000000000000e+00 0.000000000000000000e+00 0.000000000000000000e+00 0.000000000000000000e+00 0.000000000000000000e+00 0.000000000000000000e+00 0.000000000000000000e+00 0.000000000000000000e+00
6.073120369245718414e-04 1.214624073849143683e-03 1.457548888618972376e-03 1.579011296003886722e-03 1.579011296003886722e-03 1.579011296003886722e-03 1.579011296003886722e-03 1.579011296003886722e-03 1.579011296003886722e-03 1.579011296003886722e-03
1.214624073849143737e-04 4.858496295396574948e-04 4.858496295396574948e-04 4.858496295396574948e-04 4.858496295396574948e-04 4.858496295396574948e-04 4.858496295396574948e-04 4.858496295396574948e-04 4.858496295396574948e-04 4.858496295396574948e-04
1.214624073849143737e-04 1.214624073849143737e-04 1.214624073849143737e-04 2.429248147698287474e-04 2.429248147698287474e-04 2.429248147698287474e-04 2.429248147698287474e-04 2.429248147698287474e-04 2.429248147698287474e-04 2.429248147698287474e-04
0.000000000000000000e+00 0.000000000000000000e+00 0.000000000000000000e+00 0.000000000000000000e+00 0.000000000000000000e+00 0.000000000000000000e+00 0.000000000000000000e+00 0.000000000000000000e+00 0.000000000000000000e+00 0.000000000000000000e+00
0.000000000000000000e+00 0.000000000000000000e+00 0.000000000000000000e+00 0.000000000000000000e+00 0.000000000000000000e+00 0.000000000000000000e+00 0.000000000000000000e+00 0.000000000000000000e+00 0.000000000000000000e+00 0.000000000000000000e+00
2.975947818997146457e-02 5.055034651447207206e-02 5.340399510803098271e-02 5.381165919282511478e-02 5.421932327761923992e-02 5.462698736241337200e-02 5.462698736241337200e-02 5.462698736241337200e-02 5.462698736241337200e-02 5.462698736241337200e-02
1.630656339176518544e-03 5.707297187117815231e-03 9.783938035059110833e-03 1.019160211985324117e-02 1.019160211985324117e-02 1.019160211985324117e-02 1.019160211985324117e-02 1.019160211985324117e-02 1.059926620464736978e-02 1.059926620464736978e-02
2.445984508764777708e-03 4.484304932735425943e-03 6.114961271911944704e-03 6.114961271911944704e-03 6.114961271911944704e-03 6.114961271911944704e-03 6.114961271911944704e-03 6.114961271911944704e-03 6.114961271911944704e-03 6.522625356706074178e-03
8.153281695882592722e-04 1.630656339176518544e-03 1.630656339176518544e-03 1.630656339176518544e-03 1.630656339176518544e-03 1.630656339176518544e-03 1.630656339176518544e-03 1.630656339176518544e-03 1.630656339176518544e-03 1.630656339176518544e-03
0.000000000000000000e+00 8.153281695882592722e-04 8.153281695882592722e-04 8.153281695882592722e-04 8.153281695882592722e-04 8.153281695882592722e-04 8.153281695882592722e-04 8.153281695882592722e-04 8.153281695882592722e-04 8.153281695882592722e-04
1.415094339622641542e-02 4.559748427672955656e-02 5.817610062893081857e-02 7.547169811320754429e-02 8.176100628930817182e-02 9.276729559748427001e-02 9.276729559748427001e-02 9.591194968553459765e-02 9.748427672955975454e-02 1.006289308176100683e-01
0.000000000000000000e+00 0.000000000000000000e+00 0.000000000000000000e+00 0.000000000000000000e+00 0.000000000000000000e+00 0.000000000000000000e+00 0.000000000000000000e+00 0.000000000000000000e+00 0.000000000000000000e+00 0.000000000000000000e+00
0.000000000000000000e+00 0.000000000000000000e+00 0.000000000000000000e+00 0.000000000000000000e+00 0.000000000000000000e+00 0.000000000000000000e+00 0.000000000000000000e+00 0.000000000000000000e+00 0.000000000000000000e+00 0.000000000000000000e+00
0.000000000000000000e+00 0.000000000000000000e+00 0.000000000000000000e+00 0.000000000000000000e+00 0.000000000000000000e+00 0.000000000000000000e+00 0.000000000000000000e+00 0.000000000000000000e+00 0.000000000000000000e+00 0.000000000000000000e+00
0.000000000000000000e+00 0.000000000000000000e+00 0.000000000000000000e+00 0.000000000000000000e+00 0.000000000000000000e+00 0.000000000000000000e+00 0.000000000000000000e+00 0.000000000000000000e+00 0.000000000000000000e+00 0.000000000000000000e+00
9.879084126575765623e-02 1.641368664780036013e-01 1.872909698996655381e-01 1.921790583997941837e-01 1.937226652945716610e-01 1.944944687419603857e-01 1.950090043735528689e-01 1.952662721893491105e-01 1.955235400051453520e-01 1.955235400051453520e-01
6.688963210702341018e-03 1.363519423720092535e-02 1.672240802675585211e-02 2.006688963210702392e-02 2.238229997427321899e-02 2.418317468484692395e-02 2.495497813223565564e-02 2.546951376382814575e-02 2.546951376382814575e-02 2.546951376382814575e-02
1.286339078981219410e-03 1.800874710573707130e-03 3.087213789554926757e-03 3.344481605351170509e-03 4.116285052739902632e-03 4.373552868536145950e-03 4.630820684332390136e-03 4.630820684332390136e-03 4.630820684332390136e-03 4.630820684332390136e-03
0.000000000000000000e+00 2.572678157962439145e-04 2.572678157962439145e-04 5.145356315924878290e-04 7.718034473887316893e-04 7.718034473887316893e-04 1.286339078981219410e-03 1.286339078981219410e-03 1.286339078981219410e-03 1.286339078981219410e-03
0.000000000000000000e+00 0.000000000000000000e+00 0.000000000000000000e+00 0.000000000000000000e+00 2.572678157962439145e-04 2.572678157962439145e-04 5.145356315924878290e-04 5.145356315924878290e-04 5.145356315924878290e-04 5.145356315924878290e-04
1.143368189323060030e-01 2.422949917446340085e-01 2.742157402311502512e-01 2.766923500275179082e-01 2.780682443588332609e-01 2.793065492570170338e-01 2.799944964226747657e-01 2.801320858558062898e-01 2.802696752889378140e-01 2.809576224545954903e-01
1.568519537699504529e-02 4.664281783159053563e-02 6.053935057787562107e-02 6.425426527242707186e-02 6.494221243808474819e-02 6.549257017061090036e-02 6.549257017061090036e-02 6.604292790313703865e-02 6.604292790313703865e-02 6.645569620253163889e-02
2.751788662630709871e-04 1.100715465052283949e-03 1.375894331315355044e-03 1.513483764446890483e-03 1.651073197578425923e-03 1.788662630709961579e-03 1.788662630709961579e-03 1.788662630709961579e-03 1.788662630709961579e-03 1.788662630709961579e-03
4.251513483764447071e-02 1.165382498624105700e-01 1.517611447440836425e-01 1.568519537699504807e-01 1.582278481012658333e-01 1.593285635663181099e-01 1.600165107319757862e-01 1.602916895982388623e-01 1.611172261970280628e-01 1.613924050632911389e-01
8.255365987892129614e-04 3.439735828288387285e-03 5.228398458998349298e-03 5.916345624656026495e-03 6.053935057787561934e-03 6.329113924050632813e-03 6.329113924050632813e-03 6.329113924050632813e-03 6.329113924050632813e-03 6.329113924050632813e-03
3.966844286560095023e-02 8.940201302545884576e-02 1.130846654825340414e-01 1.231497927767910006e-01 1.249259917110716461e-01 1.249259917110716461e-01 1.249259917110716461e-01 1.249259917110716461e-01 1.249259917110716461e-01 1.249259917110716461e-01
2.190645352279455352e-02 5.091770278271166156e-02 7.519242155121373672e-02 8.940201302545884576e-02 9.177027827116636394e-02 9.413854351687389599e-02 9.532267613972765508e-02 9.532267613972765508e-02 9.532267613972765508e-02 9.532267613972765508e-02
1.314387211367673280e-01 2.344582593250444102e-01 2.670219064535228060e-01 2.747187685020722192e-01 2.747187685020722192e-01 2.753108348134991057e-01 2.770870337477797651e-01 2.776791000592066516e-01 2.782711663706335381e-01 2.794552989934872556e-01
5.747126436781609116e-03 1.149425287356321823e-02 1.551724137931034461e-02 1.781609195402298826e-02 1.781609195402298826e-02 1.781609195402298826e-02 1.781609195402298826e-02 1.781609195402298826e-02 1.781609195402298826e-02 1.839080459770114917e-02
1.006512729425695744e-02 1.835405565423327279e-02 2.545885139135583078e-02 3.137951450562462968e-02 3.256364712847838877e-02 3.315571343990526831e-02 3.374777975133214786e-02 3.374777975133214786e-02 3.374777975133214786e-02 3.433984606275902740e-02
1.345442314160780369e-03 3.251485592555219007e-03 4.372687521022535981e-03 4.596927906715999809e-03 4.821168292409462770e-03 4.933288485256194685e-03 4.933288485256194685e-03 5.045408678102926599e-03 5.045408678102926599e-03 5.045408678102926599e-03
1.792947738893684766e-03 2.921840759678597573e-03 3.519490005976492423e-03 3.984328308652632621e-03 3.984328308652632621e-03 4.183544724085264815e-03 4.249950195896141925e-03 4.249950195896141925e-03 4.316355667707019034e-03 4.316355667707019034e-03
0.000000000000000000e+00 0.000000000000000000e+00 0.000000000000000000e+00 0.000000000000000000e+00 0.000000000000000000e+00 0.000000000000000000e+00 0.000000000000000000e+00 0.000000000000000000e+00 0.000000000000000000e+00 0.000000000000000000e+00
0.000000000000000000e+00 0.000000000000000000e+00 0.000000000000000000e+00 0.000000000000000000e+00 0.000000000000000000e+00 0.000000000000000000e+00 0.000000000000000000e+00 0.000000000000000000e+00 0.000000000000000000e+00 0.000000000000000000e+00
0.000000000000000000e+00 0.000000000000000000e+00 0.000000000000000000e+00 0.000000000000000000e+00 0.000000000000000000e+00 0.000000000000000000e+00 0.000000000000000000e+00 1.121201928467316974e-04 1.121201928467316974e-04 1.121201928467316974e-04
2.631578947368420993e-03 9.398496240601503238e-03 2.011278195488721762e-02 2.913533834586466004e-02 3.740601503759398427e-02 4.022556390977443525e-02 4.172932330827067854e-02 4.229323308270676457e-02 4.248120300751880019e-02 4.266917293233082886e-02
1.315789473684210497e-03 3.195488721804511361e-03 4.323308270676691663e-03 6.203007518796992310e-03 7.142857142857142634e-03 7.330827067669173046e-03 8.082706766917293825e-03 8.646616541353383326e-03 8.834586466165413737e-03 8.834586466165413737e-03
2.800751879699248104e-02 9.530075187969924699e-02 1.507518796992481092e-01 1.701127819548872155e-01 1.723684210526315874e-01 1.729323308270676596e-01 1.733082706766917169e-01 1.734962406015037595e-01 1.740601503759398594e-01 1.742481203007518742e-01
1.015037593984962488e-02 3.383458646616541166e-02 6.015037593984962072e-02 8.402255639097744311e-02 9.492481203007518964e-02 9.642857142857143293e-02 9.699248120300751896e-02 9.755639097744360499e-02 9.793233082706766235e-02 9.793233082706766235e-02
0.000000000000000000e+00 0.000000000000000000e+00 0.000000000000000000e+00 0.000000000000000000e+00 0.000000000000000000e+00 0.000000000000000000e+00 1.879699248120300864e-04 1.879699248120300864e-04 1.879699248120300864e-04 1.879699248120300864e-04
3.467278989667049033e-02 6.727898966704937145e-02 7.692307692307692735e-02 7.967853042479908221e-02 8.059701492537313383e-02 8.105625717566015964e-02 8.128587830080367949e-02 8.151549942594718545e-02 8.174512055109070530e-02 8.220436280137773111e-02
2.296211251435132034e-04 4.592422502870264068e-04 4.592422502870264068e-04 4.592422502870264068e-04 4.592422502870264068e-04 4.592422502870264068e-04 4.592422502870264068e-04 4.592422502870264068e-04 4.592422502870264068e-04 4.592422502870264068e-04
3.145809414466130965e-02 6.337543053960964512e-02 7.715269804822043331e-02 8.151549942594718545e-02 8.312284730195178273e-02 8.381171067738231450e-02 8.450057405281286016e-02 8.518943742824339194e-02 8.564867967853043162e-02 8.633754305396096340e-02
6.888633754305395832e-04 9.184845005740528137e-04 1.148105625717566044e-03 1.607347876004592505e-03 1.607347876004592505e-03 1.607347876004592505e-03 1.607347876004592505e-03 1.607347876004592505e-03 1.607347876004592505e-03 1.607347876004592505e-03
2.296211251435132034e-04 2.296211251435132034e-04 2.296211251435132034e-04 2.296211251435132034e-04 2.296211251435132034e-04 2.296211251435132034e-04 4.592422502870264068e-04 4.592422502870264068e-04 4.592422502870264068e-04 4.592422502870264068e-04
0.000000000000000000e+00 1.288992008249548920e-04 1.288992008249548920e-04 1.288992008249548920e-04 1.288992008249548920e-04 1.288992008249548920e-04 1.288992008249548920e-04 1.288992008249548920e-04 1.288992008249548920e-04 1.288992008249548920e-04
6.052047609441193760e-04 1.008674601573532293e-03 1.613879362517651886e-03 1.613879362517651886e-03 1.815614282832358345e-03 1.815614282832358345e-03 1.815614282832358345e-03 1.815614282832358345e-03 1.815614282832358345e-03 1.815614282832358345e-03
0.000000000000000000e+00 6.155108740254411001e-04 1.436192039392695900e-03 1.436192039392695900e-03 1.641362330734509600e-03 1.641362330734509600e-03 1.641362330734509600e-03 1.641362330734509600e-03 1.641362330734509600e-03 1.641362330734509600e-03
1.254705144291091501e-04 1.254705144291091501e-04 1.254705144291091501e-04 1.254705144291091501e-04 1.254705144291091501e-04 1.254705144291091501e-04 1.254705144291091501e-04 1.254705144291091501e-04 1.254705144291091501e-04 1.254705144291091501e-04
3.333333333333333222e-04 1.000000000000000021e-03 1.333333333333333289e-03 2.000000000000000042e-03 2.000000000000000042e-03 2.000000000000000042e-03 2.000000000000000042e-03 2.000000000000000042e-03 2.000000000000000042e-03 2.000000000000000042e-03
8.906575705893499811e-03 2.255069168087928816e-02 3.240477544059124776e-02 3.600530604510138177e-02 3.752131893121091188e-02 3.808982376350199262e-02 3.903733181732044893e-02 3.941633503884783146e-02 3.979533826037521399e-02 3.998483987113890525e-02
1.236093943139678509e-03 6.180469715698392978e-03 8.034610630407910958e-03 8.652657601977749996e-03 8.858673259167696920e-03 8.858673259167696920e-03 8.858673259167696920e-03 9.064688916357643844e-03 9.064688916357643844e-03 9.270704573547589034e-03
5.000000000000000278e-02 1.677902621722846543e-01 2.528089887640449507e-01 2.794007490636704061e-01 2.831460674157303403e-01 2.840823970037453239e-01 2.859550561797752910e-01 2.874531835205992314e-01 2.889513108614232273e-01 2.900749063670411965e-01
8.446641944787803072e-03 2.760609806345282191e-02 4.017305315203955479e-02 5.521219612690564382e-02 5.789039967037494516e-02 5.912649361351463018e-02 5.953852492789452056e-02 5.974454058508446574e-02 6.015657189946435612e-02 6.036258755665430825e-02
0.000000000000000000e+00 0.000000000000000000e+00 0.000000000000000000e+00 0.000000000000000000e+00 0.000000000000000000e+00 0.000000000000000000e+00 0.000000000000000000e+00 0.000000000000000000e+00 0.000000000000000000e+00 0.000000000000000000e+00
8.704928525709408615e-02 1.450821420951568241e-01 1.548965222957115473e-01 1.566033710262428047e-01 1.585235758480904589e-01 1.602304245786217163e-01 1.604437806699381130e-01 1.619372733091529737e-01 1.619372733091529737e-01 1.621506294004693705e-01
2.570694087403598786e-03 7.244683337228324284e-03 9.581677962140686816e-03 1.051647581210563183e-02 1.098387473708810520e-02 1.121757419957934016e-02 1.145127366207057684e-02 1.168497312456181353e-02 1.191867258705305022e-02 1.191867258705305022e-02
0.000000000000000000e+00 0.000000000000000000e+00 0.000000000000000000e+00 0.000000000000000000e+00 0.000000000000000000e+00 0.000000000000000000e+00 0.000000000000000000e+00 2.336994624912362803e-04 2.336994624912362803e-04 2.336994624912362803e-04
4.673989249824725607e-04 1.402196774947417519e-03 3.972890862351016739e-03 4.907688712315961752e-03 5.375087637298434258e-03 5.375087637298434258e-03 5.842486562280906764e-03 6.076186024772143451e-03 6.076186024772143451e-03 6.543584949754615958e-03
0.000000000000000000e+00 2.336994624912362803e-04 7.010983874737087597e-04 7.010983874737087597e-04 7.010983874737087597e-04 7.010983874737087597e-04 9.347978499649451213e-04 9.347978499649451213e-04 9.347978499649451213e-04 9.347978499649451213e-04
1.069198528782824321e-02 3.045077409973483834e-02 4.413651526815499243e-02 5.012402702933881071e-02 5.209135232229920170e-02 5.269010349841758700e-02 5.277563938072021149e-02 5.286117526302283598e-02 5.294671114532546741e-02 5.303224702762809190e-02
2.772643253234750209e-04 1.386321626617375213e-03 3.234750462107209047e-03 4.990757855822551027e-03 5.822550831792975765e-03 6.931608133086876282e-03 7.670979667282809382e-03 8.040665434380776799e-03 8.317929759704250844e-03 8.595194085027726624e-03
3.554059109614665039e-03 1.440329218106995920e-02 2.637485970819304290e-02 3.264122708567152725e-02 3.451178451178451428e-02 3.563411896745229818e-02 3.610175832398054840e-02 3.628881406659184572e-02 3.656939768050879169e-02 3.675645342312008901e-02
3.986446083316723355e-04 1.395256129160853120e-03 2.591189954155870018e-03 4.484751843731313477e-03 5.381702212477575825e-03 5.780346820809248269e-03 6.079330277058002385e-03 6.079330277058002385e-03 6.079330277058002385e-03 6.079330277058002385e-03
0.000000000000000000e+00 0.000000000000000000e+00 2.105484787872407746e-04 3.158227181808611348e-04 3.158227181808611348e-04 3.158227181808611348e-04 3.158227181808611348e-04 5.263711969681018552e-04 5.263711969681018552e-04 6.316454363617222695e-04
4.211511464670098653e-03 1.076275152082358487e-02 1.310248011230697243e-02 1.357042583060365064e-02 1.357042583060365064e-02 1.357042583060365064e-02 1.450631726719700532e-02 1.450631726719700532e-02 1.450631726719700532e-02 1.450631726719700532e-02
4.440497335701598311e-03 1.420959147424511598e-02 2.131438721136767397e-02 2.486678507992895124e-02 2.486678507992895124e-02 2.486678507992895124e-02 2.575488454706927055e-02 2.575488454706927055e-02 2.575488454706927055e-02 2.575488454706927055e-02
0.000000000000000000e+00 0.000000000000000000e+00 0.000000000000000000e+00 1.776198934280639498e-03 2.664298401420959247e-03 2.664298401420959247e-03 2.664298401420959247e-03 3.552397868561278996e-03 3.552397868561278996e-03 4.440497335701598311e-03
2.664298401420959247e-03 5.328596802841918494e-03 8.880994671403196622e-03 9.769094138543517672e-03 9.769094138543517672e-03 9.769094138543517672e-03 1.065719360568383699e-02 1.065719360568383699e-02 1.065719360568383699e-02 1.065719360568383699e-02
8.880994671403197489e-04 8.880994671403197489e-04 8.880994671403197489e-04 2.664298401420959247e-03 2.664298401420959247e-03 2.664298401420959247e-03 2.664298401420959247e-03 2.664298401420959247e-03 2.664298401420959247e-03 2.664298401420959247e-03
