1.054201889607160603e-01 2.769766285430134145e-01 3.525609149676777743e-01 3.697165589259074903e-01 3.739433117851814758e-01 3.766782695176529305e-01 3.779214321233217433e-01 3.784186971655892351e-01 3.789159622078567824e-01 3.789159622078567824e-01
7.985524728588661025e-02 2.084439083232810519e-01 2.878166465621230241e-01 3.206272617611580222e-01 3.247285886610373762e-01 3.273823884197828438e-01 3.288299155609167856e-01 3.307599517490952823e-01 3.326899879372738345e-01 3.336550060313631105e-01
9.568204121687929123e-03 3.876349362119724945e-02 6.501472031403336682e-02 8.905789990186457894e-02 1.084396467124632002e-01 1.177625122669283680e-01 1.204612365063787993e-01 1.216879293424926456e-01 1.221786064769381785e-01 1.221786064769381785e-01
3.704624564893087973e-02 1.123818995524614589e-01 1.862257583291894447e-01 2.192938836399801195e-01 2.399303828940825556e-01 2.491297861760318200e-01 2.536051715564395792e-01 2.560914967677772047e-01 2.570860268523122993e-01 2.570860268523122993e-01
1.069119840875186467e-02 3.107906514172053755e-02 5.643958229736449617e-02 8.180009945300845131e-02 9.746394828443560865e-02 1.051715564395823005e-01 1.136250621581302855e-01 1.208354052710094440e-01 1.245648930880159100e-01 1.258080556936847227e-01
1.012461059190031126e-01 2.943925233644859585e-01 4.049844236760124505e-01 4.236760124610591816e-01 4.299065420560747586e-01 4.299065420560747586e-01 4.345794392523364413e-01 4.345794392523364413e-01 4.361370716510903356e-01 4.361370716510903356e-01
5.763239875389408046e-02 1.884735202492211770e-01 2.850467289719625930e-01 3.068535825545171125e-01 3.115264797507787953e-01 3.161993769470404780e-01 3.177570093457943723e-01 3.177570093457943723e-01 3.193146417445482665e-01 3.193146417445482665e-01
1.869158878504672758e-02 6.697819314641743904e-02 1.121495327102803724e-01 1.355140186915887723e-01 1.448598130841121379e-01 1.495327102803738206e-01 1.510903426791277149e-01 1.526479750778816091e-01 1.542056074766355034e-01 1.573208722741432919e-01
3.582554517133956090e-02 1.728971962616822344e-01 2.492211838006230529e-01 2.850467289719625930e-01 2.881619937694703815e-01 2.912772585669781700e-01 2.928348909657320642e-01 2.943925233644859585e-01 2.975077881619937470e-01 3.006230529595015355e-01
2.647975077881619885e-02 1.137071651090342667e-01 1.744548286604361287e-01 2.180685358255451678e-01 2.258566978193146391e-01 2.274143302180685333e-01 2.305295950155763218e-01 2.305295950155763218e-01 2.352024922118380046e-01 2.352024922118380046e-01
2.486281552429412400e-01 4.296118926469120747e-01 4.758056470118726677e-01 4.845854534570487870e-01 4.854833882071236117e-01 4.865808640127706197e-01 4.871794871794871695e-01 4.879776514017759026e-01 4.882769629851341775e-01 4.887758156240646357e-01
9.129003292427416427e-02 2.497256310485882480e-01 3.336326449166915897e-01 3.528883567794073861e-01 3.565798663074927766e-01 3.585752768632146092e-01 3.600718347800059838e-01 3.611693105856529917e-01 3.622667863912999997e-01 3.630649506135887328e-01
3.541853736406265496e-02 1.006684625361668195e-01 1.454654295121221297e-01 1.616282550134690299e-01 1.666167814027736116e-01 1.696098972363563884e-01 1.708071435697894880e-01 1.719046193754364960e-01 1.729023246532974123e-01 1.734011772922278705e-01
1.686121919584954512e-02 5.397585553227576827e-02 8.161229172902324802e-02 9.468223086900129370e-02 9.877282250823106458e-02 1.009677741195250944e-01 1.017659383418138275e-01 1.029631846752469271e-01 1.034620373141773852e-01 1.039608899531078573e-01
2.364561508530380052e-02 7.682330639529083571e-02 1.079517110645515365e-01 1.219195849546044069e-01 1.257108650104759029e-01 1.274069639828394607e-01 1.289035218996308352e-01 1.293026040107752295e-01 1.303003092886361458e-01 1.307991619275666040e-01
4.661873736239047217e-02 1.013817119748371132e-01 1.187373623904740549e-01 1.217142215232532021e-01 1.221635587508425047e-01 1.225567288249831549e-01 1.230060660525724575e-01 1.231745675129184425e-01 1.233430689732644414e-01 1.235115704336104264e-01
2.830824533812626234e-02 7.947652212985846509e-02 1.067737587059087861e-01 1.169961806335654969e-01 1.182318580094360860e-01 1.191305324646146913e-01 1.196360368456526602e-01 1.198045383059986452e-01 1.198607054594473115e-01 1.199730397663446441e-01
5.268478993484609907e-02 1.352505055043810300e-01 1.705796450235902151e-01 1.778813749719164172e-01 1.791732195012356865e-01 1.796225567288249891e-01 1.800157268029656255e-01 1.803527297236575955e-01 1.807458997977982595e-01 1.808020669512468981e-01
3.482363513817119532e-03 1.134576499662997076e-02 2.016400808807009698e-02 2.460121321051449150e-02 2.701640080880701039e-02 2.813974387778027386e-02 2.875758256571556842e-02 2.909458548640754885e-02 2.971242417434284341e-02 2.993709278813749819e-02
7.762300606605257447e-02 1.239047405077510627e-01 1.304201303077960061e-01 1.318243091440125803e-01 1.324983149853965481e-01 1.330038193664345170e-01 1.333408222871264870e-01 1.333969894405751533e-01 1.335654909009211522e-01 1.337339923612671233e-01
7.719609582963619931e-02 2.331854480922803952e-01 3.212067435669920257e-01 3.520851818988465221e-01 3.579414374445430425e-01 3.627329192546583925e-01 3.648624667258207888e-01 3.662821650399289974e-01 3.671694764862466487e-01 3.680567879325643554e-01
6.033717834960070775e-03 2.448979591836734568e-02 4.507542147293699952e-02 5.732031943212067410e-02 6.317657497781721532e-02 6.583850931677018292e-02 6.761313220940549928e-02 6.850044365572316440e-02 6.992014196983141472e-02 7.027506654835846689e-02
5.288376220053239013e-02 1.270629991126885627e-01 1.666370896184560801e-01 1.783496007098491487e-01 1.826086956521739135e-01 1.849157054125998290e-01 1.868677905944986783e-01 1.881100266193433956e-01 1.888198757763975277e-01 1.904170363797693111e-01
1.029281277728482692e-02 3.123336291038154508e-02 4.809228039041703318e-02 5.448092280390417347e-02 5.749778172138420712e-02 5.891748003549245744e-02 5.998225377107364864e-02 6.069210292812777380e-02 6.122448979591836593e-02 6.140195208518189895e-02
6.033717834960070775e-03 2.715173025732032022e-02 4.418811002661934134e-02 5.607808340727595681e-02 6.086956521739130682e-02 6.424134871339839958e-02 6.512866015971606470e-02 6.619343389529724897e-02 6.672582076308784804e-02 6.779059449866903231e-02
3.408482995796714016e-02 1.120366832250668659e-01 1.882307986243790532e-01 2.398930072602216412e-01 2.719144058081773285e-01 2.917844860527321615e-01 3.042414978983569163e-01 3.084447841039358318e-01 3.097439816583874572e-01 3.104317921283912818e-01
3.362628964463125567e-03 1.352693924340848258e-02 3.179212839128773421e-02 5.953381734810852394e-02 7.512418800152846632e-02 8.926251432938479835e-02 9.728696981276270528e-02 1.021016431027894494e-01 1.063813526939243470e-01 1.088269010317157032e-01
9.239587313717997907e-02 2.441727168513565249e-01 3.472678639663737132e-01 3.943446694688574894e-01 4.129919755445166096e-01 4.213221245701184725e-01 4.254489873901413644e-01 4.280473824990447262e-01 4.292701566679403835e-01 4.301872372946121681e-01
7.260221627818112464e-03 2.865876958349255002e-02 6.205578907145586215e-02 9.522353840275124548e-02 1.134887275506304971e-01 1.283912877340466219e-01 1.416125334352311693e-01 1.493312953763851758e-01 1.550630492930836768e-01 1.569736339319831864e-01
1.069927397783721791e-03 4.279709591134887164e-03 1.031715705005731808e-02 1.528467711119602633e-02 2.101643102789453599e-02 2.598395108903324424e-02 2.881161635460451065e-02 3.095147115017195250e-02 3.194497516239969137e-02 3.232709209017959467e-02
6.509994597514856540e-02 1.439762290653700816e-01 1.828741220961642433e-01 1.866558616963803485e-01 1.874662344678552084e-01 1.877363587250135135e-01 1.880064829821717909e-01 1.888168557536466785e-01 1.896272285251215661e-01 1.898973527822798435e-01
4.273715415019763153e-02 1.099308300395256954e-01 1.440217391304347838e-01 1.457509881422924813e-01 1.462450592885375378e-01 1.462450592885375378e-01 1.464920948616600660e-01 1.464920948616600660e-01 1.464920948616600660e-01 1.464920948616600660e-01
6.778242677824267148e-02 1.269874476987447598e-01 1.430962343096234268e-01 1.433054393305439322e-01 1.433054393305439322e-01 1.433054393305439322e-01 1.433054393305439322e-01 1.435146443514644377e-01 1.435146443514644377e-01 1.435146443514644377e-01
6.411698537682788968e-02 9.808773903262092697e-02 1.030371203599550062e-01 1.030371203599550062e-01 1.030371203599550062e-01 1.030371203599550062e-01 1.030371203599550062e-01 1.030371203599550062e-01 1.030371203599550062e-01 1.030371203599550062e-01
2.745352356247297843e-02 5.058365758754863883e-02 5.663640293990488545e-02 5.663640293990488545e-02 5.663640293990488545e-02 5.663640293990488545e-02 5.663640293990488545e-02 5.663640293990488545e-02 5.663640293990488545e-02 5.663640293990488545e-02
1.546601546601546473e-01 3.665038665038665155e-01 4.576719576719576743e-01 4.839234839234839436e-01 4.890109890109889945e-01 4.922669922669922760e-01 4.936914936914936769e-01 4.947089947089947093e-01 4.957264957264957417e-01 4.961334961334961102e-01
1.311185374483978816e-01 3.497149597011991462e-01 4.794574405346962997e-01 5.130725378415569304e-01 5.209357184981324718e-01 5.240809907607627549e-01 5.250638883428346837e-01 5.268331039905641555e-01 5.278160015726360843e-01 5.278160015726360843e-01
1.201972467639202818e-01 3.305937949455516889e-01 4.405177727552907485e-01 4.701047873433326640e-01 4.762687487158414057e-01 4.805835216765975137e-01 4.820217793301828646e-01 4.826381754674337610e-01 4.828436408465173746e-01 4.834600369837682154e-01
3.286713286713286580e-02 1.037296037296037282e-01 1.652680652680652562e-01 1.937062937062937196e-01 2.006993006993006978e-01 2.053613053613053685e-01 2.058275058275058356e-01 2.067599067599067697e-01 2.074592074592074564e-01 2.083916083916083906e-01
2.855378916499459740e-02 9.770026238617070258e-02 1.615990121932396884e-01 2.009569377990430561e-01 2.133045223028245119e-01 2.187065905232288832e-01 2.222565210680660652e-01 2.256521068066059676e-01 2.284303133199567792e-01 2.305911406081185278e-01
2.735562310030395169e-02 7.484802431610942941e-02 1.037234042553191460e-01 1.143617021276595730e-01 1.208206686930091145e-01 1.250000000000000000e-01 1.265197568389057614e-01 1.280395136778115506e-01 1.287993920972644313e-01 1.291793313069908855e-01
1.519756838905775070e-03 6.838905775075987924e-03 1.139817629179331292e-02 1.861702127659574380e-02 2.165653495440729437e-02 2.279635258358662583e-02 2.393617021276595730e-02 2.507598784194528876e-02 2.735562310030395169e-02 2.773556231003039552e-02
1.098024316109422471e-01 2.017477203647416450e-01 2.272036474164133846e-01 2.378419452887537977e-01 2.420212765957446832e-01 2.469604863221884494e-01 2.469604863221884494e-01 2.481003039513677844e-01 2.488601823708206651e-01 2.492401215805471193e-01
6.079027355623100280e-03 1.861702127659574380e-02 2.925531914893617080e-02 3.571428571428571230e-02 3.837386018237082252e-02 4.027355623100303816e-02 4.141337386018237310e-02 4.217325227963526074e-02 4.369300911854103603e-02 4.483282674772036402e-02
1.405775075987841967e-02 4.635258358662613931e-02 6.724924012158055298e-02 8.206686930091185161e-02 8.852583586626139311e-02 9.308510638297871898e-02 9.536474164133738884e-02 9.688449848024316413e-02 9.764437689969604484e-02 9.992401215805471471e-02
2.088313413014608322e-01 3.662018592297476838e-01 4.027224435590969209e-01 4.060424966799468516e-01 4.067065073041168932e-01 4.073705179282868793e-01 4.090305444887118447e-01 4.090305444887118447e-01 4.110225763612218031e-01 4.113545816733067961e-01
1.364541832669322607e-01 2.480079681274900416e-01 2.715803452855245492e-01 2.742363877822044937e-01 2.755644090305444660e-01 2.762284196547144521e-01 2.765604249667994452e-01 2.765604249667994452e-01 2.768924302788844383e-01 2.772244355909694313e-01
1.982686400446802555e-01 3.219771013683328520e-01 3.471097458810388225e-01 3.507400167550963621e-01 3.515777715721865593e-01 3.538117844177603999e-01 3.538117844177603999e-01 3.546495392348505971e-01 3.554872940519407942e-01 3.557665456576375451e-01
1.022576361221779612e-01 1.689907038512616089e-01 1.895750332005312067e-01 1.922310756972111512e-01 1.925630810092961442e-01 1.945551128818061026e-01 1.958831341301460749e-01 2.005312084993359778e-01 2.011952191235059639e-01 2.011952191235059639e-01
7.934926958831341193e-02 1.457503320053120943e-01 1.593625498007968100e-01 1.606905710491367822e-01 1.616865869853917614e-01 1.620185922974767545e-01 1.620185922974767545e-01 1.623505976095617476e-01 1.626826029216467406e-01 1.626826029216467406e-01
1.267479916691460762e-01 2.650996727164534605e-01 3.091341862540910590e-01 3.177625706634930047e-01 3.195477536447485778e-01 3.228205891103838043e-01 3.243082415947634578e-01 3.254983635822671917e-01 3.263909550728949505e-01 3.269860160666468452e-01
3.600119012198750579e-02 1.249628086878905031e-01 1.925022314787265820e-01 2.207676286819398870e-01 2.329663790538530066e-01 2.374293365069919670e-01 2.383219279976197535e-01 2.395120499851234874e-01 2.412972329663790605e-01 2.427848854507587140e-01
3.046643300080884367e-02 9.652197357778376230e-02 1.445133459153410682e-01 1.765974656241574570e-01 1.898085737395524275e-01 1.954704772175788752e-01 1.989754650849285544e-01 1.995146939875977465e-01 2.005931517929361030e-01 2.005931517929361030e-01
9.118541033434649987e-03 3.273322422258592712e-02 6.102408230067804529e-02 8.276829553425298081e-02 9.328968903436989091e-02 1.028758475566986241e-01 1.070844049567453854e-01 1.096563011456628545e-01 1.131634323123684865e-01 1.152677110123918602e-01
2.082713478131508270e-03 3.570365962511157405e-03 6.248140434394525676e-03 1.071109788753347135e-02 1.368640285629276962e-02 1.695923832192799616e-02 1.755429931567985616e-02 1.933948229693543616e-02 2.112466527819101617e-02 2.261231776257066270e-02
1.615403442930570324e-02 2.888145549481928656e-02 3.214489679366892144e-02 3.247124092355388458e-02 3.263441298849636962e-02 3.263441298849636962e-02 3.312392918332381780e-02 3.345027331320878095e-02 3.353185934568001653e-02 3.353185934568001653e-02
7.016398792526719677e-03 1.892795953332789341e-02 2.496532593619972193e-02 2.733132087786570991e-02 2.806559517010687871e-02 2.839193929999184185e-02 2.888145549481928656e-02 2.912621359223301065e-02 2.912621359223301065e-02 2.961572978706045536e-02
4.528024802153871042e-02 1.032879171085910042e-01 1.258056620706534956e-01 1.313535122786978759e-01 1.321693726034103011e-01 1.324141307008240287e-01 1.327404748307089710e-01 1.331484049930651836e-01 1.338826792853063663e-01 1.346169535775475212e-01
1.600717957085746879e-01 2.752712735579668779e-01 2.928938565717549292e-01 2.948519213510646941e-01 2.952598515134208790e-01 2.955046096108346343e-01 2.956677816757771193e-01 2.957493677082483341e-01 2.958309537407196044e-01 2.959941258056620894e-01
5.963938973647711639e-02 1.174838867585869251e-01 1.303744798890429935e-01 1.379619809088684090e-01 1.392673574284082616e-01 1.394305294933507466e-01 1.395121155258219892e-01 1.403279758505343866e-01 1.410622501427755693e-01 1.417965244350167242e-01
9.465550547327752917e-02 2.490520140230378376e-01 3.251770766258854084e-01 3.520068684267010362e-01 3.575874651212706534e-01 3.590899334621163175e-01 3.603777634685554898e-01 3.608785862488373963e-01 3.614509551405881149e-01 3.618086856979323418e-01
1.867353509336767622e-02 6.739643700364884860e-02 1.140445016813336210e-01 1.478858124060957180e-01 1.662731630535880245e-01 1.770766258853831432e-01 1.813693925735136159e-01 1.819417614652643622e-01 1.821563997996708817e-01 1.828718609143593077e-01
9.165056879158617331e-02 2.286613722544179605e-01 2.939114259140016006e-01 3.112255848894612820e-01 3.140158832367460628e-01 3.160191743578736334e-01 3.168061815840308992e-01 3.175931888101881650e-01 3.185948343707519226e-01 3.195249338198468680e-01
2.432567789940616801e-02 6.932818201330757935e-02 1.035987694068827292e-01 1.177648994777133890e-01 1.214852972740931569e-01 1.226300350575946219e-01 1.236316806181584071e-01 1.239178650640337664e-01 1.244186878443156591e-01 1.248479645131287119e-01
5.652142806038491785e-03 1.581169063461401042e-02 2.775989124991056628e-02 3.462831795091936976e-02 3.749016240967303210e-02 3.856335408170565721e-02 3.892108463904987020e-02 3.927881519639407626e-02 3.942190741933175591e-02 3.985118408814480873e-02
1.132203389830508528e-01 2.458757062146892658e-01 2.928813559322033799e-01 3.022598870056497078e-01 3.048587570621468790e-01 3.065536723163841959e-01 3.073446327683616031e-01 3.077966101694915024e-01 3.080225988700565076e-01 3.083615819209039599e-01
1.057627118644067776e-01 1.918644067796610175e-01 2.171751412429378525e-01 2.228248587570621497e-01 2.239548022598870092e-01 2.248587570621468912e-01 2.253107344632768461e-01 2.254237288135593209e-01 2.256497175141242983e-01 2.256497175141242983e-01
4.000000000000000083e-02 9.898305084745762095e-02 1.271186440677966045e-01 1.337853107344632864e-01 1.352542372881355981e-01 1.361581920903954801e-01 1.366101694915254350e-01 1.367231638418079098e-01 1.368361581920903847e-01 1.370621468926553621e-01
2.180790960451977484e-02 5.853107344632768605e-02 7.841807909604520122e-02 8.497175141242938046e-02 8.610169491525423990e-02 8.666666666666666963e-02 8.711864406779661063e-02 8.745762711864406291e-02 8.790960451977401779e-02 8.813559322033898136e-02
1.322033898305084720e-02 3.988700564971751211e-02 5.389830508474575954e-02 5.875706214689265655e-02 5.966101694915254550e-02 6.022598870056497522e-02 6.056497175141242750e-02 6.079096045197739800e-02 6.101694915254237545e-02 6.101694915254237545e-02
3.046917131044400429e-01 4.771705914075139443e-01 5.044939780693870057e-01 5.060219306129786210e-01 5.061118101743663500e-01 5.061118101743663500e-01 5.061118101743663500e-01 5.062016897357540790e-01 5.062016897357540790e-01 5.062016897357540790e-01
2.037555294754897495e-01 3.688724383858445477e-01 4.053444073305046413e-01 4.084138304595106850e-01 4.088652162137763058e-01 4.091360476663356560e-01 4.092263248171887913e-01 4.092263248171887913e-01 4.092263248171887913e-01 4.092263248171887913e-01
1.053324555628703113e-01 2.211041098467036448e-01 2.579704692937082600e-01 2.632370920718518081e-01 2.639894667544437357e-01 2.641775604250917175e-01 2.642716072604157085e-01 2.642716072604157085e-01 2.642716072604157085e-01 2.642716072604157085e-01
2.452932657494569235e-02 6.526068066618392893e-02 8.182476466328747478e-02 8.671252715423606594e-02 8.779869659666908466e-02 8.807023895727733587e-02 8.816075307748008627e-02 8.825126719768283667e-02 8.825126719768283667e-02 8.825126719768283667e-02
2.030831717899012241e-03 4.707837164220437902e-03 7.015600480014769560e-03 7.477153143173636413e-03 7.661774208437182980e-03 7.754084741068955830e-03 7.754084741068955830e-03 7.846395273700729547e-03 7.846395273700729547e-03 7.938705806332503265e-03
6.253514790237318932e-02 2.143178495107412040e-01 3.240355415588797583e-01 3.687436733775728004e-01 3.794286356990214659e-01 3.834214374086154509e-01 3.848273535035429127e-01 3.861207963108761465e-01 3.866269261050500616e-01 3.872455291868181493e-01
2.374754289964405365e-02 8.452425224459438058e-02 1.432821548106040510e-01 1.814801041279285876e-01 1.958773840514264342e-01 2.015087924347872261e-01 2.034213462253625926e-01 2.040588641555543814e-01 2.045370026031982091e-01 2.050151410508420646e-01
2.949137250479305292e-02 1.064621630765760635e-01 1.867598962445020938e-01 2.406676440735310840e-01 2.638998533889703180e-01 2.707792940115033020e-01 2.732604037442201150e-01 2.742754031803315562e-01 2.747829028983873045e-01 2.752340137588812352e-01
6.942167448696930088e-02 1.884221832777432382e-01 2.712420148114647600e-01 3.025609135621007417e-01 3.081010797670868939e-01 3.099101136299395320e-01 3.104189044038668244e-01 3.108711628695799423e-01 3.113799536435072901e-01 3.119452767256487014e-01
1.123296964215048932e-01 2.944202611792639535e-01 3.915992989993781204e-01 4.152298038328904872e-01 4.182260161682401223e-01 4.198089207982361737e-01 4.207699700378766394e-01 4.213918254282322251e-01 4.217310192775171052e-01 4.217875515857312241e-01
1.162427487728692616e-01 2.371709058456046293e-01 2.855867916108880133e-01 2.940651494868362081e-01 2.996430165104864152e-01 3.043284248103524936e-01 3.061133422579205843e-01 3.076751450245426289e-01 3.092369477911646736e-01 3.099062918340027006e-01
1.424096888703278441e-01 3.581123407809563841e-01 4.514512424305700544e-01 4.712883691793693930e-01 4.737941115055335217e-01 4.775527249947796871e-01 4.792232198788891062e-01 4.802672791814575071e-01 4.813113384840259079e-01 4.815201503445395437e-01
1.941097724230254201e-02 4.819277108433735191e-02 6.358768406961178010e-02 6.693440428380187379e-02 7.072735385988397627e-02 7.340473003123605678e-02 7.541276215975011021e-02 7.630522088353414167e-02 7.719767960731815926e-02 7.742079428826416365e-02
2.476572958500669261e-02 6.738063364569388258e-02 9.326193663543061452e-02 1.030789825970548912e-01 1.064257028112449849e-01 1.079875055778670295e-01 1.093261936635430559e-01 1.104417670682730918e-01 1.115573404730031276e-01 1.122266845158411408e-01
2.454261490406068735e-03 7.139669790272199640e-03 1.070950468540829946e-02 1.360999553770638089e-02 1.472556894243641154e-02 1.561802766622043780e-02 1.651048639000446058e-02 1.695671575189647631e-02 1.807228915662650523e-02 1.851851851851851749e-02
2.016784215695027194e-01 3.498794750468708359e-01 3.770199089367020640e-01 3.782697973395232616e-01 3.786269083117578815e-01 3.790732970270511704e-01 3.797875189715204103e-01 3.806802964021069324e-01 3.813945183465761724e-01 3.815730738326935101e-01
2.249799125078117898e-02 6.552986340505312368e-02 9.427729666994018320e-02 1.060619587536827113e-01 1.098116239621462348e-01 1.115079010802606935e-01 1.118650120524953134e-01 1.124006785108472434e-01 1.128470672261405183e-01 1.135612891706097721e-01
1.653423801446299302e-01 2.896169984822783428e-01 3.211320417819837347e-01 3.272922060530309984e-01 3.288099276850281472e-01 3.297919828586733382e-01 3.306847602892598603e-01 3.314882599767877691e-01 3.318453709490223891e-01 3.323810374073743468e-01
4.820998125167395496e-03 1.856977055620033859e-02 3.588965270957950038e-02 5.088831354343362201e-02 6.195875368270690325e-02 6.624408534952236360e-02 6.794036246763682230e-02 6.874386215516471721e-02 6.901169538434068218e-02 6.936880635657530214e-02
1.374877243103294309e-02 4.722792607802874659e-02 7.347558253727345945e-02 8.758146594054101730e-02 9.222390857959110455e-02 9.481296312829211315e-02 9.579501830193733192e-02 9.597357378805464190e-02 9.624140701723060687e-02 9.668779573252388182e-02
3.493256688038912094e-02 8.202520451028078030e-02 1.127570196772053890e-01 1.242538138403714298e-01 1.293389343356179388e-01 1.302233031173999633e-01 1.315498562900729584e-01 1.322131328764094560e-01 1.330975016581914527e-01 1.342029626354189764e-01
3.629324945560125602e-03 1.330752480038712750e-02 2.516331962255020580e-02 3.000241954996370544e-02 3.290587950641180731e-02 3.338978949915315936e-02 3.387369949189450447e-02 3.411565448826518049e-02 3.484151947737720856e-02 3.484151947737720856e-02
5.197873597164796161e-02 1.408741878322504470e-01 1.896042528056704202e-01 2.099822799763733094e-01 2.144122858830478373e-01 2.158889545186060133e-01 2.164796219728293003e-01 2.179562906083874763e-01 2.191376255168340226e-01 2.200236266981689393e-01
1.727929626138862557e-02 6.346214263273641798e-02 9.927741124725102118e-02 1.193842287150486958e-01 1.266101162425384841e-01 1.335218347470939482e-01 1.366635249764373283e-01 1.410618912975180606e-01 1.420043983663210885e-01 1.438894125039271166e-01
5.969211435752434444e-03 2.576185988061577281e-02 4.366949418787307441e-02 6.534715677034244607e-02 6.848884699968582623e-02 7.100219918316054424e-02 7.194470625196355829e-02 7.288721332076657233e-02 7.320138234370091035e-02 7.351555136663524836e-02
1.011008111239860979e-01 2.526071842410196888e-01 3.371958285052143456e-01 3.647161066048667521e-01 3.722479721900347482e-01 3.765932792584009148e-01 3.803592120509849406e-01 3.809385863267670813e-01 3.838354577056778405e-01 3.847045191193511071e-01
4.837775202780996570e-02 1.341251448435689386e-01 1.940903823870220035e-01 2.106025492468134308e-01 2.184241019698725250e-01 2.236384704519119304e-01 2.288528389339513358e-01 2.311703360370799543e-01 2.337775202780996431e-01 2.355156431054461208e-01
2.983777520278099726e-02 8.314020857473927717e-02 1.231170336037080010e-01 1.462920046349941994e-01 1.610660486674391767e-01 1.648319814600231747e-01 1.677288528389339617e-01 1.700463499420625801e-01 1.717844727694090301e-01 1.738122827346465782e-01
2.746234067207415919e-01 5.057937427578215184e-01 5.582271147161066427e-01 5.669177288528389758e-01 5.721320973348783534e-01 5.747392815758980422e-01 5.779258400926998718e-01 5.787949015063731384e-01 5.799536500579374199e-01 5.816917728852838421e-01
6.952491309385863162e-03 2.056778679026651305e-02 3.679026651216685956e-02 4.345307068366164455e-02 5.214368482039397762e-02 5.648899188876013722e-02 5.764774044032444644e-02 5.909617612977983991e-02 5.967555040556199453e-02 6.083429895712630375e-02
2.031978680879413801e-01 3.546524539196091452e-01 3.952920275371974435e-01 4.026204752387297359e-01 4.046191427936930984e-01 4.072840328669775634e-01 4.079502553852986657e-01 4.083944037308461228e-01 4.083944037308461228e-01 4.101709971130357291e-01
1.643348878525427437e-02 7.150788363313347051e-02 1.383522096380190858e-01 1.738840772818121272e-01 1.863202309571396764e-01 1.956473462136353592e-01 2.000888296691094859e-01 2.038640906062624825e-01 2.063069065067732744e-01 2.076393515434155068e-01
4.663557628247834430e-03 1.754385964912280604e-02 4.508105707306240412e-02 6.884299355984899171e-02 7.928047968021319225e-02 8.416611148123473440e-02 8.549855651787696686e-02 8.616477903619809697e-02 8.927381745502997734e-02 9.038418831889850902e-02
3.708638685320897466e-02 1.379080612924716842e-01 2.289584721296913095e-01 2.820341994226071569e-01 3.031312458361092865e-01 3.102376193648678782e-01 3.131245836109260439e-01 3.155673995114368080e-01 3.166777703753053674e-01 3.171219187208527690e-01
1.554519209415944868e-02 6.728847435043304459e-02 1.174772373972906986e-01 1.421274705751721101e-01 1.499000666222518319e-01 1.565622918054630219e-01 1.627803686431268104e-01 1.665556295802798070e-01 1.694425938263380005e-01 1.696646679991117013e-01
3.426939552594002875e-02 1.042360780580675883e-01 1.559574805648104023e-01 1.802316357290179305e-01 1.857845470410915412e-01 1.887989846105029290e-01 1.905441853085832193e-01 1.911788037442487820e-01 1.921307313977471121e-01 1.929240044423290446e-01
4.089751750477402942e-02 1.274665817950350055e-01 1.965308720560152711e-01 2.154678548695098672e-01 2.215149586250795555e-01 2.261298535964353928e-01 2.267663908338637679e-01 2.272437937619350701e-01 2.274029280712921708e-01 2.278803309993634729e-01
2.265819287095882997e-02 9.173804918485770066e-02 1.619231831997789417e-01 2.439900525006908072e-01 2.898590770931196436e-01 3.097540757115225252e-01 3.155567836418900485e-01 3.185962973197015713e-01 3.213594915722575163e-01 3.232937275490466722e-01
3.149163503444397244e-02 9.461549275973570039e-02 1.397441304653451455e-01 1.554899479825671282e-01 1.601293406438914768e-01 1.644875579924082731e-01 1.647687333052157976e-01 1.650499086180233499e-01 1.656122592436383989e-01 1.657528469000421889e-01
9.391508511054587338e-03 3.776169047153198760e-02 7.200156525141851449e-02 1.033065936216004677e-01 1.148503228331050618e-01 1.285462727450596698e-01 1.389160633926824484e-01 1.432205047935824760e-01 1.447857562120915542e-01 1.469379769125415680e-01
6.392694063926940284e-02 1.141552511415525051e-01 1.415525114155251063e-01 1.666666666666666574e-01 1.735159817351598077e-01 1.894977168949771584e-01 1.894977168949771584e-01 1.917808219178082085e-01 1.963470319634703087e-01 2.054794520547945091e-01
5.012531328320801727e-02 9.774436090225563367e-02 1.077694235588972371e-01 1.253132832080200432e-01 1.428571428571428492e-01 1.553884711779448535e-01 1.679197994987468578e-01 1.704260651629072587e-01 1.754385964912280604e-01 1.804511278195488622e-01
3.139717425431711329e-03 3.139717425431711329e-03 4.709576138147566343e-03 7.849293563579277239e-03 7.849293563579277239e-03 1.098901098901098987e-02 1.098901098901098987e-02 1.255886970172684532e-02 1.255886970172684532e-02 1.412872841444270076e-02
0.000000000000000000e+00 3.590664272890484870e-03 5.385996409335727306e-03 7.181328545780969741e-03 1.077199281867145461e-02 1.077199281867145461e-02 1.077199281867145461e-02 1.077199281867145461e-02 1.077199281867145461e-02 1.615798922800718018e-02
0.000000000000000000e+00 2.779708130646282079e-03 2.779708130646282079e-03 2.779708130646282079e-03 2.779708130646282079e-03 4.169562195969422902e-03 4.864489228630993964e-03 5.559416261292564158e-03 6.949270326615705415e-03 6.949270326615705415e-03
1.410537870472008681e-01 3.756860592755214001e-01 4.936882546652030523e-01 5.337541163556531743e-01 5.422612513721185579e-01 5.450054884742041583e-01 5.458287596048299051e-01 5.474753018660811765e-01 5.485729967069155055e-01 5.491218441273325590e-01
3.293084522502744138e-02 1.273326015367727826e-01 2.217343578485181099e-01 2.952799121844127406e-01 3.279363336992316413e-01 3.438529088913281906e-01 3.518111964873765207e-01 3.562019758507135037e-01 3.575740944017563039e-01 3.603183315038419043e-01
3.485181119648737835e-02 1.333699231613611480e-01 2.574094401756311656e-01 3.251920965971459854e-01 3.537321624588364299e-01 3.627881448957189781e-01 3.693743139407244525e-01 3.723929747530186352e-01 3.732162458836443264e-01 3.740395170142700176e-01
3.293084522502744138e-03 1.948408342480790340e-02 5.049396267837541474e-02 1.012623490669593840e-01 1.377607025246981309e-01 1.575192096597146096e-01 1.660263446761800210e-01 1.726125137211855232e-01 1.759055982436882604e-01 1.767288693743139516e-01
1.097694840834248118e-03 6.586169045005488276e-03 1.756311745334796989e-02 5.021953896816684637e-02 7.848518111964873645e-02 1.018111964873765068e-01 1.108671789242590550e-01 1.171789242590559887e-01 1.207464324917672943e-01 1.232162458836443403e-01
1.784087674352405339e-01 3.580984913179618423e-01 4.199402220324509050e-01 4.309706803302020828e-01 4.351693709080557970e-01 4.372331340734414984e-01 4.379447765442641693e-01 4.380159407913464253e-01 4.383717620267577608e-01 4.385852547680045288e-01
6.739254198690577957e-02 1.410475377170509470e-01 1.713635069740962191e-01 1.795473953885567964e-01 1.816823228010247537e-01 1.831056077426700957e-01 1.834614289780814034e-01 1.836749217193281991e-01 1.840307429547395346e-01 1.844577284372331261e-01
1.423284941645317457e-02 3.707657272986052133e-02 5.059777967549103361e-02 5.493879874750925291e-02 5.686023341873042841e-02 5.750071164247082256e-02 5.792769712496442097e-02 5.821235411329347964e-02 5.828351836037574951e-02 5.828351836037574951e-02
7.450896669513236426e-02 1.754910333048676219e-01 2.218901224025049690e-01 2.342015371477369767e-01 2.375462567606034803e-01 2.391118701964133342e-01 2.398946769143182334e-01 2.403216623968118526e-01 2.403928266438941086e-01 2.405351551380586483e-01
1.280956447480785694e-02 2.810987759749501713e-02 3.707657272986052133e-02 4.020779960148021526e-02 4.163108454312553636e-02 4.205807002561912783e-02 4.220039851978366063e-02 4.241389126103045637e-02 4.255621975519498917e-02 4.255621975519498917e-02
1.102362204724409434e-01 2.684323550465282926e-01 3.385826771653543399e-01 3.657838224767358537e-01 3.801002147458840130e-01 3.851109520400858854e-01 3.894058697208303554e-01 3.944166070150322279e-01 3.951324266284896303e-01 3.958482462419470327e-01
1.975077881619937692e-01 3.445482866043613757e-01 3.950155763239875384e-01 4.105919003115264809e-01 4.161993769470405113e-01 4.199376947040498465e-01 4.224299065420560884e-01 4.230529595015576350e-01 4.236760124610591816e-01 4.236760124610591816e-01
5.671077504725898291e-03 1.890359168241965981e-02 3.402646502835538628e-02 5.040957781978575719e-02 5.734089477000629820e-02 6.049149338374291279e-02 6.301197227473219475e-02 6.553245116572148365e-02 6.994328922495274270e-02 7.246376811594203160e-02
5.583392984967788103e-02 1.467430207587687996e-01 2.097351467430207672e-01 2.426628489620615559e-01 2.576950608446671453e-01 2.634216177523264202e-01 2.684323550465282926e-01 2.734430923407301095e-01 2.755905511811023723e-01 2.777380100214745795e-01
7.158196134574087034e-04 7.158196134574087467e-03 1.216893342877594861e-02 1.932712956335003521e-02 2.219040801717966915e-02 2.791696492483894051e-02 2.934860415175375922e-02 3.364352183249821188e-02 3.650680028632784235e-02 3.650680028632784235e-02
1.479387973881687857e-01 2.813565929246661934e-01 3.192671279602378176e-01 3.245297729266153341e-01 3.259916187506091134e-01 3.268687262450053477e-01 3.268687262450053477e-01 3.270636390215378442e-01 3.273560081863365889e-01 3.276483773511353892e-01
1.033037715622259073e-01 1.872137218594678854e-01 2.113829061494980899e-01 2.148913361270831379e-01 2.154760744566806274e-01 2.161582691745443929e-01 2.163531819510768894e-01 2.164506383393431377e-01 2.167430075041419102e-01 2.168404638924081584e-01
4.093168307182536159e-02 1.073969398694084448e-01 1.395575479972712141e-01 1.436507163044537516e-01 1.441379982457850206e-01 1.446252801871162619e-01 1.447227365753825101e-01 1.448201929636487584e-01 1.450151057401812826e-01 1.451125621284475309e-01
4.668160997953416103e-02 8.673618555696326060e-02 9.921060325504336974e-02 1.002826235259721283e-01 1.009648182438358799e-01 1.011597310203683903e-01 1.011597310203683903e-01 1.013546437969008868e-01 1.014521001851671350e-01 1.014521001851671350e-01
2.611831205535522851e-02 5.019003995711918825e-02 5.525777214696423606e-02 5.632979241789299457e-02 5.662216158269174626e-02 5.701198713575674620e-02 5.710944352402300139e-02 5.710944352402300139e-02 5.710944352402300139e-02 5.710944352402300139e-02
1.288769760953996091e-01 2.465401236256222206e-01 2.822602702259175977e-01 2.884415513374541939e-01 2.901373010229199578e-01 2.906296154477326366e-01 2.909031234615174211e-01 2.912860346808161527e-01 2.915595426946009372e-01 2.917783491056287759e-01
3.872873475192822879e-02 1.281658552595590916e-01 2.038728734751928118e-01 2.401400361030578134e-01 2.563317105191181833e-01 2.642634429188775447e-01 2.684207647284065357e-01 2.704447240304140854e-01 2.721404737158798492e-01 2.736174169903178299e-01
1.854384333460970535e-02 6.132049669055303354e-02 9.074995897379793675e-02 1.073792462119140118e-01 1.130682128986379292e-01 1.168426234888682302e-01 1.193041956129314574e-01 1.206170340790985174e-01 1.215469613259668458e-01 1.220392757507794967e-01
3.112521196871068443e-02 1.029484163886001807e-01 1.649253323122367443e-01 1.969257699250588078e-01 2.120234122859799841e-01 2.208850719326076184e-01 2.258082161807341004e-01 2.288168043323669520e-01 2.301843444012909579e-01 2.308954652371314475e-01
1.077621574312127330e-02 4.151851649253322785e-02 7.455828455773753916e-02 9.534489360538263292e-02 1.056287949236912604e-01 1.112083584049012586e-01 1.150374705978885193e-01 1.171161315026530286e-01 1.181007603522783167e-01 1.195230020239592961e-01
9.709709709709710146e-02 2.576576576576576350e-01 3.392392392392392653e-01 3.621621621621621823e-01 3.669669669669669565e-01 3.695695695695695449e-01 3.705705705705705788e-01 3.712712712712712970e-01 3.730730730730730804e-01 3.737737737737737986e-01
1.223144011912359087e-02 4.605403105722186835e-02 8.881089129972345730e-02 1.213571580514784115e-01 1.345458413103594875e-01 1.409274622420761403e-01 1.452882365454158664e-01 1.485854073601361458e-01 1.514571367794086409e-01 1.524143799191661486e-01
4.859871942899128550e-02 1.578671145166369305e-01 2.555893775585179051e-01 2.957909100451348583e-01 3.043980266610685215e-01 3.072320772541198841e-01 3.084916552954760083e-01 3.096462685000525017e-01 3.104859871942899363e-01 3.109058465414086259e-01
1.531589023611997467e-02 6.381620931716655565e-02 1.154009785152095291e-01 1.453945968942778055e-01 1.558179110827483393e-01 1.606041267815358498e-01 1.626249734099127764e-01 1.631567751542224998e-01 1.644330993405658248e-01 1.645394596894277917e-01
6.062539885130823272e-03 2.478196128483301300e-02 4.764943629015103155e-02 6.551797489895766491e-02 7.509040629653265797e-02 7.902573920442458599e-02 8.062114443735375613e-02 8.179110827483514201e-02 8.242927036800680451e-02 8.296107211231652789e-02
6.370457554803589384e-02 1.566867735765778979e-01 2.083272031778725941e-01 2.246579373252905742e-01 2.290716492570251672e-01 2.318670001471237196e-01 2.330439899955862870e-01 2.336324849198175568e-01 2.345152273061644754e-01 2.352508459614535696e-01
1.244555071561916602e-03 5.911636589919103645e-03 1.571250777846919591e-02 2.691350342252644620e-02 3.515868077162414423e-02 3.998133167392656923e-02 4.262601120099564211e-02 4.309271935283136290e-02 4.418170504044804242e-02 4.449284380833851832e-02
1.391846273695144243e-01 2.612308491300960878e-01 3.096598286159439328e-01 3.196572318878213581e-01 3.217346143858738072e-01 3.235523240716696725e-01 3.240716696961827847e-01 3.247208517268241890e-01 3.248506881329524809e-01 3.253700337574655932e-01
4.369618300989589615e-03 1.799254594525125442e-02 3.354324636936126258e-02 5.012209227605705919e-02 5.603392880092532974e-02 5.796170158077367657e-02 5.886132887803624536e-02 5.937540161932913785e-02 5.976095617529880721e-02 6.027502891659169970e-02
1.470685111989459837e-01 3.023715415019762598e-01 3.598484848484848619e-01 3.748353096179183330e-01 3.779644268774703386e-01 3.789525691699604515e-01 3.799407114624506199e-01 3.807641633728590103e-01 3.809288537549407327e-01 3.812582345191040667e-01
2.160616061606160654e-01 3.764576457645764651e-01 4.136413641364136140e-01 4.193619361936193890e-01 4.209020902090209182e-01 4.222222222222222210e-01 4.239823982398239766e-01 4.248624862486248821e-01 4.264026402640264113e-01 4.268426842684268641e-01
1.146330872774641713e-01 2.292661745549283425e-01 2.761615284411637061e-01 2.854971775944420420e-01 2.878853669127225401e-01 2.907077724706904065e-01 2.915762049500651432e-01 2.930959617889709046e-01 2.941815023881892976e-01 2.950499348675640343e-01
4.114891016500305670e-02 1.091872071705031616e-01 1.413729883886738758e-01 1.525768995722142918e-01 1.542065593807292745e-01 1.558362191892442572e-01 1.574658789977592122e-01 1.582807089020167035e-01 1.595029537584029267e-01 1.605214911387247978e-01
1.213242854205223188e-02 3.454657618753855658e-02 4.750154225786551443e-02 5.202549866337651679e-02 5.469874563026937836e-02 5.613818630475015531e-02 5.634382068681883377e-02 5.737199259716224686e-02 5.778326136129961071e-02 5.860579888957433842e-02
1.241721854304635815e-03 3.932119205298013377e-03 5.380794701986754691e-03 6.622516556291390723e-03 7.450331125827814455e-03 7.657284768211920604e-03 7.657284768211920604e-03 7.864238410596026754e-03 8.071192052980132037e-03 8.278145695364239054e-03
1.113651208360548622e-01 2.606139777922926171e-01 3.383409536250816529e-01 3.595689092096668871e-01 3.644676681907250138e-01 3.693664271717831404e-01 3.736120182887002206e-01 3.742651861528412671e-01 3.758981058131939945e-01 3.765512736773350966e-01
2.253280091272105018e-02 7.387335995436394853e-02 1.266400456360524951e-01 1.697090701654306866e-01 1.936679977181973711e-01 1.979463776383342810e-01 2.013690815744438034e-01 2.033656588705076984e-01 2.042213348545350859e-01 2.050770108385624735e-01
6.541291905151267599e-03 2.262196783864813335e-02 3.297901335513764298e-02 3.843008994276369411e-02 4.088307440719542163e-02 4.415372035977105369e-02 4.715181248296538424e-02 4.878713545925320028e-02 5.069501226492232476e-02 5.260288907059144231e-02
2.548419979612640365e-04 2.038735983690112292e-03 3.567787971457696185e-03 3.567787971457696185e-03 4.077471967380224584e-03 4.332313965341488132e-03 4.841997961264016097e-03 5.351681957186544061e-03 6.625891946992864406e-03 7.390417940876656787e-03
0.000000000000000000e+00 2.087682672233820576e-04 4.175365344467641153e-04 6.263048016701461187e-04 8.350730688935282305e-04 1.043841336116910126e-03 1.252609603340292237e-03 1.252609603340292237e-03 1.461377870563674349e-03 1.461377870563674349e-03
5.997150997150996893e-02 1.490028490028489916e-01 1.975783475783475795e-01 2.081196581196581297e-01 2.096866096866096818e-01 2.119658119658119622e-01 2.133903133903133909e-01 2.152421652421652454e-01 2.165242165242165229e-01 2.169515669515669487e-01
8.262108262108262824e-03 2.977207977207977155e-02 5.512820512820512664e-02 7.179487179487178961e-02 7.663817663817663883e-02 7.806267806267806753e-02 7.877492877492876799e-02 7.934472934472934502e-02 8.062678062678062252e-02 8.205128205128205121e-02
5.698005698005698116e-02 1.547008547008547064e-01 2.045584045584045718e-01 2.156695156695156712e-01 2.178062678062678004e-01 2.195156695156695037e-01 2.212250712250712348e-01 2.213675213675213582e-01 2.220797720797720864e-01 2.223646723646723611e-01
2.279202279202279056e-03 9.401709401709401268e-03 2.321937321937321899e-02 3.547008547008546897e-02 4.031339031339031126e-02 4.430199430199430188e-02 4.586894586894586789e-02 4.800569800569800399e-02 5.099715099715099870e-02 5.213675213675213888e-02
1.913105413105413155e-01 3.565527065527065442e-01 3.917378917378917524e-01 3.944444444444444309e-01 3.950142450142450357e-01 3.961538461538461342e-01 3.962962962962963132e-01 3.968660968660968624e-01 3.981481481481481399e-01 3.987179487179487447e-01
4.371035940803382758e-01 5.576109936575053272e-01 5.718816067653277324e-01 5.745243128964059309e-01 5.755813953488372325e-01 5.766384778012685342e-01 5.766384778012685342e-01 5.766384778012685342e-01 5.776955602536998358e-01 5.776955602536998358e-01
2.510570824524313016e-01 3.567653276955602415e-01 3.678646934460887974e-01 3.699788583509514006e-01 3.715644820295982975e-01 3.731501057082452499e-01 3.736786469344609007e-01 3.742071881606765515e-01 3.757928118393234485e-01 3.768498942917547501e-01
1.733615221987314936e-01 2.832980972515856122e-01 2.954545454545454697e-01 2.970401691331923666e-01 2.980972515856236682e-01 2.980972515856236682e-01 2.986257928118393190e-01 2.991543340380549698e-01 3.002114164904862714e-01 3.023255813953488191e-01
1.680761099365750411e-01 2.896405919661733663e-01 3.070824524312896209e-01 3.086680761099365733e-01 3.102536997885835257e-01 3.113107822410147718e-01 3.123678646934460734e-01 3.128964059196617242e-01 3.134249471458773750e-01 3.134249471458773750e-01
1.929175475687103514e-01 3.504228329809725428e-01 3.742071881606765515e-01 3.773784355179704009e-01 3.805496828752642502e-01 3.821353065539112026e-01 3.826638477801268534e-01 3.826638477801268534e-01 3.826638477801268534e-01 3.826638477801268534e-01
2.906936040406060684e-01 4.492673901085162957e-01 4.790218532779916827e-01 4.816222433365004996e-01 4.823723558533780098e-01 4.837225583837575504e-01 4.845226784017602761e-01 4.851227684152623065e-01 4.856728509276391215e-01 4.858728809321398168e-01
1.661098833324767543e-01 2.966027650716965836e-01 3.297013928149252204e-01 3.329393020506758449e-01 3.339672097445649523e-01 3.344811635915094783e-01 3.350465128231484568e-01 3.354062805160096805e-01 3.357146528241763961e-01 3.360230251323431117e-01
1.118877524798273099e-01 2.354936526699902277e-01 2.786657758133319618e-01 2.868890373644446545e-01 2.888420619828339642e-01 2.899213650614174687e-01 2.906922958318343131e-01 2.912576450634732916e-01 2.915146219869455546e-01 2.916174127563344598e-01
1.126586832502441266e-01 2.071234003186513961e-01 2.380634219047129685e-01 2.433057511435472997e-01 2.444364496068253123e-01 2.449504034537698383e-01 2.454643573007143920e-01 2.457727296088811353e-01 2.459269157629644931e-01 2.460811019170478509e-01
9.549262476229634922e-02 1.884668756745644103e-01 2.256771341933494490e-01 2.325641157424063188e-01 2.334892326669065210e-01 2.343115588220177903e-01 2.345685357454900533e-01 2.349283034383512492e-01 2.355964434393791329e-01 2.360076065169347814e-01
1.603448275862068978e-02 8.603448275862068950e-02 1.862068965517241492e-01 2.796551724137931183e-01 3.179310344827586121e-01 3.317241379310345017e-01 3.368965517241379048e-01 3.400000000000000244e-01 3.412068965517241481e-01 3.413793103448276023e-01
2.931034482758620736e-03 1.465517241379310324e-02 3.310344827586206989e-02 5.896551724137930744e-02 7.413793103448275412e-02 8.517241379310344640e-02 9.103448275862069394e-02 9.396551724137930384e-02 9.517241379310344140e-02 9.603448275862068451e-02
2.413793103448275829e-02 9.637931034482759285e-02 1.941379310344827636e-01 2.653448275862069217e-01 2.910344827586207050e-01 2.962068965517241637e-01 2.970689655172413790e-01 2.979310344827585944e-01 2.986206896551724110e-01 2.994827586206896819e-01
3.103448275862068836e-03 1.431034482758620704e-02 3.465517241379310193e-02 6.051724137931034642e-02 6.931034482758620385e-02 7.827586206896551546e-02 8.379310344827586854e-02 8.603448275862068950e-02 8.793103448275861600e-02 8.862068965517241881e-02
1.250000000000000000e-01 2.724137931034482651e-01 3.239655172413792861e-01 3.327586206896551713e-01 3.351724137931034742e-01 3.375862068965517215e-01 3.379310344827586299e-01 3.394827586206896619e-01 3.401724137931034231e-01 3.410344827586206939e-01
3.408669877732493220e-02 1.281956280103742074e-01 2.119303445720637225e-01 2.671359762875138988e-01 2.938125231567247364e-01 3.097443497591700901e-01 3.204890700259355185e-01 3.238236383845868871e-01 3.256761763616153882e-01 3.278992219340496339e-01
4.816598740274175353e-03 2.334197851055946557e-02 5.668766209707298831e-02 8.743979251574657274e-02 1.048536494998147522e-01 1.185624305298258602e-01 1.278251204149685183e-01 1.352352723230826337e-01 1.400518710633567865e-01 1.422749166357910322e-01
4.075583549462764160e-03 1.407928862541682133e-02 2.964060763245646504e-02 4.223786587625046052e-02 4.816598740274175700e-02 5.075954057058169877e-02 5.372360133382734354e-02 5.631715450166728532e-02 5.891070766950722709e-02 6.039273805113004601e-02
7.780659503519821857e-03 3.964431270841052568e-02 1.074472026676546871e-01 1.726565394590588998e-01 2.045201926639496071e-01 2.185994812893664319e-01 2.263801407928862641e-01 2.311967395331604169e-01 2.349018154872174746e-01 2.363838458688403144e-01
2.667654686921082027e-02 9.707298999629491998e-02 1.685809559095961530e-01 2.211930344572063667e-01 2.486105965172286103e-01 2.630603927380511520e-01 2.730640978140052022e-01 2.767691737680622599e-01 2.782512041496850719e-01 2.797332345313078839e-01
4.303086997193639185e-02 1.534144059869036458e-01 1.997193638914873670e-01 2.207670720299345080e-01 2.254443405051450022e-01 2.273152478952291944e-01 2.296538821328344138e-01 2.305893358278765237e-01 2.310570626753975787e-01 2.315247895229186059e-01
4.911131898971000942e-02 1.463985032740879322e-01 1.842843779232928025e-01 1.969130028063610927e-01 1.992516370439663120e-01 2.029934518241346963e-01 2.057998129092609985e-01 2.057998129092609985e-01 2.062675397567820257e-01 2.076707202993451906e-01
3.984238178633975336e-02 1.418563922942206734e-01 2.285464098073555217e-01 2.758318739054290702e-01 2.894045534150612720e-01 2.955341506129597340e-01 3.007880910683012332e-01 3.025394045534150478e-01 3.029772329246935292e-01 3.038528896672504365e-01
5.999117776797530110e-02 1.720335244816938725e-01 2.779003087781208858e-01 3.215703573003970139e-01 3.392148213498015208e-01 3.440670489633877449e-01 3.471548301720335239e-01 3.502426113806793029e-01 3.506837229819144142e-01 3.511248345831495254e-01
7.254677357770140944e-03 1.527300496372661388e-02 2.367315769377625195e-02 3.207331042382588482e-02 3.398243604429171394e-02 3.550973654066437446e-02 3.589156166475754306e-02 3.703703703703703498e-02 3.703703703703703498e-02 3.703703703703703498e-02
1.306984525303220464e-02 6.283981597657883889e-02 1.371810957758260174e-01 1.968841488916771298e-01 2.212463404433291647e-01 2.332705980761187736e-01 2.388122124634044219e-01 2.405897114178168206e-01 2.415307402760351330e-01 2.420535340861564300e-01
1.767043078209953877e-02 7.685069008782935418e-02 1.436637390213299781e-01 1.955248849853617743e-01 2.193642827268925122e-01 2.338979506482643245e-01 2.419489753241321761e-01 2.448766206608113671e-01 2.474905897114178244e-01 2.497908824759514923e-01
4.757423672103722190e-02 1.475324132162275093e-01 2.127770807193642699e-01 2.411125052279380898e-01 2.490589711417816876e-01 2.534504391468004880e-01 2.546005855290673359e-01 2.555416143872856760e-01 2.570054370556252854e-01 2.581555834378920777e-01
1.233793391886239994e-02 5.656629025512337899e-02 1.143872856545378458e-01 1.562107904642409117e-01 1.708490171476369779e-01 1.778544542032622355e-01 1.800501882057716496e-01 1.813048933500627236e-01 1.821413634462568099e-01 1.826641572563780791e-01
1.547469677959012989e-02 5.447511501463822570e-02 1.072772898368883343e-01 1.468005018820577046e-01 1.591384358009201305e-01 1.643663739021329895e-01 1.668757841907151929e-01 1.677122542869092514e-01 1.681304893350062668e-01 1.683396068590548023e-01
6.143194681026430126e-02 1.292928182867190412e-01 1.522061651739106680e-01 1.556129457662508986e-01 1.568218033957909652e-01 1.575910764327710378e-01 1.582504533216110842e-01 1.587999340623111044e-01 1.592944667289411531e-01 1.596241551733611763e-01
6.764107918017472909e-02 1.470959942854002944e-01 1.870432441342931018e-01 1.995714050222539837e-01 2.018792241331941184e-01 2.034177702071542360e-01 2.038573547997142577e-01 2.041870432441342809e-01 2.049563162811143535e-01 2.052860047255343767e-01
9.879663717786692223e-02 1.774273311720424295e-01 2.039123028737842847e-01 2.077586680586845369e-01 2.086378372438046080e-01 2.092972141326446545e-01 2.094071102807846529e-01 2.099016429474147016e-01 2.103961756140447226e-01 2.108907082806747713e-01
1.736359140612121418e-02 5.555250288477388970e-02 8.703774932688609911e-02 1.065992636958074669e-01 1.153909555470080811e-01 1.199516456948183929e-01 1.215451398428485097e-01 1.223693609538985677e-01 1.229188416945986018e-01 1.231935820649486257e-01
1.351722622122094632e-02 3.412275399747238813e-02 4.813451288532336753e-02 5.758558162536402819e-02 6.417935051376449929e-02 7.159734051321500758e-02 7.742183636463541296e-02 8.044398043848563495e-02 8.121325347546567985e-02 8.192757843837573939e-02
1.077642170864710480e-01 2.308491300960789361e-01 2.727862892755128499e-01 2.805764736432095341e-01 2.830433653596468591e-01 2.848610750454427243e-01 2.855102570760841285e-01 2.860296027005972408e-01 2.864191119189820611e-01 2.871981303557517573e-01
9.114515710205141341e-02 2.277330563490002624e-01 2.807063100493378260e-01 2.907037133212152513e-01 2.938197870682939250e-01 2.949883147234484415e-01 2.953778239418333174e-01 2.955076603479615538e-01 2.961568423786029580e-01 2.962866787847312500e-01
5.920540119449493877e-02 1.572318878213451177e-01 2.037133212152687500e-01 2.157881069851986522e-01 2.203323811996883985e-01 2.220202544793559996e-01 2.224097636977408476e-01 2.235782913528953642e-01 2.239678005712801845e-01 2.243573097896650326e-01
8.218644507920021269e-02 1.977408465333679588e-01 2.448714619579329954e-01 2.547390288236821565e-01 2.579849389768891221e-01 2.600623214749415713e-01 2.605816670994546835e-01 2.609711763178395039e-01 2.614905219423526161e-01 2.617501947546092000e-01
4.907816151648922154e-02 1.228252401973513319e-01 1.655414178135549141e-01 1.772266943650999682e-01 1.803427681121786419e-01 1.828096598286159391e-01 1.837185146715138995e-01 1.844975331082835679e-01 1.850168787327966802e-01 1.851467151389249444e-01
7.605177993527507951e-02 2.168284789644013000e-01 2.961165048543689116e-01 3.268608414239482229e-01 3.300970873786407966e-01 3.430420711974109804e-01 3.478964401294498132e-01 3.478964401294498132e-01 3.478964401294498132e-01 3.495145631067961278e-01
4.854368932038834877e-02 1.359223300970873738e-01 2.087378640776698935e-01 2.508090614886731573e-01 2.605177993527508229e-01 2.637540453074433411e-01 2.686084142394821739e-01 2.718446601941747476e-01 2.718446601941747476e-01 2.718446601941747476e-01
3.722721437740693362e-02 1.001283697047496840e-01 1.476251604621309499e-01 1.720154043645699682e-01 1.784338896020539189e-01 1.810012836970474881e-01 1.835686777920410850e-01 1.848523748395378696e-01 1.848523748395378696e-01 1.848523748395378696e-01
1.287553648068669523e-02 3.690987124463519092e-02 5.493562231759656356e-02 7.381974248927038185e-02 7.811158798283261706e-02 8.068669527896996096e-02 8.240343347639485228e-02 8.326180257510729099e-02 8.412017167381974359e-02 8.497854077253218230e-02
1.853759011328527315e-02 7.003089598352214840e-02 1.024716786817713721e-01 1.138002059732234755e-01 1.220391349124613778e-01 1.230690010298661208e-01 1.246138002059732214e-01 1.266735324407826935e-01 1.271884654994850650e-01 1.271884654994850650e-01
2.341381246490735479e-01 3.834924199887703722e-01 4.199887703537338313e-01 4.244806288601908895e-01 4.256035934868051540e-01 4.264458169567658663e-01 4.272880404267265786e-01 4.277091521617069070e-01 4.279898933183604592e-01 4.288321167883211715e-01
3.051643192488262893e-02 1.107198748043818487e-01 2.044209702660406969e-01 2.816901408450704358e-01 3.286384976525821844e-01 3.482003129890453574e-01 3.595461658841940800e-01 3.660015649452268982e-01 3.706964006259780842e-01 3.769561815336462951e-01
1.075899843505477224e-02 6.064162754303599467e-02 1.428012519561815408e-01 2.224178403755868449e-01 2.584115805946791689e-01 2.818857589984350431e-01 2.908841940532081449e-01 2.979264475743348961e-01 3.030125195618153522e-01 3.057511737089201875e-01
8.020344287949921283e-03 5.242566510172144006e-02 1.326291079812206564e-01 1.946400625978090826e-01 2.237871674491392904e-01 2.486306729264475823e-01 2.623239436619718146e-01 2.742566510172144145e-01 2.832550860719874608e-01 2.865805946791862291e-01
5.672926447574335243e-03 3.423317683881064305e-02 7.805164319248826532e-02 1.214788732394366244e-01 1.516040688575899797e-01 1.680359937402191028e-01 1.805555555555555525e-01 1.885758998435054790e-01 1.952269170579029600e-01 1.985524256651017283e-01
3.228416693214399280e-01 4.510990761388977144e-01 4.742274609748327596e-01 4.767760433258999564e-01 4.773494743548901131e-01 4.779229053838802144e-01 4.783051927365403189e-01 4.786874800892003678e-01 4.790697674418604723e-01 4.791971965594138405e-01
1.411914622491239335e-01 2.509716470213443906e-01 2.816183497929276580e-01 2.868429436126154752e-01 2.879898056705957332e-01 2.887543803759158867e-01 2.892640968461293594e-01 2.894552405224593561e-01 2.896463841987894083e-01 2.900286715514495128e-01
2.614896988906497549e-02 6.508942721304052104e-02 8.942721304052524134e-02 9.859633235227530101e-02 1.018791034638895227e-01 1.036336880235453894e-01 1.043128820466379947e-01 1.047090785601086649e-01 1.049920760697305860e-01 1.052750735793525072e-01
9.408436846636329676e-03 2.890173410404624221e-02 4.519739269462550585e-02 5.602016972082154989e-02 6.038617636207108813e-02 6.247694010576804874e-02 6.303037756733488595e-02 6.333784282376091201e-02 6.352232197761653598e-02 6.389128028532775616e-02
2.949112129007969065e-03 1.167095438288259963e-02 2.227520863399636009e-02 3.225199221936374261e-02 3.607956328041664329e-02 3.733450461190939568e-02 3.758549287820794199e-02 3.808746941080504156e-02 3.821296354395432165e-02 3.833845767710359481e-02
3.845772623649519606e-02 1.460997125582317313e-01 2.363960749330954458e-01 2.691049658043413451e-01 2.757458618297155550e-01 2.784220438100901696e-01 2.791158687679651251e-01 2.795123401724650680e-01 2.800079294280899966e-01 2.803052829814649538e-01
4.559421151749429996e-03 1.724650609574784541e-02 3.122212310437109603e-02 3.558330855387055458e-02 3.707007632074536818e-02 3.786301912974526784e-02 3.796213698087025357e-02 3.855684408762018178e-02 3.865596193874516751e-02 3.875507978987015323e-02
3.171771235999603419e-03 1.070472792149866105e-02 1.655268113787293147e-02 1.952621667162255867e-02 2.131033799187233638e-02 2.240063435424720015e-02 2.259887005649717506e-02 2.289622360987213917e-02 2.309445931212211409e-02 2.339181286549707472e-02
3.072653384874615961e-03 8.920606601248885076e-03 1.526414907324809278e-02 1.863415601149766981e-02 2.022004162949747261e-02 2.131033799187233638e-02 2.160769154524730049e-02 2.170680939637228621e-02 2.200416294974725032e-02 2.210328080087223604e-02
4.063831896124491840e-03 1.179502428387352482e-02 1.843592030924769490e-02 2.319357716324709981e-02 2.557240559024680226e-02 2.696005550599663014e-02 2.715829120824660506e-02 2.745564476162156917e-02 2.775299831499652981e-02 2.795123401724650472e-02
3.485971091947042549e-02 1.181829223855216798e-01 1.551074942305356585e-01 1.605733025628567900e-01 1.626381634884003502e-01 1.638527875622494967e-01 1.651888740434835356e-01 1.655532612656382963e-01 1.662820357099477619e-01 1.668893477468723352e-01
3.510263573424025202e-02 1.106522531276569882e-01 1.438114903437386072e-01 1.504919227499089129e-01 1.524353212680675251e-01 1.538928701566865120e-01 1.546216446009960055e-01 1.552289566379205510e-01 1.558362686748451242e-01 1.560791934896149646e-01
2.247054536620915824e-02 5.939511721122312654e-02 8.538807239159480755e-02 9.316166646422932573e-02 9.510506498238795181e-02 9.680553868577675136e-02 9.959917405562977721e-02 1.000850236851694441e-01 1.009352605368638439e-01 1.016640349811733235e-01
4.008259443702174088e-03 1.081015425725737923e-02 1.943398518158629892e-02 2.732904166160573384e-02 3.048706425361350641e-02 3.170168832746265292e-02 3.279484999392687922e-02 3.303777480869670574e-02 3.376654925300619225e-02 3.437386128993076551e-02
2.441394388436778778e-02 6.971942183894085099e-02 9.449775294546337856e-02 1.027571966476375498e-01 1.053079072027207630e-01 1.071298433134944689e-01 1.078586177578039623e-01 1.084659297947285356e-01 1.094376290538078417e-01 1.100449410907324149e-01
1.907867916836526734e-01 3.045250713412148147e-01 3.293925805136567742e-01 3.338768854463921576e-01 3.367305340399510682e-01 3.412148389726865072e-01 3.424378312270688896e-01 3.440684875662454179e-01 3.448838157358336542e-01 3.473298002445984745e-01
9.294741133306155811e-02 2.079086832450061095e-01 2.539747248267427704e-01 2.657969832857725034e-01 2.702812882185079424e-01 2.731349368120668530e-01 2.747655931512433813e-01 2.759885854056257637e-01 2.784345699143905284e-01 2.804728903383612026e-01
1.300448430493273411e-01 2.515287403179780057e-01 2.837342030167142037e-01 2.898491642886261710e-01 2.947411333061557004e-01 2.996331023236852853e-01 3.028944150020383419e-01 3.057480635955972526e-01 3.069710558499796349e-01 3.077863840195678713e-01
6.033428454953118636e-02 1.463514064410925408e-01 1.858948226661231162e-01 1.960864247859763487e-01 1.997554015491235235e-01 2.022013860578882882e-01 2.058703628210354630e-01 2.075010191602119913e-01 2.087240114145943737e-01 2.111699959233591384e-01
6.114961271911944704e-03 1.630656339176518588e-02 2.242152466367712885e-02 2.649816551161842532e-02 2.894415002038320389e-02 2.935181410517733250e-02 3.057480635955972179e-02 3.057480635955972179e-02 3.179779861394211454e-02 3.261312678353037176e-02
8.962264150943395624e-02 2.216981132075471761e-01 2.830188679245282946e-01 3.128930817610062753e-01 3.270440251572326873e-01 3.537735849056603543e-01 3.647798742138364525e-01 3.679245283018867663e-01 3.726415094339622369e-01 3.773584905660377631e-01
4.482294935006723687e-04 1.792917974002689475e-03 3.585835948005378949e-03 4.930524428507395730e-03 7.171671896010757899e-03 7.619901389511430159e-03 7.619901389511430159e-03 8.068130883012102419e-03 8.516360376512774680e-03 8.516360376512774680e-03
0.000000000000000000e+00 7.518796992481203458e-04 1.503759398496240692e-03 2.255639097744361037e-03 2.631578947368420993e-03 2.631578947368420993e-03 2.631578947368420993e-03 2.631578947368420993e-03 2.631578947368420993e-03 3.759398496240601295e-03
3.565062388591800258e-04 1.069518716577540132e-03 1.782531194295900075e-03 1.782531194295900075e-03 1.782531194295900075e-03 2.139037433155080263e-03 2.139037433155080263e-03 2.139037433155080263e-03 2.139037433155080263e-03 2.139037433155080263e-03
0.000000000000000000e+00 0.000000000000000000e+00 0.000000000000000000e+00 0.000000000000000000e+00 0.000000000000000000e+00 0.000000000000000000e+00 0.000000000000000000e+00 0.000000000000000000e+00 0.000000000000000000e+00 0.000000000000000000e+00
2.122459480319012215e-01 3.555441214304090325e-01 4.041677386158991636e-01 4.144584512477488825e-01 4.165165937741188706e-01 4.185747363004888033e-01 4.193465397478775558e-01 4.201183431952662528e-01 4.211474144584512747e-01 4.214046822742474885e-01
5.942886544893234008e-02 1.296629791613069238e-01 1.751993825572421004e-01 1.968098790841265877e-01 2.022125032158476887e-01 2.081296629791613007e-01 2.119886802161049522e-01 2.137895549266786710e-01 2.145613583740673957e-01 2.145613583740673957e-01
2.263956779006946404e-02 6.303061487007975694e-02 8.489837921276048582e-02 9.698996655518395127e-02 1.044507332132750127e-01 1.090815538976074028e-01 1.101106251607923830e-01 1.134551067661435514e-01 1.157705171083097534e-01 1.165423205556984781e-01
7.460766658091072707e-03 1.878055055312580560e-02 2.932853100077180419e-02 3.859017236943658447e-02 4.579367121173141125e-02 4.888088500128633801e-02 5.042449189606380139e-02 5.196809879084126477e-02 5.248263442243375487e-02 5.299717005402623804e-02
1.029071263184975658e-03 2.829945973758683005e-03 5.402624131721121825e-03 7.460766658091072707e-03 1.003344481605351196e-02 1.106251607923848697e-02 1.312065860560843872e-02 1.414972986879341373e-02 1.543606894777463379e-02 1.595060457936712042e-02
1.935883324160704577e-01 4.061640066042928043e-01 4.639515685195377270e-01 4.682168409466153092e-01 4.700055035773252343e-01 4.711062190423775387e-01 4.715189873417721667e-01 4.723445239405613671e-01 4.731700605393505676e-01 4.737204182718767198e-01
6.906989543203082005e-02 2.102366538249862415e-01 2.834342322509631473e-01 3.028343423225096087e-01 3.061364887176664662e-01 3.087506879471656474e-01 3.094386351128233237e-01 3.109521188772702005e-01 3.115024766097963527e-01 3.119152449091909807e-01
2.696752889378095652e-02 8.640616400660429408e-02 1.272702256466703430e-01 1.488717666483214130e-01 1.534122179416620713e-01 1.547881122729774239e-01 1.557512383048981763e-01 1.567143643368189287e-01 1.575399009356081570e-01 1.575399009356081570e-01
1.084204733076499783e-01 2.889378095762245580e-01 3.670886075949367222e-01 3.822234452394056015e-01 3.848376444689047826e-01 3.869014859658778116e-01 3.880022014309301159e-01 3.885525591634562681e-01 3.897908640616400411e-01 3.904788112272977174e-01
3.962575674188222041e-02 1.175013758943313086e-01 1.726747385800770362e-01 1.915244909190974010e-01 1.946890478811227343e-01 1.959273527793065628e-01 1.975784259768849638e-01 1.978536048431480399e-01 1.982663731425426401e-01 1.986791414419372681e-01
9.413854351687389599e-02 2.486678507992895193e-01 3.410301953818827836e-01 3.747779751332149245e-01 3.801065719360568473e-01 3.801065719360568473e-01 3.806986382474837338e-01 3.812907045589106203e-01 3.818827708703374513e-01 3.824748371817643378e-01
3.670811130846654557e-02 1.373593842510361096e-01 2.161042036708111236e-01 2.699822380106571829e-01 2.966252220248667970e-01 3.132030787448193965e-01 3.137951450562462830e-01 3.149792776791000559e-01 3.155713439905269424e-01 3.161634103019538289e-01
2.338661930136175238e-01 4.363528715216103970e-01 5.050325636471284518e-01 5.162818235642392395e-01 5.186500888099466744e-01 5.198342214328004474e-01 5.204262877442273894e-01 5.204262877442273894e-01 5.210183540556542203e-01 5.216104203670811623e-01
6.149425287356322101e-02 1.643678160919540276e-01 2.241379310344827624e-01 2.494252873563218287e-01 2.678160919540230056e-01 2.810344827586206962e-01 2.833333333333333259e-01 2.850574712643678121e-01 2.867816091954022983e-01 2.908045977011494143e-01
3.966844286560095023e-02 1.071640023682652459e-01 1.604499703966844326e-01 1.983422143280047234e-01 2.285375962107756009e-01 2.534043812907045834e-01 2.605091770278271102e-01 2.640615748963883735e-01 2.658377738306690330e-01 2.658377738306690330e-01
4.361475501737863136e-02 1.068505437829353061e-01 1.376835968157865131e-01 1.441865680008969641e-01 1.463168516649848705e-01 1.479986545576858492e-01 1.485592555219195088e-01 1.492319766789999003e-01 1.499046978360802918e-01 1.506895391860073874e-01
1.055847001792947770e-02 2.735905438608141407e-02 3.778471346038913409e-02 4.601899196493790950e-02 4.807756159107510335e-02 4.880802178099475502e-02 4.927286008367089132e-02 4.953848197091440669e-02 4.980410385815791513e-02 5.020253668902317778e-02
1.151219512195121933e-02 3.973983739837398665e-02 6.380487804878048896e-02 7.317073170731706877e-02 7.473170731707316772e-02 7.551219512195121719e-02 7.622764227642275792e-02 7.635772357723577541e-02 7.674796747967480015e-02 7.739837398373983213e-02
3.135069232778890658e-03 1.175650962292083997e-02 1.994252373073238799e-02 2.508055386223112526e-02 2.673517373508664877e-02 2.786728206914569281e-02 2.838979360794217574e-02 2.917356091613689667e-02 2.943481668553513814e-02 2.960898719846729796e-02
1.009081735620585276e-03 2.690884628321560737e-03 4.596927906715999809e-03 7.960533692117950297e-03 9.418096199125461712e-03 1.121201928467316887e-02 1.188474044175356036e-02 1.233322121314048628e-02 1.255746159883395011e-02 1.289382217737414585e-02
7.142857142857142634e-03 2.988721804511278168e-02 6.372180451127819334e-02 9.887218045112781961e-02 1.255639097744360999e-01 1.456766917293233210e-01 1.539473684210526383e-01 1.571428571428571397e-01 1.588345864661654117e-01 1.597744360902255689e-01
2.819548872180450971e-03 1.240601503759398462e-02 2.500000000000000139e-02 4.078947368421052821e-02 4.924812030075188113e-02 5.394736842105263275e-02 5.827067669172932007e-02 6.240601503759398566e-02 6.597744360902255134e-02 6.672932330827067993e-02
7.687969924812029787e-02 2.417293233082706827e-01 3.505639097744360777e-01 3.883458646616541610e-01 3.953007518796992636e-01 3.969924812030075079e-01 3.979323308270676929e-01 3.994360902255639223e-01 4.000000000000000222e-01 4.005639097744360666e-01
2.406015037593985106e-02 9.135338345864661702e-02 1.827067669172932340e-01 2.584586466165413321e-01 2.859022556390977687e-01 2.921052631578947567e-01 2.943609022556391008e-01 2.966165413533834450e-01 2.975563909774436300e-01 2.979323308270676596e-01
7.518796992481203458e-04 3.947368421052631707e-03 1.578947368421052683e-02 2.575187969924811957e-02 3.308270676691729001e-02 4.135338345864661425e-02 4.492481203007518686e-02 4.567669172932330851e-02 4.642857142857143016e-02 4.699248120300751619e-02
1.898966704936854155e-01 3.917336394948335299e-01 4.638346727898966515e-01 4.838117106773823228e-01 4.897818599311136722e-01 4.927669345579793192e-01 4.948335246842709423e-01 4.966704936854190455e-01 4.985074626865671488e-01 4.994259471871412281e-01
8.358208955223880854e-02 1.839265212399540661e-01 2.344431687715269885e-01 2.576349024110218267e-01 2.665901262916188230e-01 2.704936854190585493e-01 2.725602755453501724e-01 2.755453501722158194e-01 2.773823191733639226e-01 2.789896670493685615e-01
1.605051664753157359e-01 3.262916188289322617e-01 3.958668197474167760e-01 4.208955223880597174e-01 4.282433983926521304e-01 4.328358208955223607e-01 4.335246842709529203e-01 4.355912743972445433e-01 4.371986222732491267e-01 4.388059701492537101e-01
1.244546498277841612e-01 2.645235361653271999e-01 3.269804822043628212e-01 3.455797933409873735e-01 3.533869115958668261e-01 3.575200918484500723e-01 3.588978185993111358e-01 3.607347876004592391e-01 3.618828932261767828e-01 3.625717566016073423e-01
8.955223880597014408e-02 1.857634902411021693e-01 2.337543053960964290e-01 2.525832376578645011e-01 2.606199770378874736e-01 2.654420206659012793e-01 2.693455797933410056e-01 2.702640642939150295e-01 2.721010332950631327e-01 2.734787600459242518e-01
3.493168342356277323e-02 6.032482598607888380e-02 6.805877803557618122e-02 7.025006444960041341e-02 7.115235885537510296e-02 7.141015725702500039e-02 7.166795565867491169e-02 7.205465326114977864e-02 7.218355246197473429e-02 7.218355246197473429e-02
3.187411740972362351e-02 7.242283639297962539e-02 9.542061730885616211e-02 1.030865442808150123e-01 1.061125680855356107e-01 1.075247125277385557e-01 1.091385918902562091e-01 1.097437966512003205e-01 1.101472664918297373e-01 1.103490014121444457e-01
1.723430447271235080e-02 4.431678292983175921e-02 6.032006565449322955e-02 6.585966352072220031e-02 7.037340993024210345e-02 7.160443167829298738e-02 7.242511284366023872e-02 7.283545342634387132e-02 7.345096430036930635e-02 7.345096430036930635e-02
1.304893350062735248e-02 2.747804265997490572e-02 3.375156838143036214e-02 3.676286072772898261e-02 3.801756587202007737e-02 3.826850690087829632e-02 3.877038895859472728e-02 3.914680050188205918e-02 3.927227101631116518e-02 3.939774153074027813e-02
1.233333333333333330e-02 3.033333333333333368e-02 4.566666666666666791e-02 5.533333333333333159e-02 5.833333333333333426e-02 6.066666666666666735e-02 6.099999999999999867e-02 6.199999999999999956e-02 6.199999999999999956e-02 6.233333333333333087e-02
4.491188175099488505e-02 1.265870759901459031e-01 1.881750994883456540e-01 2.139473185522076937e-01 2.226643926473375057e-01 2.251279135872654991e-01 2.268334280841387274e-01 2.275914345271934924e-01 2.281599393594845593e-01 2.285389425810119279e-01
4.408735063864853421e-02 1.808817470127729587e-01 2.882159044087350686e-01 3.329213020189534245e-01 3.502266172229089314e-01 3.537288833951380274e-01 3.555830243098475618e-01 3.566131025957972600e-01 3.574371652245570408e-01 3.576431808817470137e-01
7.883895131086142427e-02 2.677902621722846321e-01 4.003745318352059934e-01 4.451310861423221077e-01 4.516853932584269926e-01 4.529962546816479474e-01 4.539325842696629310e-01 4.554307116104868713e-01 4.569288389513108672e-01 4.588014981273408344e-01
2.533992583436341095e-02 7.911001236093942457e-02 1.308199423156160002e-01 1.681087762669963015e-01 1.792336217552533972e-01 1.833539348990523288e-01 1.843840131850020547e-01 1.852080758137618355e-01 1.868562010712814248e-01 1.876802637000412055e-01
1.442109600329624999e-03 6.386485372888339902e-03 1.627523691800576711e-02 3.172641120725175345e-02 4.161516275236917806e-02 4.861969509682735613e-02 5.727235269880510959e-02 6.056860321384425344e-02 6.324680675731356172e-02 6.448290070045323286e-02
2.037550672071687663e-01 3.541711115852357317e-01 3.870279496479624437e-01 3.910817153829742043e-01 3.942820567527202669e-01 3.951354811179859094e-01 3.957755493919351553e-01 3.964156176658843456e-01 3.966289737572007423e-01 3.968423298485171946e-01
4.300070109838747406e-02 1.079691516709511551e-01 1.521383500817947987e-01 1.661603178312689999e-01 1.706006076186024900e-01 1.715354054685674090e-01 1.720028043935498963e-01 1.727039027810235994e-01 1.734050011684973025e-01 1.736387006309885461e-01
0.000000000000000000e+00 4.673989249824725607e-04 2.103295162421126279e-03 3.739191399859780485e-03 3.972890862351016739e-03 4.440289787333489245e-03 4.907688712315961752e-03 5.375087637298434258e-03 5.608787099789670078e-03 6.076186024772143451e-03
1.075017527459686852e-02 2.687543818649217042e-02 4.767469034821220086e-02 5.632157046038794440e-02 6.006076186024772445e-02 6.239775648516008438e-02 6.356625379761626782e-02 6.473475111007244431e-02 6.543584949754616131e-02 6.543584949754616131e-02
2.103295162421126279e-03 3.739191399859780485e-03 6.076186024772143451e-03 7.244683337228324284e-03 8.880579574666978490e-03 1.004907688712316019e-02 1.051647581210563183e-02 1.051647581210563183e-02 1.121757419957934016e-02 1.121757419957934016e-02
6.620477290223249212e-02 1.843298263621589161e-01 2.552390727910358592e-01 2.852621674792575335e-01 2.921050380634676036e-01 2.950987939440595231e-01 2.962107604139936901e-01 2.968095115901120407e-01 2.973227268839278015e-01 2.975793345308356819e-01
9.334565619223659724e-03 4.112754158964879864e-02 7.874306839186691331e-02 1.089648798521256901e-01 1.239371534195933405e-01 1.318853974121996231e-01 1.353974121996303071e-01 1.365988909426986975e-01 1.376155268022181133e-01 1.383548983364140395e-01
4.433221099887766498e-02 1.304713804713804604e-01 1.922933034044145284e-01 2.178264122708567230e-01 2.271791994014216165e-01 2.320426487093153745e-01 2.338196782641226990e-01 2.344743733632622396e-01 2.349420127197905106e-01 2.355967078189300512e-01
6.776958341638428945e-03 2.860275064779748896e-02 5.391668327685868178e-02 7.703807056009567833e-02 9.069164839545544587e-02 9.906318517042056460e-02 1.048435319912298241e-01 1.071357384891369335e-01 1.089296392266294600e-01 1.100259118995415564e-01
1.368565112117064953e-03 4.632066533319296499e-03 1.063269817875565904e-02 1.526476471207495467e-02 1.852826613327718600e-02 2.263396146962838237e-02 2.558164017264975137e-02 2.747657648173491840e-02 2.873986735445836424e-02 2.989788398778818815e-02
5.428170332241460255e-02 1.113710809546092639e-01 1.403837154890032746e-01 1.478708469817501259e-01 1.516144127281235376e-01 1.539541413196069131e-01 1.558259241927936467e-01 1.562938699110903162e-01 1.572297613476836553e-01 1.581656527842770221e-01
4.085257548845470932e-02 1.358792184724689212e-01 2.255772646536411963e-01 2.664298401420959195e-01 2.806394316163410285e-01 2.912966252220248742e-01 2.992895204262877584e-01 3.028419182948490218e-01 3.055062166962699832e-01 3.081705150976909446e-01
4.440497335701598311e-03 2.664298401420958987e-02 4.618117229129662521e-02 7.548845470692717996e-02 9.680284191829484353e-02 1.092362344582593209e-01 1.190053285968028368e-01 1.216696269982237982e-01 1.269982238010657072e-01 1.332149200710479597e-01
3.374777975133214786e-02 9.769094138543517325e-02 1.465364120781527668e-01 1.749555950266429849e-01 1.847246891651865008e-01 1.944937833037300168e-01 1.971580817051509782e-01 1.980461811722913079e-01 2.007104795737122693e-01 2.024866785079929010e-01
5.328596802841918494e-03 2.753108348134991265e-02 5.328596802841917973e-02 8.792184724689165731e-02 1.056838365896980436e-01 1.207815275310834824e-01 1.332149200710479597e-01 1.385435168738898826e-01 1.429840142095914757e-01 1.447602131438721074e-01
