1.044256588761810073e-01 2.759820984584783754e-01 3.518150174042764533e-01 3.692192938836399985e-01 3.741919443063152495e-01 3.781700646444555169e-01 3.806563898557931425e-01 3.818995524614619552e-01 3.831427150671307680e-01 3.843858776727995807e-01
6.151990349819059373e-02 1.534378769601930093e-01 2.123039806996381285e-01 2.347406513872135059e-01 2.376357056694813064e-01 2.388419782870928876e-01 2.400482509047044688e-01 2.412545235223160500e-01 2.419782870928829932e-01 2.434258142340168796e-01
3.680078508341511501e-03 1.472031403336604601e-02 2.355250245338567222e-02 3.091265947006869436e-02 3.606476938174681124e-02 3.900883218842002287e-02 3.974484789008832231e-02 3.974484789008832231e-02 3.974484789008832231e-02 3.974484789008832231e-02
2.809547488811536473e-02 8.677274987568374398e-02 1.402287419194430673e-01 1.616111387369467967e-01 1.752859273993038203e-01 1.844853306812531124e-01 1.887120835405270980e-01 1.911984087518647513e-01 1.914470412729984972e-01 1.914470412729984972e-01
1.989060169070114206e-03 5.967180507210343050e-03 1.243162605668821433e-02 1.889607160616608647e-02 2.386872202884137220e-02 2.585778219791148511e-02 2.809547488811536473e-02 3.182496270512182729e-02 3.232222774738936072e-02 3.257086026852312050e-02
7.632398753894080456e-02 2.352024922118380046e-01 3.348909657320872091e-01 3.551401869158878344e-01 3.598130841121495171e-01 3.644859813084111999e-01 3.660436137071650942e-01 3.691588785046728827e-01 3.707165109034267769e-01 3.753894080996884597e-01
3.894080996884734941e-02 1.277258566978193011e-01 1.978193146417445425e-01 2.071651090342679080e-01 2.102803738317756965e-01 2.118380062305295908e-01 2.118380062305295908e-01 2.133956386292834850e-01 2.133956386292834850e-01 2.149532710280373793e-01
9.345794392523363789e-03 2.959501557632398736e-02 5.451713395638629195e-02 7.320872274143301606e-02 7.943925233644859307e-02 8.099688473520248733e-02 8.255451713395638158e-02 8.411214953271027583e-02 8.566978193146417009e-02 8.566978193146417009e-02
1.869158878504672758e-02 1.028037383177570069e-01 1.557632398753893976e-01 1.806853582554517057e-01 1.838006230529594942e-01 1.838006230529594942e-01 1.853582554517133885e-01 1.853582554517133885e-01 1.869158878504672827e-01 1.884735202492211770e-01
9.345794392523363789e-03 4.672897196261682068e-02 6.853582554517133330e-02 8.099688473520248733e-02 8.566978193146417009e-02 8.566978193146417009e-02 8.566978193146417009e-02 8.566978193146417009e-02 8.566978193146417009e-02 8.566978193146417009e-02
2.546143869101067381e-01 4.408859622867404848e-01 4.915693904020752014e-01 5.034420832086201614e-01 5.057368053477002690e-01 5.077322159034221016e-01 5.089294622368552012e-01 5.111244138481492172e-01 5.123216601815823168e-01 5.145166117928763327e-01
7.442881372842462262e-02 2.001396787389005394e-01 2.668861618277960646e-01 2.815524294123515903e-01 2.841464631347899727e-01 2.859423326349396222e-01 2.871395789683727218e-01 2.876384316073031799e-01 2.883368253018058214e-01 2.887359074129501879e-01
1.805846552928264820e-02 5.088296917090691374e-02 7.562606006185772223e-02 8.390701386810335560e-02 8.620173600718347706e-02 8.789783497954704872e-02 8.829691709069141525e-02 8.859622867404969015e-02 8.909508131298014832e-02 8.939439289633842323e-02
8.280953806245635110e-03 2.264790980744288071e-02 3.152748678040506736e-02 3.591739000299311313e-02 3.761348897535667785e-02 3.831188266985932622e-02 3.851142372543150949e-02 3.881073530878978439e-02 3.920981741993415093e-02 3.930958794772024256e-02
1.197246333433103944e-02 3.382220891948518188e-02 4.449765539259702835e-02 4.719145964282150940e-02 4.828893544846852431e-02 4.858824703182679922e-02 4.888755861518507412e-02 4.898732914297116575e-02 4.908709967075725739e-02 4.908709967075725739e-02
1.005392046731071708e-02 2.353403729498989086e-02 2.740957088294765365e-02 2.802740957088294821e-02 2.808357672433161104e-02 2.813974387778027386e-02 2.813974387778027386e-02 2.813974387778027386e-02 2.813974387778027386e-02 2.819591103122893669e-02
4.100202201752414961e-03 1.348011682767917378e-02 2.010784093462143415e-02 2.179285553808132936e-02 2.201752415187598413e-02 2.212985845877330979e-02 2.218602561222197261e-02 2.229835991911929827e-02 2.235452707256796109e-02 2.235452707256796109e-02
1.887216355875084156e-02 3.780049427095034942e-02 4.689957312963378977e-02 5.004493372275892887e-02 5.055043810379689778e-02 5.060660525724556408e-02 5.077510671759154909e-02 5.088744102448888168e-02 5.088744102448888168e-02 5.088744102448888168e-02
0.000000000000000000e+00 5.616715344866321958e-05 1.123343068973264392e-04 2.246686137946528783e-04 2.246686137946528783e-04 3.931700741406425506e-04 3.931700741406425506e-04 5.055043810379690169e-04 5.055043810379690169e-04 5.055043810379690169e-04
2.308470006740058478e-02 3.353179060885194684e-02 3.448663221747921837e-02 3.459896652437654402e-02 3.465513367782521031e-02 3.476746798472253597e-02 3.482363513817119532e-02 3.482363513817119532e-02 3.482363513817119532e-02 3.482363513817119532e-02
1.455190771960958307e-02 4.223602484472049889e-02 6.104702750665483291e-02 6.619343389529724897e-02 6.672582076308784804e-02 6.725820763087843324e-02 6.743566992014196626e-02 6.779059449866903231e-02 6.779059449866903231e-02 6.779059449866903231e-02
1.952085181898846568e-03 5.678793256433008196e-03 8.695652173913043584e-03 9.228039041703637452e-03 1.029281277728482692e-02 1.029281277728482692e-02 1.047027506654835821e-02 1.064773735581188950e-02 1.135758651286601639e-02 1.135758651286601639e-02
3.371783496007098400e-03 7.630878438331854113e-03 1.064773735581188950e-02 1.135758651286601639e-02 1.188997338065661026e-02 1.206743566992014155e-02 1.206743566992014155e-02 1.206743566992014155e-02 1.206743566992014155e-02 1.206743566992014155e-02
0.000000000000000000e+00 0.000000000000000000e+00 0.000000000000000000e+00 0.000000000000000000e+00 3.549245785270630123e-04 3.549245785270630123e-04 3.549245785270630123e-04 3.549245785270630123e-04 3.549245785270630123e-04 3.549245785270630123e-04
3.016858917480035387e-03 1.490683229813664565e-02 2.608695652173912902e-02 3.478260869565217434e-02 3.797692990239574101e-02 4.028393966282164951e-02 4.134871339840284071e-02 4.188110026619343285e-02 4.205856255545696587e-02 4.294587400177462405e-02
1.696599159342758803e-02 5.311425296140619146e-02 8.880397401604890606e-02 1.123423767672907941e-01 1.261750095529231841e-01 1.349636988918609115e-01 1.411539931218953048e-01 1.426824608330148902e-01 1.429881543752388184e-01 1.430645777607948144e-01
3.821169277799006474e-04 2.445548337791363970e-03 5.961024073366449731e-03 9.935040122277416508e-03 1.314482231562858275e-02 1.505540695452808539e-02 1.688956820787160945e-02 1.857088269010317289e-02 1.887657623232709067e-02 1.902942300343905130e-02
8.108521207489491345e-02 2.130683989300725945e-01 3.028658769583492671e-01 3.439816583874665823e-01 3.595720290408865316e-01 3.656094764998089608e-01 3.691249522353840518e-01 3.714940771876193981e-01 3.729461215131830154e-01 3.737867787542988318e-01
1.987008024455483388e-03 8.865112724493695584e-03 1.704241497898357008e-02 2.338555598012992051e-02 2.697745510126098659e-02 3.011081390905617078e-02 3.240351547573557672e-02 3.339701948796331560e-02 3.400840657241115811e-02 3.431410011463507936e-02
0.000000000000000000e+00 0.000000000000000000e+00 1.528467711119602481e-04 2.292701566679403993e-04 4.585403133358807986e-04 6.878104700038211979e-04 8.406572411157813918e-04 8.406572411157813918e-04 9.170806266717615972e-04 9.170806266717615972e-04
3.754727174500269854e-02 7.833603457590491981e-02 1.002160994057266358e-01 1.037277147487844359e-01 1.045380875202593235e-01 1.048082117774176147e-01 1.053484602917341972e-01 1.056185845488924885e-01 1.056185845488924885e-01 1.056185845488924885e-01
2.519762845849802396e-02 6.793478260869564855e-02 8.967391304347825665e-02 9.016798418972332696e-02 9.066205533596838340e-02 9.090909090909091161e-02 9.090909090909091161e-02 9.090909090909091161e-02 9.090909090909091161e-02 9.090909090909091161e-02
3.033472803347280269e-02 5.439330543933054707e-02 6.046025104602510691e-02 6.046025104602510691e-02 6.046025104602510691e-02 6.046025104602510691e-02 6.046025104602510691e-02 6.046025104602510691e-02 6.046025104602510691e-02 6.046025104602510691e-02
5.466816647919010147e-02 8.323959505061867548e-02 8.661417322834645549e-02 8.661417322834645549e-02 8.661417322834645549e-02 8.661417322834645549e-02 8.661417322834645549e-02 8.661417322834645549e-02 8.661417322834645549e-02 8.661417322834645549e-02
2.313013402507566041e-02 4.258538694336359842e-02 4.712494595763078165e-02 4.712494595763078165e-02 4.712494595763078165e-02 4.712494595763078165e-02 4.712494595763078165e-02 4.712494595763078165e-02 4.712494595763078165e-02 4.712494595763078165e-02
1.554741554741554677e-01 3.622303622303622572e-01 4.531949531949531762e-01 4.820919820919821186e-01 4.892144892144892343e-01 4.955229955229955019e-01 4.981684981684981750e-01 5.008140008140008481e-01 5.036630036630036500e-01 5.056980056980057148e-01
1.226656182425791275e-01 3.247493611165716554e-01 4.366031059563593719e-01 4.670729310005897195e-01 4.761155887556516864e-01 4.804403381167682285e-01 4.822095537644977559e-01 4.843719284450559992e-01 4.869274621584430696e-01 4.892864163554157542e-01
1.078693240189028124e-01 2.975138689130881198e-01 3.969591123895623852e-01 4.236696116704335435e-01 4.304499691801931260e-01 4.347647421409492341e-01 4.366139305527018677e-01 4.388740497226217285e-01 4.409287035134579757e-01 4.423669611670433266e-01
2.843822843822843907e-02 8.904428904428904334e-02 1.421911421911421780e-01 1.622377622377622342e-01 1.671328671328671245e-01 1.710955710955711084e-01 1.722610722610722622e-01 1.734265734265734160e-01 1.738927738927738831e-01 1.762237762237762184e-01
2.145392807532026450e-02 6.930081802747337094e-02 1.077326747954931302e-01 1.339712918660287133e-01 1.421515665997839239e-01 1.463188763698101691e-01 1.481710140453773861e-01 1.509492205587281977e-01 1.531100478468899462e-01 1.541904614909708204e-01
1.367781155015197585e-02 3.153495440729483373e-02 4.065349544072948546e-02 4.331306990881458874e-02 4.407294832826747638e-02 4.559270516717325167e-02 4.635258358662613931e-02 4.711246200607902695e-02 4.863221884498480224e-02 4.863221884498480224e-02
0.000000000000000000e+00 0.000000000000000000e+00 3.799392097264437675e-04 3.799392097264437675e-04 3.799392097264437675e-04 3.799392097264437675e-04 3.799392097264437675e-04 3.799392097264437675e-04 3.799392097264437675e-04 3.799392097264437675e-04
7.218844984802431919e-02 1.344984802431611060e-01 1.523556231003039552e-01 1.588145896656534828e-01 1.618541033434650334e-01 1.645136778115501575e-01 1.645136778115501575e-01 1.652735562310030382e-01 1.660334346504559189e-01 1.671732522796352538e-01
7.598784194528875350e-04 3.419452887537993962e-03 5.319148936170212637e-03 5.319148936170212637e-03 5.319148936170212637e-03 5.699088145896656459e-03 5.699088145896656459e-03 5.699088145896656459e-03 6.079027355623100280e-03 6.079027355623100280e-03
6.079027355623100280e-03 1.747720364741641233e-02 2.165653495440729437e-02 2.583586626139817641e-02 2.925531914893617080e-02 3.001519756838905845e-02 3.001519756838905845e-02 3.077507598784194609e-02 3.077507598784194609e-02 3.115501519756838991e-02
1.739707835325365326e-01 3.081009296148738419e-01 3.379814077025232177e-01 3.413014608233731484e-01 3.426294820717131207e-01 3.432934926958831068e-01 3.432934926958831068e-01 3.436254980079680998e-01 3.449535192563081276e-01 3.449535192563081276e-01
1.059096945551128849e-01 2.005312084993359778e-01 2.207835325365205825e-01 2.231075697211155340e-01 2.237715803452855201e-01 2.241035856573705132e-01 2.244355909694555062e-01 2.244355909694555062e-01 2.247675962815404993e-01 2.247675962815404993e-01
1.535883831332030269e-01 2.482546774643954179e-01 2.666852834403797834e-01 2.691985478916503749e-01 2.694777994973471258e-01 2.705948059201340183e-01 2.705948059201340183e-01 2.705948059201340183e-01 2.708740575258307692e-01 2.708740575258307692e-01
6.606905710491367545e-02 1.045816733067729126e-01 1.155378486055776838e-01 1.162018592297476699e-01 1.162018592297476699e-01 1.171978751660026630e-01 1.178618857901726491e-01 1.198539176626826075e-01 1.205179282868525936e-01 1.205179282868525936e-01
4.415670650730411928e-02 7.470119521912350902e-02 7.901726427622841886e-02 8.001328021248339806e-02 8.034528552456839112e-02 8.034528552456839112e-02 8.034528552456839112e-02 8.034528552456839112e-02 8.034528552456839112e-02 8.034528552456839112e-02
9.253198452841415733e-02 1.883368045224635412e-01 2.210651591788158343e-01 2.261231776257066339e-01 2.267182386194585009e-01 2.285034216007140739e-01 2.288009520975899935e-01 2.290984825944659409e-01 2.290984825944659409e-01 2.290984825944659409e-01
2.201725676881880270e-02 7.289497173460279811e-02 1.038381434096994904e-01 1.130615888128533170e-01 1.178220767628681970e-01 1.193097292472478366e-01 1.199047902409997035e-01 1.202023207378756370e-01 1.207973817316274900e-01 1.207973817316274900e-01
1.563763817740631071e-02 5.014828794823402575e-02 7.657050417902400152e-02 9.193852790509571271e-02 9.813966028579132472e-02 1.000269614451334554e-01 1.008358047991372297e-01 1.008358047991372297e-01 1.008358047991372297e-01 1.011054192504718258e-01
5.611409866729015310e-03 2.314706570025719043e-02 4.278700023380874184e-02 5.775075987841945396e-02 6.593406593406593574e-02 7.201309328968903689e-02 7.505260696750058746e-02 7.668926817862987966e-02 7.902735562310030104e-02 8.066401683422960711e-02
0.000000000000000000e+00 2.975304968759297838e-04 8.925914906277893513e-04 1.785182981255578703e-03 2.082713478131508270e-03 2.082713478131508270e-03 2.082713478131508270e-03 2.380243975007438270e-03 2.380243975007438270e-03 2.380243975007438270e-03
9.953495961491393151e-03 1.745941094884555927e-02 1.892795953332789341e-02 1.900954556579913593e-02 1.900954556579913593e-02 1.900954556579913593e-02 1.909113159827037498e-02 1.909113159827037498e-02 1.909113159827037498e-02 1.909113159827037498e-02
3.263441298849636832e-04 1.958064779309782316e-03 2.855511136493432255e-03 3.018683201435914260e-03 3.018683201435914260e-03 3.100269233907155045e-03 3.181855266378395830e-03 3.181855266378395830e-03 3.181855266378395830e-03 3.181855266378395830e-03
4.895161948274455790e-03 1.060618422126131943e-02 1.305376519539854820e-02 1.386962552011095778e-02 1.395121155258219857e-02 1.403279758505343935e-02 1.403279758505343935e-02 1.403279758505343935e-02 1.403279758505343935e-02 1.411438361752468014e-02
4.454597372929754162e-02 8.068858611405727022e-02 8.713388267928530440e-02 8.819450110141144328e-02 8.843925919882515696e-02 8.860243126376764200e-02 8.860243126376764200e-02 8.860243126376764200e-02 8.860243126376764200e-02 8.860243126376764200e-02
2.251774496206249490e-02 4.552500611895243798e-02 5.164395855429550208e-02 5.449946969078893477e-02 5.490739985314514043e-02 5.490739985314514043e-02 5.490739985314514043e-02 5.490739985314514043e-02 5.490739985314514043e-02 5.490739985314514043e-02
3.484295628532588923e-02 9.064892323102238803e-02 1.189811833726836937e-01 1.299277384274164782e-01 1.318594834370751812e-01 1.320741217714817284e-01 1.322172139944194080e-01 1.322887601058882479e-01 1.322887601058882479e-01 1.322887601058882479e-01
3.004936681691350222e-03 1.323603062173570911e-02 2.682979180081562429e-02 3.677470129498461998e-02 4.214065965514774553e-02 4.507405022537024769e-02 4.593260356299635333e-02 4.593260356299635333e-02 4.593260356299635333e-02 4.607569578593403298e-02
4.600414967446519315e-02 1.035987694068827292e-01 1.268512556342562825e-01 1.309293839879802634e-01 1.309293839879802634e-01 1.311440223223867829e-01 1.312155684338556227e-01 1.313586606567933024e-01 1.313586606567933024e-01 1.314302067682621422e-01
9.014810045074050232e-03 2.339557845031122602e-02 3.405594905916863729e-02 3.849180797023681738e-02 3.970809186520712908e-02 3.985118408814480873e-02 3.992273019961364855e-02 3.992273019961364855e-02 3.992273019961364855e-02 4.006582242255133514e-02
2.361021678471774896e-03 4.936681691350075334e-03 9.014810045074050232e-03 1.166201616942119136e-02 1.244902339557845024e-02 1.252056950704729180e-02 1.266366172998497491e-02 1.273520784145381647e-02 1.273520784145381647e-02 1.273520784145381647e-02
7.683615819209040076e-02 1.575141242937853070e-01 1.850847457627118609e-01 1.898305084745762761e-01 1.916384180790960401e-01 1.928813559322034021e-01 1.932203389830508544e-01 1.936723163841807815e-01 1.941242937853107364e-01 1.944632768361581887e-01
1.717514124293785180e-02 3.209039548022599164e-02 3.502824858757062204e-02 3.593220338983051099e-02 3.615819209039548149e-02 3.615819209039548149e-02 3.627118644067796327e-02 3.627118644067796327e-02 3.638418079096045199e-02 3.638418079096045199e-02
8.700564971751412885e-03 2.033898305084745617e-02 2.384180790960451976e-02 2.463276836158191999e-02 2.463276836158191999e-02 2.474576271186440524e-02 2.474576271186440524e-02 2.474576271186440524e-02 2.474576271186440524e-02 2.485875706214689396e-02
1.355932203389830599e-03 3.502824858757062291e-03 4.293785310734462950e-03 4.406779661016949068e-03 4.406779661016949068e-03 4.406779661016949068e-03 4.406779661016949068e-03 4.406779661016949068e-03 4.406779661016949068e-03 4.406779661016949068e-03
6.440677966101694858e-03 1.943502824858757069e-02 2.644067796610169441e-02 2.858757062146892805e-02 2.858757062146892805e-02 2.937853107344632828e-02 2.949152542372881353e-02 2.960451977401129878e-02 2.971751412429378403e-02 2.983050847457627275e-02
2.985799029300736929e-01 4.663850440409850751e-01 4.915513212295524181e-01 4.931691533345317069e-01 4.934387920186949494e-01 4.936185511414704075e-01 4.936185511414704075e-01 4.936185511414704075e-01 4.937983102642459210e-01 4.938881898256336500e-01
1.850681592488941096e-01 3.301435406698564612e-01 3.626433149769793252e-01 3.647196894466010475e-01 3.653516295025728833e-01 3.655321838042791538e-01 3.655321838042791538e-01 3.655321838042791538e-01 3.655321838042791538e-01 3.655321838042791538e-01
6.808990877456973234e-02 1.411642998213110123e-01 1.617605567572651115e-01 1.645819618169848675e-01 1.647700554876328494e-01 1.649581491582808312e-01 1.649581491582808312e-01 1.649581491582808312e-01 1.650521959936048222e-01 1.650521959936048222e-01
1.973207820419985506e-02 4.951122375090514366e-02 5.992034757422157881e-02 6.381245474293989473e-02 6.462708182476466223e-02 6.462708182476466223e-02 6.462708182476466223e-02 6.462708182476466223e-02 6.462708182476466223e-02 6.462708182476466223e-02
6.461737284224129858e-04 1.569279054740145823e-03 2.123142250530785525e-03 2.307763315794332092e-03 2.400073848426105376e-03 2.400073848426105376e-03 2.400073848426105376e-03 2.400073848426105376e-03 2.400073848426105376e-03 2.400073848426105376e-03
3.711618490608480786e-02 1.245079293667753911e-01 1.860870543245979059e-01 2.097064447193791592e-01 2.144865594421324906e-01 2.158924755370599524e-01 2.166797885502193266e-01 2.172983916319874143e-01 2.176358114947699873e-01 2.180294680013496744e-01
3.400095627689528940e-03 1.248472613292248880e-02 1.854114646974446001e-02 2.311002496945226484e-02 2.507570525421027458e-02 2.581947617276736037e-02 2.587260266695000713e-02 2.587260266695000713e-02 2.592572916113265735e-02 2.592572916113265735e-02
1.708582384120897746e-02 6.383218675989624225e-02 1.157663245742641261e-01 1.498251945415585984e-01 1.642043532198037559e-01 1.681515732491259685e-01 1.691101838276756475e-01 1.695612946881696059e-01 1.697868501184165990e-01 1.699560166911018300e-01
2.679631409350443846e-02 7.315280682910282883e-02 1.049239640454519701e-01 1.170218780032788730e-01 1.197919611057719491e-01 1.203007518796992414e-01 1.206964780371982543e-01 1.209791395782689738e-01 1.212618011193397072e-01 1.213748657357679867e-01
7.077844988410876559e-02 1.887048448188139438e-01 2.508338515461586149e-01 2.648538639832664354e-01 2.659845101475493134e-01 2.668324947707614858e-01 2.672282209282604848e-01 2.674543501611170715e-01 2.675108824693312459e-01 2.675674147775453648e-01
3.212851405622489664e-02 6.604194556001784233e-02 7.675145024542615046e-02 7.920571173583221269e-02 8.009817045961624415e-02 8.076751450245425734e-02 8.121374386434628001e-02 8.232931726907630199e-02 8.299866131191432905e-02 8.344489067380633784e-02
1.325955314261850204e-01 3.284610565880142219e-01 4.103153059093756494e-01 4.276466903320108592e-01 4.314053038212570246e-01 4.362079766130716463e-01 4.382960952182083925e-01 4.401754019628315029e-01 4.418458968469409220e-01 4.426811442889956316e-01
8.924587237840249550e-04 1.115573404730031302e-03 1.338688085676037432e-03 1.338688085676037432e-03 1.338688085676037432e-03 1.338688085676037432e-03 1.561802766622043780e-03 1.561802766622043780e-03 1.561802766622043780e-03 2.231146809460062604e-03
4.908522980812137469e-03 1.628737170905845619e-02 2.141900937081659892e-02 2.699687639446675738e-02 2.945113788487282308e-02 3.123605533244087559e-02 3.145917001338688346e-02 3.235162873717090798e-02 3.235162873717090798e-02 3.279785809906291677e-02
2.231146809460062387e-04 6.693440428380187162e-04 8.924587237840249550e-04 1.561802766622043780e-03 1.784917447568049910e-03 2.008032128514056040e-03 2.454261490406068735e-03 2.454261490406068735e-03 2.677376171352074865e-03 2.677376171352074865e-03
1.972145344165699421e-01 3.405945897687706614e-01 3.668422462280153673e-01 3.679135791447192272e-01 3.683599678600125160e-01 3.688956343183644182e-01 3.692527452905990382e-01 3.697884117489509959e-01 3.705026336934202358e-01 3.710383001517721380e-01
1.678421569502722838e-02 4.624587090438353476e-02 6.499419694670119374e-02 7.160074993304169078e-02 7.392197125256673440e-02 7.481474868315328430e-02 7.499330416927059428e-02 7.526113739844657313e-02 7.543969288456388311e-02 7.570752611373984808e-02
1.556111061512364946e-01 2.689045620926702740e-01 2.944379966074457400e-01 2.989911615034371861e-01 3.002410499062583837e-01 3.009552718507276237e-01 3.011338273368449059e-01 3.018480492813141458e-01 3.022051602535487658e-01 3.027408267119007235e-01
2.856887777876975301e-03 1.160610659762521119e-02 2.321221319525042237e-02 3.303276493170252681e-02 4.133559503615748254e-02 4.419248281403446305e-02 4.535309347379698486e-02 4.606731541826622478e-02 4.615659316132487977e-02 4.660298187661816166e-02
8.302830104454959198e-03 3.089009909829479664e-02 4.472814927238639299e-02 5.294170163378270066e-02 5.508436746719042737e-02 5.615570038389429419e-02 5.678064458530488606e-02 5.704847781448085103e-02 5.704847781448085103e-02 5.722703330059816101e-02
6.632765863365023239e-03 1.680300685385805945e-02 2.454123369445058642e-02 2.697324784435109479e-02 2.852089321246959949e-02 2.918416979880610052e-02 2.984744638514260501e-02 3.073181516692460868e-02 3.095290736237010787e-02 3.161618394870661236e-02
4.839099927413500948e-04 2.661504960077425413e-03 4.113234938301475914e-03 5.323009920154850826e-03 5.564964916525525981e-03 5.806919912896201137e-03 5.806919912896201137e-03 5.806919912896201137e-03 5.806919912896201137e-03 5.806919912896201137e-03
1.447135262847017156e-02 4.193738924985233180e-02 5.788541051388068626e-02 6.379208505611340396e-02 6.585942114589486696e-02 6.615475487300649660e-02 6.645008860011814011e-02 6.763142350856467255e-02 6.792675723567631607e-02 6.822209096278794571e-02
6.597549481621112211e-03 1.727929626138862557e-02 2.733270499528746636e-02 3.393025447690857510e-02 3.455859252277725113e-02 3.707194470625196220e-02 3.801445177505497625e-02 3.864278982092365922e-02 3.895695884385799723e-02 3.989946591266101128e-02
2.513352183474709331e-03 4.084197298146402880e-03 7.854225573358466009e-03 1.005340873389883732e-02 1.005340873389883732e-02 1.068174677976751509e-02 1.068174677976751509e-02 1.099591580270185311e-02 1.131008482563619286e-02 1.162425384857053087e-02
8.140208574739281333e-02 2.048088064889918847e-01 2.676709154113557365e-01 2.893974507531865692e-01 2.963499420625724246e-01 2.995365005793742541e-01 3.033024333719582799e-01 3.050405561993047576e-01 3.064889918887601650e-01 3.076477404403244464e-01
2.578215527230590803e-02 6.923522595596755258e-02 9.791425260718424062e-02 1.074739281575897987e-01 1.126882966396292041e-01 1.167439165701042864e-01 1.190614136732329048e-01 1.207995365005793686e-01 1.219582850521436918e-01 1.225376593279258464e-01
2.462340672074159881e-02 6.749710312862108874e-02 9.820393974507532486e-02 1.115295480880648948e-01 1.219582850521436918e-01 1.271726535341830833e-01 1.289107763615295610e-01 1.303592120509849406e-01 1.312282734646581794e-01 1.323870220162224887e-01
2.526071842410196888e-01 4.611819235225955715e-01 5.057937427578215184e-01 5.156431054461182439e-01 5.220162224797219030e-01 5.280996523754345473e-01 5.336037079953650508e-01 5.356315179606025989e-01 5.379490150637311618e-01 5.399768250289687099e-01
3.476245654692931581e-03 1.390498261877172632e-02 2.114716106604866766e-02 2.288528389339513497e-02 2.433371958285052150e-02 2.520278099652375342e-02 2.636152954808806612e-02 2.636152954808806612e-02 2.636152954808806612e-02 2.636152954808806612e-02
1.541194759049522578e-01 2.700421940928269815e-01 2.973573173439928996e-01 3.015767266266933255e-01 3.024650233177881287e-01 3.029091716633355302e-01 3.031312458361092865e-01 3.035753941816566881e-01 3.035753941816566881e-01 3.040195425272040897e-01
1.021541194759049455e-02 4.108372196313568592e-02 7.950255385298689303e-02 1.014878969575838397e-01 1.083721963135687305e-01 1.132578281145902727e-01 1.163668665334221669e-01 1.185876082611592303e-01 1.201421274705751774e-01 1.216966466799911106e-01
1.110370863868532110e-03 3.997335109926715598e-03 1.288030202087497161e-02 2.131912058627581652e-02 2.376193648678658760e-02 2.509438152342882353e-02 2.553852986897623897e-02 2.598267821452365095e-02 2.731512325116589035e-02 2.775927159671330233e-02
2.998001332445036568e-02 1.070397512769264980e-01 1.765489673550965921e-01 2.127470575172107359e-01 2.271818787475016754e-01 2.316233622029758021e-01 2.329558072396180346e-01 2.351765489673550980e-01 2.356206973129024995e-01 2.360648456584499288e-01
6.884299355984898651e-03 3.109038418831889736e-02 5.218743060182100962e-02 6.528980679546968202e-02 6.862091938707527705e-02 7.106373528758605507e-02 7.395069953364423465e-02 7.683766377970241424e-02 7.772596047079724513e-02 7.794803464357094591e-02
1.412026019355862305e-02 3.918768840234809064e-02 5.568776772965254585e-02 6.155798825955893783e-02 6.330318895763921427e-02 6.457242582897032568e-02 6.520704426463588832e-02 6.568300809138505336e-02 6.615897191813421840e-02 6.679359035379978105e-02
2.259707192870782921e-02 7.511139401654996772e-02 1.214194780394653034e-01 1.336728198599617945e-01 1.370146403564608539e-01 1.397199236155315105e-01 1.403564608529598856e-01 1.408338637810311877e-01 1.411521323997453892e-01 1.414704010184595906e-01
1.547388781431334633e-02 6.797457861287647951e-02 1.163304780326056970e-01 1.787786681403702727e-01 2.138712351478308793e-01 2.298977618126554212e-01 2.343188726167449443e-01 2.357004697430229445e-01 2.376347057198121004e-01 2.390163028460900729e-01
8.716434697033601312e-03 2.769576831154224594e-02 4.006748207507380977e-02 4.358217348516800482e-02 4.540981301841698348e-02 4.625333895683959168e-02 4.625333895683959168e-02 4.639392661324335393e-02 4.639392661324335393e-02 4.639392661324335393e-02
3.913128546272745013e-03 1.623948346703189133e-02 2.817452553316376548e-02 3.991391117198200139e-02 4.480532185482292984e-02 4.813148111915476618e-02 4.989238896497749653e-02 5.126198395617295733e-02 5.184895323811387208e-02 5.184895323811387208e-02
6.849315068493150305e-02 1.073059360730593548e-01 1.415525114155251063e-01 1.689497716894977075e-01 1.735159817351598077e-01 1.917808219178082085e-01 1.940639269406392586e-01 1.986301369863013588e-01 2.009132420091324089e-01 2.054794520547945091e-01
3.759398496240601295e-02 8.521303258145362935e-02 9.523809523809523281e-02 1.102756892230576380e-01 1.253132832080200432e-01 1.353383458646616466e-01 1.503759398496240518e-01 1.528822055137844527e-01 1.629072681704260561e-01 1.679197994987468578e-01
0.000000000000000000e+00 0.000000000000000000e+00 0.000000000000000000e+00 0.000000000000000000e+00 0.000000000000000000e+00 0.000000000000000000e+00 0.000000000000000000e+00 0.000000000000000000e+00 0.000000000000000000e+00 0.000000000000000000e+00
0.000000000000000000e+00 0.000000000000000000e+00 0.000000000000000000e+00 0.000000000000000000e+00 1.795332136445242435e-03 3.590664272890484870e-03 3.590664272890484870e-03 3.590664272890484870e-03 3.590664272890484870e-03 3.590664272890484870e-03
0.000000000000000000e+00 0.000000000000000000e+00 0.000000000000000000e+00 0.000000000000000000e+00 0.000000000000000000e+00 0.000000000000000000e+00 0.000000000000000000e+00 0.000000000000000000e+00 0.000000000000000000e+00 0.000000000000000000e+00
1.495609220636663073e-01 3.839187705817782570e-01 5.054884742041712009e-01 5.469264544456641230e-01 5.568057080131723069e-01 5.600987925356750718e-01 5.614709110867178721e-01 5.631174533479692546e-01 5.653128430296378015e-01 5.661361141602634373e-01
3.238199780461031851e-02 1.190998902305159118e-01 2.055433589462129507e-01 2.700329308452250054e-01 3.015916575192096327e-01 3.194291986827662022e-01 3.271130625686059501e-01 3.309549945115257685e-01 3.326015367727771510e-01 3.350713501646542247e-01
3.402854006586168711e-02 1.240395170142700315e-01 2.299670691547749668e-01 2.870472008781558837e-01 3.144895718990120548e-01 3.229967069154774939e-01 3.284851811196487503e-01 3.315038419319429330e-01 3.320526893523600420e-01 3.331503841931943155e-01
8.232711306256860345e-04 1.015367727771679558e-02 2.579582875960483024e-02 5.076838638858397618e-02 7.107574094401755693e-02 8.205268935236004202e-02 8.809001097694840743e-02 9.330406147091108160e-02 9.577387486278814144e-02 9.687156970362238717e-02
0.000000000000000000e+00 8.232711306256860345e-04 4.390779363336992473e-03 1.728869374313940846e-02 2.661909989023051454e-02 3.841931942919868392e-02 4.418221734357848790e-02 4.774972557628979347e-02 4.939626783754116207e-02 5.049396267837541474e-02
1.733561058923996645e-01 3.501992598918303168e-01 4.077711357813834092e-01 4.178052946199829476e-01 4.222174779390834298e-01 4.247793908340449787e-01 4.262026757756903206e-01 4.267008255052661680e-01 4.274124679760888390e-01 4.278394534585824305e-01
6.269570167947623174e-02 1.308710503842869244e-01 1.583404497580415682e-01 1.657415314545972185e-01 1.680187873612297156e-01 1.695132365499573135e-01 1.699402220324509050e-01 1.705095360091090362e-01 1.710076857386848836e-01 1.714346712211784751e-01
1.046114432109308302e-02 2.732707087959009365e-02 3.842869342442357256e-02 4.134642755479647075e-02 4.341019072018217906e-02 4.397950469684031027e-02 4.447765442641617162e-02 4.483347566182750016e-02 4.490463990890976309e-02 4.490463990890976309e-02
4.960148021633931092e-02 1.182749786507258788e-01 1.437517791061770633e-01 1.485197836606888810e-01 1.500142328494164512e-01 1.509393680614859179e-01 1.513663535439795094e-01 1.517933390264731008e-01 1.518645032735553568e-01 1.520068317677198966e-01
6.048961001992599062e-03 1.316538571021918548e-02 1.693709080557927529e-02 1.814688300597779719e-02 1.864503273555365853e-02 1.878736122971818787e-02 1.885852547680045427e-02 1.885852547680045427e-02 1.885852547680045427e-02 1.892968972388272067e-02
1.052254831782390848e-01 2.562634216177523405e-01 3.206871868289191130e-01 3.464566929133858220e-01 3.593414459556191765e-01 3.650680028632784513e-01 3.693629205440229213e-01 3.722261989978525309e-01 3.736578382247673358e-01 3.750894774516821961e-01
1.956386292834891016e-01 3.389408099688473452e-01 3.856697819314641729e-01 4.037383177570093573e-01 4.118380062305295741e-01 4.161993769470405113e-01 4.199376947040498465e-01 4.236760124610591816e-01 4.267912772585669701e-01 4.280373831775701188e-01
3.780718336483932050e-03 1.386263390044108375e-02 2.457466918714555637e-02 3.528670447385003073e-02 3.906742281033396408e-02 4.158790170132325298e-02 4.410838059231254188e-02 4.536862003780718633e-02 4.536862003780718633e-02 4.599873976055450508e-02
5.153901216893343185e-02 1.410164638511095248e-01 1.911238367931281379e-01 2.211882605583392891e-01 2.333571939871152412e-01 2.383679312813171136e-01 2.455261274158911933e-01 2.483894058697208307e-01 2.512526843235504681e-01 2.526843235504652729e-01
7.158196134574087034e-04 2.863278453829634813e-03 5.010737294201861140e-03 7.158196134574087467e-03 8.589835361488905308e-03 1.002147458840372228e-02 1.002147458840372228e-02 1.073729420186113163e-02 1.145311381531853925e-02 1.145311381531853925e-02
1.335152519247636560e-01 2.515349381151934516e-01 2.846701101257187450e-01 2.892505603742325238e-01 2.907124061982263030e-01 2.920767956339537785e-01 2.932462722931488130e-01 2.938310106227463026e-01 2.947081181171425923e-01 2.953903128350063301e-01
1.588539128739888812e-02 2.991911119773901090e-02 3.362245395185654157e-02 3.410973589318779670e-02 3.420719228145405189e-02 3.420719228145405189e-02 3.440210505798654839e-02 3.440210505798654839e-02 3.440210505798654839e-02 3.440210505798654839e-02
4.872819413312542633e-03 1.247441769808010914e-02 1.539810934606763472e-02 1.559302212260013643e-02 1.559302212260013643e-02 1.559302212260013643e-02 1.559302212260013643e-02 1.559302212260013643e-02 1.559302212260013643e-02 1.559302212260013643e-02
3.313517201052528990e-03 6.529578013838807128e-03 7.114316343436312244e-03 7.114316343436312244e-03 7.114316343436312244e-03 7.114316343436312244e-03 7.114316343436312244e-03 7.114316343436312244e-03 7.114316343436312244e-03 7.114316343436312244e-03
7.114316343436312244e-03 1.237696130981385916e-02 1.344898158074261767e-02 1.364389435727511937e-02 1.383880713380762108e-02 1.403371991034012278e-02 1.422863268687262449e-02 1.422863268687262449e-02 1.422863268687262449e-02 1.432608907513887621e-02
1.136699305289644996e-01 2.148678956293419429e-01 2.421639954050653631e-01 2.461572124063235167e-01 2.470324380504348716e-01 2.471965428587057645e-01 2.472512444614627103e-01 2.474153492697336032e-01 2.474700508724905768e-01 2.474700508724905768e-01
3.506372736721186101e-02 1.145451561730758683e-01 1.793118538373174309e-01 2.099994529839724344e-01 2.232372408511569262e-01 2.298014331819922262e-01 2.334664405667085940e-01 2.353809966632022244e-01 2.368579399376401773e-01 2.382254800065641831e-01
1.252666703134401767e-02 4.004157321809528880e-02 5.809310212789235012e-02 6.755647940484656166e-02 7.067447076199333267e-02 7.324544609157047914e-02 7.477709096876539174e-02 7.581642142114763949e-02 7.696515507904382047e-02 7.756687270937039080e-02
2.592855970679940752e-02 8.582681472567146863e-02 1.361522892620753711e-01 1.633389858322848998e-01 1.758109512608719560e-01 1.833050708385755567e-01 1.877359006618893877e-01 1.898692631694108568e-01 1.912368032383348904e-01 1.917838192659044871e-01
7.165909961161861727e-03 2.554564848750068284e-02 4.726218478201411194e-02 6.142989989606695289e-02 6.810349543241617232e-02 7.165909961161862074e-02 7.401126853016792850e-02 7.532410699633498852e-02 7.614463103768939756e-02 7.707455828455773983e-02
8.588588588588588757e-02 2.236236236236236186e-01 2.915915915915915924e-01 3.094094094094094194e-01 3.127127127127127260e-01 3.149149149149149118e-01 3.156156156156156301e-01 3.161161161161161193e-01 3.171171171171170977e-01 3.178178178178178159e-01
1.595405232929164065e-03 6.487981280578600587e-03 1.201871942139970222e-02 1.733673686449691692e-02 1.957030419059774609e-02 2.052754733035524332e-02 2.127206977238885188e-02 2.169751116783662920e-02 2.180387151669857526e-02 2.201659221442246392e-02
3.400860711661593538e-02 1.029705048808649132e-01 1.720373674818935772e-01 1.984885063503726288e-01 2.036317833525768950e-01 2.047863965571533607e-01 2.049963262307127054e-01 2.058360449249501400e-01 2.059410097617298263e-01 2.063608691088485436e-01
8.827908955541374086e-03 3.509891512444161116e-02 6.190172303765156120e-02 7.519676664539459710e-02 7.860029780897681562e-02 7.998298234418209363e-02 8.072750478621569525e-02 8.094022548393958738e-02 8.115294618166347951e-02 8.115294618166347951e-02
2.552648372686662590e-03 1.127419697936609191e-02 2.148479047011274054e-02 2.839821314613912018e-02 3.105722186768772666e-02 3.243990640289300120e-02 3.297170814720272458e-02 3.329078919378855583e-02 3.350350989151244102e-02 3.360987024037438708e-02
2.486391054877151729e-02 6.076210092687950315e-02 8.180079446814771116e-02 9.003972340738561342e-02 9.136383698690599131e-02 9.224657937325290991e-02 9.268795056642636920e-02 9.298219802854200411e-02 9.312932175959982850e-02 9.327644549065763901e-02
3.111387678904791506e-04 9.334163036714374518e-04 2.644679527069072889e-03 4.667081518357187042e-03 5.756067205973863961e-03 7.000622277535780563e-03 7.622899813316739298e-03 7.778469197261978982e-03 7.778469197261978982e-03 8.089607965152458349e-03
9.711763178395221852e-02 1.856660607634380566e-01 2.192936899506621740e-01 2.252661646325629652e-01 2.268242015061023020e-01 2.282524019735133747e-01 2.289015840041547512e-01 2.294209296286678912e-01 2.294209296286678912e-01 2.299402752531810035e-01
5.140727412928929214e-04 2.313327335818018363e-03 6.168872895514715057e-03 1.028145482585785843e-02 1.259478216167587636e-02 1.310885490296877058e-02 1.310885490296877058e-02 1.323737308829199370e-02 1.336589127361521682e-02 1.336589127361521682e-02
1.762187088274044799e-02 3.227931488801054349e-02 3.672595520421607224e-02 3.771409749670619205e-02 3.771409749670619205e-02 3.771409749670619205e-02 3.771409749670619205e-02 3.771409749670619205e-02 3.771409749670619205e-02 3.771409749670619205e-02
2.169416941694169432e-01 3.705170517051705192e-01 4.059405940594059681e-01 4.118811881188118584e-01 4.136413641364136140e-01 4.151815181518151987e-01 4.176017601760175779e-01 4.184818481848184835e-01 4.206820682068206918e-01 4.217821782178217682e-01
1.131133304385583960e-01 2.190620929222752977e-01 2.627008250108553988e-01 2.700825010855406050e-01 2.718193660442900783e-01 2.746417716022579447e-01 2.757273122014763378e-01 2.778983933999131795e-01 2.796352583586625973e-01 2.802865827181936775e-01
3.544510083520065191e-02 9.024241189651660555e-02 1.155021389284986710e-01 1.238541454471379089e-01 1.258912202077816234e-01 1.275208800162966061e-01 1.287431248726828292e-01 1.295579547769403206e-01 1.301690772051334322e-01 1.313913220615196553e-01
8.019740900678593368e-03 2.405922270203578184e-02 3.187332922064569501e-02 3.516347933374459889e-02 3.701418877236273969e-02 3.783672630063746739e-02 3.804236068270614585e-02 3.804236068270614585e-02 3.824799506477483124e-02 3.907053259304955894e-02
6.208609271523179074e-04 1.655629139072847681e-03 1.862582781456953614e-03 2.897350993377483495e-03 2.897350993377483495e-03 3.104304635761589212e-03 3.104304635761589212e-03 3.104304635761589212e-03 3.104304635761589212e-03 3.311258278145695361e-03
1.002612671456564325e-01 2.312214239059438292e-01 2.935989549314173552e-01 3.076420640104506887e-01 3.112344872632266668e-01 3.141737426518615428e-01 3.158066623122142147e-01 3.161332462442847935e-01 3.171129980404964188e-01 3.171129980404964188e-01
1.540216771249286985e-02 5.105533371363377149e-02 8.727895037079293206e-02 1.197946377638334226e-01 1.340559041642897797e-01 1.369081574443810623e-01 1.394751853964631971e-01 1.400456360524814647e-01 1.406160867084997046e-01 1.411865373645179722e-01
4.360861270100845066e-03 1.090215317525211267e-02 1.744344508040338027e-02 1.907876805669119630e-02 1.935132188607249781e-02 2.016898337421640930e-02 2.071409103297901233e-02 2.071409103297901233e-02 2.071409103297901233e-02 2.071409103297901233e-02
2.548419979612640365e-04 1.274209989806320128e-03 1.783893985728848093e-03 1.783893985728848093e-03 1.783893985728848093e-03 1.783893985728848093e-03 1.783893985728848093e-03 1.783893985728848093e-03 2.293577981651376274e-03 2.548419979612640256e-03
0.000000000000000000e+00 0.000000000000000000e+00 0.000000000000000000e+00 0.000000000000000000e+00 0.000000000000000000e+00 0.000000000000000000e+00 0.000000000000000000e+00 0.000000000000000000e+00 0.000000000000000000e+00 0.000000000000000000e+00
3.190883190883191112e-02 8.290598290598290288e-02 1.143874643874643882e-01 1.222222222222222182e-01 1.236467236467236469e-01 1.256410256410256387e-01 1.270655270655270674e-01 1.289173789173789220e-01 1.296296296296296224e-01 1.301994301994301995e-01
6.125356125356124989e-03 1.908831908831908758e-02 3.418803418803419147e-02 4.529914529914529780e-02 4.786324786324786668e-02 4.943019943019943269e-02 4.971509971509971426e-02 5.056980056980057286e-02 5.142450142450142453e-02 5.227920227920227619e-02
2.393162393162393334e-02 7.792022792022791633e-02 1.091168091168091131e-01 1.175213675213675202e-01 1.188034188034187977e-01 1.193732193732193747e-01 1.203703703703703637e-01 1.207977207977208034e-01 1.210826210826210780e-01 1.216524216524216551e-01
4.273504273504273501e-04 3.988603988603988890e-03 1.068376068376068397e-02 1.737891737891737731e-02 2.008547008547008697e-02 2.236467236467236386e-02 2.378917378917378908e-02 2.478632478632478500e-02 2.635327635327635448e-02 2.735042735042735040e-02
5.811965811965812134e-02 9.316239316239316448e-02 1.004273504273504314e-01 1.011396011396011457e-01 1.014245014245014204e-01 1.018518518518518462e-01 1.019943019943019974e-01 1.022792022792022859e-01 1.022792022792022859e-01 1.024216524216524232e-01
4.090909090909091161e-01 5.163847780126850084e-01 5.280126849894292151e-01 5.311839323467230090e-01 5.317124735729387153e-01 5.322410147991543106e-01 5.322410147991543106e-01 5.322410147991543106e-01 5.327695560253700169e-01 5.327695560253700169e-01
7.346723044397462932e-02 1.041226215644820291e-01 1.051797040169133168e-01 1.057082452431289676e-01 1.062367864693446046e-01 1.062367864693446046e-01 1.067653276955602554e-01 1.067653276955602554e-01 1.083509513742071939e-01 1.088794926004228308e-01
3.541226215644820152e-02 4.862579281183932595e-02 5.021141649048625755e-02 5.021141649048625755e-02 5.073995771670190141e-02 5.073995771670190141e-02 5.073995771670190141e-02 5.073995771670190141e-02 5.073995771670190141e-02 5.073995771670190141e-02
3.805496828752642779e-02 6.871035940803382758e-02 7.188160676532769078e-02 7.188160676532769078e-02 7.188160676532769078e-02 7.188160676532769078e-02 7.188160676532769078e-02 7.188160676532769078e-02 7.188160676532769078e-02 7.188160676532769078e-02
6.342494714587737503e-02 1.072938689217758923e-01 1.136363636363636326e-01 1.136363636363636326e-01 1.136363636363636326e-01 1.136363636363636326e-01 1.136363636363636326e-01 1.136363636363636326e-01 1.136363636363636326e-01 1.136363636363636326e-01
2.756413462019303151e-01 4.217132569885482796e-01 4.487673150972645852e-01 4.509676451467720115e-01 4.518677801670250571e-01 4.529179376906535825e-01 4.535680352052807729e-01 4.540681102165324834e-01 4.544181627244086585e-01 4.550182527379106889e-01
1.467338233026674321e-01 2.613455311713008267e-01 2.908464819859176709e-01 2.935190419900293168e-01 2.946497404533072739e-01 2.952150896849463080e-01 2.957290435318908339e-01 2.961916019941409073e-01 2.964485789176132258e-01 2.968083466104743939e-01
4.944236007606517269e-02 1.085470524746877663e-01 1.294649740453307218e-01 1.327028832810813463e-01 1.335766048208870960e-01 1.337307909749704538e-01 1.338335817443593589e-01 1.340905586678316219e-01 1.342447448219149797e-01 1.342447448219149797e-01
8.310633705093282975e-02 1.498175463843346988e-01 1.713008171866166329e-01 1.745901218070617378e-01 1.754124479621730071e-01 1.756180295009508174e-01 1.758236110397286278e-01 1.759777971938119856e-01 1.760805879632008908e-01 1.761833787325898237e-01
8.922238782957291059e-02 1.766459371948398971e-01 2.119031710952356540e-01 2.183789895667369030e-01 2.195096880300149156e-01 2.203834095698206375e-01 2.205375957239039952e-01 2.209487588014596160e-01 2.216682941871819801e-01 2.220280618800431760e-01
8.965517241379309873e-03 5.051724137931034447e-02 1.120689655172413812e-01 1.627586206896551591e-01 1.798275862068965392e-01 1.865517241379310298e-01 1.886206896551724244e-01 1.905172413793103370e-01 1.915517241379310343e-01 1.922413793103448232e-01
1.724137931034482626e-04 2.586206896551724102e-03 6.724137931034482839e-03 1.120689655172413778e-02 1.448275862068965601e-02 1.689655172413792941e-02 1.827586206896551768e-02 1.862068965517241215e-02 1.879310344827586285e-02 1.913793103448275731e-02
8.965517241379309873e-03 2.999999999999999889e-02 6.034482758620689918e-02 7.879310344827586410e-02 8.810344827586207017e-02 9.068965517241379948e-02 9.137931034482758841e-02 9.155172413793102870e-02 9.206896551724137734e-02 9.258620689655172598e-02
3.448275862068965253e-04 1.896551724137931052e-03 4.137931034482758737e-03 5.517241379310344404e-03 6.206896551724137671e-03 6.896551724137930939e-03 8.103448275862068506e-03 8.793103448275862641e-03 8.793103448275862641e-03 8.793103448275862641e-03
7.637931034482758896e-02 1.617241379310344895e-01 1.913793103448275801e-01 1.965517241379310387e-01 1.984482758620689791e-01 1.998275862068965569e-01 1.998275862068965569e-01 2.005172413793103459e-01 2.015517241379310431e-01 2.020689655172413779e-01
3.149314560948499736e-02 1.200444609114486860e-01 1.959985179696183688e-01 2.382363838458688432e-01 2.593553167839940943e-01 2.715820674323823902e-01 2.778806965542793828e-01 2.797332345313078839e-01 2.804742497221193176e-01 2.819562801037421296e-01
4.816598740274175353e-03 2.223045572434234965e-02 4.890700259355316992e-02 7.187847350870692209e-02 8.299370137087810906e-02 9.225639125602075330e-02 9.818451278251204284e-02 1.018895887365691005e-01 1.041126343090033324e-01 1.059651722860318612e-01
0.000000000000000000e+00 3.705075954057058130e-04 1.111522786217117439e-03 1.852537977028529065e-03 2.223045572434234878e-03 2.593553167839940908e-03 2.593553167839940908e-03 2.593553167839940908e-03 2.593553167839940908e-03 2.593553167839940908e-03
5.928121526491293009e-03 2.889959244164505212e-02 7.854761022600963150e-02 1.259725824379399894e-01 1.441274546128195611e-01 1.474620229714709019e-01 1.507965913301222705e-01 1.519081141163393933e-01 1.519081141163393933e-01 1.526491293071507993e-01
2.778806965542793619e-02 9.744349759170062297e-02 1.685809559095961530e-01 2.215635420526120836e-01 2.434234901815487129e-01 2.571322712115598486e-01 2.656539459058910868e-01 2.693590218599481445e-01 2.719525750277880793e-01 2.741756206002223251e-01
3.227315247895229389e-02 1.173994387277829815e-01 1.487371375116931793e-01 1.623012160898035516e-01 1.651075771749298537e-01 1.665107577174929909e-01 1.683816651075771831e-01 1.693171188026192653e-01 1.697848456501403203e-01 1.697848456501403203e-01
3.180542563143124585e-02 9.354536950420953845e-02 1.173994387277829815e-01 1.253507951356407912e-01 1.267539756782039284e-01 1.300280636108512577e-01 1.314312441534143949e-01 1.323666978484565049e-01 1.337698783910196421e-01 1.342376052385406970e-01
2.189141856392294236e-02 8.274956217162872385e-02 1.225919439579684772e-01 1.475481611208406263e-01 1.510507880910683109e-01 1.549912434325744215e-01 1.571803852889667175e-01 1.589316987740805598e-01 1.606830122591944021e-01 1.611208406304728558e-01
5.822673136303484903e-02 1.565946184384649220e-01 2.439347154830172060e-01 2.783414203793559971e-01 2.889280988089986679e-01 2.928981032201146695e-01 2.951036612262902259e-01 2.995147772386413942e-01 3.017203352448169507e-01 3.030436700485222845e-01
2.672775868652157213e-03 6.872852233676975814e-03 1.030927835051546372e-02 1.374570446735395163e-02 1.565483008781977728e-02 1.718213058419244127e-02 1.756395570828560640e-02 1.794578083237877153e-02 1.794578083237877153e-02 1.794578083237877153e-02
1.275616896695943095e-02 6.325805102467586816e-02 1.406315349226265055e-01 2.005437055625261533e-01 2.235466332078628326e-01 2.346298619824341292e-01 2.405897114178168206e-01 2.428900041823504885e-01 2.445629443747386056e-01 2.460267670430782150e-01
1.578837306566290358e-02 6.388540359682141900e-02 1.154328732747804259e-01 1.591384358009201305e-01 1.777498954412379817e-01 1.899832705980761260e-01 1.955248849853617743e-01 1.998117942283563486e-01 2.028439983270598213e-01 2.055625261396905046e-01
3.199498117942283643e-02 9.776244249268088715e-02 1.395859473023839392e-01 1.618569636135508139e-01 1.690715181932245792e-01 1.730447511501463920e-01 1.744040150564617198e-01 1.758678377248013291e-01 1.773316603931409385e-01 1.786909242994562941e-01
9.096612296110414414e-03 3.607277289836888223e-02 7.068172312839815508e-02 9.703053115851108246e-02 1.074864073609368420e-01 1.121915516520284456e-01 1.139690506064408165e-01 1.144918444165621135e-01 1.154328732747804259e-01 1.159556670849017090e-01
1.275616896695943095e-02 4.360100376411542994e-02 8.720200752823085988e-02 1.207653701380175665e-01 1.304893350062735213e-01 1.357172731074864080e-01 1.378084483479715683e-01 1.386449184441656268e-01 1.392722710163111777e-01 1.400041823504809824e-01
4.307929007088301399e-02 8.396065717896587788e-02 9.643386999285674666e-02 9.835705258530688666e-02 9.863179295565691063e-02 9.885158525193692147e-02 9.907137754821693232e-02 9.918127369635694468e-02 9.923622177042694392e-02 9.940106599263695553e-02
5.198087807022364060e-02 1.092367712511676525e-01 1.363261717676795548e-01 1.447332271003901327e-01 1.466014616187702735e-01 1.474806308038903169e-01 1.476454750261003424e-01 1.479751634705203656e-01 1.482499038408703895e-01 1.483597999890103880e-01
8.071872080883564504e-02 1.402824331007198333e-01 1.587449859882411052e-01 1.609978570251112684e-01 1.613275454695312916e-01 1.618770262102313395e-01 1.619869223583713380e-01 1.622067146546513627e-01 1.625364030990713859e-01 1.627012473212813837e-01
1.280290125831089545e-02 3.747458651574262639e-02 5.758558162536402819e-02 7.005879443925490391e-02 7.588329029067530929e-02 7.907027858673552900e-02 7.983955162371558778e-02 8.016924006813561099e-02 8.055387658662563344e-02 8.082861695697565740e-02
8.956536073410627588e-03 2.093521622067146676e-02 2.802351777570196226e-02 3.346337710863234172e-02 3.763943073795263800e-02 4.214517281169295054e-02 4.604648607066322286e-02 4.753008407055332729e-02 4.785977251497335050e-02 4.802461673718336210e-02
6.361983900285640703e-02 1.367177356530771271e-01 1.625551804726045046e-01 1.658010906258114703e-01 1.668397818748376948e-01 1.676188003116073633e-01 1.681381459361204755e-01 1.683978187483770317e-01 1.686574915606335878e-01 1.687873279667618798e-01
5.453129057387691436e-02 1.454167748636717716e-01 1.769670215528434121e-01 1.829394962347442311e-01 1.843676967021552759e-01 1.852765515450532363e-01 1.860555699818229047e-01 1.864450792002077251e-01 1.870942612308491293e-01 1.874837704492339774e-01
2.077382498052453980e-02 5.401194494936380208e-02 7.115035055829654898e-02 7.621397039729940759e-02 7.868086211373669092e-02 7.907037133212152513e-02 7.920020773824980320e-02 7.958971695663463741e-02 7.958971695663463741e-02 7.971955336276291548e-02
4.375486886522981372e-02 1.093222539600103849e-01 1.372370812775902393e-01 1.426902103349779183e-01 1.442482472085172551e-01 1.450272656452869513e-01 1.454167748636717716e-01 1.460659568943131759e-01 1.463256297065697320e-01 1.464554661126979962e-01
1.194494936380161021e-02 2.869384575434951942e-02 4.037912230589457002e-02 4.362503245910152871e-02 4.479356011425603828e-02 4.518306933264087250e-02 4.544274214489742864e-02 4.596208776941054092e-02 4.609192417553881899e-02 4.622176058166709706e-02
7.605177993527507951e-02 2.006472491909385147e-01 2.718446601941747476e-01 3.042071197411003181e-01 3.074433656957928918e-01 3.203883495145631310e-01 3.252427184466019638e-01 3.252427184466019638e-01 3.252427184466019638e-01 3.268608414239482229e-01
4.207119741100323607e-02 1.245954692556634352e-01 1.909385113268608491e-01 2.313915857605177984e-01 2.411003236245954640e-01 2.459546925566342968e-01 2.508090614886731573e-01 2.540453074433656755e-01 2.540453074433656755e-01 2.556634304207119901e-01
3.209242618741976749e-02 8.600770218228498409e-02 1.219512195121951192e-01 1.399229781771501868e-01 1.463414634146341375e-01 1.489088575096277345e-01 1.514762516046213037e-01 1.514762516046213037e-01 1.527599486521180883e-01 1.527599486521180883e-01
1.115879828326180219e-02 3.004291845493562221e-02 4.463519313304720876e-02 6.266094420600858139e-02 6.695278969957081661e-02 6.781115879828325532e-02 6.866952789699570792e-02 6.952789699570816051e-02 6.952789699570816051e-02 7.038626609442059923e-02
1.647785787847579758e-02 5.252317198764160783e-02 7.878475798146240827e-02 8.547888774459319605e-02 9.062821833161688323e-02 9.114315139031925472e-02 9.165808444902162622e-02 9.268795056642636920e-02 9.320288362512872682e-02 9.423274974253346981e-02
2.243121841661987748e-01 3.708590679393599099e-01 4.087591240875912413e-01 4.152161706906232208e-01 4.178832116788321338e-01 4.206906232453677674e-01 4.229365524985962965e-01 4.263054463784390902e-01 4.286917462099943954e-01 4.306569343065693167e-01
1.447574334898278636e-02 6.474960876369327545e-02 1.300860719874804283e-01 1.846635367762128332e-01 2.167449139280125114e-01 2.280907668231611785e-01 2.345461658841940522e-01 2.384585289514866979e-01 2.402190923317683857e-01 2.435446009389671262e-01
8.802816901408451120e-03 5.066510172143975227e-02 1.189358372456963964e-01 1.834898278560250506e-01 2.126369327073552307e-01 2.276995305164319361e-01 2.325899843505477294e-01 2.365023474178403751e-01 2.392410015649452382e-01 2.415884194053208034e-01
7.042253521126760722e-03 4.577464788732394513e-02 1.124804381846635365e-01 1.541471048513302078e-01 1.721439749608763559e-01 1.848591549295774683e-01 1.924882629107981247e-01 1.956181533646322301e-01 1.981611893583724582e-01 1.991392801251956057e-01
5.868544600938967268e-04 1.017214397496087573e-02 2.973395931142409909e-02 4.479655712050078370e-02 5.359937402190923655e-02 5.946791862284819818e-02 6.122848200312989292e-02 6.220657276995305435e-02 6.435837245696400533e-02 6.494522691705789663e-02
3.599872570882446388e-01 5.060210258043963405e-01 5.329085696081554691e-01 5.366677285759796634e-01 5.378783051927364944e-01 5.390251672507168079e-01 5.399171710735902741e-01 5.407454603376871116e-01 5.415100350430073206e-01 5.420834660719974218e-01
1.601784007645747077e-01 2.806626314112774523e-01 3.122650525645109809e-01 3.178082191780822185e-01 3.192099394711691573e-01 3.202293724115960472e-01 3.211213762344695688e-01 3.213125199107996210e-01 3.215673781459063574e-01 3.221408091748964586e-01
1.992302467738283830e-02 4.924156667421326905e-02 6.542902422458682365e-02 7.182476794204210868e-02 7.414534752094181780e-02 7.516413855558071178e-02 7.544713606520263294e-02 7.556033506905139585e-02 7.578673307674892168e-02 7.589993208059768459e-02
6.825728692657729441e-03 1.918583200098388994e-02 2.982412987332431348e-02 3.787971959168613678e-02 4.132333046365760376e-02 4.279916369450251917e-02 4.316812200221375323e-02 4.335260115606936332e-02 4.341409420735457131e-02 4.359857336121018140e-02
1.003953065194202170e-03 5.396247725418836828e-03 1.185919558260651284e-02 1.738093744117462369e-02 1.963983183786157868e-02 2.070653196963042134e-02 2.089477316935433107e-02 2.120850850222752090e-02 2.120850850222752090e-02 2.127125556880215748e-02
2.418475567449697786e-02 9.475666567548815533e-02 1.513529586678560857e-01 1.714738824462285760e-01 1.744474179799782032e-01 1.752403607889780890e-01 1.755377143423530462e-01 1.756368321934780319e-01 1.760333035979780025e-01 1.761324214491029883e-01
7.929428089999008547e-04 3.865596193874516924e-03 7.334720983249083150e-03 8.226781643373971137e-03 8.623253047873922703e-03 8.623253047873922703e-03 8.722370898998910160e-03 8.722370898998910160e-03 8.821488750123897618e-03 9.019724452373872534e-03
0.000000000000000000e+00 1.982357022499752137e-04 6.938249578749132885e-04 6.938249578749132885e-04 1.189414213499851228e-03 1.387649915749826577e-03 1.486767766874814252e-03 1.486767766874814252e-03 1.486767766874814252e-03 1.486767766874814252e-03
2.973535533749628069e-04 7.929428089999008547e-04 1.883239171374764516e-03 2.874417682624640612e-03 2.874417682624640612e-03 2.973535533749628503e-03 3.072653384874615961e-03 3.171771235999603419e-03 3.270889087124591310e-03 3.270889087124591310e-03
2.973535533749628069e-04 8.920606601248885293e-04 2.081474873624739649e-03 2.973535533749628503e-03 3.568242640499554117e-03 3.766478342749529033e-03 3.766478342749529033e-03 3.766478342749529033e-03 3.865596193874516924e-03 3.964714044999504382e-03
1.457548888618972506e-02 5.368638406413214770e-02 6.838333535770678429e-02 6.996234665371067751e-02 7.069112109802015709e-02 7.141989554232965054e-02 7.190574517186930359e-02 7.239159480140897052e-02 7.275598202356370336e-02 7.275598202356370336e-02
1.299647759018583704e-02 3.862504554840277132e-02 4.627717721365237624e-02 4.797765091704117579e-02 4.822057573181100232e-02 4.834203813919591558e-02 4.834203813919591558e-02 4.834203813919591558e-02 4.846350054658083578e-02 4.846350054658083578e-02
6.316045184015546890e-03 1.554718814526903983e-02 2.514271832867727430e-02 2.684319203206607385e-02 2.745050406899064710e-02 2.781489129114539036e-02 2.793635369853030362e-02 2.817927851330013361e-02 2.842220332806996361e-02 2.842220332806996361e-02
3.643872221547430940e-04 9.716992590793149896e-04 2.064860925543544109e-03 2.793635369853030622e-03 3.279484999392688008e-03 3.400947406777602138e-03 3.522409814162516702e-03 3.522409814162516702e-03 3.643872221547431265e-03 3.643872221547431265e-03
3.522409814162516702e-03 9.838454998178064459e-03 1.202477833110652226e-02 1.263209036803109378e-02 1.263209036803109378e-02 1.263209036803109378e-02 1.275355277541600878e-02 1.275355277541600878e-02 1.275355277541600878e-02 1.275355277541600878e-02
1.300448430493273411e-01 2.046473705666530807e-01 2.233999184671830451e-01 2.270688952303302199e-01 2.295148797390949846e-01 2.307378719934773670e-01 2.311455360782715129e-01 2.315532001630656311e-01 2.323685283326538953e-01 2.339991846718304236e-01
2.568283734203016810e-02 6.196494088870770772e-02 7.786384019567875459e-02 8.030982470444353316e-02 8.071748878923766524e-02 8.153281695882592939e-02 8.194048104362006146e-02 8.316347329800244381e-02 8.397880146759070796e-02 8.397880146759070796e-02
5.258866693844272550e-02 9.824704443538524734e-02 1.112922951487973905e-01 1.153689359967386835e-01 1.165919282511210797e-01 1.174072564207093300e-01 1.174072564207093300e-01 1.178149205055034621e-01 1.186302486750917262e-01 1.190379127598858583e-01
1.834488381573583238e-02 4.402772115776600048e-02 5.381165919282511478e-02 5.544231553200162921e-02 5.707297187117815057e-02 5.829596412556053986e-02 5.829596412556053986e-02 5.870362821035466500e-02 5.911129229514879707e-02 5.992662046473705428e-02
2.038320423970648235e-03 5.299633102323684890e-03 5.707297187117815231e-03 7.745617611088463465e-03 7.745617611088463465e-03 7.745617611088463465e-03 7.745617611088463465e-03 7.745617611088463465e-03 8.153281695882592939e-03 8.153281695882592939e-03
5.503144654088050480e-02 1.493710691823899317e-01 1.949685534591195091e-01 2.201257861635220192e-01 2.342767295597484312e-01 2.547169811320754707e-01 2.641509433962264120e-01 2.672955974842767257e-01 2.688679245283018826e-01 2.735849056603773533e-01
0.000000000000000000e+00 0.000000000000000000e+00 4.482294935006723687e-04 1.792917974002689475e-03 3.137606454504706256e-03 3.137606454504706256e-03 3.137606454504706256e-03 3.137606454504706256e-03 3.137606454504706256e-03 3.137606454504706256e-03
0.000000000000000000e+00 3.759398496240601729e-04 3.759398496240601729e-04 3.759398496240601729e-04 3.759398496240601729e-04 3.759398496240601729e-04 3.759398496240601729e-04 3.759398496240601729e-04 3.759398496240601729e-04 3.759398496240601729e-04
0.000000000000000000e+00 0.000000000000000000e+00 0.000000000000000000e+00 0.000000000000000000e+00 0.000000000000000000e+00 0.000000000000000000e+00 0.000000000000000000e+00 0.000000000000000000e+00 0.000000000000000000e+00 0.000000000000000000e+00
0.000000000000000000e+00 0.000000000000000000e+00 0.000000000000000000e+00 0.000000000000000000e+00 0.000000000000000000e+00 0.000000000000000000e+00 0.000000000000000000e+00 0.000000000000000000e+00 0.000000000000000000e+00 0.000000000000000000e+00
1.818883457679444371e-01 3.035760226395677885e-01 3.429379984563931116e-01 3.519423720092616503e-01 3.540005145356315830e-01 3.560586570620015712e-01 3.565731926935940543e-01 3.573449961409827513e-01 3.578595317725752345e-01 3.581167995883715038e-01
4.296372523797273302e-02 9.338821713403652747e-02 1.263184975559557555e-01 1.430409055827115972e-01 1.474144584512477596e-01 1.515307435039876527e-01 1.546179572935425794e-01 1.561615641883200289e-01 1.569333676357087815e-01 1.569333676357087815e-01
1.260612297401595035e-02 3.395935168510419433e-02 4.425006431695394787e-02 5.171083097504502318e-02 5.582711602778492321e-02 5.942886544893234008e-02 6.020066889632107177e-02 6.251607923848725989e-02 6.303061487007975694e-02 6.354515050167224011e-02
2.572678157962438820e-03 6.688963210702341018e-03 1.106251607923848697e-02 1.466426550038590210e-02 1.672240802675585211e-02 1.826601492153331549e-02 1.929508618471829223e-02 1.955235400051453729e-02 2.006688963210702392e-02 2.058142526369951056e-02
0.000000000000000000e+00 0.000000000000000000e+00 0.000000000000000000e+00 0.000000000000000000e+00 0.000000000000000000e+00 2.572678157962439145e-04 7.718034473887316893e-04 7.718034473887316893e-04 7.718034473887316893e-04 7.718034473887316893e-04
1.890478811227297717e-01 3.990093560814529372e-01 4.563841496973032319e-01 4.600990643918547174e-01 4.623004953219592705e-01 4.631260319207484710e-01 4.640891579526692512e-01 4.647771051183269275e-01 4.653274628508530797e-01 4.657402311502476522e-01
6.081452944413869022e-02 1.825811777655476087e-01 2.455971381397908659e-01 2.634837644468904783e-01 2.662355531095211836e-01 2.676114474408365362e-01 2.684369840396257367e-01 2.695376995046780411e-01 2.699504678040726691e-01 2.702256466703357174e-01
1.719867914144193599e-02 5.242157402311502234e-02 7.773802971931755013e-02 9.025866813428728985e-02 9.287286736378645713e-02 9.301045679691799517e-02 9.356081452944413346e-02 9.411117226197028562e-02 9.452394056136488587e-02 9.466152999449642391e-02
1.014034122179416630e-01 2.703632361034672416e-01 3.439735828288387198e-01 3.584204733076499783e-01 3.610346725371491594e-01 3.630985140341221884e-01 3.641992294991744372e-01 3.648871766648321135e-01 3.658503026967528937e-01 3.662630709961475217e-01
3.150798018712162862e-02 9.218492019812878080e-02 1.334617501375894300e-01 1.463951568519537838e-01 1.490093560814529372e-01 1.505228398458998418e-01 1.514859658778205942e-01 1.520363236103467186e-01 1.523115024766097947e-01 1.527242707760043949e-01
9.236234458259325042e-02 2.368265245707519284e-01 3.173475429248076018e-01 3.469508584961515929e-01 3.516873889875666293e-01 3.528715216104203467e-01 3.534635879218472332e-01 3.546477205447010062e-01 3.558318531675547791e-01 3.558318531675547791e-01
3.374777975133214786e-02 1.278863232682060369e-01 2.030787448194197875e-01 2.516281823564239239e-01 2.735346358792184462e-01 2.895204262877442147e-01 2.907045589105979877e-01 2.930728241563055336e-01 2.936648904677323646e-01 2.936648904677323646e-01
2.303137951450562326e-01 4.262877442273534379e-01 4.943753700414446617e-01 5.032563647128478479e-01 5.056246299585553938e-01 5.074008288928359978e-01 5.097690941385435437e-01 5.097690941385435437e-01 5.097690941385435437e-01 5.103611604499703747e-01
5.344827586206896824e-02 1.350574712643678177e-01 1.798850574712643757e-01 1.988505747126436685e-01 2.057471264367816133e-01 2.126436781609195303e-01 2.137931034482758730e-01 2.166666666666666741e-01 2.172413793103448176e-01 2.189655172413793038e-01
3.670811130846654557e-02 9.177027827116636394e-02 1.361752516281823644e-01 1.645944345766725825e-01 1.906453522794553102e-01 2.113676731793960872e-01 2.166962699822380101e-01 2.196566015393724147e-01 2.208407341622261599e-01 2.208407341622261599e-01
2.018163471241170639e-02 4.686624060993384994e-02 5.976006278730799232e-02 6.312366857270994280e-02 6.402063011548379812e-02 6.491759165825765343e-02 6.559031281533804492e-02 6.626303397241843640e-02 6.671151474380536406e-02 6.693575512949882789e-02
6.507736237465967105e-03 1.567169134736702205e-02 2.091772362042632408e-02 2.483564645726808046e-02 2.589813400624211420e-02 2.629656683710737686e-02 2.649578325254000818e-02 2.656218872435088529e-02 2.702702702702702853e-02 2.722624344245965985e-02
2.016260162601625928e-03 7.154471544715447148e-03 1.066666666666666631e-02 1.170731707317073170e-02 1.190243902439024407e-02 1.203252032520325289e-02 1.203252032520325289e-02 1.203252032520325289e-02 1.209756097560975643e-02 1.222764227642276352e-02
1.132108334059043825e-03 4.005921797439693233e-03 6.270138465557781315e-03 7.837673081947226644e-03 8.273099364277627932e-03 8.447269877209787753e-03 8.447269877209787753e-03 8.534355133675869398e-03 8.708525646608029219e-03 8.795610903074109130e-03
1.121201928467316974e-04 3.363605785401950921e-04 5.606009642336584869e-04 7.848413499271218816e-04 7.848413499271218816e-04 7.848413499271218816e-04 7.848413499271218816e-04 8.969615427738535790e-04 1.009081735620585276e-03 1.009081735620585276e-03
5.639097744360901943e-03 2.537593984962405874e-02 5.432330827067669010e-02 8.721804511278195837e-02 1.095864661654135375e-01 1.240601503759398427e-01 1.310150375939849732e-01 1.328947368421052599e-01 1.336466165413533747e-01 1.343984962406015171e-01
3.759398496240601295e-03 1.259398496240601503e-02 2.330827067669172942e-02 3.533834586466165495e-02 4.248120300751880019e-02 4.511278195488721554e-02 4.849624060150375948e-02 5.112781954887218178e-02 5.338345864661653978e-02 5.375939849624060407e-02
7.124060150375939593e-02 2.296992481203007641e-01 3.296992481203007697e-01 3.652255639097744533e-01 3.710526315789473562e-01 3.736842105263157854e-01 3.746240601503759149e-01 3.755639097744360999e-01 3.765037593984962294e-01 3.770676691729323293e-01
2.236842105263157909e-02 8.533834586466165772e-02 1.672932330827067715e-01 2.364661654135338242e-01 2.629699248120300759e-01 2.678571428571428492e-01 2.695488721804511489e-01 2.723684210526315930e-01 2.731203007518797077e-01 2.731203007518797077e-01
3.759398496240601729e-04 1.691729323308270670e-03 8.082706766917293825e-03 1.278195488721804544e-02 1.748120300751879533e-02 2.199248120300751827e-02 2.462406015037594056e-02 2.500000000000000139e-02 2.518796992481203006e-02 2.537593984962405874e-02
1.579793340987370731e-01 3.262916188289322617e-01 3.809414466130884303e-01 3.951779563719862165e-01 3.988518943742824230e-01 4.013777267508610858e-01 4.022962112514351096e-01 4.043628013777267327e-01 4.052812858783008121e-01 4.057405281285878518e-01
2.365097588978186047e-02 4.913892078071182418e-02 6.222732491389208059e-02 6.681974741676234564e-02 6.911595866819747469e-02 6.934557979334098066e-02 6.934557979334098066e-02 6.980482204362802034e-02 7.003444316877152631e-02 7.026406429391504616e-02
1.375430539609644176e-01 2.718714121699196129e-01 3.265212399540757815e-01 3.444316877152698297e-01 3.492537313432835799e-01 3.524684270952927467e-01 3.538461538461538658e-01 3.549942594718714095e-01 3.568312284730195127e-01 3.584385763490240961e-01
5.832376578645235427e-02 1.184845005740528118e-01 1.375430539609644176e-01 1.442020665901262988e-01 1.453501722158438703e-01 1.460390355912744020e-01 1.462686567164179219e-01 1.464982778415614140e-01 1.464982778415614140e-01 1.464982778415614140e-01
1.905855338691159542e-02 3.673938002296211341e-02 4.661308840413318222e-02 4.959816303099884999e-02 5.097588978185993436e-02 5.143513203214696017e-02 5.212399540757749888e-02 5.212399540757749888e-02 5.235361653272101179e-02 5.235361653272101179e-02
1.121423047177107571e-02 1.997937612786800793e-02 2.204176334106728447e-02 2.229956174271719577e-02 2.242846094354215142e-02 2.268625934519205925e-02 2.268625934519205925e-02 2.281515854601701490e-02 2.281515854601701490e-02 2.281515854601701490e-02
2.098043171272947344e-02 4.639903167238249027e-02 6.052047609441194020e-02 6.596731894290901177e-02 6.758119830542666517e-02 6.818640306637079040e-02 6.838813798668549881e-02 6.838813798668549881e-02 6.858987290700020723e-02 6.858987290700020723e-02
1.087402544111612697e-02 3.077554370127205674e-02 4.370127205580631724e-02 4.842018875666803668e-02 5.170291341813705588e-02 5.272876487484612351e-02 5.354944604021337484e-02 5.354944604021337484e-02 5.395978662289700745e-02 5.416495691423881681e-02
4.015056461731492804e-03 1.028858218318695096e-02 1.179422835633626120e-02 1.267252195734002579e-02 1.267252195734002579e-02 1.279799247176913353e-02 1.279799247176913353e-02 1.279799247176913353e-02 1.279799247176913353e-02 1.279799247176913353e-02
3.333333333333333547e-03 6.000000000000000125e-03 8.999999999999999320e-03 1.133333333333333415e-02 1.166666666666666720e-02 1.200000000000000025e-02 1.200000000000000025e-02 1.233333333333333330e-02 1.233333333333333330e-02 1.233333333333333330e-02
3.771082054197461009e-02 1.017623649801023267e-01 1.500852757248436475e-01 1.694144400227401981e-01 1.760469963994693854e-01 1.783210157286336806e-01 1.800265302255069089e-01 1.813530415008527685e-01 1.819215463331438354e-01 1.823005495546712040e-01
1.709929954676555480e-02 6.159868149979398633e-02 9.044087350638647937e-02 1.036258755665430548e-01 1.100123609394313973e-01 1.106304079110012328e-01 1.112484548825710823e-01 1.118665018541409178e-01 1.120725175113308630e-01 1.122785331685208082e-01
7.490636704119850442e-02 2.513108614232209548e-01 3.777153558052434579e-01 4.194756554307116359e-01 4.264044943820224920e-01 4.286516853932584303e-01 4.297752808988763995e-01 4.325842696629213502e-01 4.344569288389513173e-01 4.359550561797752577e-01
2.245570663370416095e-02 6.365883807169345210e-02 1.044499381953028494e-01 1.357643180881747125e-01 1.446229913473424111e-01 1.479192418623815342e-01 1.487433044911413149e-01 1.495673671199011234e-01 1.510094767202307398e-01 1.520395550061804657e-01
0.000000000000000000e+00 1.236093943139678509e-03 4.120313143798928941e-03 8.240626287597857882e-03 9.888751545117428071e-03 1.153687680263699999e-02 1.236093943139678596e-02 1.256695508858673288e-02 1.277297074577667980e-02 1.297898640296662499e-02
1.896735651802858857e-01 3.253680392575207803e-01 3.522509067633881052e-01 3.554512481331342233e-01 3.590783016855131349e-01 3.605717943247279678e-01 3.614252186899936103e-01 3.631320674205248400e-01 3.637721356944740858e-01 3.641988478771068793e-01
2.313624678663239037e-02 5.188128067305445429e-02 6.824024304744098768e-02 7.384903014723066816e-02 7.548492638466931803e-02 7.665342369712549453e-02 7.688712315961673816e-02 7.712082262210796790e-02 7.828931993456414440e-02 7.852301939705538802e-02
0.000000000000000000e+00 0.000000000000000000e+00 2.336994624912362803e-04 2.336994624912362803e-04 2.336994624912362803e-04 2.336994624912362803e-04 9.347978499649451213e-04 1.402196774947417519e-03 1.402196774947417519e-03 1.635896237438653989e-03
6.076186024772143451e-03 1.448936667445664857e-02 2.781023603645711717e-02 3.225052582379060728e-02 3.482121991119420390e-02 3.598971722365038733e-02 3.692451507361533408e-02 3.809301238607151058e-02 3.879411077354522064e-02 3.926150969852769401e-02
9.347978499649451213e-04 1.402196774947417519e-03 3.038093012386071726e-03 3.271792474877307979e-03 3.505491937368544232e-03 3.972890862351016739e-03 4.440289787333489245e-03 4.440289787333489245e-03 4.907688712315961752e-03 4.907688712315961752e-03
5.243349585150970660e-02 1.475493969720297616e-01 2.052861175263022975e-01 2.290650928064323077e-01 2.345393892738003583e-01 2.372765375074843974e-01 2.382174322128132737e-01 2.383885039774185366e-01 2.389872551535369150e-01 2.393293986827474129e-01
5.730129390018484127e-03 2.513863216266173581e-02 5.018484288354898432e-02 6.802218114602587296e-02 7.883548983364140061e-02 8.585951940850276853e-02 8.817005545286506207e-02 8.955637707948244097e-02 9.038817005545286831e-02 9.121996303142329565e-02
2.749719416386083026e-02 8.389450056116723453e-02 1.294425738870183251e-01 1.503928170594837355e-01 1.588103254769921424e-01 1.623643845866068192e-01 1.638608305274971977e-01 1.646090534979423869e-01 1.651702207257762789e-01 1.656378600823045222e-01
2.890173410404624135e-03 1.265696631453059641e-02 2.571257723739286266e-02 3.966513852900139386e-02 4.753836954355192268e-02 5.321905521227825175e-02 5.650787323101454790e-02 5.750448475184373465e-02 5.860075742475583105e-02 5.939804664141917767e-02
5.263711969681018552e-04 1.579113590904305782e-03 4.105695336351194644e-03 5.474260448468259814e-03 7.263922518159806642e-03 8.632487630276871812e-03 1.010632698178755631e-02 1.136961785451100042e-02 1.168544057269186275e-02 1.221181176965996373e-02
3.930744033692091383e-02 7.814693495554515812e-02 9.639681796911558909e-02 1.029480580252690736e-01 1.062236780533458158e-01 1.071595694899391688e-01 1.090313523631258746e-01 1.090313523631258746e-01 1.094992980814225580e-01 1.094992980814225580e-01
1.953818827708703534e-02 6.305506216696270261e-02 9.857904085257548910e-02 1.145648312611012437e-01 1.207815275310834824e-01 1.287744227353463666e-01 1.305506216696269983e-01 1.314387211367673280e-01 1.314387211367673280e-01 1.323268206039076300e-01
8.880994671403197489e-04 9.769094138543517672e-03 1.598579040852575461e-02 2.575488454706927055e-02 2.753108348134991265e-02 3.108348134991118991e-02 3.463587921847247064e-02 3.641207815275310927e-02 3.818827708703374790e-02 4.174067495559502516e-02
1.243339253996447562e-02 4.706927175843694799e-02 7.371225577264653439e-02 8.880994671403197316e-02 9.857904085257548910e-02 1.065719360568383595e-01 1.083481349911190050e-01 1.083481349911190050e-01 1.092362344582593209e-01 1.101243339253996506e-01
3.552397868561278996e-03 1.065719360568383699e-02 2.131438721136767397e-02 3.108348134991118991e-02 3.730017761989342512e-02 4.174067495559502516e-02 4.529307282415630243e-02 4.706927175843694799e-02 4.795737122557726384e-02 4.795737122557726384e-02
