9.224266534062655620e-02 2.349577324714072490e-01 2.948781700646444515e-01 3.110392839383391284e-01 3.162605668821482086e-01 3.197414221780208732e-01 3.232222774738935933e-01 3.249627051218299534e-01 3.269517652909000316e-01 3.289408254599701653e-01
3.353437876960192743e-02 7.792521109770808585e-02 1.056694813027744262e-01 1.165259348612786433e-01 1.182147165259348626e-01 1.186972255729794867e-01 1.194209891435464438e-01 1.203860072376357060e-01 1.208685162846803440e-01 1.213510253317249682e-01
4.906771344455348018e-04 1.962708537782139207e-03 4.170755642787045761e-03 7.114818449460254789e-03 8.096172718351325043e-03 9.077526987242394430e-03 9.568204121687929123e-03 9.568204121687929123e-03 9.568204121687929123e-03 9.568204121687929123e-03
1.566384883142715040e-02 4.400795624067627837e-02 7.185479860765787985e-02 8.180009945300845131e-02 8.627548483341621055e-02 8.727001491795126353e-02 8.826454500248633039e-02 8.876181004475384995e-02 8.901044256588762360e-02 8.901044256588762360e-02
4.972650422675285514e-04 7.458975634012928813e-04 2.237692690203878752e-03 2.486325211337642865e-03 3.232222774738935638e-03 3.232222774738935638e-03 3.729487817006464298e-03 3.978120338140228411e-03 3.978120338140228411e-03 4.226752859273993392e-03
4.517133956386292643e-02 1.401869158878504551e-01 1.962616822429906482e-01 2.118380062305295908e-01 2.165109034267912735e-01 2.227414330218068506e-01 2.227414330218068506e-01 2.227414330218068506e-01 2.227414330218068506e-01 2.242990654205607448e-01
9.345794392523363789e-03 4.517133956386292643e-02 7.320872274143301606e-02 7.632398753894080456e-02 7.632398753894080456e-02 7.788161993769469882e-02 7.788161993769469882e-02 7.788161993769469882e-02 7.788161993769469882e-02 7.788161993769469882e-02
1.557632398753894037e-03 6.230529595015576148e-03 1.246105919003115230e-02 1.557632398753894080e-02 1.713395638629283332e-02 1.713395638629283332e-02 1.713395638629283332e-02 1.713395638629283332e-02 1.869158878504672758e-02 1.869158878504672758e-02
6.230529595015576148e-03 5.607476635514018620e-02 7.476635514018691031e-02 8.411214953271027583e-02 8.411214953271027583e-02 8.566978193146417009e-02 8.566978193146417009e-02 8.566978193146417009e-02 8.722741433021806434e-02 8.722741433021806434e-02
0.000000000000000000e+00 4.672897196261681894e-03 6.230529595015576148e-03 6.230529595015576148e-03 7.788161993769470402e-03 7.788161993769470402e-03 7.788161993769470402e-03 7.788161993769470402e-03 7.788161993769470402e-03 7.788161993769470402e-03
2.497256310485882480e-01 4.311084505637035047e-01 4.809937144567494882e-01 4.929661777910805398e-01 4.962586052080215637e-01 4.997505736805347709e-01 5.021450663474009701e-01 5.054374937643419941e-01 5.080315274867803765e-01 5.099271675147161176e-01
4.549536067045794469e-02 1.254115534271176280e-01 1.685124214307093804e-01 1.777910805148159301e-01 1.798862615983238544e-01 1.808839668761847708e-01 1.814825900429013206e-01 1.819814426818317787e-01 1.824802953207622369e-01 1.827796069041205118e-01
8.181183278459543476e-03 2.474309089095081196e-02 3.591739000299311313e-02 3.940935847550633420e-02 4.070637533672553238e-02 4.130499850344208218e-02 4.160431008680035708e-02 4.180385114237254035e-02 4.200339219794473056e-02 4.200339219794473056e-02
3.392197944727127698e-03 1.117429911204230290e-02 1.596328444577471695e-02 1.775915394592437330e-02 1.825800658485483494e-02 1.855731816821310984e-02 1.865708869599920147e-02 1.875685922378529311e-02 1.885662975157138474e-02 1.905617080714357148e-02
6.086002194951611356e-03 1.596328444577471695e-02 2.174997505736805253e-02 2.274768033522897234e-02 2.314676244637334235e-02 2.344607402973161725e-02 2.374538561308989215e-02 2.384515614087598379e-02 2.404469719644817052e-02 2.414446772423426216e-02
6.178386879352954289e-04 1.628847450011233463e-03 1.853516063805886287e-03 1.965850370703212807e-03 1.965850370703212807e-03 1.965850370703212807e-03 1.965850370703212807e-03 1.965850370703212807e-03 1.965850370703212807e-03 1.965850370703212807e-03
2.808357672433160843e-04 8.425073017299483614e-04 9.548416086272747735e-04 1.011008762075938034e-03 1.123343068973264337e-03 1.179510222421927598e-03 1.179510222421927598e-03 1.179510222421927598e-03 1.179510222421927598e-03 1.179510222421927598e-03
4.044035048303752135e-03 7.975735789710176882e-03 1.011008762075937990e-02 1.078409346214333903e-02 1.089642776904066468e-02 1.089642776904066468e-02 1.095259492248932751e-02 1.095259492248932751e-02 1.095259492248932751e-02 1.095259492248932751e-02
0.000000000000000000e+00 5.616715344866321958e-05 5.616715344866321958e-05 5.616715344866321958e-05 5.616715344866321958e-05 5.616715344866321958e-05 5.616715344866321958e-05 1.123343068973264392e-04 1.123343068973264392e-04 1.123343068973264392e-04
4.044035048303752135e-03 5.729049651763648207e-03 5.785216805212311901e-03 5.785216805212311901e-03 5.841383958660974728e-03 5.841383958660974728e-03 5.841383958660974728e-03 5.841383958660974728e-03 5.841383958660974728e-03 5.841383958660974728e-03
3.549245785270630123e-04 2.484472049689441086e-03 4.259094942324756147e-03 4.614019520851818726e-03 4.614019520851818726e-03 4.791481810115350883e-03 4.791481810115350883e-03 4.791481810115350883e-03 4.791481810115350883e-03 4.791481810115350883e-03
0.000000000000000000e+00 1.774622892635315061e-04 3.549245785270630123e-04 5.323868677905945184e-04 8.873114463176575307e-04 8.873114463176575307e-04 8.873114463176575307e-04 8.873114463176575307e-04 1.242236024844720543e-03 1.242236024844720543e-03
0.000000000000000000e+00 3.549245785270630123e-04 3.549245785270630123e-04 5.323868677905945184e-04 5.323868677905945184e-04 5.323868677905945184e-04 5.323868677905945184e-04 5.323868677905945184e-04 5.323868677905945184e-04 5.323868677905945184e-04
0.000000000000000000e+00 0.000000000000000000e+00 0.000000000000000000e+00 0.000000000000000000e+00 0.000000000000000000e+00 0.000000000000000000e+00 0.000000000000000000e+00 0.000000000000000000e+00 0.000000000000000000e+00 0.000000000000000000e+00
7.098491570541260245e-04 4.614019520851818726e-03 6.921029281277728089e-03 9.582963620230701765e-03 1.029281277728482692e-02 1.118012422360248510e-02 1.118012422360248510e-02 1.153504880212954768e-02 1.171251109139307897e-02 1.206743566992014155e-02
6.954528085594192076e-03 2.216278181123423896e-02 3.844096293465800590e-02 4.745892243026365864e-02 5.364921666029805192e-02 5.838746656476882096e-02 6.136797860145204453e-02 6.220863584256782625e-02 6.228505922812380829e-02 6.228505922812380829e-02
0.000000000000000000e+00 7.642338555598012406e-05 3.056935422239204963e-04 3.821169277799006474e-04 4.585403133358807986e-04 5.349636988918608956e-04 5.349636988918608956e-04 5.349636988918608956e-04 6.113870844478409925e-04 6.113870844478409925e-04
4.807030951471150115e-02 1.187619411539931197e-01 1.678257546809323597e-01 1.903706534199464950e-01 2.003056935422239115e-01 2.034390523500191061e-01 2.055024837600305798e-01 2.069545280855941971e-01 2.077187619411539898e-01 2.084829957967137826e-01
0.000000000000000000e+00 3.821169277799006474e-04 1.528467711119602590e-03 2.139854795567443582e-03 2.521971723347344284e-03 3.133358807795185493e-03 3.286205578907145687e-03 3.439052350019105881e-03 3.515475735575085761e-03 3.591899121131066075e-03
0.000000000000000000e+00 0.000000000000000000e+00 0.000000000000000000e+00 0.000000000000000000e+00 0.000000000000000000e+00 0.000000000000000000e+00 0.000000000000000000e+00 0.000000000000000000e+00 0.000000000000000000e+00 0.000000000000000000e+00
1.296596434359805448e-02 3.106428957320367390e-02 4.051863857374392308e-02 4.186925985953538626e-02 4.213938411669367751e-02 4.240950837385196875e-02 4.240950837385196875e-02 4.240950837385196875e-02 4.240950837385196875e-02 4.240950837385196875e-02
9.881422924901185970e-03 2.618577075098814377e-02 3.359683794466403195e-02 3.384387351778656017e-02 3.433794466403162354e-02 3.433794466403162354e-02 3.433794466403162354e-02 3.433794466403162354e-02 3.433794466403162354e-02 3.433794466403162354e-02
6.276150627615062656e-04 1.255230125523012531e-03 1.464435146443514692e-03 1.464435146443514692e-03 1.464435146443514692e-03 1.464435146443514692e-03 1.464435146443514692e-03 1.464435146443514692e-03 1.464435146443514692e-03 1.464435146443514692e-03
1.574803149606299191e-02 2.564679415073115726e-02 2.632170978627671604e-02 2.632170978627671604e-02 2.632170978627671604e-02 2.632170978627671604e-02 2.632170978627671604e-02 2.632170978627671604e-02 2.632170978627671604e-02 2.632170978627671604e-02
9.727626459143969007e-03 1.837440553393860851e-02 2.053610030263726752e-02 2.053610030263726752e-02 2.053610030263726752e-02 2.053610030263726752e-02 2.053610030263726752e-02 2.053610030263726752e-02 2.053610030263726752e-02 2.053610030263726752e-02
1.296296296296296224e-01 2.999592999592999853e-01 3.701668701668701655e-01 3.929588929588929691e-01 3.988603988603988681e-01 4.031339031339031265e-01 4.051689051689051912e-01 4.078144078144078088e-01 4.104599104599104820e-01 4.137159137159137079e-01
9.946923530568115013e-02 2.529978376253194661e-01 3.341851779044623383e-01 3.563986632592883730e-01 3.615097306860625137e-01 3.644584234322783556e-01 3.666207981128366544e-01 3.685865932769805120e-01 3.719284450560251809e-01 3.740908197365834242e-01
8.259708239161701882e-02 2.235463324429833587e-01 2.917608382987466609e-01 3.084035340045202522e-01 3.125128415861927467e-01 3.158002876515307311e-01 3.180604068214505920e-01 3.199095952332032256e-01 3.219642490240394728e-01 3.236079720567084372e-01
2.331002331002331174e-02 6.806526806526806694e-02 1.053613053613053629e-01 1.177156177156177125e-01 1.221445221445221496e-01 1.258741258741258862e-01 1.263403263403263532e-01 1.275058275058275070e-01 1.284382284382284412e-01 1.305361305361305291e-01
1.034110202191696262e-02 3.318413335391263985e-02 5.201419972217934812e-02 6.266399135669084575e-02 6.544219787004167121e-02 6.744868035190615396e-02 6.914647322117610517e-02 7.084426609044605638e-02 7.177033492822966487e-02 7.223336934712147606e-02
3.419452887537993962e-03 7.218844984802431745e-03 9.498480243161093808e-03 1.025835866261398145e-02 1.063829787234042527e-02 1.215805471124620056e-02 1.215805471124620056e-02 1.253799392097264438e-02 1.253799392097264438e-02 1.253799392097264438e-02
0.000000000000000000e+00 0.000000000000000000e+00 0.000000000000000000e+00 0.000000000000000000e+00 0.000000000000000000e+00 0.000000000000000000e+00 0.000000000000000000e+00 0.000000000000000000e+00 0.000000000000000000e+00 0.000000000000000000e+00
4.103343465045592581e-02 7.066869300911854390e-02 7.902735562310030104e-02 8.282674772036474620e-02 8.320668693009118655e-02 8.472644376899696184e-02 8.510638297872340219e-02 8.548632218844984254e-02 8.548632218844984254e-02 8.624620060790273712e-02
0.000000000000000000e+00 3.799392097264437675e-04 7.598784194528875350e-04 7.598784194528875350e-04 7.598784194528875350e-04 7.598784194528875350e-04 7.598784194528875350e-04 7.598784194528875350e-04 7.598784194528875350e-04 7.598784194528875350e-04
2.279635258358662497e-03 3.419452887537993962e-03 3.799392097264437784e-03 4.559270516717324993e-03 5.699088145896656459e-03 5.699088145896656459e-03 5.699088145896656459e-03 5.699088145896656459e-03 6.079027355623100280e-03 6.458966565349544102e-03
8.731739707835325937e-02 1.570385126162018585e-01 1.739707835325365326e-01 1.756308100929614979e-01 1.756308100929614979e-01 1.762948207171314841e-01 1.766268260292164771e-01 1.772908366533864633e-01 1.776228419654714563e-01 1.779548472775564494e-01
5.544488711819389043e-02 1.052456839309428988e-01 1.128818061088977392e-01 1.142098273572377115e-01 1.142098273572377115e-01 1.148738379814076976e-01 1.155378486055776838e-01 1.155378486055776838e-01 1.155378486055776838e-01 1.162018592297476699e-01
6.227310807037140378e-02 1.008098296565205221e-01 1.091873778274225076e-01 1.100251326445127048e-01 1.103043842502094418e-01 1.108628874616029020e-01 1.108628874616029020e-01 1.108628874616029020e-01 1.108628874616029020e-01 1.108628874616029020e-01
1.560424966799468793e-02 2.324037184594953537e-02 2.656042496679946949e-02 2.656042496679946949e-02 2.689243027888446255e-02 2.689243027888446255e-02 2.689243027888446255e-02 2.722443559096945562e-02 2.722443559096945562e-02 2.722443559096945562e-02
1.029216467463479369e-02 1.394422310756972087e-02 1.460823373173970700e-02 1.560424966799468793e-02 1.560424966799468793e-02 1.560424966799468793e-02 1.560424966799468793e-02 1.560424966799468793e-02 1.560424966799468793e-02 1.560424966799468793e-02
3.421600714073192578e-02 7.527521570961023811e-02 8.806902707527521079e-02 8.955667955965486426e-02 8.955667955965486426e-02 8.955667955965486426e-02 8.955667955965486426e-02 8.955667955965486426e-02 8.955667955965486426e-02 8.955667955965486426e-02
7.735792918774173944e-03 2.142219577506694270e-02 3.183576316572448578e-02 3.570365962511157232e-02 3.748884260636715232e-02 3.778637310324308579e-02 3.778637310324308579e-02 3.778637310324308579e-02 3.778637310324308579e-02 3.778637310324308579e-02
7.009975734699380213e-03 2.561337287678619457e-02 3.882448099218117898e-02 4.475599892154219495e-02 4.691291453221892865e-02 4.745214343488810688e-02 4.772175788622270293e-02 4.772175788622270293e-02 4.772175788622270293e-02 4.772175788622270293e-02
1.870469955576338581e-03 1.239186345569324305e-02 2.338087444470423118e-02 3.249941547813887943e-02 3.577273790039747769e-02 3.951367781155015052e-02 4.068272153378536121e-02 4.138414776712649040e-02 4.185176525602057190e-02 4.278700023380874184e-02
0.000000000000000000e+00 0.000000000000000000e+00 0.000000000000000000e+00 0.000000000000000000e+00 0.000000000000000000e+00 0.000000000000000000e+00 2.975304968759297838e-04 5.950609937518595675e-04 5.950609937518595675e-04 5.950609937518595675e-04
1.060618422126131943e-03 1.468548584482336520e-03 1.550134616953577522e-03 1.550134616953577522e-03 1.550134616953577522e-03 1.550134616953577522e-03 1.550134616953577522e-03 1.550134616953577522e-03 1.550134616953577522e-03 1.550134616953577522e-03
0.000000000000000000e+00 0.000000000000000000e+00 0.000000000000000000e+00 0.000000000000000000e+00 0.000000000000000000e+00 0.000000000000000000e+00 0.000000000000000000e+00 0.000000000000000000e+00 0.000000000000000000e+00 0.000000000000000000e+00
8.158603247124092081e-05 1.631720649424818416e-04 1.631720649424818416e-04 1.631720649424818416e-04 1.631720649424818416e-04 1.631720649424818416e-04 1.631720649424818416e-04 1.631720649424818416e-04 1.631720649424818416e-04 1.631720649424818416e-04
6.934812760055478892e-03 1.264583503304234254e-02 1.435914171493840250e-02 1.476707187729460642e-02 1.476707187729460642e-02 1.476707187729460642e-02 1.476707187729460642e-02 1.476707187729460642e-02 1.476707187729460642e-02 1.476707187729460642e-02
1.550134616953577522e-03 3.345027331320877834e-03 4.160887656033286988e-03 4.568817818389491782e-03 4.650403850860732567e-03 4.650403850860732567e-03 4.650403850860732567e-03 4.650403850860732567e-03 4.650403850860732567e-03 4.650403850860732567e-03
2.432567789940616888e-03 7.154611146884167112e-03 1.008800171710667534e-02 1.101810116620161734e-02 1.108964727767045889e-02 1.108964727767045889e-02 1.108964727767045889e-02 1.108964727767045889e-02 1.108964727767045889e-02 1.108964727767045889e-02
2.146383344065250004e-04 3.577305573442083339e-04 7.154611146884166679e-04 1.359376117907991777e-03 1.502468340845675111e-03 1.502468340845675111e-03 1.502468340845675111e-03 1.502468340845675111e-03 1.502468340845675111e-03 1.502468340845675111e-03
3.434213350504400006e-03 6.009873363382700444e-03 7.369249481290691788e-03 7.655433927166058888e-03 7.655433927166058888e-03 7.655433927166058888e-03 7.726980038634900447e-03 7.726980038634900447e-03 7.726980038634900447e-03 7.726980038634900447e-03
8.585533376261000015e-04 2.361021678471774896e-03 3.076482793160191780e-03 3.148028904629033339e-03 3.219575016097874897e-03 3.291121127566716889e-03 3.291121127566716889e-03 3.291121127566716889e-03 3.291121127566716889e-03 3.291121127566716889e-03
7.154611146884166679e-05 4.292766688130500007e-04 6.439150032195750011e-04 7.154611146884166679e-04 7.154611146884166679e-04 7.154611146884166679e-04 7.154611146884166679e-04 7.154611146884166679e-04 7.154611146884166679e-04 7.154611146884166679e-04
3.581920903954802227e-02 7.480225988700564543e-02 8.757062146892655163e-02 8.926553672316384080e-02 9.005649717514124797e-02 9.073446327683615253e-02 9.118644067796610742e-02 9.175141242937853714e-02 9.186440677966101198e-02 9.197740112994350070e-02
2.485875706214689396e-03 4.406779661016949068e-03 4.745762711864406555e-03 5.197740112994350160e-03 5.197740112994350160e-03 5.197740112994350160e-03 5.197740112994350160e-03 5.197740112994350160e-03 5.197740112994350160e-03 5.197740112994350160e-03
5.649717514124293983e-04 3.389830508474576173e-03 3.728813559322034094e-03 3.841807909604519778e-03 3.841807909604519778e-03 3.841807909604519778e-03 3.841807909604519778e-03 3.841807909604519778e-03 3.841807909604519778e-03 3.841807909604519778e-03
1.129943502824858742e-04 1.129943502824858742e-04 1.129943502824858742e-04 1.129943502824858742e-04 1.129943502824858742e-04 1.129943502824858742e-04 1.129943502824858742e-04 1.129943502824858742e-04 1.129943502824858742e-04 1.129943502824858742e-04
7.909604519774010925e-04 3.389830508474576173e-03 5.310734463276836279e-03 6.101694915254237371e-03 6.101694915254237371e-03 6.101694915254237371e-03 6.101694915254237371e-03 6.214689265536723489e-03 6.779661016949152345e-03 6.779661016949152345e-03
2.549883156570195708e-01 3.921445263347114740e-01 4.127269458925040269e-01 4.138055006291569415e-01 4.141650188747079131e-01 4.145245371202588291e-01 4.145245371202588291e-01 4.145245371202588291e-01 4.147042962430343427e-01 4.147042962430343427e-01
1.218741536517107538e-01 2.131443531642141509e-01 2.327344948993409768e-01 2.341789293129908911e-01 2.343594836146971339e-01 2.345400379164033489e-01 2.345400379164033489e-01 2.345400379164033489e-01 2.346303150672564841e-01 2.346303150672564841e-01
3.206997084548104948e-02 6.602087839744193165e-02 7.636603028308097674e-02 7.805887331891281367e-02 7.824696698956079555e-02 7.834101382488478649e-02 7.834101382488478649e-02 7.834101382488478649e-02 7.843506066020877743e-02 7.843506066020877743e-02
6.245474293989862827e-03 1.810282404055032698e-02 2.226647356987690105e-02 2.371469949312092831e-02 2.407675597393193340e-02 2.407675597393193340e-02 2.407675597393193340e-02 2.416727009413468380e-02 2.416727009413468380e-02 2.425778421433743767e-02
3.692421305270931348e-04 6.461737284224129858e-04 7.384842610541862695e-04 7.384842610541862695e-04 8.307947936859595532e-04 8.307947936859595532e-04 8.307947936859595532e-04 8.307947936859595532e-04 8.307947936859595532e-04 8.307947936859595532e-04
1.119109211562253903e-02 3.638510853672252687e-02 5.449330783938814704e-02 6.034191879428636024e-02 6.157912495782251472e-02 6.208525475199640209e-02 6.231020132718479571e-02 6.236643797098188891e-02 6.242267461477898904e-02 6.247891125857608918e-02
1.062529883652977821e-03 3.878234075333368818e-03 5.631408383360782428e-03 6.322052807735217134e-03 6.640811772831110675e-03 6.640811772831110675e-03 6.640811772831110675e-03 6.640811772831110675e-03 6.640811772831110675e-03 6.640811772831110675e-03
5.582496898612834477e-03 1.996165557685801450e-02 3.941581143566031536e-02 4.984775008458328799e-02 5.503552498026390016e-02 5.644524641930754455e-02 5.689635727980150992e-02 5.717830156761023741e-02 5.723469042517198568e-02 5.734746814029547529e-02
8.988637006048957184e-03 2.210413251173045518e-02 3.075357566849454619e-02 3.516309570919780997e-02 3.589801571598168206e-02 3.595454802419582874e-02 3.606761264062411515e-02 3.606761264062411515e-02 3.612414494883826183e-02 3.612414494883826183e-02
2.425236022386794213e-02 6.484255752162361441e-02 8.400701000621856041e-02 8.751201311549550166e-02 8.768161004013794169e-02 8.785120696478036784e-02 8.796427158120866119e-02 8.796427158120866119e-02 8.796427158120866119e-02 8.802080388942280786e-02
9.817045961624274938e-03 1.762605979473449297e-02 1.985720660419455427e-02 2.030343596608657000e-02 2.030343596608657000e-02 2.030343596608657000e-02 2.030343596608657000e-02 2.074966532797858226e-02 2.119589468987059452e-02 2.141900937081659892e-02
8.540405095009397096e-02 2.096471079557318817e-01 2.576738358738776546e-01 2.695761119231572245e-01 2.733347254124034453e-01 2.779285863437043202e-01 2.795990812278137394e-01 2.810607642514094673e-01 2.827312591355188864e-01 2.831488828565462690e-01
4.462293618920124775e-04 6.693440428380187162e-04 6.693440428380187162e-04 6.693440428380187162e-04 6.693440428380187162e-04 6.693440428380187162e-04 8.924587237840249550e-04 8.924587237840249550e-04 8.924587237840249550e-04 1.561802766622043780e-03
8.924587237840249550e-04 2.900490852298081429e-03 3.569834895136099820e-03 4.462293618920125209e-03 4.462293618920125209e-03 4.462293618920125209e-03 4.685408299866131339e-03 4.685408299866131339e-03 4.685408299866131339e-03 4.685408299866131339e-03
0.000000000000000000e+00 2.231146809460062387e-04 2.231146809460062387e-04 4.462293618920124775e-04 4.462293618920124775e-04 4.462293618920124775e-04 6.693440428380187162e-04 6.693440428380187162e-04 6.693440428380187162e-04 6.693440428380187162e-04
1.783769306311936420e-01 3.095259351843585582e-01 3.332738148379608689e-01 3.347915364699580176e-01 3.354164806713686442e-01 3.358628693866618775e-01 3.365770913311311729e-01 3.372020355325417440e-01 3.376484242478350328e-01 3.383626461923042728e-01
1.089188465315596779e-02 2.919382198018034141e-02 3.847870725828050897e-02 4.088920632086420759e-02 4.178198375145076443e-02 4.231765020980269437e-02 4.249620569592000435e-02 4.276403892509597626e-02 4.285331666815463125e-02 4.285331666815463125e-02
1.130256227122578283e-01 1.904294259441121351e-01 2.067672529238460954e-01 2.092670297294884352e-01 2.101598071600749851e-01 2.106954736184269150e-01 2.109633068476028939e-01 2.116775287920721338e-01 2.118560842781894438e-01 2.121239175073654226e-01
8.927774305865547816e-04 5.445942326577983897e-03 9.909829479510757697e-03 1.455227211856084321e-02 1.749843763949647524e-02 1.919471475761092699e-02 1.955182572984555042e-02 1.973038121596286040e-02 1.981965895902151539e-02 2.035532541737344880e-02
4.196053923756807094e-03 1.517721631997143161e-02 2.080171413266672722e-02 2.392643513971966923e-02 2.472993482724756761e-02 2.553343451477546600e-02 2.571199000089277598e-02 2.589054548701008943e-02 2.589054548701008943e-02 2.597982323006874442e-02
6.632765863365023239e-04 1.547645368118505350e-03 2.874198540791510215e-03 3.316382931682511619e-03 3.537475127128012539e-03 3.979659518019013943e-03 4.200751713464514862e-03 4.200751713464514862e-03 4.200751713464514862e-03 4.200751713464514862e-03
0.000000000000000000e+00 2.419549963706750474e-04 2.419549963706750474e-04 4.839099927413500948e-04 4.839099927413500948e-04 4.839099927413500948e-04 4.839099927413500948e-04 4.839099927413500948e-04 4.839099927413500948e-04 4.839099927413500948e-04
3.544004725339633746e-03 1.063201417601890124e-02 1.683402244536326073e-02 1.919669226225634989e-02 2.037802717070289274e-02 2.037802717070289274e-02 2.067336089781452932e-02 2.155936207914943906e-02 2.155936207914943906e-02 2.185469580626107564e-02
1.885014137606031998e-03 3.141690229343386664e-03 3.770028275212063996e-03 5.026704366949418662e-03 5.026704366949418662e-03 5.340873389883757545e-03 5.340873389883757545e-03 5.340873389883757545e-03 5.340873389883757545e-03 5.340873389883757545e-03
0.000000000000000000e+00 0.000000000000000000e+00 0.000000000000000000e+00 0.000000000000000000e+00 0.000000000000000000e+00 0.000000000000000000e+00 0.000000000000000000e+00 0.000000000000000000e+00 0.000000000000000000e+00 0.000000000000000000e+00
4.634994206257242455e-02 1.213789107763615233e-01 1.607763615295480786e-01 1.732329084588644375e-01 1.775782155272306040e-01 1.790266512166859836e-01 1.825028968713789113e-01 1.836616454229432205e-01 1.856894553881807686e-01 1.877172653534183167e-01
5.793742757821553069e-03 1.593279258400926920e-02 2.259559675550405419e-02 2.520278099652375342e-02 2.607184241019698881e-02 2.607184241019698881e-02 2.694090382387022073e-02 2.780996523754345265e-02 2.838933951332560726e-02 2.838933951332560726e-02
1.680185399768250459e-02 3.939745075318655532e-02 5.533024333719582799e-02 6.141367323290845837e-02 6.749710312862108874e-02 6.952491309385863683e-02 7.010428736964079144e-02 7.097334878331401642e-02 7.184241019698725528e-02 7.300115874855156450e-02
2.007531865585167885e-01 3.635573580533024152e-01 3.954229432213209883e-01 4.032444959443800547e-01 4.081691772885283620e-01 4.139629200463499359e-01 4.168597914252606951e-01 4.183082271147161024e-01 4.203360370799536505e-01 4.238122827346466059e-01
1.158748551564310527e-03 4.634994206257242108e-03 6.373117033603707682e-03 6.952491309385863162e-03 7.242178447276941336e-03 8.111239860950173255e-03 8.400926998841252297e-03 8.400926998841252297e-03 8.400926998841252297e-03 8.400926998841252297e-03
1.039307128580946038e-01 1.805463024650233173e-01 1.987563846324672534e-01 2.014212747057517183e-01 2.020874972240728484e-01 2.027537197423939508e-01 2.027537197423939508e-01 2.031978680879413801e-01 2.031978680879413801e-01 2.038640906062624825e-01
3.775260937153009175e-03 1.154785698423273395e-02 2.265156562291805592e-02 3.109038418831889736e-02 3.375527426160337269e-02 3.508771929824561209e-02 3.597601598934044298e-02 3.642016433488785149e-02 3.686431268043526693e-02 3.775260937153009089e-02
2.220741727737064221e-04 6.662225183211192663e-04 1.554519209415944955e-03 3.109038418831889909e-03 3.553186764379302753e-03 4.663557628247834430e-03 4.885631801021541286e-03 5.329780146568954130e-03 5.551854319342660118e-03 5.773928492116366974e-03
1.310237619364867934e-02 4.352653786364645699e-02 7.439484787919165010e-02 8.394403730846101974e-02 8.994003997335109357e-02 9.216078170108815693e-02 9.349322673773040326e-02 9.349322673773040326e-02 9.415944925605151949e-02 9.460359760159893494e-02
1.332445036642238533e-03 7.328447701532311495e-03 1.199200532978014593e-02 1.376859871196979730e-02 1.443482123029091700e-02 1.487896957583833071e-02 1.532311792138574269e-02 1.532311792138574269e-02 1.554519209415944868e-02 1.554519209415944868e-02
6.028875138822782642e-03 1.316833254006028950e-02 1.745200698080279222e-02 1.919720767888307214e-02 1.999048072346501503e-02 2.030778994129779635e-02 2.062509915913057421e-02 2.094240837696335206e-02 2.141837220371251710e-02 2.157702681262890776e-02
7.161043921069382839e-03 2.530235518777848580e-02 5.124124761298536057e-02 5.887969446212603514e-02 6.047103755569700756e-02 6.158497772119669172e-02 6.158497772119669172e-02 6.190324633991088621e-02 6.222151495862508069e-02 6.222151495862508069e-02
9.671179883945842104e-03 4.338214976512849014e-02 7.294832826747719989e-02 1.094224924012158068e-01 1.334622823984526196e-01 1.411992263056092711e-01 1.428571428571428492e-01 1.436861011329096383e-01 1.450676982591876107e-01 1.453440176844432163e-01
8.435259384226064666e-04 3.374103753690425866e-03 4.358217348516800656e-03 4.639392661324335566e-03 4.920567974131871344e-03 5.061155630535638800e-03 5.061155630535638800e-03 5.061155630535638800e-03 5.061155630535638800e-03 5.061155630535638800e-03
7.826257092545489810e-04 3.130502837018195924e-03 5.087067110154568431e-03 7.826257092545490027e-03 8.804539229113676063e-03 9.000195656427314311e-03 9.195852083740950825e-03 9.195852083740950825e-03 9.782821365681862100e-03 9.782821365681862100e-03
4.337899543378995193e-02 7.762557077625570345e-02 1.004566210045662045e-01 1.278538812785388057e-01 1.324200913242009059e-01 1.461187214611872065e-01 1.484018264840182566e-01 1.506849315068493067e-01 1.529680365296803568e-01 1.598173515981735071e-01
2.255639097744360777e-02 5.012531328320801727e-02 5.513784461152881899e-02 6.516290726817042245e-02 7.769423558897242676e-02 8.521303258145362935e-02 9.523809523809523281e-02 9.774436090225563367e-02 1.002506265664160345e-01 1.027568922305764354e-01
0.000000000000000000e+00 0.000000000000000000e+00 0.000000000000000000e+00 0.000000000000000000e+00 0.000000000000000000e+00 0.000000000000000000e+00 0.000000000000000000e+00 0.000000000000000000e+00 0.000000000000000000e+00 0.000000000000000000e+00
0.000000000000000000e+00 0.000000000000000000e+00 0.000000000000000000e+00 0.000000000000000000e+00 0.000000000000000000e+00 0.000000000000000000e+00 0.000000000000000000e+00 0.000000000000000000e+00 0.000000000000000000e+00 0.000000000000000000e+00
0.000000000000000000e+00 0.000000000000000000e+00 0.000000000000000000e+00 0.000000000000000000e+00 0.000000000000000000e+00 0.000000000000000000e+00 0.000000000000000000e+00 0.000000000000000000e+00 0.000000000000000000e+00 0.000000000000000000e+00
1.418770581778265594e-01 3.616904500548847601e-01 4.772228320526893386e-01 5.175631174533479317e-01 5.282656421514818623e-01 5.321075740944017918e-01 5.340285400658616455e-01 5.370472008781558282e-01 5.392425905598243752e-01 5.403402854006585931e-01
2.469813391877058104e-02 8.699231613611416170e-02 1.473655323819978158e-01 1.934687156970362198e-01 2.159714599341382990e-01 2.283205268935236121e-01 2.354555433589462232e-01 2.384742041712404059e-01 2.403951701427003429e-01 2.425905598243688344e-01
2.387486278814489674e-02 9.193194291986828137e-02 1.704171240395170039e-01 2.071899012074643331e-01 2.285949506037321666e-01 2.338090010976948407e-01 2.381997804610318237e-01 2.403951701427003429e-01 2.409440175631174519e-01 2.428649835345773889e-01
5.488474204171240592e-04 3.293084522502744138e-03 8.781558726673984946e-03 1.756311745334796989e-02 2.552140504939626880e-02 3.155872667398463421e-02 3.320526893523600281e-02 3.622392974753018552e-02 3.759604829857299962e-02 3.814489571899012249e-02
0.000000000000000000e+00 5.488474204171240592e-04 1.920965971459934153e-03 4.116355653128430173e-03 5.214050493962678508e-03 9.879253567508232414e-03 1.097694840834248162e-02 1.180021953896816765e-02 1.262349066959385369e-02 1.262349066959385369e-02
1.376316538571021875e-01 2.759037859379447899e-01 3.189581554227156057e-01 3.252206091659550213e-01 3.281383432963279057e-01 3.297039567321377596e-01 3.306290919442072540e-01 3.314830629091944370e-01 3.320523768858525404e-01 3.324081981212638759e-01
4.647025334471961006e-02 9.550241958440079670e-02 1.147167662966125795e-01 1.201252490748647844e-01 1.221890122402504997e-01 1.232564759464844922e-01 1.238257899231426096e-01 1.241816111585539451e-01 1.246085966410475365e-01 1.251067463706234117e-01
5.621975519499004120e-03 1.465983489894676951e-02 2.049530315969257110e-02 2.206091659550241807e-02 2.312838030173640716e-02 2.355536578423000210e-02 2.398235126672359704e-02 2.426700825505266265e-02 2.440933674921719199e-02 2.448050099629945839e-02
2.270139481924281222e-02 5.451181326501565449e-02 6.575576430401366967e-02 6.767719897523484518e-02 6.810418445772843665e-02 6.831767719897523239e-02 6.846000569313977213e-02 6.881582692855109373e-02 6.895815542271563348e-02 6.902931966979788947e-02
1.494449188727583165e-03 4.056362083689154553e-03 5.479647025334472184e-03 5.977796754910332661e-03 6.191289496157130999e-03 6.475946484486194005e-03 6.475946484486194005e-03 6.475946484486194005e-03 6.618274978650725941e-03 6.689439225732991476e-03
9.019327129563349532e-02 2.183249821045096517e-01 2.784538296349319819e-01 3.020758768790264837e-01 3.092340730136005633e-01 3.149606299212598381e-01 3.221188260558339178e-01 3.228346456692913202e-01 3.235504652827487226e-01 3.256979241231209854e-01
1.856697819314641618e-01 3.177570093457943723e-01 3.588785046728971695e-01 3.725856697819314722e-01 3.813084112149532912e-01 3.881619937694704148e-01 3.906542056074766567e-01 3.950155763239875384e-01 3.993769470404984201e-01 3.993769470404984201e-01
1.260239445494644017e-03 5.040957781978576066e-03 8.821676118462507682e-03 1.134215500945179658e-02 1.260239445494643930e-02 1.386263390044108375e-02 1.449275362318840597e-02 1.449275362318840597e-02 1.512287334593572820e-02 1.575299306868304869e-02
3.865425912670007041e-02 1.181102362204724393e-01 1.624910522548317915e-01 1.803865425912669906e-01 1.932712956335003451e-01 1.982820329277022176e-01 2.032927702219040900e-01 2.054402290622762972e-01 2.090193271295633370e-01 2.104509663564781696e-01
0.000000000000000000e+00 7.158196134574087034e-04 1.431639226914817407e-03 2.147458840372226327e-03 2.147458840372226327e-03 2.863278453829634813e-03 2.863278453829634813e-03 3.579098067287043734e-03 3.579098067287043734e-03 3.579098067287043734e-03
9.872332131371211461e-02 1.835103791053503686e-01 2.049507845239255388e-01 2.070948250657830558e-01 2.088490400545755799e-01 2.101159731020368349e-01 2.108956242081668486e-01 2.116752753142968624e-01 2.125523828086930966e-01 2.130396647500243656e-01
4.872819413312542633e-04 1.072020270928759379e-03 1.169476659195010232e-03 1.169476659195010232e-03 1.169476659195010232e-03 1.169476659195010232e-03 1.169476659195010232e-03 1.169476659195010232e-03 1.169476659195010232e-03 1.169476659195010232e-03
2.923691647987525580e-04 3.898255530650034106e-04 3.898255530650034106e-04 3.898255530650034106e-04 3.898255530650034106e-04 3.898255530650034106e-04 3.898255530650034106e-04 3.898255530650034106e-04 3.898255530650034106e-04 3.898255530650034106e-04
1.949127765325017053e-04 1.949127765325017053e-04 1.949127765325017053e-04 1.949127765325017053e-04 1.949127765325017053e-04 1.949127765325017053e-04 1.949127765325017053e-04 1.949127765325017053e-04 2.923691647987525580e-04 2.923691647987525580e-04
1.949127765325017053e-03 3.216060812786278138e-03 3.703342754117532401e-03 3.800799142383783254e-03 3.800799142383783254e-03 3.800799142383783254e-03 3.800799142383783254e-03 3.800799142383783254e-03 3.800799142383783254e-03 3.898255530650034106e-03
5.284174826322411006e-02 9.611071604398008228e-02 1.066681253760735221e-01 1.076527542256988101e-01 1.078168590339696892e-01 1.078715606367266627e-01 1.079809638422405821e-01 1.080903670477545014e-01 1.080903670477545014e-01 1.080903670477545014e-01
2.352168918549313661e-02 7.707455828455773983e-02 1.225315901755921477e-01 1.420600623598271550e-01 1.501011979651003803e-01 1.540944149663585061e-01 1.566653902959356803e-01 1.581423335703736055e-01 1.594551720365406655e-01 1.606039056944368604e-01
4.047918604015097663e-03 1.400361030578196019e-02 1.969257699250587940e-02 2.406870521306274380e-02 2.565505169301460567e-02 2.696789015918166568e-02 2.778841420053607472e-02 2.839013183086264505e-02 2.915595426946009441e-02 2.926535747497401724e-02
1.449592473059460596e-02 4.698867676822930661e-02 7.893441277829441050e-02 9.561840161916744518e-02 1.036595372244406704e-01 1.080356654449975418e-01 1.104425359663038092e-01 1.120288824462556815e-01 1.129588096931240099e-01 1.132323177069088083e-01
2.680378535091077971e-03 1.006509490728078361e-02 1.947377058147803722e-02 2.636617252885509535e-02 2.921065587221705756e-02 3.024998632459931225e-02 3.123461517422460379e-02 3.183633280455117065e-02 3.200043761282205662e-02 3.221924402384990227e-02
6.306306306306305731e-02 1.647647647647647595e-01 2.126126126126126059e-01 2.228228228228228136e-01 2.249249249249249127e-01 2.264264264264264359e-01 2.269269269269269251e-01 2.275275275275275289e-01 2.281281281281281326e-01 2.286286286286286218e-01
2.127206977238885221e-04 8.508827908955540883e-04 1.063603488619442638e-03 1.169963837481386966e-03 1.169963837481386966e-03 1.169963837481386966e-03 1.169963837481386966e-03 1.169963837481386966e-03 1.169963837481386966e-03 1.169963837481386966e-03
1.207095622966306361e-02 3.558307966831111835e-02 6.129946467933242160e-02 6.948672194814736747e-02 7.127112417340190909e-02 7.148105384696126774e-02 7.169098352052062639e-02 7.190091319407998505e-02 7.190091319407998505e-02 7.190091319407998505e-02
1.382684535205275407e-03 4.998936396511380852e-03 9.997872793022761703e-03 1.201871942139970222e-02 1.244416081684747953e-02 1.265688151457136819e-02 1.276324186343331252e-02 1.276324186343331252e-02 1.276324186343331252e-02 1.286960221229525685e-02
4.254413954477770442e-04 1.808125930653052505e-03 3.084450116996383801e-03 4.467134652201659208e-03 5.211657094235269509e-03 5.211657094235269509e-03 5.318017443097212971e-03 5.318017443097212971e-03 5.424377791959157299e-03 5.424377791959157299e-03
6.326320435486244148e-03 1.294688833308812667e-02 1.647785787847579758e-02 1.809621892011181385e-02 1.839046638222745222e-02 1.868471384434309407e-02 1.868471384434309407e-02 1.868471384434309407e-02 1.883183757540091152e-02 1.897896130645873244e-02
0.000000000000000000e+00 0.000000000000000000e+00 1.555693839452395753e-04 3.111387678904791506e-04 3.111387678904791506e-04 3.111387678904791506e-04 3.111387678904791506e-04 3.111387678904791506e-04 3.111387678904791506e-04 6.222775357809583012e-04
3.168008309529992544e-02 6.141262009867566596e-02 7.361724227473383231e-02 7.569462477278629531e-02 7.673331602181251987e-02 7.738249805245391022e-02 7.738249805245391022e-02 7.738249805245391022e-02 7.777200727083874443e-02 7.803168008309530057e-02
0.000000000000000000e+00 0.000000000000000000e+00 5.140727412928929214e-04 1.028145482585785843e-03 1.156663667909009182e-03 1.156663667909009182e-03 1.156663667909009182e-03 1.156663667909009182e-03 1.156663667909009182e-03 1.156663667909009182e-03
0.000000000000000000e+00 0.000000000000000000e+00 0.000000000000000000e+00 0.000000000000000000e+00 0.000000000000000000e+00 0.000000000000000000e+00 0.000000000000000000e+00 0.000000000000000000e+00 0.000000000000000000e+00 0.000000000000000000e+00
1.870187018701870152e-01 3.218921892189218759e-01 3.544554455445544372e-01 3.599559955995599303e-01 3.621562156215621386e-01 3.641364136413641206e-01 3.669966996699670081e-01 3.685368536853685373e-01 3.705170517051705192e-01 3.718371837183718220e-01
9.205384281372124000e-02 1.765089014329135897e-01 2.125488493269648282e-01 2.192792010421189819e-01 2.201476335214936908e-01 2.229700390794615850e-01 2.247069040382110305e-01 2.266608771168041603e-01 2.281806339557099494e-01 2.283977420755536336e-01
2.505601955591770305e-02 6.661234467304949503e-02 8.800162965980851126e-02 9.513139132206152593e-02 9.716846608270524044e-02 9.839071093909146359e-02 9.961295579547770063e-02 9.981666327154206653e-02 1.000203707476064324e-01 1.006314931757995579e-01
2.467612584824182675e-03 1.089862224964014033e-02 1.521694427308245903e-02 1.624511618342586866e-02 1.706765371170059636e-02 1.789019123997532407e-02 1.789019123997532407e-02 1.789019123997532407e-02 1.809582562204400599e-02 1.850709438618136984e-02
2.069536423841059601e-04 6.208609271523179074e-04 6.208609271523179074e-04 8.278145695364238403e-04 8.278145695364238403e-04 1.034768211920529882e-03 1.034768211920529882e-03 1.241721854304635815e-03 1.448675496688741748e-03 1.448675496688741748e-03
7.086871325930764465e-02 1.587197909862834710e-01 1.939908556499020387e-01 2.018288700195950414e-01 2.031352057478772177e-01 2.037883736120182920e-01 2.044415414761593663e-01 2.044415414761593663e-01 2.054212932723709917e-01 2.057478772044415427e-01
5.989731888191671128e-03 1.682829435253850592e-02 2.738163148887621384e-02 3.793496862521392177e-02 4.192812321734169789e-02 4.221334854535082476e-02 4.363947518539646603e-02 4.420992584141471976e-02 4.506560182544210036e-02 4.506560182544210036e-02
5.451076587626056333e-04 3.543199781956936616e-03 4.905968928863450700e-03 5.723630417007358716e-03 5.723630417007358716e-03 5.723630417007358716e-03 5.723630417007358716e-03 5.723630417007358716e-03 5.723630417007358716e-03 5.723630417007358716e-03
0.000000000000000000e+00 0.000000000000000000e+00 0.000000000000000000e+00 0.000000000000000000e+00 0.000000000000000000e+00 0.000000000000000000e+00 0.000000000000000000e+00 0.000000000000000000e+00 0.000000000000000000e+00 0.000000000000000000e+00
0.000000000000000000e+00 0.000000000000000000e+00 0.000000000000000000e+00 0.000000000000000000e+00 0.000000000000000000e+00 0.000000000000000000e+00 0.000000000000000000e+00 0.000000000000000000e+00 0.000000000000000000e+00 0.000000000000000000e+00
1.267806267806267755e-02 3.561253561253561323e-02 5.327635327635327905e-02 5.783475783475783283e-02 5.826210826210825866e-02 5.911680911680911726e-02 5.982905982905983161e-02 6.082621082621082753e-02 6.125356125356125336e-02 6.168091168091167920e-02
2.421652421652421578e-03 8.404558404558405346e-03 1.752136752136752157e-02 2.407407407407407413e-02 2.592592592592592518e-02 2.663817663817663953e-02 2.663817663817663953e-02 2.706552706552706536e-02 2.735042735042735040e-02 2.763532763532763545e-02
7.977207977207977779e-03 2.450142450142449996e-02 3.717948717948717924e-02 4.017094017094017394e-02 4.074074074074074403e-02 4.131054131054130718e-02 4.188034188034187727e-02 4.230769230769231004e-02 4.230769230769231004e-02 4.230769230769231004e-02
0.000000000000000000e+00 4.273504273504273501e-04 2.136752136752136967e-03 4.273504273504273934e-03 4.700854700854700634e-03 4.700854700854700634e-03 5.413105413105413245e-03 5.555555555555555768e-03 5.840455840455840812e-03 5.840455840455840812e-03
1.623931623931624060e-02 2.478632478632478500e-02 2.663817663817663953e-02 2.692307692307692457e-02 2.692307692307692457e-02 2.706552706552706536e-02 2.720797720797720962e-02 2.720797720797720962e-02 2.720797720797720962e-02 2.720797720797720962e-02
2.632135306553911036e-01 3.255813953488372325e-01 3.319238900634249312e-01 3.350951374207188360e-01 3.361522198731500821e-01 3.366807610993657329e-01 3.377378435517970345e-01 3.377378435517970345e-01 3.382663847780126853e-01 3.387949260042283361e-01
1.215644820295983149e-02 1.585623678646934376e-02 1.585623678646934376e-02 1.585623678646934376e-02 1.585623678646934376e-02 1.585623678646934376e-02 1.638477801268499109e-02 1.638477801268499109e-02 1.638477801268499109e-02 1.638477801268499109e-02
3.171247357293868838e-03 5.813953488372092943e-03 5.813953488372092943e-03 5.813953488372092943e-03 6.342494714587737677e-03 6.342494714587737677e-03 6.342494714587737677e-03 6.342494714587737677e-03 6.342494714587737677e-03 6.342494714587737677e-03
4.756871035940803474e-03 8.456659619450317480e-03 9.513742071881606949e-03 9.513742071881606949e-03 9.513742071881606949e-03 9.513742071881606949e-03 9.513742071881606949e-03 9.513742071881606949e-03 9.513742071881606949e-03 9.513742071881606949e-03
3.171247357293868838e-03 3.699788583509513572e-03 3.699788583509513572e-03 3.699788583509513572e-03 3.699788583509513572e-03 3.699788583509513572e-03 3.699788583509513572e-03 3.699788583509513572e-03 3.699788583509513572e-03 3.699788583509513572e-03
2.126819022853428109e-01 3.221483222483372266e-01 3.422013301995299184e-01 3.439015852377856897e-01 3.448517277591638952e-01 3.458018702805421007e-01 3.461019152872931159e-01 3.465019752962944510e-01 3.467520128019203063e-01 3.473020953142971212e-01
1.037158863134090558e-01 1.877987356735365265e-01 2.089736341676517450e-01 2.105154957084853784e-01 2.113378218635966477e-01 2.118003803258467488e-01 2.122629387880968221e-01 2.127768926350413758e-01 2.132394510972914770e-01 2.133936372513748347e-01
7.143958472529166569e-03 1.762861695019787150e-02 2.132908464819859018e-02 2.189443387983758954e-02 2.189443387983758954e-02 2.189443387983758954e-02 2.194582926453204560e-02 2.199722464922649820e-02 2.199722464922649820e-02 2.199722464922649820e-02
3.911188775247982641e-02 6.794469856606877300e-02 7.832656627434855801e-02 7.997121858457111043e-02 8.012540473865446822e-02 8.048517243151565026e-02 8.058796320090455545e-02 8.074214935498792711e-02 8.089633550907128490e-02 8.099912627846019009e-02
5.355399085162152600e-02 1.048465847766870546e-01 1.234003186513851075e-01 1.268438094259135562e-01 1.272549725034691770e-01 1.278717171198026359e-01 1.281800894279693792e-01 1.283342755820527370e-01 1.286426478902194526e-01 1.288482294289972629e-01
2.413793103448276002e-03 1.982758620689655318e-02 4.396551724137930800e-02 6.172413793103448398e-02 6.844827586206896075e-02 7.086206896551723589e-02 7.224137931034482762e-02 7.344827586206896519e-02 7.379310344827585966e-02 7.448275862068964859e-02
0.000000000000000000e+00 3.448275862068965253e-04 1.206896551724138001e-03 1.551724137931034418e-03 2.068965517241379368e-03 2.068965517241379368e-03 2.068965517241379368e-03 2.068965517241379368e-03 2.241379310344827468e-03 2.241379310344827468e-03
2.758620689655172202e-03 5.517241379310344404e-03 1.241379310344827534e-02 1.637931034482758771e-02 1.862068965517241215e-02 1.862068965517241215e-02 1.879310344827586285e-02 1.896551724137931008e-02 1.896551724137931008e-02 1.913793103448275731e-02
0.000000000000000000e+00 1.724137931034482626e-04 3.448275862068965253e-04 3.448275862068965253e-04 3.448275862068965253e-04 3.448275862068965253e-04 5.172413793103448421e-04 6.896551724137930505e-04 6.896551724137930505e-04 6.896551724137930505e-04
2.275862068965517349e-02 4.775862068965517487e-02 5.844827586206896575e-02 6.017241379310344501e-02 6.086206896551724088e-02 6.155172413793103675e-02 6.172413793103448398e-02 6.189655172413793122e-02 6.206896551724137845e-02 6.206896551724137845e-02
2.297147091515375911e-02 9.188588366061503643e-02 1.485735457576880247e-01 1.771026306039273912e-01 1.911819192293441882e-01 1.982215635420526145e-01 2.037791774731382011e-01 2.052612078547610130e-01 2.056317154501667299e-01 2.067432382363838528e-01
2.964060763245646504e-03 1.444979622082252606e-02 3.149314560948499736e-02 3.853278992219340282e-02 4.297888106706187344e-02 4.742497221193034407e-02 5.001852537977028584e-02 5.113004816598740176e-02 5.187106335679881469e-02 5.187106335679881469e-02
0.000000000000000000e+00 0.000000000000000000e+00 0.000000000000000000e+00 3.705075954057058130e-04 3.705075954057058130e-04 3.705075954057058130e-04 3.705075954057058130e-04 3.705075954057058130e-04 3.705075954057058130e-04 3.705075954057058130e-04
3.334568358651352534e-03 1.556131900703964371e-02 4.149685068543905453e-02 6.298629121896999472e-02 7.113745831789551610e-02 7.336050389032974794e-02 7.410151908114116781e-02 7.558354946276397979e-02 7.558354946276397979e-02 7.632456465357539965e-02
2.260096331974805611e-02 7.558354946276397979e-02 1.267135976287513954e-01 1.633938495739162555e-01 1.752500926268988624e-01 1.826602445350129778e-01 1.863653204890700354e-01 1.889588736569099703e-01 1.896998888477213763e-01 1.915524268247499051e-01
8.886810102899905806e-03 4.817586529466791334e-02 6.407857811038353280e-02 7.062675397567820534e-02 7.202993451824134252e-02 7.202993451824134252e-02 7.249766136576239750e-02 7.296538821328343860e-02 7.296538821328343860e-02 7.343311506080449358e-02
1.122544434050514427e-02 3.554724041159962322e-02 4.583723105706267315e-02 4.911131898971000942e-02 4.957904583723105746e-02 5.098222637979420158e-02 5.191768007483629765e-02 5.191768007483629765e-02 5.238540692235734569e-02 5.238540692235734569e-02
1.007005253940455348e-02 2.802101576182136622e-02 4.246935201401050991e-02 5.210157618213660108e-02 5.472854640980735763e-02 5.604203152364273244e-02 5.604203152364273244e-02 5.647985989492119302e-02 5.691768826619964666e-02 5.691768826619964666e-02
3.970004411116012655e-02 9.925011027790030249e-02 1.565946184384649220e-01 1.826202029113365710e-01 1.896779885310983793e-01 1.923246581385090470e-01 1.936479929422143809e-01 1.962946625496250486e-01 1.980591089545654937e-01 1.993824437582708553e-01
0.000000000000000000e+00 3.818251240931653471e-04 1.527300496372661388e-03 2.290950744558992083e-03 3.054600992745322777e-03 3.436426116838487907e-03 3.436426116838487907e-03 3.436426116838487907e-03 3.436426116838487907e-03 3.436426116838487907e-03
8.992053534086157096e-03 4.328732747804266145e-02 9.378920953575910213e-02 1.351944792973651110e-01 1.494144709326641618e-01 1.538059389376829900e-01 1.580928481806775365e-01 1.600794646591384429e-01 1.616478460895023062e-01 1.621706398996235754e-01
6.378084483479715475e-03 2.718527812630698592e-02 4.841070681723128738e-02 6.869510664993726257e-02 7.925554161438728984e-02 8.647009619406106906e-02 9.033877038895860023e-02 9.169803429527394190e-02 9.305729820158929744e-02 9.525303220409869764e-02
8.364700961940611454e-03 2.959012965286491118e-02 4.579673776662484402e-02 5.405687996654119643e-02 5.792555416143872760e-02 5.991217063989962704e-02 6.074864073609368559e-02 6.127143454621497565e-02 6.221246340443329498e-02 6.294437473860309273e-02
2.091175240485152863e-03 1.014219991635299106e-02 2.321204516938519397e-02 3.628189042241739687e-02 4.213718109577582749e-02 4.496026767043078548e-02 4.642409033877038793e-02 4.694688414889167799e-02 4.726056043496445341e-02 4.757423672103722190e-02
7.737348389795064944e-03 2.143454621497281609e-02 4.004600585529067419e-02 5.604349644500208893e-02 6.064408197406942480e-02 6.430363864491844827e-02 6.597657883730656536e-02 6.639481388540359463e-02 6.670849017147637006e-02 6.702216645754914548e-02
1.186878399912083028e-02 2.478158140557173636e-02 2.873784273861201138e-02 2.917742733117204348e-02 2.934227155338205509e-02 2.945216770152206051e-02 2.950711577559206669e-02 2.961701192373207212e-02 2.961701192373207212e-02 2.967195999780207830e-02
2.214407385021155070e-02 4.648607066322325149e-02 5.714599703280399956e-02 6.049782955107423782e-02 6.137699873619429508e-02 6.176163525468432447e-02 6.187153140282432989e-02 6.192647947689433607e-02 6.203637562503434150e-02 6.209132369910434768e-02
4.390351118193307201e-02 7.764162866091543769e-02 8.615858014176602797e-02 8.725754162316610996e-02 8.747733391944612080e-02 8.753228199351613392e-02 8.769712621572614553e-02 8.780702236386614401e-02 8.791691851200615637e-02 8.797186658607615561e-02
5.220067036650365144e-03 1.604483762844112482e-02 2.675971207209187214e-02 3.258420792351227752e-02 3.610088466399252738e-02 3.796911918237266120e-02 3.862849607121270068e-02 3.884828836749271846e-02 3.923292488598274785e-02 3.934282103412275328e-02
3.901313258970273180e-03 9.286224517830650796e-03 1.230836859168086238e-02 1.395681081378097668e-02 1.560525303588109272e-02 1.703390296170119098e-02 1.813286444310126949e-02 1.862739710973130430e-02 1.873729325787131320e-02 1.884718940601131862e-02
2.492858997662944845e-02 5.206439885743962409e-02 6.232147494157361939e-02 6.413918462736951931e-02 6.478836665801090966e-02 6.504803947026746580e-02 6.517787587639574387e-02 6.530771228252402194e-02 6.543754868865230001e-02 6.569722150090885615e-02
2.129317060503765208e-02 5.647883666580109235e-02 6.530771228252402194e-02 6.803427681121786141e-02 6.920280446637236405e-02 6.933264087250065599e-02 6.946247727862893406e-02 6.946247727862893406e-02 6.959231368475721213e-02 6.972215009088549020e-02
5.582965463515970027e-03 1.233445858218644442e-02 1.726824201506102149e-02 1.947546091924175563e-02 2.051415216826798366e-02 2.064398857439626173e-02 2.090366138665281787e-02 2.090366138665281787e-02 2.090366138665281787e-02 2.090366138665281787e-02
1.415216826798234261e-02 3.401713840560893071e-02 4.167748636717735766e-02 4.349519605297325064e-02 4.362503245910152871e-02 4.375486886522981372e-02 4.375486886522981372e-02 4.414437808361464793e-02 4.440405089587120407e-02 4.440405089587120407e-02
3.116073747078681056e-03 7.011165930927032268e-03 9.607894053492599742e-03 1.064658530251882604e-02 1.077642170864710411e-02 1.090625811477538218e-02 1.090625811477538218e-02 1.090625811477538218e-02 1.090625811477538218e-02 1.090625811477538218e-02
5.339805825242718157e-02 1.504854368932038722e-01 2.006472491909385147e-01 2.265372168284789656e-01 2.265372168284789656e-01 2.378640776699029180e-01 2.411003236245954640e-01 2.411003236245954640e-01 2.411003236245954640e-01 2.427184466019417508e-01
3.236245954692556354e-02 9.870550161812297052e-02 1.488673139158576131e-01 1.812297734627831836e-01 1.860841423948220164e-01 1.925566343042071082e-01 1.957928802588996819e-01 1.974110032362459410e-01 1.990291262135922279e-01 2.006472491909385147e-01
2.310654685494223370e-02 5.263157894736841813e-02 7.573812580231065184e-02 8.857509627727856716e-02 9.370988446726571941e-02 9.499358151476251788e-02 9.884467265725288554e-02 1.001283697047496840e-01 1.001283697047496840e-01 1.001283697047496840e-01
6.008583690987124790e-03 1.716738197424892698e-02 2.575107296137339047e-02 4.034334763948498048e-02 4.291845493562231745e-02 4.377682403433476310e-02 4.377682403433476310e-02 4.463519313304720876e-02 4.463519313304720876e-02 4.549356223175965441e-02
8.238928939237898791e-03 2.832131822863027948e-02 3.810504634397528234e-02 4.016477857878476138e-02 4.170957775489186198e-02 4.170957775489186198e-02 4.170957775489186198e-02 4.222451081359423347e-02 4.273944387229659803e-02 4.273944387229659803e-02
2.040988208871420684e-01 3.347838293093767792e-01 3.679112857944975001e-01 3.740875912408759274e-01 3.764738910724312326e-01 3.790005614823133140e-01 3.819483436271757237e-01 3.850364963503649651e-01 3.878439079169005987e-01 3.891072431218416394e-01
4.694835680751173815e-03 3.618935837245696591e-02 8.000782472613458818e-02 1.169796557120500735e-01 1.357589984350547618e-01 1.426056338028169057e-01 1.473004694835680639e-01 1.500391236306729270e-01 1.510172143974960746e-01 1.523865414710485200e-01
6.259780907668231753e-03 3.540688575899843260e-02 7.668231611893583377e-02 1.167840375586854523e-01 1.322378716744913862e-01 1.379107981220657198e-01 1.392801251956181652e-01 1.404538341158059478e-01 1.414319248826290953e-01 1.428012519561815408e-01
4.890453834115806274e-03 2.758215962441314464e-02 6.787949921752738092e-02 9.272300469483568675e-02 1.005477308294209643e-01 1.062206572769953117e-01 1.093505477308294171e-01 1.099374021909233223e-01 1.107198748043818487e-01 1.122848200312989014e-01
1.956181533646322423e-04 3.129890453834115877e-03 6.651017214397495804e-03 8.215962441314554610e-03 9.780907668231612548e-03 1.115023474178403716e-02 1.154147104851330208e-02 1.173708920187793367e-02 1.193270735524256700e-02 1.212832550860719859e-02
3.619624084103217343e-01 5.105447594775406328e-01 5.374323032812997614e-01 5.415737496017840602e-01 5.430391844536476276e-01 5.446320484230646741e-01 5.460337687161516129e-01 5.476266326855686595e-01 5.489009238611022301e-01 5.497292131251990677e-01
1.438674737177444984e-01 2.520547945205479645e-01 2.805352022937241396e-01 2.848677922905383797e-01 2.860146543485186377e-01 2.869703727301688434e-01 2.881172347881491014e-01 2.886269512583625185e-01 2.893278114049060434e-01 2.900286715514495128e-01
1.182929590219606100e-02 2.694136291600634017e-02 3.520489019696626531e-02 3.780846728548788865e-02 3.871405931627801972e-02 3.916685533167307831e-02 3.922345483359746671e-02 3.922345483359746671e-02 3.933665383744622962e-02 3.939325333937061108e-02
2.828680359119419615e-03 8.240068872217438598e-03 1.297503382117820743e-02 1.684909605214610778e-02 1.844791538556143223e-02 1.875538064198745483e-02 1.906284589841348090e-02 1.906284589841348090e-02 1.906284589841348090e-02 1.912433894969868542e-02
2.509882662985505426e-04 2.196147330112317112e-03 6.337453724038401119e-03 9.725795319068832739e-03 1.116897785028549833e-02 1.167095438288259963e-02 1.167095438288259963e-02 1.192194264918115115e-02 1.198468971575578773e-02 1.198468971575578773e-02
1.110119932599861262e-02 4.827039349786896305e-02 7.641986321736544963e-02 8.504311626523937406e-02 8.633164832986420234e-02 8.662900188323917339e-02 8.682723758548914483e-02 8.682723758548914483e-02 8.732282684111408733e-02 8.732282684111408733e-02
9.911785112498760683e-05 1.090296362374863770e-03 1.784121320249777059e-03 2.378828426999702456e-03 2.577064129249677805e-03 2.775299831499653154e-03 2.775299831499653154e-03 2.775299831499653154e-03 2.775299831499653154e-03 2.874417682624640612e-03
0.000000000000000000e+00 0.000000000000000000e+00 9.911785112498760683e-05 2.973535533749628069e-04 3.964714044999504273e-04 5.947071067499256139e-04 5.947071067499256139e-04 5.947071067499256139e-04 5.947071067499256139e-04 5.947071067499256139e-04
0.000000000000000000e+00 9.911785112498760683e-05 9.911785112498760683e-05 3.964714044999504273e-04 3.964714044999504273e-04 3.964714044999504273e-04 4.955892556249380477e-04 4.955892556249380477e-04 4.955892556249380477e-04 4.955892556249380477e-04
0.000000000000000000e+00 0.000000000000000000e+00 2.973535533749628069e-04 5.947071067499256139e-04 9.911785112498760954e-04 9.911785112498760954e-04 9.911785112498760954e-04 9.911785112498760954e-04 9.911785112498760954e-04 9.911785112498760954e-04
1.943398518158629979e-03 6.073120369245718631e-03 7.773594072634519916e-03 8.016518887404348176e-03 8.016518887404348176e-03 8.137981294789263173e-03 8.259443702174176435e-03 8.259443702174176435e-03 8.380906109559091433e-03 8.380906109559091433e-03
2.307785740313372802e-03 4.008259443702174088e-03 4.251184258472003215e-03 4.251184258472003215e-03 4.251184258472003215e-03 4.251184258472003215e-03 4.251184258472003215e-03 4.251184258472003215e-03 4.251184258472003215e-03 4.251184258472003215e-03
7.287744443094861880e-04 9.716992590793149896e-04 1.457548888618972376e-03 1.700473703388801069e-03 1.700473703388801069e-03 1.700473703388801069e-03 1.700473703388801069e-03 1.700473703388801069e-03 1.700473703388801069e-03 1.700473703388801069e-03
0.000000000000000000e+00 0.000000000000000000e+00 0.000000000000000000e+00 0.000000000000000000e+00 0.000000000000000000e+00 0.000000000000000000e+00 0.000000000000000000e+00 0.000000000000000000e+00 0.000000000000000000e+00 0.000000000000000000e+00
0.000000000000000000e+00 2.429248147698287474e-04 3.643872221547430940e-04 3.643872221547430940e-04 3.643872221547430940e-04 3.643872221547430940e-04 3.643872221547430940e-04 3.643872221547430940e-04 3.643872221547430940e-04 3.643872221547430940e-04
5.788830004076640778e-02 9.172441907867916189e-02 1.011006930289441441e-01 1.035466775377089227e-01 1.051773338768854510e-01 1.055849979616795692e-01 1.064003261312678333e-01 1.064003261312678333e-01 1.068079902160619654e-01 1.072156543008560975e-01
5.707297187117815231e-03 1.589889930697105727e-02 2.160619649408887163e-02 2.242152466367712885e-02 2.242152466367712885e-02 2.282918874847126092e-02 2.282918874847126092e-02 2.282918874847126092e-02 2.323685283326538953e-02 2.323685283326538953e-02
8.968609865470851886e-03 2.242152466367712885e-02 2.731349368120668600e-02 2.772115776600081460e-02 2.772115776600081460e-02 2.812882185079494668e-02 2.812882185079494668e-02 2.853648593558907529e-02 2.935181410517733250e-02 2.935181410517733250e-02
2.853648593558907615e-03 6.930289441500203651e-03 7.337953526294333124e-03 7.337953526294333124e-03 7.745617611088463465e-03 8.153281695882592939e-03 8.153281695882592939e-03 8.153281695882592939e-03 8.153281695882592939e-03 8.560945780676721545e-03
4.076640847941296361e-04 4.076640847941296361e-04 4.076640847941296361e-04 8.153281695882592722e-04 8.153281695882592722e-04 8.153281695882592722e-04 8.153281695882592722e-04 8.153281695882592722e-04 8.153281695882592722e-04 1.222992254382388854e-03
2.358490566037736019e-02 8.333333333333332871e-02 1.100628930817610096e-01 1.320754716981132060e-01 1.415094339622641473e-01 1.572327044025157161e-01 1.619496855345911868e-01 1.650943396226415005e-01 1.666666666666666574e-01 1.682389937106918143e-01
0.000000000000000000e+00 4.482294935006723687e-04 4.482294935006723687e-04 8.964589870013447374e-04 8.964589870013447374e-04 8.964589870013447374e-04 8.964589870013447374e-04 8.964589870013447374e-04 8.964589870013447374e-04 8.964589870013447374e-04
0.000000000000000000e+00 0.000000000000000000e+00 0.000000000000000000e+00 0.000000000000000000e+00 0.000000000000000000e+00 0.000000000000000000e+00 0.000000000000000000e+00 0.000000000000000000e+00 0.000000000000000000e+00 0.000000000000000000e+00
0.000000000000000000e+00 0.000000000000000000e+00 0.000000000000000000e+00 0.000000000000000000e+00 0.000000000000000000e+00 0.000000000000000000e+00 0.000000000000000000e+00 0.000000000000000000e+00 0.000000000000000000e+00 0.000000000000000000e+00
0.000000000000000000e+00 0.000000000000000000e+00 0.000000000000000000e+00 0.000000000000000000e+00 0.000000000000000000e+00 0.000000000000000000e+00 0.000000000000000000e+00 0.000000000000000000e+00 0.000000000000000000e+00 0.000000000000000000e+00
1.268330331875482386e-01 2.119886802161049522e-01 2.418317468484692534e-01 2.485207100591715901e-01 2.503215847697453089e-01 2.510933882171340614e-01 2.516079238487265446e-01 2.518651916645227584e-01 2.521224594803190278e-01 2.528942629277077248e-01
1.209158734242346198e-02 2.778492410599434081e-02 3.807563673784409436e-02 4.476459994854643798e-02 4.759454592230511621e-02 5.016722408026755980e-02 5.196809879084126477e-02 5.299717005402623804e-02 5.299717005402623804e-02 5.299717005402623804e-02
3.601749421147414261e-03 1.054798044764600033e-02 1.466426550038590210e-02 1.697967584255209716e-02 1.878055055312580560e-02 1.929508618471829223e-02 1.929508618471829223e-02 1.955235400051453729e-02 1.980962181631077887e-02 1.980962181631077887e-02
2.572678157962439145e-04 1.029071263184975658e-03 1.543606894777463379e-03 2.058142526369951316e-03 2.829945973758683005e-03 2.829945973758683005e-03 3.344481605351170509e-03 3.344481605351170509e-03 3.344481605351170509e-03 3.344481605351170509e-03
0.000000000000000000e+00 0.000000000000000000e+00 0.000000000000000000e+00 0.000000000000000000e+00 0.000000000000000000e+00 0.000000000000000000e+00 0.000000000000000000e+00 0.000000000000000000e+00 0.000000000000000000e+00 0.000000000000000000e+00
1.693725921849202065e-01 3.523665382498624155e-01 3.980462300495322125e-01 4.018987341772151667e-01 4.031370390753989952e-01 4.041001651073197753e-01 4.046505228398459275e-01 4.053384700055036038e-01 4.060264171711612802e-01 4.064391854705558527e-01
3.907539900935608213e-02 1.217666483214089185e-01 1.618051733626857391e-01 1.728123280132085882e-01 1.744634012107870169e-01 1.751513483764446932e-01 1.758392955421023696e-01 1.765272427077600459e-01 1.766648321408915701e-01 1.772151898734177222e-01
3.990093560814529476e-03 1.252063841496973105e-02 2.050082553659879001e-02 2.421574023115024774e-02 2.517886626307099668e-02 2.531645569620253125e-02 2.545404512933406582e-02 2.572922399559713844e-02 2.572922399559713844e-02 2.572922399559713844e-02
5.833791964777105404e-02 1.633186571271326437e-01 2.120253164556961945e-01 2.208310401761144626e-01 2.223445239405613671e-01 2.239955971381397959e-01 2.248211337369289964e-01 2.253714914694551485e-01 2.267473858007705012e-01 2.271601541001651015e-01
8.943313153549807895e-03 3.205833791964777385e-02 4.636763896532745954e-02 5.035773252614199336e-02 5.159603742432581491e-02 5.255916345624656039e-02 5.269675288937809843e-02 5.297193175564116757e-02 5.297193175564116757e-02 5.297193175564116757e-02
8.170515097690941864e-02 2.060390763765541644e-01 2.658377738306690330e-01 2.859680284191829513e-01 2.901124925991711012e-01 2.901124925991711012e-01 2.901124925991711012e-01 2.912966252220248742e-01 2.912966252220248742e-01 2.912966252220248742e-01
3.019538188277087060e-02 1.107164002368265232e-01 1.616341030195381778e-01 2.030787448194197875e-01 2.166962699822380101e-01 2.261693309650680828e-01 2.261693309650680828e-01 2.267613972764949692e-01 2.267613972764949692e-01 2.279455298993487145e-01
2.119597394908229737e-01 3.931320307874481834e-01 4.523386619301361655e-01 4.629958555358200112e-01 4.641799881586737841e-01 4.647720544701006706e-01 4.677323860272350475e-01 4.677323860272350475e-01 4.683244523386619340e-01 4.689165186500888205e-01
2.126436781609195373e-02 5.632183908045976933e-02 7.528735632183908288e-02 8.275862068965517127e-02 8.333333333333332871e-02 8.850574712643678732e-02 8.965517241379310220e-02 9.022988505747125965e-02 9.137931034482758841e-02 9.252873563218390329e-02
1.894612196566015233e-02 5.683836589698046393e-02 8.466548253404380942e-02 1.036116044997039687e-01 1.166370633510953186e-01 1.278863232682060369e-01 1.320307874481941868e-01 1.332149200710479597e-01 1.332149200710479597e-01 1.332149200710479597e-01
8.296894270658146039e-03 1.760287027693687584e-02 2.208767799080614547e-02 2.332100011212019305e-02 2.388160107635385263e-02 2.433008184774077681e-02 2.455432223343424064e-02 2.500280300482116830e-02 2.511492319766790021e-02 2.545128377620809595e-02
2.722624344245965812e-03 6.308519822033335778e-03 8.234278504548775413e-03 9.429576997144565112e-03 9.761604356198950658e-03 1.002722624344245909e-02 1.009363171525333620e-02 1.022644265887509216e-02 1.035925360249684637e-02 1.042565907430772348e-02
1.300813008130081191e-04 1.300813008130081191e-04 1.300813008130081191e-04 1.951219512195122058e-04 1.951219512195122058e-04 1.951219512195122058e-04 1.951219512195122058e-04 1.951219512195122058e-04 1.951219512195122058e-04 1.951219512195122058e-04
1.741705129321605800e-04 2.612557693982408701e-04 2.612557693982408701e-04 5.225115387964817401e-04 6.095967952625620844e-04 6.966820517286423202e-04 7.837673081947226644e-04 7.837673081947226644e-04 8.708525646608029002e-04 8.708525646608029002e-04
0.000000000000000000e+00 0.000000000000000000e+00 0.000000000000000000e+00 0.000000000000000000e+00 0.000000000000000000e+00 0.000000000000000000e+00 0.000000000000000000e+00 0.000000000000000000e+00 0.000000000000000000e+00 0.000000000000000000e+00
4.323308270676691663e-03 1.616541353383458765e-02 3.533834586466165495e-02 5.751879699248120537e-02 7.330827067669172525e-02 8.270676691729322849e-02 8.552631578947368640e-02 8.627819548872180111e-02 8.721804511278195837e-02 8.815789473684210176e-02
2.255639097744361037e-03 6.766917293233082678e-03 1.278195488721804544e-02 1.992481203007518895e-02 2.424812030075187974e-02 2.575187969924811957e-02 2.725563909774435939e-02 2.744360902255639154e-02 2.857142857142857054e-02 2.875939849624060268e-02
4.154135338345864986e-02 1.328947368421052599e-01 2.045112781954887271e-01 2.291353383458646642e-01 2.330827067669172803e-01 2.342105263157894801e-01 2.345864661654135375e-01 2.347744360902255523e-01 2.349624060150375948e-01 2.351503759398496374e-01
1.033834586466165356e-02 4.210526315789473589e-02 8.439849624060150046e-02 1.208646616541353414e-01 1.362781954887218039e-01 1.389097744360902331e-01 1.398496240601503626e-01 1.404135338345864625e-01 1.409774436090225624e-01 1.411654135338345772e-01
3.759398496240601729e-04 9.398496240601503238e-04 2.819548872180450971e-03 3.947368421052631707e-03 6.015037593984962766e-03 7.518796992481202590e-03 8.270676691729322502e-03 8.270676691729322502e-03 8.270676691729322502e-03 8.458646616541352914e-03
8.174512055109070530e-02 1.566016073478760096e-01 1.800229621125143398e-01 1.866819747416762210e-01 1.898966704936854155e-01 1.910447761194029870e-01 1.917336394948335188e-01 1.919632606199770386e-01 1.921928817451205584e-01 1.928817451205510902e-01
1.607347876004592505e-03 4.133180252583237499e-03 5.740528128587830438e-03 5.740528128587830438e-03 6.199770378874856248e-03 6.199770378874856248e-03 6.199770378874856248e-03 6.429391504018370021e-03 6.659012629161882926e-03 6.659012629161882926e-03
6.796785304247990323e-02 1.313432835820895483e-01 1.572904707233065413e-01 1.653272101033295138e-01 1.680826636050516687e-01 1.692307692307692402e-01 1.699196326061997719e-01 1.715269804822043553e-01 1.722158438576349149e-01 1.729047072330654466e-01
1.607347876004592505e-03 4.592422502870264177e-03 5.970149253731343343e-03 7.807118254879449187e-03 8.036739380022962093e-03 8.266360505166474998e-03 8.266360505166474998e-03 8.266360505166474998e-03 8.266360505166474998e-03 8.266360505166474998e-03
4.592422502870264068e-04 4.592422502870264068e-04 6.888633754305395832e-04 1.377726750861079166e-03 2.066590126291618749e-03 2.066590126291618749e-03 2.296211251435132088e-03 2.296211251435132088e-03 2.296211251435132088e-03 2.296211251435132088e-03
3.995875225573601759e-03 7.991750451147203518e-03 8.636246455271976569e-03 8.765145656096932220e-03 8.765145656096932220e-03 8.894044856921887870e-03 8.894044856921887870e-03 8.894044856921887870e-03 8.894044856921887870e-03 8.894044856921887870e-03
4.438168246923542525e-03 9.683276175105910016e-03 1.472664918297357343e-02 1.654226346580593004e-02 1.755093806737946169e-02 1.775267298769417010e-02 1.775267298769417010e-02 1.775267298769417010e-02 1.795440790800887504e-02 1.795440790800887504e-02
3.077554370127205501e-03 5.949938448912597301e-03 9.848173984407057602e-03 1.210504718916700917e-02 1.415675010258514617e-02 1.477226097661058640e-02 1.497743126795240097e-02 1.497743126795240097e-02 1.538777185063602837e-02 1.559294214197784120e-02
1.756587202007528319e-03 4.893350062735257397e-03 6.022584692597240073e-03 6.398996235884566765e-03 6.398996235884566765e-03 6.398996235884566765e-03 6.398996235884566765e-03 6.398996235884566765e-03 6.398996235884566765e-03 6.398996235884566765e-03
2.333333333333333526e-03 3.000000000000000062e-03 3.333333333333333547e-03 5.000000000000000104e-03 5.333333333333333155e-03 5.333333333333333155e-03 5.333333333333333155e-03 5.333333333333333155e-03 5.333333333333333155e-03 5.333333333333333155e-03
1.857115785484176468e-02 5.059693007390562991e-02 7.636914913776766956e-02 8.906575705893500505e-02 9.285578927420883033e-02 9.437180216031836044e-02 9.531931021413682370e-02 9.588781504642789055e-02 9.607731665719158876e-02 9.607731665719158876e-02
4.738360115368767979e-03 1.648125257519571576e-02 2.327976926246394865e-02 2.719406674907292806e-02 2.822414503502266095e-02 2.843016069221260961e-02 2.863617634940255480e-02 2.904820766378244865e-02 2.904820766378244865e-02 2.904820766378244865e-02
5.936329588014981062e-02 2.089887640449438200e-01 3.166666666666666519e-01 3.524344569288389573e-01 3.586142322097378154e-01 3.599250936329588257e-01 3.616104868913857517e-01 3.634831460674157189e-01 3.655430711610486716e-01 3.670411985018726675e-01
1.256695508858673288e-02 3.893695920889987672e-02 6.345282241450350691e-02 8.220024721878863017e-02 8.693860733415739728e-02 8.879274824886691786e-02 8.941079522043675343e-02 9.002884219200658900e-02 9.105892047795632882e-02 9.147095179233621920e-02
0.000000000000000000e+00 2.060156571899464362e-04 6.180469715698392544e-04 6.180469715698392544e-04 8.240626287597857449e-04 8.240626287597857449e-04 8.240626287597857449e-04 8.240626287597857449e-04 8.240626287597857449e-04 8.240626287597857449e-04
1.470023469170044783e-01 2.519735438446767395e-01 2.711755920631533923e-01 2.739492212502667168e-01 2.771495626200127793e-01 2.784296991679112709e-01 2.786430552592276677e-01 2.803499039897588974e-01 2.803499039897588974e-01 2.812033283550245399e-01
8.413180649684505116e-03 1.963075484926384701e-02 2.360364571161486374e-02 2.687543818649217042e-02 2.781023603645711717e-02 2.897873334891329714e-02 2.921243281140453382e-02 2.944613227389577051e-02 2.967983173638700720e-02 2.967983173638700720e-02
0.000000000000000000e+00 0.000000000000000000e+00 0.000000000000000000e+00 0.000000000000000000e+00 0.000000000000000000e+00 0.000000000000000000e+00 0.000000000000000000e+00 0.000000000000000000e+00 2.336994624912362803e-04 4.673989249824725607e-04
2.804393549894835039e-03 7.945781724702033477e-03 1.425566721196541188e-02 1.752745968684272029e-02 1.892965646179013695e-02 1.963075484926384701e-02 1.986445431175508369e-02 2.056555269922879028e-02 2.056555269922879028e-02 2.079925216172002697e-02
2.336994624912362803e-04 4.673989249824725607e-04 1.168497312456181266e-03 1.168497312456181266e-03 1.168497312456181266e-03 1.168497312456181266e-03 1.168497312456181266e-03 1.168497312456181266e-03 1.168497312456181266e-03 1.168497312456181266e-03
2.454879822085364802e-02 6.774441878367974679e-02 9.477375759130955701e-02 1.076041399367034523e-01 1.110255752288084874e-01 1.123941493456505070e-01 1.125652211102557559e-01 1.126507569925583735e-01 1.128218287571636363e-01 1.132495081686767657e-01
2.218114602587800167e-03 8.410351201478743349e-03 1.746765249537892903e-02 2.430683918669131194e-02 2.772643253234750513e-02 3.096118299445471331e-02 3.234750462107208874e-02 3.317929759704251608e-02 3.401109057301293648e-02 3.438077634011090650e-02
1.112981668537224057e-02 3.881406659184436642e-02 6.444070332959221659e-02 7.678638234193789491e-02 8.080808080808081495e-02 8.314627759072203139e-02 8.398802843247288319e-02 8.436213991769547782e-02 8.445566778900112648e-02 8.464272353161242379e-02
8.969503687462626737e-04 4.484751843731313477e-03 9.268487143711381937e-03 1.474985050827187609e-02 1.803866852700817050e-02 1.983256926450069693e-02 2.092884193741279680e-02 2.132748654574447011e-02 2.142714769782738671e-02 2.172613115407613996e-02
1.052742393936203873e-04 3.158227181808611348e-04 7.369196757553426839e-04 1.052742393936203710e-03 1.368565112117064953e-03 1.579113590904305782e-03 1.789662069691546394e-03 2.000210548478787223e-03 2.000210548478787223e-03 2.210759027266028052e-03
1.965372016846045691e-02 4.071127749181095018e-02 4.632662611137108172e-02 4.819840898455779454e-02 4.866635470285447101e-02 4.866635470285447101e-02 5.007019185774450043e-02 5.007019185774450043e-02 5.007019185774450043e-02 5.007019185774450043e-02
1.154529307282415630e-02 3.463587921847247064e-02 5.417406749555950252e-02 6.305506216696270261e-02 6.571936056838366402e-02 6.838365896980461156e-02 7.015985790408525713e-02 7.015985790408525713e-02 7.015985790408525713e-02 7.015985790408525713e-02
0.000000000000000000e+00 5.328596802841918494e-03 7.104795737122557991e-03 1.154529307282415630e-02 1.332149200710479493e-02 1.332149200710479493e-02 1.420959147424511598e-02 1.509769094138543530e-02 1.598579040852575461e-02 1.598579040852575461e-02
6.216696269982237809e-03 1.953818827708703534e-02 3.019538188277087060e-02 3.463587921847247064e-02 3.907637655417407069e-02 4.262877442273534795e-02 4.529307282415630243e-02 4.529307282415630243e-02 4.618117229129662521e-02 4.618117229129662521e-02
8.880994671403197489e-04 3.552397868561278996e-03 4.440497335701598311e-03 4.440497335701598311e-03 4.440497335701598311e-03 5.328596802841918494e-03 5.328596802841918494e-03 5.328596802841918494e-03 5.328596802841918494e-03 5.328596802841918494e-03
