1.079065141720536997e-01 2.841869716558925729e-01 3.620089507707608401e-01 3.823968175037295025e-01 3.868722028841372618e-01 3.910989557434112474e-01 3.938339134758826465e-01 3.958229736449527802e-01 3.980606663351566321e-01 3.988065638985579531e-01
6.586248492159227363e-02 1.763570566948130247e-01 2.448733413751507937e-01 2.709288299155609425e-01 2.738238841978287152e-01 2.755126658624849068e-01 2.764776839565741828e-01 2.791314837153196504e-01 2.808202653799758974e-01 2.820265379975874787e-01
4.170755642787045761e-03 1.889106967615309177e-02 3.091265947006869436e-02 4.121687929342492812e-02 5.029440628066732255e-02 5.323846908734052724e-02 5.471050049067713306e-02 5.520117762512266602e-02 5.520117762512266602e-02 5.520117762512266602e-02
3.033316757831924435e-02 9.572352063649924858e-02 1.588761810044753975e-01 1.862257583291894447e-01 2.021382396817503757e-01 2.110890104425658942e-01 2.160616608652411730e-01 2.180507210343112789e-01 2.185479860765788263e-01 2.190452511188463458e-01
6.215813028344107163e-03 1.864743908503232322e-02 3.232222774738936072e-02 4.649428145201392470e-02 5.569368473396320296e-02 5.967180507210342877e-02 6.489308801591248121e-02 7.036300348085529344e-02 7.160616608652412007e-02 7.185479860765787985e-02
7.943925233644859307e-02 2.320872274143302161e-01 3.255451713395638436e-01 3.426791277258566804e-01 3.535825545171339401e-01 3.582554517133956229e-01 3.598130841121495171e-01 3.613707165109034114e-01 3.629283489096573057e-01 3.629283489096573057e-01
3.894080996884734941e-02 1.355140186915887723e-01 2.009345794392523310e-01 2.118380062305295908e-01 2.149532710280373793e-01 2.149532710280373793e-01 2.149532710280373793e-01 2.180685358255451678e-01 2.180685358255451678e-01 2.180685358255451678e-01
9.345794392523363789e-03 2.803738317757009310e-02 5.140186915887850344e-02 6.853582554517133330e-02 7.320872274143301606e-02 7.320872274143301606e-02 7.320872274143301606e-02 7.320872274143301606e-02 7.788161993769469882e-02 7.788161993769469882e-02
1.869158878504672758e-02 1.137071651090342667e-01 1.651090342679127632e-01 1.884735202492211770e-01 1.915887850467289655e-01 1.915887850467289655e-01 1.931464174454828597e-01 1.931464174454828597e-01 1.931464174454828597e-01 1.931464174454828597e-01
1.090342679127725804e-02 4.361370716510903217e-02 7.009345794392522755e-02 8.411214953271027583e-02 8.722741433021806434e-02 8.722741433021806434e-02 8.878504672897195860e-02 8.878504672897195860e-02 8.878504672897195860e-02 8.878504672897195860e-02
2.558116332435398377e-01 4.421829791479596761e-01 4.922677840965778984e-01 5.034420832086201614e-01 5.054374937643419941e-01 5.083308390701386514e-01 5.091290032924273845e-01 5.109248727925770339e-01 5.123216601815823168e-01 5.138182180983736913e-01
7.532674847849944733e-02 2.009378429611892725e-01 2.681831786890152558e-01 2.834480694402873313e-01 2.862416442182978971e-01 2.877382021350892716e-01 2.890352189963084628e-01 2.897336126908111598e-01 2.904320063853138012e-01 2.910306295520303510e-01
2.155043400179586927e-02 6.295520303302404308e-02 9.278659084106555266e-02 1.028634141474608354e-01 1.060560710366157816e-01 1.084505637034819947e-01 1.091489573979846361e-01 1.096478100369150943e-01 1.100468921480594608e-01 1.104459742592038274e-01
9.877282250823106458e-03 2.953207622468322774e-02 4.379926169809437997e-02 5.038411653197645557e-02 5.227975655991220355e-02 5.337723236555921152e-02 5.377631447670358500e-02 5.437493764342013480e-02 5.447470817120622644e-02 5.477401975456450134e-02
1.546443180684425878e-02 4.729123017060760104e-02 6.355382619974059288e-02 6.983936945026439358e-02 7.143569789484185972e-02 7.193455053377231789e-02 7.243340317270278994e-02 7.253317370048888157e-02 7.273271475606106484e-02 7.283248528384715648e-02
1.370478544147382682e-02 3.212761177263536577e-02 3.763199281060435747e-02 3.819366434509099267e-02 3.819366434509099267e-02 3.824983149853965203e-02 3.824983149853965203e-02 3.824983149853965203e-02 3.824983149853965203e-02 3.836216580543697768e-02
6.515389800044933850e-03 2.005167378117277133e-02 2.892608402606156037e-02 3.106043585711076166e-02 3.122893731745675014e-02 3.128510447090541297e-02 3.134127162435407926e-02 3.139743877780273862e-02 3.145360593125140491e-02 3.145360593125140491e-02
2.724106942260166170e-02 6.335654909009211244e-02 7.885868344192316359e-02 8.301505279712424745e-02 8.368905863850820137e-02 8.374522579195686767e-02 8.380139294540552009e-02 8.402606155920018527e-02 8.408222871264883769e-02 8.408222871264883769e-02
5.616715344866321958e-05 8.425073017299483614e-04 1.123343068973264337e-03 1.348011682767917378e-03 1.460345989665243682e-03 1.572680296562570202e-03 1.572680296562570202e-03 1.741181756908559766e-03 1.741181756908559766e-03 1.741181756908559766e-03
3.010559424848348667e-02 4.403504830375196827e-02 4.527072567962255739e-02 4.527072567962255739e-02 4.543922713996854934e-02 4.549539429341720870e-02 4.549539429341720870e-02 4.549539429341720870e-02 4.555156144686587499e-02 4.555156144686587499e-02
1.597160603371783338e-02 5.359361135758651529e-02 7.542147293700088295e-02 8.110026619343389809e-02 8.234250221827861538e-02 8.269742679680568143e-02 8.305235137533274747e-02 8.340727595385979964e-02 8.340727595385979964e-02 8.340727595385979964e-02
1.774622892635315061e-03 7.098491570541260245e-03 1.224489795918367284e-02 1.455190771960958307e-02 1.579414374445430383e-02 1.579414374445430383e-02 1.632653061224489943e-02 1.650399290150842899e-02 1.703637976929902459e-02 1.703637976929902459e-02
7.275953859804791535e-03 1.739130434782608717e-02 2.200532386867790763e-02 2.342502218278615794e-02 2.413487133984028310e-02 2.431233362910381612e-02 2.431233362910381612e-02 2.431233362910381612e-02 2.448979591836734568e-02 2.448979591836734568e-02
3.549245785270630123e-04 3.549245785270630123e-04 3.549245785270630123e-04 5.323868677905945184e-04 7.098491570541260245e-04 7.098491570541260245e-04 7.098491570541260245e-04 7.098491570541260245e-04 7.098491570541260245e-04 7.098491570541260245e-04
3.904170363797693135e-03 1.898846495119787051e-02 3.265306122448979886e-02 4.241348713398402498e-02 4.649511978704524984e-02 4.915705412599822438e-02 5.004436557231588256e-02 5.110913930789707377e-02 5.146406388642413288e-02 5.217391304347825803e-02
2.086358425678257536e-02 6.939243408482995146e-02 1.169277799006495921e-01 1.483377913641574231e-01 1.675964845242644274e-01 1.791364157432174253e-01 1.862437905999235754e-01 1.880779518532670891e-01 1.883072220099350491e-01 1.884600687810470132e-01
5.349636988918608956e-04 3.591899121131066075e-03 9.323653037829575732e-03 1.711883836453954866e-02 2.223920519679021754e-02 2.560183416125334441e-02 2.842949942682460734e-02 3.041650745128009203e-02 3.156285823461979501e-02 3.209782193351165547e-02
8.498280473824990078e-02 2.227741688956820787e-01 3.170806266717615673e-01 3.598012991975544361e-01 3.767672907909820346e-01 3.836453954910202246e-01 3.878486816965991402e-01 3.900649598777226057e-01 3.914405808177301993e-01 3.926633549866259121e-01
1.987008024455483388e-03 8.712265953381734956e-03 1.811234237676729100e-02 2.598395108903324424e-02 3.064577760794803124e-02 3.454337027130301857e-02 3.721818876576232088e-02 3.867023309132594511e-02 3.928162017577378762e-02 3.974016048910966603e-02
0.000000000000000000e+00 0.000000000000000000e+00 0.000000000000000000e+00 7.642338555598012406e-05 1.528467711119602481e-04 3.821169277799006474e-04 5.349636988918608956e-04 5.349636988918608956e-04 6.113870844478409925e-04 6.113870844478409925e-04
5.294435440302538987e-02 1.131820637493246851e-01 1.437061048082117765e-01 1.474878444084278817e-01 1.482982171799027415e-01 1.488384656942193518e-01 1.491085899513776292e-01 1.491085899513776292e-01 1.491085899513776292e-01 1.493787142085359343e-01
3.186758893280632748e-02 8.300395256916996700e-02 1.069664031620553291e-01 1.082015810276679840e-01 1.086956521739130405e-01 1.086956521739130405e-01 1.086956521739130405e-01 1.086956521739130405e-01 1.086956521739130405e-01 1.086956521739130405e-01
5.376569037656903777e-02 1.027196652719665204e-01 1.150627615062761455e-01 1.150627615062761455e-01 1.150627615062761455e-01 1.150627615062761455e-01 1.150627615062761455e-01 1.150627615062761455e-01 1.150627615062761455e-01 1.150627615062761455e-01
6.096737907761529823e-02 9.313835770528683389e-02 9.696287964004499105e-02 9.696287964004499105e-02 9.696287964004499105e-02 9.696287964004499105e-02 9.696287964004499105e-02 9.696287964004499105e-02 9.696287964004499105e-02 9.696287964004499105e-02
2.529182879377431942e-02 4.734111543450064685e-02 5.296152183311716305e-02 5.296152183311716305e-02 5.296152183311716305e-02 5.296152183311716305e-02 5.296152183311716305e-02 5.296152183311716305e-02 5.296152183311716305e-02 5.296152183311716305e-02
1.544566544566544630e-01 3.620268620268620174e-01 4.536019536019536003e-01 4.837199837199837038e-01 4.906389906389906352e-01 4.957264957264957417e-01 4.979649979649979907e-01 4.997964997964998157e-01 5.022385022385021935e-01 5.046805046805046269e-01
1.246314134067230128e-01 3.318262237074896537e-01 4.523294672695105101e-01 4.845685079614704405e-01 4.930214271672891946e-01 4.961666994299194222e-01 4.975427560448201225e-01 4.995085512089640356e-01 5.028504029880086490e-01 5.044230391193237351e-01
1.142387507704951677e-01 3.108691185535237267e-01 4.129854119580850802e-01 4.388740497226217285e-01 4.438052188206287330e-01 4.487363879186357374e-01 4.505855763303883155e-01 4.526402301212245627e-01 4.546948839120608099e-01 4.563386069447298299e-01
2.867132867132867260e-02 8.857808857808857628e-02 1.433566433566433596e-01 1.652680652680652562e-01 1.715617715617715755e-01 1.759906759906759988e-01 1.771561771561771526e-01 1.785547785547785538e-01 1.794871794871794879e-01 1.815850815850815758e-01
2.299737613829294647e-02 7.053557647785152485e-02 1.095848124710603472e-01 1.381386016360549585e-01 1.463188763698101691e-01 1.511035653650254773e-01 1.532643926531872258e-01 1.557339095539435059e-01 1.574317024232134710e-01 1.582034264546997859e-01
1.823708206686929997e-02 4.597264437689969896e-02 6.079027355623100454e-02 6.610942249240121804e-02 6.800911854103343368e-02 7.028875379939210355e-02 7.180851063829787884e-02 7.332826747720365412e-02 7.446808510638297518e-02 7.484802431610942941e-02
3.799392097264437675e-04 1.519756838905775070e-03 1.899696048632218892e-03 2.279635258358662497e-03 2.659574468085106318e-03 2.659574468085106318e-03 2.659574468085106318e-03 3.039513677811550140e-03 3.039513677811550140e-03 3.039513677811550140e-03
8.168693009118541126e-02 1.523556231003039552e-01 1.702127659574468044e-01 1.778115501519756947e-01 1.819908814589665524e-01 1.854103343465045572e-01 1.865501519756838922e-01 1.869300911854103464e-01 1.876899696048632271e-01 1.884498480243161078e-01
3.419452887537993962e-03 1.025835866261398145e-02 1.291793313069908820e-02 1.405775075987841967e-02 1.443768996960486349e-02 1.481762917933130731e-02 1.481762917933130731e-02 1.481762917933130731e-02 1.519756838905775113e-02 1.633738601823708086e-02
9.878419452887537630e-03 2.697568389057750787e-02 3.381458966565349666e-02 3.685410334346504724e-02 4.065349544072948546e-02 4.217325227963526074e-02 4.217325227963526074e-02 4.369300911854103603e-02 4.369300911854103603e-02 4.559270516717325167e-02
1.772908366533864633e-01 3.130810092961487379e-01 3.436254980079680998e-01 3.469455511288180860e-01 3.476095617529880721e-01 3.482735723771580583e-01 3.489375830013280444e-01 3.492695883134130375e-01 3.505976095617530097e-01 3.505976095617530097e-01
1.098937583001328017e-01 2.081673306772908461e-01 2.284196547144754230e-01 2.307436918990703745e-01 2.314077025232403606e-01 2.320717131474103467e-01 2.324037184594953398e-01 2.324037184594953398e-01 2.327357237715803329e-01 2.333997343957503190e-01
1.510751186819324077e-01 2.432281485618542349e-01 2.611002513264451541e-01 2.641720189891091919e-01 2.644512705948059428e-01 2.652890254118961399e-01 2.652890254118961399e-01 2.652890254118961399e-01 2.655682770175928353e-01 2.658475286232895862e-01
7.337317397078353676e-02 1.198539176626826075e-01 1.318061088977423578e-01 1.328021248339973370e-01 1.328021248339973370e-01 1.337981407702523162e-01 1.351261620185922885e-01 1.387782204515272122e-01 1.397742363877821914e-01 1.397742363877821914e-01
3.917662682602921637e-02 6.374501992031872399e-02 6.706507304116865464e-02 6.806108897742363384e-02 6.872509960159361997e-02 6.905710491367861303e-02 6.905710491367861303e-02 6.905710491367861303e-02 6.905710491367861303e-02 6.905710491367861303e-02
9.937518595656054388e-02 2.085688783100267674e-01 2.442725379351383397e-01 2.505206783695329009e-01 2.514132698601606597e-01 2.526033918476643936e-01 2.529009223445403132e-01 2.531984528414162328e-01 2.531984528414162328e-01 2.534959833382921524e-01
2.737280571258553924e-02 9.163939303778637080e-02 1.303183576316572501e-01 1.469800654567093023e-01 1.562035108598631428e-01 1.579886938411187158e-01 1.582862243379946354e-01 1.585837548348705828e-01 1.594763463254983693e-01 1.600714073192502362e-01
2.049069830142895635e-02 6.308978161229442105e-02 9.571313022377998803e-02 1.156645996225397627e-01 1.237530331625775193e-01 1.277972499325963907e-01 1.296845510919385214e-01 1.299541655432731313e-01 1.304933944459422956e-01 1.307630088972769056e-01
6.312836100070142765e-03 2.478372691138648609e-02 4.769698386719663230e-02 6.406359597848959586e-02 7.177928454524198920e-02 7.879354687865326723e-02 8.159925181201777011e-02 8.346972176759411000e-02 8.604161795651157907e-02 8.744447042319382357e-02
1.190121987503719135e-03 1.785182981255578703e-03 3.570365962511157405e-03 5.653079440642665675e-03 6.545670931270454809e-03 8.330853912526033078e-03 8.330853912526033078e-03 8.628384409401963079e-03 8.628384409401963079e-03 8.925914906277893079e-03
1.362486742269723369e-02 2.349677735171738432e-02 2.521008403361344602e-02 2.537325609855592759e-02 2.545484213102716664e-02 2.545484213102716664e-02 2.561801419596965168e-02 2.561801419596965168e-02 2.561801419596965168e-02 2.561801419596965168e-02
9.790323896548911581e-04 2.365994941665986676e-03 3.997715591090805418e-03 4.568817818389491782e-03 4.568817818389491782e-03 4.650403850860732567e-03 4.731989883331973352e-03 4.731989883331973352e-03 4.731989883331973352e-03 4.731989883331973352e-03
1.027984009137635629e-02 2.251774496206249490e-02 2.708656278045198582e-02 2.814718120257811776e-02 2.822876723504936028e-02 2.831035326752059933e-02 2.831035326752059933e-02 2.831035326752059933e-02 2.839193929999184185e-02 2.855511136493432342e-02
7.326425715917435355e-02 1.273557966876070757e-01 1.364118462919148289e-01 1.379619809088684090e-01 1.382067390062821366e-01 1.382883250387533791e-01 1.382883250387533791e-01 1.382883250387533791e-01 1.382883250387533791e-01 1.382883250387533791e-01
3.190013869625520082e-02 6.380027739251040164e-02 7.114302031492208966e-02 7.383535938647303731e-02 7.416170351635799352e-02 7.416170351635799352e-02 7.424328954882923604e-02 7.440646161377172108e-02 7.440646161377172108e-02 7.456963367871420612e-02
3.570150962295199487e-02 9.944909494168992226e-02 1.342205051155469786e-01 1.483150890749087847e-01 1.510338413107247535e-01 1.515346640910066600e-01 1.518923946483508591e-01 1.520354868712885388e-01 1.520354868712885388e-01 1.521070329827573786e-01
3.076482793160191780e-03 1.108964727767045889e-02 2.368176289618659225e-02 3.505759461973241564e-02 4.156829076339700613e-02 4.514559633683909445e-02 4.600414967446519315e-02 4.600414967446519315e-02 4.600414967446519315e-02 4.600414967446519315e-02
4.571796522858982692e-02 1.087500894326393353e-01 1.339343206696715916e-01 1.385848179151463189e-01 1.387994562495528383e-01 1.388710023610216782e-01 1.390140945839593578e-01 1.390140945839593578e-01 1.390140945839593578e-01 1.390856406954281976e-01
9.587178936824784434e-03 2.568505401731415935e-02 3.777634685554839833e-02 4.264148243542963124e-02 4.428704299921299575e-02 4.450168133361951522e-02 4.457322744508836199e-02 4.457322744508836199e-02 4.464477355655720181e-02 4.478786577949488146e-02
2.146383344065250220e-03 4.435858911068183558e-03 7.941618373041425122e-03 9.587178936824784434e-03 1.051727838591972469e-02 1.051727838591972469e-02 1.058882449738856625e-02 1.066037060885740781e-02 1.066037060885740781e-02 1.066037060885740781e-02
9.355932203389830115e-02 1.990960451977401013e-01 2.346892655367231739e-01 2.416949152542372803e-01 2.447457627118644063e-01 2.463276836158192207e-01 2.470056497175141252e-01 2.472316384180791027e-01 2.479096045197740072e-01 2.482485875706214595e-01
2.994350282485875800e-02 5.333333333333333676e-02 5.909604519774011577e-02 6.022598870056497522e-02 6.045197740112994572e-02 6.056497175141242750e-02 6.067796610169491622e-02 6.067796610169491622e-02 6.079096045197739800e-02 6.079096045197739800e-02
1.615819209039548107e-02 3.920903954802260061e-02 4.734463276836158030e-02 4.870056497175141025e-02 4.881355932203389897e-02 4.915254237288135819e-02 4.926553672316383997e-02 4.926553672316383997e-02 4.926553672316383997e-02 4.949152542372881047e-02
6.327683615819208740e-03 1.514124293785310688e-02 1.909604519774011147e-02 1.966101694915254119e-02 1.988700564971751517e-02 2.000000000000000042e-02 2.000000000000000042e-02 2.000000000000000042e-02 2.000000000000000042e-02 2.011299435028248567e-02
7.796610169491525674e-03 2.474576271186440524e-02 3.288135593220339187e-02 3.457627118644068104e-02 3.502824858757062204e-02 3.548022598870056304e-02 3.559322033898305176e-02 3.570621468926553355e-02 3.581920903954802227e-02 3.593220338983051099e-02
3.012762897717058963e-01 4.705195038648211647e-01 4.966744562286535825e-01 4.986518065791838983e-01 4.989214452633471408e-01 4.991012043861225989e-01 4.991910839475103279e-01 4.992809635088980569e-01 4.993708430702858414e-01 4.993708430702858414e-01
1.952694772952965618e-01 3.501850681592488801e-01 3.844903854834341161e-01 3.871987000090277298e-01 3.876500857632932950e-01 3.878306400649995656e-01 3.878306400649995656e-01 3.878306400649995656e-01 3.878306400649995656e-01 3.878306400649995656e-01
8.304335559108436127e-02 1.709771466190162792e-01 1.973102605097338536e-01 2.010721339226934912e-01 2.017304617699614278e-01 2.019185554406094096e-01 2.019185554406094096e-01 2.019185554406094096e-01 2.019185554406094096e-01 2.019185554406094096e-01
2.054670528602461910e-02 5.421795800144822708e-02 6.698044895003620047e-02 7.132512671976828922e-02 7.241129616220130794e-02 7.250181028240405834e-02 7.259232440260680874e-02 7.259232440260680874e-02 7.259232440260680874e-02 7.268283852280955915e-02
9.231053263177328369e-04 2.400073848426105376e-03 3.600110772639158064e-03 3.877042370534477915e-03 3.969352903166251632e-03 3.969352903166251632e-03 3.969352903166251632e-03 3.969352903166251632e-03 3.969352903166251632e-03 3.969352903166251632e-03
4.976942976043189498e-02 1.714092902935552831e-01 2.582949049600719582e-01 2.898998987740411537e-01 2.966482960296929483e-01 2.986165785625913838e-01 2.996288381509391585e-01 3.001912045889101321e-01 3.005286244516927052e-01 3.009222809582723923e-01
7.331456197205546248e-03 2.523508473675822178e-02 3.941985868352547440e-02 4.802635074111459568e-02 5.185145832226531470e-02 5.270148222918769748e-02 5.302024119428359189e-02 5.312649418264888540e-02 5.317962067683153909e-02 5.323274717101418585e-02
1.669110183827675689e-02 6.168941017254990500e-02 1.146949362805909506e-01 1.496560279688733397e-01 1.670801849554527929e-01 1.717604601330776914e-01 1.733957370023683220e-01 1.741287921506710357e-01 1.745799030111649941e-01 1.748618472989737216e-01
3.312793261348860596e-02 9.559613319011815713e-02 1.456272259596359253e-01 1.658092599920854837e-01 1.699361184917180245e-01 1.707275708067160502e-01 1.711232969642150492e-01 1.711798292724291959e-01 1.713494261970716359e-01 1.716320877381423415e-01
6.376844366555486920e-02 1.732715246763525396e-01 2.338176267737011593e-01 2.467635253547402208e-01 2.477811069025948332e-01 2.484029622929504189e-01 2.487421561422352989e-01 2.489682853750918579e-01 2.490248176833060045e-01 2.490813499915201512e-01
4.841588576528335630e-02 9.995537706381080190e-02 1.151271753681392257e-01 1.182507809013833150e-01 1.200356983489513640e-01 1.204819277108433728e-01 1.209281570727353816e-01 1.222668451584114219e-01 1.227130745203034307e-01 1.233824185631414577e-01
1.353100856128628127e-01 3.315932344957193689e-01 4.117769889329713773e-01 4.286907496345792601e-01 4.328669868448528080e-01 4.382960952182083925e-01 4.399665901023178116e-01 4.424723324284819403e-01 4.439340154520776682e-01 4.449780747546460691e-01
8.924587237840249550e-04 2.454261490406068735e-03 3.792949576082106384e-03 4.685408299866131339e-03 4.908522980812137469e-03 5.131637661758143600e-03 5.131637661758143600e-03 5.131637661758143600e-03 5.131637661758143600e-03 5.131637661758143600e-03
5.800981704596162858e-03 1.427933958054439928e-02 1.985720660419455427e-02 2.342704149933065583e-02 2.409638554216867595e-02 2.431950022311468035e-02 2.431950022311468035e-02 2.454261490406068821e-02 2.476572958500669261e-02 2.476572958500669261e-02
0.000000000000000000e+00 0.000000000000000000e+00 4.462293618920124775e-04 8.924587237840249550e-04 8.924587237840249550e-04 8.924587237840249550e-04 1.115573404730031302e-03 1.115573404730031302e-03 1.115573404730031302e-03 1.115573404730031302e-03
1.992679225069190208e-01 3.454155878939380586e-01 3.725560217837692867e-01 3.738951879296491532e-01 3.746094098741183931e-01 3.749665208463530131e-01 3.755914650477635841e-01 3.769306311936434506e-01 3.776448531381126905e-01 3.780912418534059238e-01
1.892688152843496202e-02 5.481653423801446240e-02 7.686813677350236296e-02 8.633157753771984744e-02 8.909918757253816601e-02 9.017052048924202590e-02 9.034907597535934975e-02 9.088474243371127970e-02 9.124185340594589966e-02 9.177751986429782960e-02
1.576644942415855732e-01 2.731006160164271002e-01 3.006874386215516726e-01 3.059548254620123031e-01 3.071154361217748319e-01 3.079189358093027407e-01 3.088117132398893183e-01 3.096152129274171716e-01 3.099723238996517916e-01 3.105079903580037493e-01
4.017498437639496246e-03 1.473082760467815319e-02 2.999732166770823980e-02 4.276403892509597626e-02 5.267386840460672875e-02 5.642353361307025916e-02 5.749486652977412598e-02 5.811981073118471786e-02 5.829836621730202784e-02 5.865547718953664780e-02
1.071332916703865781e-02 3.919292920274975583e-02 5.865547718953664780e-02 7.026158378716186592e-02 7.347558253727345945e-02 7.543969288456388311e-02 7.642174805820908801e-02 7.686813677350236296e-02 7.704669225961967294e-02 7.758235871797160288e-02
1.282334733583904464e-02 2.807870882157859765e-02 3.824894981207163647e-02 4.267079372098164791e-02 4.399734689365465690e-02 4.421843908910015608e-02 4.510280787088215976e-02 4.510280787088215976e-02 4.532390006632765894e-02 4.598717665266416343e-02
4.839099927413500948e-04 1.935639970965400379e-03 3.871279941930800758e-03 4.597144931042826226e-03 5.564964916525525981e-03 5.564964916525525981e-03 5.564964916525525981e-03 5.564964916525525981e-03 5.806919912896201137e-03 5.806919912896201137e-03
2.303603071470761848e-02 5.995274660366213537e-02 8.239810986414648764e-02 9.273479031305374709e-02 9.480212640283521008e-02 9.480212640283521008e-02 9.509746012994683972e-02 9.598346131128174252e-02 9.686946249261665920e-02 9.746012994683993236e-02
4.712535344015079779e-03 1.350926798617656244e-02 2.544769085768143133e-02 3.298774740810556105e-02 3.612943763744894815e-02 3.927112786679233525e-02 3.989946591266101128e-02 4.052780395852968731e-02 4.084197298146402533e-02 4.147031102733270830e-02
2.513352183474709331e-03 6.911718504555451094e-03 1.068174677976751509e-02 1.696512723845428755e-02 1.790763430725730507e-02 1.885014137606031911e-02 1.885014137606031911e-02 1.885014137606031911e-02 1.916431039899466060e-02 1.947847942192899862e-02
8.371958285052143178e-02 2.143684820393974566e-01 2.815758980301274472e-01 3.021436848203939984e-01 3.099652375434530649e-01 3.134414831981460203e-01 3.172074159907299906e-01 3.192352259559675387e-01 3.215527230590961572e-01 3.224217844727694238e-01
2.780996523754345265e-02 8.198146002317496794e-02 1.219582850521436918e-01 1.320973348783313905e-01 1.364426419466975571e-01 1.396292004634994144e-01 1.425260718424102013e-01 1.436848203939745106e-01 1.451332560834298901e-01 1.460023174971031290e-01
2.723059096176129804e-02 6.836616454229432760e-02 1.002317497103128591e-01 1.144264194669756679e-01 1.260139049826187740e-01 1.309385863267670813e-01 1.335457705677867979e-01 1.364426419466975571e-01 1.373117033603707959e-01 1.390498261877172737e-01
2.517381228273464777e-01 4.611819235225955715e-01 5.072421784472769257e-01 5.168018539976825254e-01 5.225955967555040438e-01 5.272305909617612807e-01 5.312862108922363769e-01 5.336037079953650508e-01 5.356315179606025989e-01 5.382387022016222877e-01
4.345307068366164802e-03 1.419466975666280363e-02 2.172653534183082227e-02 2.433371958285052150e-02 2.723059096176129804e-02 2.867902665121668457e-02 3.070683661645422918e-02 3.070683661645422918e-02 3.099652375434530649e-02 3.099652375434530649e-02
1.505662891405729620e-01 2.647124139462580517e-01 2.922496113701976705e-01 2.960248723073506394e-01 2.964690206528980410e-01 2.971352431712191988e-01 2.973573173439928996e-01 2.980235398623140020e-01 2.980235398623140020e-01 2.984676882078614035e-01
1.043748612036420227e-02 4.152787030868310136e-02 7.861425716189207602e-02 9.948922940262047709e-02 1.050410837219631355e-01 1.090384188318898467e-01 1.108150122140795085e-01 1.123695314234954418e-01 1.137019764601376881e-01 1.152564956695536352e-01
1.554519209415944955e-03 6.218076837663779818e-03 1.932045303131245742e-02 3.175660670664001706e-02 3.508771929824561209e-02 3.730846102598267544e-02 3.797468354430379861e-02 3.819675771707750633e-02 3.908505440817233029e-02 3.930712858094603801e-02
2.820341994226071430e-02 1.037086386853209030e-01 1.721074838996224654e-01 2.078614257161892076e-01 2.242949145014434820e-01 2.285143237841439079e-01 2.302909171663335419e-01 2.316233622029758021e-01 2.318454363757495029e-01 2.320675105485232037e-01
7.328447701532311495e-03 3.220075505218743250e-02 5.773928492116366801e-02 6.995336442371752339e-02 7.350655118809681920e-02 7.639351543415501267e-02 7.839218298911836136e-02 8.216744392627137183e-02 8.349988896291361817e-02 8.372196313568731896e-02
1.554815167380612338e-02 4.378867206092337122e-02 6.552435348246866964e-02 7.377439314612090071e-02 7.583690306203395848e-02 7.710613993336506988e-02 7.805806758686339997e-02 7.853403141361256501e-02 7.916864984927812765e-02 7.964461367602729269e-02
2.243793761935073197e-02 7.001909611712285597e-02 1.125079567154678578e-01 1.239656269891788731e-01 1.271483131763208041e-01 1.303309993634627628e-01 1.306492679821769642e-01 1.309675366008911657e-01 1.312858052196053393e-01 1.319223424570337422e-01
1.740812379110251440e-02 7.405360596849958066e-02 1.326333241226858306e-01 2.036474164133738607e-01 2.409505388228792566e-01 2.580823431887261932e-01 2.619508151423045050e-01 2.630560928433268719e-01 2.658192870958828169e-01 2.674772036474163950e-01
1.391817798397300757e-02 4.301982285955292806e-02 6.537326022775200030e-02 7.324616898636299167e-02 7.633909742724588610e-02 7.816673696049486475e-02 7.816673696049486475e-02 7.830732461689864088e-02 7.830732461689864088e-02 7.830732461689864088e-02
5.674036392095480573e-03 2.152220700450009627e-02 3.737037761690471804e-02 5.184895323811387208e-02 5.713167677558207702e-02 6.104480532185482117e-02 6.476227744081393400e-02 6.593621600469574962e-02 6.632752885932302611e-02 6.632752885932302611e-02
7.990867579908675356e-02 1.210045662100456554e-01 1.484018264840182566e-01 1.757990867579908578e-01 1.803652968036529580e-01 1.986301369863013588e-01 2.031963470319634590e-01 2.054794520547945091e-01 2.077625570776255592e-01 2.146118721461187095e-01
4.010025062656641381e-02 8.521303258145362935e-02 9.774436090225563367e-02 1.203007518796992414e-01 1.378446115288220475e-01 1.503759398496240518e-01 1.654135338345864570e-01 1.679197994987468578e-01 1.804511278195488622e-01 1.829573934837092630e-01
0.000000000000000000e+00 0.000000000000000000e+00 0.000000000000000000e+00 0.000000000000000000e+00 0.000000000000000000e+00 0.000000000000000000e+00 0.000000000000000000e+00 0.000000000000000000e+00 0.000000000000000000e+00 1.569858712715855665e-03
0.000000000000000000e+00 0.000000000000000000e+00 0.000000000000000000e+00 1.795332136445242435e-03 1.795332136445242435e-03 1.795332136445242435e-03 1.795332136445242435e-03 1.795332136445242435e-03 1.795332136445242435e-03 1.795332136445242435e-03
0.000000000000000000e+00 6.949270326615705198e-04 6.949270326615705198e-04 6.949270326615705198e-04 6.949270326615705198e-04 6.949270326615705198e-04 6.949270326615705198e-04 6.949270326615705198e-04 6.949270326615705198e-04 6.949270326615705198e-04
1.448957189901207421e-01 3.756860592755214001e-01 4.958836443468715438e-01 5.378704720087815749e-01 5.477497255762897588e-01 5.507683863885839415e-01 5.521405049396267417e-01 5.537870472008781242e-01 5.554335894621295067e-01 5.559824368825466712e-01
3.238199780461031851e-02 1.207464324917672943e-01 2.110318331503841793e-01 2.799121844127332448e-01 3.133918770581778368e-01 3.306805708013172418e-01 3.380900109769484074e-01 3.427552140504939726e-01 3.435784851811196638e-01 3.463227222832052643e-01
3.265642151481887995e-02 1.265093304061470914e-01 2.412184412733260064e-01 3.032381997804610152e-01 3.309549945115257685e-01 3.386388583973655164e-01 3.438529088913281906e-01 3.468715697036223733e-01 3.479692645444566468e-01 3.493413830954994470e-01
2.744237102085620404e-03 1.646542261251372069e-02 4.006586169045005252e-02 7.821075740944018195e-02 1.031833150384193210e-01 1.174533479692645432e-01 1.237650933040614770e-01 1.298024149286498286e-01 1.325466520307354568e-01 1.339187705817782570e-01
2.744237102085620296e-04 2.469813391877058104e-03 1.042810098792535702e-02 3.073545554335894645e-02 4.857299670691547777e-02 6.174533479692645432e-02 6.778265642151481973e-02 7.244785949506037104e-02 7.574094401756312211e-02 7.738748627881449071e-02
1.752775405636208261e-01 3.517648733276401707e-01 4.094079134642755746e-01 4.197267292912040815e-01 4.240677483632223077e-01 4.265584970111016005e-01 4.280529461998291985e-01 4.286222601764873574e-01 4.293339026473099729e-01 4.297608881298035644e-01
6.639624252775405688e-02 1.373469968687731357e-01 1.664531739254198617e-01 1.740677483632223077e-01 1.762738400227725488e-01 1.776971249644178630e-01 1.780529461998291985e-01 1.784087674352405339e-01 1.788357529177341254e-01 1.793339026473100006e-01
1.095929405066894437e-02 3.017364076288072891e-02 4.298320523768858759e-02 4.668374608596641273e-02 4.881867349843438397e-02 4.931682322801024532e-02 4.974380871050384373e-02 5.024195844007970507e-02 5.031312268716196801e-02 5.031312268716196801e-02
5.885283233703387379e-02 1.401935667520637641e-01 1.754910333048676219e-01 1.821804725306006290e-01 1.838884144605749948e-01 1.848135496726444615e-01 1.854540278963848488e-01 1.860233418730429800e-01 1.863079988613720595e-01 1.864503273555365714e-01
1.124395103899800824e-02 2.384002277255906771e-02 3.052946199829205745e-02 3.230856817534870362e-02 3.316253914033589351e-02 3.330486763450042631e-02 3.344719612866495911e-02 3.351836037574722205e-02 3.358952462282949192e-02 3.366068886991175485e-02
1.059413027916964872e-01 2.541159627773800778e-01 3.199713672154617106e-01 3.443092340730136147e-01 3.571939871152469692e-01 3.622047244094488416e-01 3.679312813171081165e-01 3.700787401574803237e-01 3.700787401574803237e-01 3.700787401574803237e-01
1.968847352024922226e-01 3.414330218068535872e-01 3.887850467289719614e-01 4.068535825545171458e-01 4.149532710280373626e-01 4.199376947040498465e-01 4.236760124610591816e-01 4.267912772585669701e-01 4.280373831775701188e-01 4.292834890965732120e-01
5.671077504725898291e-03 1.575299306868304869e-02 3.087586641461877862e-02 4.095778197857592728e-02 4.599873976055450508e-02 4.914933837429111274e-02 5.103969754253308289e-02 5.293005671077504609e-02 5.545053560176433499e-02 5.608065532451165375e-02
4.939155332856120378e-02 1.410164638511095248e-01 1.947029348604151777e-01 2.283464566929133965e-01 2.426628489620615559e-01 2.476735862562634283e-01 2.541159627773800778e-01 2.569792412312097429e-01 2.591267000715819502e-01 2.612741589119542129e-01
7.158196134574087034e-04 2.863278453829634813e-03 5.726556907659269627e-03 8.589835361488905308e-03 1.145311381531853925e-02 1.503221188260558255e-02 1.646385110952040126e-02 1.789549033643521997e-02 1.861130994989262585e-02 1.861130994989262585e-02
1.414092193743299863e-01 2.711236721567098495e-01 3.092291199688139702e-01 3.148815904882564798e-01 3.171230874183803006e-01 3.183900204658415278e-01 3.191696715719715693e-01 3.198518662898353071e-01 3.209238865607640379e-01 3.218984504434265759e-01
2.709287593801773877e-02 4.950784523925543662e-02 5.545268492349673256e-02 5.623233602962673938e-02 5.632979241789299457e-02 5.652470519442549801e-02 5.662216158269174626e-02 5.662216158269174626e-02 5.662216158269174626e-02 5.662216158269174626e-02
8.283793002631323343e-03 2.377935873696520805e-02 2.913946009160900408e-02 2.952928564467400749e-02 2.952928564467400749e-02 2.952928564467400749e-02 2.962674203294025921e-02 2.962674203294025921e-02 2.962674203294025921e-02 2.962674203294025921e-02
8.673618555696326754e-03 1.695741155832765010e-02 1.861417015885391199e-02 1.861417015885391199e-02 1.861417015885391199e-02 1.861417015885391199e-02 1.861417015885391199e-02 1.861417015885391199e-02 1.861417015885391199e-02 1.861417015885391199e-02
9.745638826625085266e-03 1.832180099405516030e-02 1.939382126498391881e-02 1.968619042978267397e-02 1.997855959458142566e-02 2.027092875938017735e-02 2.046584153591268079e-02 2.046584153591268079e-02 2.056329792417892904e-02 2.095312347724393245e-02
1.190853892019036187e-01 2.266287402220885094e-01 2.567693233411739162e-01 2.611454515617307459e-01 2.621847820141129937e-01 2.626770964389256724e-01 2.627317980416826182e-01 2.628959028499535111e-01 2.630053060554674027e-01 2.630600076582244040e-01
3.621246102510803505e-02 1.199059132432580277e-01 1.897051583611399916e-01 2.231278376456430068e-01 2.364750287183414457e-01 2.434221322684754774e-01 2.474153492697336032e-01 2.494393085717411529e-01 2.510256550516929974e-01 2.523384935178600852e-01
1.449592473059460596e-02 4.627755593238881693e-02 6.761118100760352134e-02 7.948142880586400727e-02 8.320113779333734860e-02 8.571741152015753540e-02 8.763196761665116574e-02 8.883540287730430640e-02 8.987473332968655415e-02 9.020294294622832609e-02
2.625676932334117253e-02 8.752256441113724639e-02 1.415130463322575305e-01 1.707237022044745811e-01 1.837973852633882077e-01 1.917291176631475413e-01 1.962693506919752640e-01 1.984574148022537066e-01 1.997155516656637930e-01 2.002625676932334176e-01
8.205240413544116415e-03 3.150812318800940565e-02 5.661615885345440413e-02 7.258902685848694913e-02 8.041135605273234954e-02 8.495158908156008604e-02 8.768666921940812542e-02 8.932771730211695738e-02 9.009353974071440674e-02 9.140637820688146675e-02
9.239239239239238621e-02 2.404404404404404394e-01 3.159159159159158903e-01 3.357357357357357297e-01 3.400400400400400147e-01 3.426426426426426586e-01 3.438438438438438660e-01 3.443443443443443552e-01 3.465465465465465411e-01 3.471471471471471726e-01
5.637098489683045957e-03 1.786853860880663683e-02 3.531163582216549635e-02 4.828759838332269405e-02 5.403105722186768434e-02 5.669006594341629429e-02 5.849819187406934962e-02 5.966815571155073550e-02 6.051903850244629013e-02 6.094447989789406744e-02
4.146111052797312596e-02 1.311010811378188201e-01 2.131835834995276513e-01 2.458276477380077762e-01 2.523354676183478529e-01 2.537000104964836633e-01 2.542248346803820946e-01 2.550645533746195293e-01 2.553794478849585325e-01 2.556943423952975913e-01
1.212507977026164654e-02 4.807487768559880886e-02 8.487555839183152928e-02 1.046585832801531640e-01 1.108274835141459247e-01 1.134864922356945277e-01 1.151882578174856370e-01 1.156136992129334212e-01 1.160391406083811916e-01 1.161455009572431446e-01
3.190810465858328129e-03 1.403956604977664273e-02 2.616464582003829101e-02 3.680068070623271348e-02 4.201233780046798733e-02 4.413954477770687390e-02 4.477770687087853640e-02 4.509678791746436766e-02 4.530950861518825978e-02 4.541586896405019891e-02
3.016036486685302193e-02 7.297337060467853909e-02 9.489480653229366569e-02 1.032808592025893785e-01 1.054877151684566750e-01 1.072531999411505121e-01 1.079888185964396063e-01 1.081359423274974307e-01 1.084301897896130656e-01 1.084301897896130656e-01
3.111387678904791506e-04 1.555693839452395753e-03 4.200373366521468858e-03 7.000622277535780563e-03 9.645301804604853452e-03 1.073428749222153124e-02 1.073428749222153124e-02 1.073428749222153124e-02 1.073428749222153124e-02 1.104542626011201061e-02
1.038691249026226920e-01 1.948844455985458413e-01 2.305894572838223799e-01 2.365619319657231989e-01 2.378602960270059796e-01 2.398078421189301368e-01 2.404570241495715410e-01 2.407166969618280972e-01 2.408465333679563614e-01 2.412360425863412094e-01
6.425909266161161518e-04 4.112581930343143372e-03 8.482200231332732987e-03 1.298033671764554746e-02 1.426551857087777868e-02 1.477959131217067290e-02 1.477959131217067290e-02 1.477959131217067290e-02 1.477959131217067290e-02 1.477959131217067290e-02
2.799736495388669213e-02 5.714756258234519187e-02 6.587615283267457544e-02 6.702898550724638305e-02 6.719367588932806390e-02 6.719367588932806390e-02 6.719367588932806390e-02 6.719367588932806390e-02 6.719367588932806390e-02 6.719367588932806390e-02
2.220022002200220113e-01 3.821782178217821846e-01 4.187018701870187098e-01 4.246424642464246557e-01 4.270627062706270904e-01 4.286028602860286196e-01 4.310231023102309988e-01 4.319031903190319044e-01 4.334433443344334336e-01 4.345434543454345655e-01
1.152844116369952238e-01 2.288319583152410019e-01 2.726877985236647595e-01 2.798523664785063092e-01 2.818063395570994389e-01 2.846287451150673053e-01 2.859313938341294103e-01 2.872340425531915153e-01 2.894051237516283015e-01 2.902735562310030382e-01
3.809329802403748494e-02 9.777958851089835202e-02 1.246689753513954002e-01 1.334283968221633698e-01 1.356691790588714641e-01 1.379099612955795584e-01 1.391322061519657816e-01 1.399470360562232729e-01 1.407618659604807365e-01 1.421878182929313394e-01
1.069298786757145840e-02 2.981698539995887229e-02 3.968743573925560125e-02 4.400575776269792516e-02 4.565083281924738057e-02 4.729590787579683597e-02 4.729590787579683597e-02 4.770717663993419982e-02 4.811844540407156368e-02 4.873534855027760598e-02
8.278145695364238403e-04 2.483443708609271629e-03 2.690397350993377346e-03 3.518211920529801511e-03 3.932119205298013377e-03 3.932119205298013377e-03 3.932119205298013377e-03 4.139072847682119527e-03 4.346026490066224809e-03 4.552980132450330959e-03
1.002612671456564325e-01 2.289353363814500275e-01 2.887001959503592285e-01 3.033964728935336641e-01 3.069888961463095867e-01 3.099281515349444627e-01 3.112344872632266668e-01 3.118876551273677133e-01 3.135205747877204407e-01 3.135205747877204407e-01
1.540216771249286985e-02 5.048488305761551775e-02 8.642327438676554452e-02 1.149458071876782728e-01 1.294922989161437499e-01 1.323445521962350324e-01 1.340559041642897797e-01 1.349115801483171673e-01 1.357672561323445548e-01 1.360524814603536747e-01
2.725538293813028166e-03 1.008449168710820465e-02 1.608067593349686575e-02 1.880621422730989478e-02 1.935132188607249781e-02 2.016898337421640930e-02 2.071409103297901233e-02 2.071409103297901233e-02 2.071409103297901233e-02 2.071409103297901233e-02
2.548419979612640365e-04 1.019367991845056146e-03 1.783893985728848093e-03 1.783893985728848093e-03 2.038735983690112292e-03 2.038735983690112292e-03 2.038735983690112292e-03 2.038735983690112292e-03 2.293577981651376274e-03 2.293577981651376274e-03
0.000000000000000000e+00 0.000000000000000000e+00 0.000000000000000000e+00 0.000000000000000000e+00 0.000000000000000000e+00 0.000000000000000000e+00 0.000000000000000000e+00 0.000000000000000000e+00 0.000000000000000000e+00 0.000000000000000000e+00
3.974358974358974117e-02 1.001424501424501429e-01 1.364672364672364635e-01 1.451566951566951591e-01 1.470085470085470136e-01 1.492877492877492940e-01 1.509971509971509973e-01 1.529914529914530030e-01 1.537037037037037035e-01 1.542735042735042805e-01
6.837606837606837601e-03 2.193732193732193803e-02 4.059829059829059977e-02 5.299145299145299054e-02 5.598290598290598524e-02 5.740740740740740700e-02 5.783475783475783283e-02 5.897435897435897301e-02 5.982905982905983161e-02 6.082621082621082753e-02
3.333333333333333287e-02 9.686609686609685965e-02 1.334757834757834827e-01 1.418803418803418759e-01 1.434472934472934558e-01 1.445868945868945821e-01 1.460113960113960108e-01 1.465811965811965878e-01 1.474358974358974395e-01 1.478632478632478653e-01
9.971509971509972224e-04 5.270655270655270723e-03 1.282051282051282007e-02 2.179487179487179377e-02 2.492877492877492926e-02 2.678062678062678031e-02 2.777777777777777624e-02 2.877492877492877563e-02 3.034188034188034164e-02 3.233618233618233695e-02
6.766381766381766860e-02 1.116809116809116820e-01 1.217948717948717924e-01 1.226495726495726440e-01 1.226495726495726440e-01 1.227920227920227952e-01 1.229344729344729326e-01 1.229344729344729326e-01 1.229344729344729326e-01 1.229344729344729326e-01
4.143763213530655132e-01 5.243128964059197150e-01 5.364693446088795170e-01 5.391120507399577155e-01 5.401691331923890171e-01 5.433403805496829220e-01 5.433403805496829220e-01 5.433403805496829220e-01 5.443974630021141126e-01 5.443974630021141126e-01
1.014799154334038028e-01 1.405919661733615322e-01 1.411205073995771553e-01 1.421775898520084569e-01 1.437632135306553816e-01 1.442917547568710324e-01 1.448202959830866832e-01 1.448202959830866832e-01 1.458773784355179570e-01 1.458773784355179570e-01
5.443974630021141542e-02 8.139534883720930813e-02 8.562367864693445907e-02 8.562367864693445907e-02 8.615221987315010987e-02 8.615221987315010987e-02 8.615221987315010987e-02 8.668076109936574680e-02 8.773784355179703454e-02 8.773784355179703454e-02
5.708245243128964169e-02 9.989429175475686429e-02 1.046511627906976799e-01 1.046511627906976799e-01 1.046511627906976799e-01 1.051797040169133168e-01 1.057082452431289676e-01 1.057082452431289676e-01 1.062367864693446046e-01 1.062367864693446046e-01
8.245243128964059587e-02 1.400634249471458814e-01 1.464059196617336078e-01 1.464059196617336078e-01 1.469344608879492586e-01 1.474630021141649094e-01 1.474630021141649094e-01 1.474630021141649094e-01 1.474630021141649094e-01 1.474630021141649094e-01
2.808921338200729978e-01 4.307646146922038399e-01 4.587688153222983511e-01 4.610691603740560973e-01 4.619192878931839830e-01 4.636695504325648587e-01 4.644696704505675844e-01 4.649697454618192949e-01 4.653197979696954700e-01 4.658198729809471250e-01
1.575268540885028656e-01 2.829315927429716937e-01 3.143855681759777920e-01 3.173151051035617010e-01 3.185999897209230713e-01 3.192167343372565025e-01 3.197306881842010839e-01 3.199876651076733469e-01 3.201418512617567047e-01 3.205016189546178729e-01
7.185074780284730900e-02 1.538777817751965926e-01 1.825050110500077150e-01 1.874389679806753306e-01 1.889294341368145114e-01 1.893919925990646125e-01 1.896489695225368755e-01 1.899573418307035910e-01 1.900601326000925240e-01 1.900601326000925240e-01
9.061006321632317229e-02 1.641568587140874724e-01 1.879529218276198843e-01 1.922187387572595885e-01 1.928868787582875000e-01 1.933494372205376011e-01 1.935550187593154114e-01 1.937606002980932218e-01 1.939147864521766074e-01 1.940689726062599652e-01
9.112401706326771211e-02 1.815798941255075405e-01 2.184303849514313556e-01 2.255229480392660635e-01 2.263966695790718131e-01 2.273731818882664402e-01 2.276815541964331557e-01 2.279899265045998991e-01 2.285552757362388776e-01 2.290178341984889787e-01
1.206896551724137914e-02 6.327586206896551602e-02 1.417241379310344718e-01 2.070689655172413823e-01 2.334482758620689546e-01 2.422413793103448398e-01 2.462068965517241470e-01 2.484482758620689680e-01 2.501724137931034542e-01 2.505172413793103625e-01
1.724137931034482626e-04 3.793103448275862103e-03 1.017241379310344744e-02 1.568965517241379184e-02 2.155172413793103592e-02 2.344827586206896589e-02 2.586206896551724102e-02 2.620689655172413896e-02 2.637931034482758619e-02 2.689655172413793136e-02
1.413793103448275808e-02 4.672413793103448454e-02 9.137931034482758841e-02 1.206896551724137984e-01 1.336206896551724033e-01 1.365517241379310409e-01 1.372413793103448298e-01 1.379310344827586188e-01 1.384482758620689535e-01 1.389655172413793160e-01
6.896551724137930505e-04 2.241379310344827468e-03 5.344827586206896304e-03 7.931034482758621273e-03 9.137931034482758841e-03 1.034482758620689641e-02 1.137931034482758674e-02 1.206896551724137914e-02 1.224137931034482811e-02 1.224137931034482811e-02
8.913793103448275357e-02 1.877586206896551813e-01 2.215517241379310331e-01 2.270689655172413723e-01 2.289655172413793127e-01 2.308620689655172531e-01 2.312068965517241337e-01 2.315517241379310420e-01 2.325862068965517115e-01 2.332758620689655282e-01
3.334568358651352621e-02 1.263430900333456786e-01 2.037791774731382011e-01 2.515746572804742343e-01 2.763986661726565153e-01 2.889959244164505558e-01 2.960355687291589266e-01 2.989996294924046061e-01 3.004816598740274181e-01 3.034457206372730420e-01
4.816598740274175353e-03 1.889588736569099495e-02 4.483141904409040229e-02 6.557984438680992956e-02 7.780659503519822551e-02 8.669877732493516675e-02 9.559095961467209412e-02 1.011485735457576945e-01 1.033716191181919264e-01 1.048536494998147522e-01
7.410151908114116261e-04 2.964060763245646504e-03 5.928121526491293009e-03 1.037421267135976363e-02 1.111522786217117482e-02 1.148573545757687955e-02 1.185624305298258602e-02 1.185624305298258602e-02 1.222675064838829248e-02 1.296776583919970367e-02
6.669136717302705068e-03 3.445720637273064213e-02 9.299740644683215929e-02 1.448684698036309670e-01 1.682104483141904361e-01 1.771026306039273912e-01 1.819192293442015440e-01 1.841422749166357897e-01 1.852537977028529126e-01 1.863653204890700354e-01
2.778806965542793619e-02 9.966654316413486869e-02 1.711745090774360878e-01 2.230455724342348955e-01 2.449055205631715526e-01 2.593553167839940943e-01 2.671359762875138988e-01 2.708410522415709565e-01 2.730640978140052022e-01 2.752871433864394479e-01
4.069223573433115165e-02 1.417212347988774657e-01 1.824134705332086104e-01 1.978484565014031749e-01 2.001870907390084220e-01 2.011225444340505042e-01 2.025257249766136691e-01 2.034611786716557513e-01 2.043966323666978613e-01 2.053320860617399435e-01
4.303086997193639185e-02 1.286248830682881206e-01 1.594948550046772773e-01 1.688493919550982103e-01 1.711880261927034574e-01 1.749298409728718418e-01 1.763330215154349789e-01 1.772684752104770889e-01 1.782039289055191711e-01 1.786716557530402261e-01
3.108581436077057641e-02 1.077057793345008729e-01 1.650612959719789941e-01 1.978984238178634059e-01 2.040280210157618124e-01 2.070928196147110434e-01 2.092819614711033394e-01 2.101576182136602466e-01 2.119089316987740890e-01 2.119089316987740890e-01
5.999117776797530110e-02 1.627701808557565077e-01 2.567269519188354887e-01 2.915747684164093356e-01 3.030436700485222845e-01 3.056903396559329522e-01 3.083370092633436199e-01 3.131892368769298440e-01 3.162770180855756230e-01 3.171592412880459011e-01
3.436426116838487907e-03 6.109201985490645553e-03 1.069110347460862885e-02 1.374570446735395163e-02 1.565483008781977728e-02 1.680030546009927614e-02 1.718213058419244127e-02 1.756395570828560640e-02 1.756395570828560640e-02 1.756395570828560640e-02
1.286072772898368827e-02 6.566290255123378994e-02 1.450230029276453336e-01 2.079673776662484264e-01 2.312839815976578950e-01 2.425763278962776992e-01 2.492680886658301953e-01 2.513592639063153555e-01 2.529276453366792188e-01 2.542869092429945743e-01
1.746131325805102413e-02 7.538686741948975867e-02 1.359263906315349157e-01 1.840234211626934346e-01 2.038895859473023875e-01 2.166457549142618288e-01 2.237557507319113403e-01 2.269970723546633207e-01 2.304475115014638364e-01 2.329569217900460121e-01
4.171894604767879822e-02 1.243203680468423222e-01 1.771225428690924308e-01 2.021120869928900166e-01 2.099539941447093327e-01 2.139272271016311178e-01 2.149728147218736840e-01 2.164366373902132934e-01 2.175867837724801412e-01 2.187369301547469613e-01
1.024675867837724838e-02 4.381012128816395151e-02 8.981597657883730323e-02 1.239021329987452930e-01 1.359263906315349157e-01 1.420953575909661148e-01 1.439774153074027674e-01 1.448138854035968259e-01 1.455457967377666306e-01 1.464868255959849430e-01
1.421999163529903860e-02 4.851526557925554123e-02 9.765788373065663330e-02 1.335215391049769940e-01 1.445002091175240366e-01 1.500418235048097126e-01 1.524466750313676344e-01 1.534922626516102007e-01 1.544332915098285131e-01 1.549560853199498101e-01
4.846420132974339073e-02 9.703829880762679383e-02 1.135227210286279403e-01 1.161602285839881260e-01 1.166547612506181608e-01 1.168745535468981855e-01 1.170943458431781964e-01 1.173141381394582072e-01 1.174240342875982196e-01 1.175339304357382320e-01
5.912412769932413881e-02 1.238529589537886721e-01 1.550634650255508507e-01 1.643496895433814997e-01 1.662179240617616405e-01 1.672069893950217101e-01 1.675366778394417333e-01 1.678114182097917573e-01 1.683059508764217782e-01 1.686356393208418014e-01
8.731248969723610920e-02 1.556678938403208978e-01 1.777020715423924258e-01 1.811088521347326841e-01 1.817682290235727305e-01 1.822078136161327522e-01 1.823726578383427777e-01 1.827572943568328001e-01 1.830320347271828241e-01 1.833617231716028473e-01
1.467113577669102754e-02 4.467278421891312384e-02 6.945436562448485673e-02 8.505961866036595986e-02 9.198307599318643335e-02 9.549975273366669015e-02 9.687345458541678223e-02 9.725809110390680468e-02 9.769767569646684024e-02 9.813726028902687581e-02
1.049508214737073473e-02 2.461673718336172476e-02 3.395790977526237653e-02 3.994724984889279351e-02 4.467278421891312384e-02 5.016759162591351295e-02 5.478322984779383786e-02 5.692620473652398178e-02 5.758558162536402819e-02 5.780537392164404598e-02
8.036873539340430583e-02 1.685276551545053236e-01 1.996883926252921437e-01 2.043625032459101543e-01 2.061802129317060472e-01 2.069592313684757157e-01 2.074785769929888279e-01 2.079979226175019402e-01 2.085172682420150525e-01 2.090366138665281648e-01
6.452869384575435352e-02 1.651519085951700938e-01 2.033238119968839297e-01 2.105946507400675016e-01 2.126720332381199785e-01 2.138405608932744673e-01 2.139703972994027592e-01 2.143599065177875795e-01 2.147494157361724276e-01 2.150090885484289838e-01
2.077382498052453980e-02 5.855621916385354148e-02 7.958971695663463741e-02 8.647104648143338901e-02 8.919761101012724236e-02 8.984679304076863271e-02 9.023630225915346692e-02 9.075564788366657920e-02 9.075564788366657920e-02 9.114515710205141341e-02
4.907816151648922154e-02 1.188003116073747117e-01 1.495715398597766699e-01 1.561931965723188653e-01 1.584004154764996064e-01 1.595689431316541229e-01 1.599584523500389432e-01 1.603479615684237913e-01 1.606076343806803475e-01 1.606076343806803475e-01
1.986497013762658984e-02 4.972734354713061883e-02 6.699558556219163685e-02 7.192936899506621740e-02 7.400675149311866652e-02 7.491560633601661301e-02 7.543495196052973917e-02 7.608413399117112952e-02 7.608413399117112952e-02 7.621397039729940759e-02
6.796116504854368690e-02 1.909385113268608491e-01 2.637540453074433411e-01 2.928802588996763934e-01 2.961165048543689116e-01 3.090614886731391509e-01 3.139158576051779836e-01 3.139158576051779836e-01 3.139158576051779836e-01 3.155339805825242983e-01
4.207119741100323607e-02 1.213592233009708754e-01 1.860841423948220164e-01 2.249190938511326787e-01 2.362459546925566312e-01 2.394822006472491771e-01 2.443365695792880377e-01 2.459546925566342968e-01 2.475728155339805836e-01 2.475728155339805836e-01
3.209242618741976749e-02 8.857509627727856716e-02 1.245186136071887023e-01 1.412066752246469714e-01 1.489088575096277345e-01 1.527599486521180883e-01 1.553273427471116852e-01 1.566110397946084698e-01 1.578947368421052544e-01 1.578947368421052544e-01
1.030042918454935653e-02 3.004291845493562221e-02 4.377682403433476310e-02 6.351931330472103399e-02 6.781115879828325532e-02 6.866952789699570792e-02 7.038626609442059923e-02 7.124463519313305182e-02 7.124463519313305182e-02 7.210300429184549054e-02
1.647785787847579758e-02 5.149330587023687178e-02 7.518022657054583557e-02 8.341915550978372396e-02 8.908341915550978263e-02 8.959835221421215412e-02 8.959835221421215412e-02 9.062821833161688323e-02 9.114315139031925472e-02 9.165808444902162622e-02
2.296462661426165175e-01 3.785794497473329856e-01 4.164795058955643170e-01 4.233576642335766249e-01 4.263054463784390902e-01 4.291128579449747238e-01 4.313587871982032529e-01 4.344469399213924943e-01 4.368332397529477995e-01 4.386580572711959447e-01
1.721439749608763559e-02 7.276995305164318806e-02 1.426056338028169057e-01 2.014866979655711987e-01 2.359154929577464699e-01 2.482394366197183122e-01 2.560641627543036036e-01 2.595852895148669792e-01 2.617370892018779371e-01 2.646713615023474353e-01
1.036776212832550906e-02 5.379499217527386468e-02 1.244131455399061087e-01 1.907276995305164369e-01 2.210485133020344273e-01 2.366979655712050101e-01 2.417840375586854385e-01 2.460876369327073543e-01 2.492175273865414598e-01 2.513693270735524177e-01
7.042253521126760722e-03 4.597026604068857325e-02 1.107198748043818487e-01 1.561032863849765306e-01 1.756651017214397592e-01 1.897496087636932616e-01 1.979655712050078231e-01 2.018779342723004688e-01 2.042253521126760618e-01 2.055946791862284795e-01
2.151799687010954448e-03 1.564945226917057938e-02 3.853677621283255195e-02 5.535993740219092435e-02 6.768388106416275973e-02 7.316118935837245818e-02 7.668231611893583377e-02 7.883411580594679169e-02 8.039906103286384442e-02 8.098591549295774961e-02
3.671870022300095515e-01 5.155144950621216582e-01 5.425294679834342659e-01 5.461611978337049811e-01 5.472443453329085550e-01 5.482000637145587607e-01 5.492194966549857060e-01 5.501752150366359118e-01 5.510672188595093779e-01 5.514495062121694824e-01
1.600509716470213395e-01 2.848040777317616956e-01 3.187639375597324243e-01 3.245619624084103427e-01 3.259636827014972815e-01 3.268556865243708032e-01 3.278114049060210089e-01 3.281936922586811134e-01 3.285122650525645338e-01 3.292131251991080032e-01
2.320579578899705647e-02 5.733529544940004635e-02 7.674892460946343420e-02 8.405026035770885029e-02 8.665383744623046669e-02 8.784242698664251892e-02 8.829522300203758445e-02 8.840842200588634736e-02 8.880461851935703144e-02 8.908761602897893872e-02
9.162464641495511597e-03 2.527364407821916167e-02 3.806419874554175381e-02 4.691919813061123934e-02 5.067027425900873239e-02 5.214610748985364780e-02 5.257655884885008291e-02 5.276103800270569300e-02 5.282253105399090098e-02 5.300701020784651107e-02
2.572629729560143089e-03 1.098073665056158686e-02 1.989082010416013194e-02 2.698123862709418327e-02 3.049507435527389065e-02 3.175001568676664304e-02 3.200100395306519629e-02 3.262847461881156902e-02 3.281671581853548569e-02 3.300495701825939543e-02
3.092476955099613539e-02 1.141837644959857317e-01 1.820794925166022427e-01 2.060660124888492317e-01 2.104271979383486868e-01 2.125086728119734425e-01 2.129051442164733854e-01 2.131033799187233568e-01 2.135989691743483132e-01 2.139954405788482561e-01
1.784121320249777059e-03 6.740013876499157536e-03 1.268708494399841367e-02 1.437208841312320393e-02 1.526414907324809278e-02 1.526414907324809278e-02 1.536326692437308024e-02 1.556150262662305515e-02 1.566062047774804261e-02 1.575973832887302833e-02
3.964714044999504273e-04 9.911785112498760954e-04 2.081474873624739649e-03 2.676181980374665263e-03 3.171771235999603419e-03 3.766478342749529033e-03 4.063831896124491840e-03 4.162949747249479297e-03 4.162949747249479297e-03 4.361185449499455080e-03
4.955892556249380477e-04 1.189414213499851228e-03 2.676181980374665263e-03 3.568242640499554117e-03 3.766478342749529033e-03 4.262067598374467622e-03 4.559421151749429996e-03 4.559421151749429996e-03 4.658539002874417453e-03 4.658539002874417453e-03
8.920606601248885293e-04 3.072653384874615961e-03 5.451481811874318850e-03 7.235603132124095692e-03 8.127663792248983679e-03 8.623253047873922703e-03 9.019724452373872534e-03 9.217960154623847449e-03 9.317078005748834907e-03 9.317078005748834907e-03
1.275355277541600878e-02 5.295760961982266812e-02 6.959795943155593079e-02 7.190574517186930359e-02 7.239159480140897052e-02 7.287744443094862357e-02 7.336329406048827662e-02 7.348475646787319682e-02 7.372768128264302334e-02 7.372768128264302334e-02
1.311793999757075203e-02 4.044698165917648414e-02 4.846350054658083578e-02 5.040689906473946186e-02 5.077128628689420858e-02 5.113567350904894837e-02 5.125713591643386163e-02 5.137859832381877490e-02 5.150006073120369510e-02 5.150006073120369510e-02
6.316045184015546890e-03 1.736912425604275612e-02 2.696465443945099058e-02 2.878659055022470686e-02 2.927244017976436338e-02 2.951536499453419338e-02 3.000121462407384990e-02 3.012267703145876316e-02 3.024413943884367642e-02 3.024413943884367642e-02
7.287744443094861880e-04 2.672172962468116059e-03 5.222883517551317988e-03 7.287744443094862530e-03 8.502368516944006430e-03 8.623830924328919692e-03 8.745293331713834689e-03 8.745293331713834689e-03 8.988218146483662949e-03 8.988218146483662949e-03
4.251184258472003215e-03 9.231142961253491208e-03 1.178185351633669400e-02 1.214624073849143726e-02 1.214624073849143726e-02 1.214624073849143726e-02 1.226770314587635052e-02 1.226770314587635052e-02 1.226770314587635052e-02 1.238916555326126552e-02
1.434977578475336302e-01 2.221769262128006628e-01 2.417448022829188636e-01 2.445984508764777743e-01 2.486750917244190673e-01 2.503057480635956233e-01 2.503057480635956233e-01 2.511210762331838597e-01 2.515287403179780057e-01 2.527517325723603880e-01
3.465144720750101826e-02 7.215654300856094716e-02 9.009376273950264746e-02 9.213208316347329396e-02 9.253974724826742604e-02 9.294741133306155811e-02 9.294741133306155811e-02 9.376273950264982227e-02 9.457806767223807254e-02 9.498573175703220461e-02
7.460252751732572574e-02 1.394211169995923372e-01 1.622503057480635946e-01 1.651039543416225053e-01 1.663269465960048876e-01 1.679576029351814159e-01 1.679576029351814159e-01 1.687729311047696801e-01 1.687729311047696801e-01 1.687729311047696801e-01
2.609050142682429671e-02 6.726457399103139001e-02 8.601712189156135446e-02 8.968609865470851539e-02 9.172441907867916189e-02 9.294741133306155811e-02 9.294741133306155811e-02 9.376273950264982227e-02 9.376273950264982227e-02 9.539339584182633669e-02
1.222992254382388854e-03 7.745617611088463465e-03 8.560945780676721545e-03 1.100693028944150012e-02 1.182225845902975907e-02 1.182225845902975907e-02 1.182225845902975907e-02 1.182225845902975907e-02 1.222992254382388941e-02 1.263758662861801801e-02
6.132075471698113234e-02 1.745283018867924418e-01 2.232704402515723330e-01 2.500000000000000000e-01 2.641509433962264120e-01 2.893081761006289221e-01 3.003144654088050203e-01 3.050314465408804909e-01 3.113207547169811185e-01 3.160377358490565891e-01
0.000000000000000000e+00 0.000000000000000000e+00 4.482294935006723687e-04 1.792917974002689475e-03 3.137606454504706256e-03 3.137606454504706256e-03 3.137606454504706256e-03 3.137606454504706256e-03 3.137606454504706256e-03 3.137606454504706256e-03
0.000000000000000000e+00 3.759398496240601729e-04 1.127819548872180519e-03 1.503759398496240692e-03 1.503759398496240692e-03 1.503759398496240692e-03 1.503759398496240692e-03 1.503759398496240692e-03 1.503759398496240692e-03 1.879699248120300648e-03
0.000000000000000000e+00 3.565062388591800258e-04 3.565062388591800258e-04 3.565062388591800258e-04 3.565062388591800258e-04 3.565062388591800258e-04 3.565062388591800258e-04 3.565062388591800258e-04 3.565062388591800258e-04 3.565062388591800258e-04
0.000000000000000000e+00 0.000000000000000000e+00 0.000000000000000000e+00 0.000000000000000000e+00 0.000000000000000000e+00 0.000000000000000000e+00 0.000000000000000000e+00 0.000000000000000000e+00 0.000000000000000000e+00 0.000000000000000000e+00
1.806020066889632014e-01 3.012606122974015865e-01 3.398507846668381571e-01 3.485978904039104820e-01 3.509133007460766840e-01 3.529714432724466167e-01 3.534859789040390998e-01 3.540005145356315830e-01 3.550295857988165493e-01 3.550295857988165493e-01
4.733727810650887463e-02 1.000771803447388780e-01 1.353228711088242942e-01 1.517880113197838943e-01 1.561615641883200289e-01 1.615641883200411577e-01 1.643941342937998429e-01 1.659377411885773201e-01 1.667095446359660449e-01 1.667095446359660449e-01
1.312065860560843872e-02 3.781836892204785278e-02 4.990995626447131128e-02 5.865706200154360839e-02 6.328788268587599852e-02 6.688963210702340845e-02 6.766143555441214708e-02 6.997684589657833520e-02 7.049138152817083225e-02 7.074864934396707383e-02
3.087213789554926757e-03 8.489837921276048582e-03 1.440699768458965704e-02 1.852328273732956054e-02 2.186776434268073235e-02 2.392590686905068237e-02 2.521224594803190069e-02 2.572678157962438733e-02 2.649858502701311902e-02 2.701312065860560913e-02
0.000000000000000000e+00 0.000000000000000000e+00 7.718034473887316893e-04 1.286339078981219410e-03 2.058142526369951316e-03 2.572678157962438820e-03 2.829945973758683005e-03 3.087213789554926757e-03 3.087213789554926757e-03 3.344481605351170509e-03
1.901485965877820483e-01 4.002476609796367657e-01 4.570720968629609082e-01 4.607870115575123937e-01 4.625756741882223189e-01 4.645019262520638237e-01 4.649146945514584517e-01 4.654650522839846039e-01 4.662905888827738043e-01 4.668409466152999565e-01
6.246560264171711896e-02 1.875343973582828949e-01 2.506879471656576763e-01 2.684369840396257367e-01 2.707760044028618696e-01 2.729774353329664227e-01 2.739405613648872029e-01 2.755916345624656039e-01 2.760044028618602319e-01 2.764171711612548044e-01
1.995046780407264825e-02 6.095211887727022826e-02 8.915795266923499940e-02 1.027793065492570157e-01 1.059438635112823351e-01 1.063566318106769354e-01 1.070445789763346117e-01 1.074573472757292258e-01 1.078701155751238261e-01 1.081452944413869022e-01
1.008530544854155248e-01 2.676114474408365362e-01 3.401210787011557657e-01 3.542927903137039203e-01 3.563566318106769493e-01 3.580077050082553503e-01 3.591084204733076546e-01 3.595211887727022826e-01 3.604843148046230072e-01 3.610346725371491594e-01
3.219592735277930495e-02 9.741331865712712923e-02 1.381397908640616401e-01 1.513483764446890423e-01 1.542377545404512995e-01 1.553384700055035761e-01 1.561640066042927766e-01 1.563015960374243285e-01 1.569895432030820048e-01 1.574023115024766051e-01
9.413854351687389599e-02 2.427471876850207100e-01 3.291888691533451650e-01 3.605683836589698155e-01 3.653049141503848518e-01 3.664890467732386248e-01 3.676731793960923422e-01 3.688573120189461152e-01 3.694493783303730017e-01 3.694493783303730017e-01
3.433984606275902740e-02 1.332149200710479597e-01 2.113676731793960872e-01 2.640615748963883735e-01 2.877442273534636108e-01 3.037300177619893238e-01 3.043220840734162103e-01 3.066903493191237562e-01 3.078744819419775292e-01 3.084665482534043601e-01
2.320899940793368921e-01 4.316163410301953607e-01 4.991119005328596980e-01 5.097690941385435437e-01 5.121373593842510896e-01 5.127294256956779206e-01 5.145056246299585245e-01 5.145056246299585245e-01 5.150976909413854665e-01 5.156897572528122975e-01
5.632183908045976933e-02 1.534482758620689669e-01 2.086206896551724144e-01 2.316091954022988508e-01 2.425287356321839116e-01 2.522988505747126298e-01 2.540229885057471160e-01 2.557471264367816022e-01 2.563218390804597457e-01 2.586206896551724310e-01
3.552397868561278649e-02 9.709887507400828677e-02 1.474245115452930688e-01 1.788040260509176915e-01 2.048549437537004192e-01 2.285375962107756009e-01 2.356423919478981555e-01 2.380106571936056736e-01 2.386027235050325601e-01 2.386027235050325601e-01
2.332100011212019305e-02 5.785401950891355671e-02 7.321448592891580121e-02 7.702657248570467241e-02 7.825989460701872347e-02 7.904473595694584687e-02 7.960533692117950644e-02 8.005381769256643409e-02 8.027805807825989792e-02 8.083865904249355749e-02
7.835845673683511023e-03 1.872634305066737601e-02 2.563251211899860577e-02 3.028089514576001035e-02 3.180822099741018733e-02 3.253868118732983900e-02 3.313633043362772951e-02 3.333554684906036431e-02 3.386679062354738118e-02 3.406600703898000904e-02
3.772357723577235943e-03 1.170731707317073170e-02 1.827642276422764347e-02 2.185365853658536445e-02 2.243902439024390155e-02 2.263414634146341392e-02 2.276422764227642448e-02 2.282926829268292629e-02 2.282926829268292629e-02 2.282926829268292629e-02
6.966820517286423202e-04 3.135069232778890658e-03 6.357223722023861226e-03 8.186014107811548021e-03 8.795610903074109130e-03 8.969781416006270686e-03 9.143951928938430507e-03 9.318122441870592063e-03 9.318122441870592063e-03 9.318122441870592063e-03
1.121201928467316974e-04 3.363605785401950921e-04 4.484807713869267895e-04 5.606009642336584869e-04 5.606009642336584869e-04 6.727211570803901843e-04 6.727211570803901843e-04 6.727211570803901843e-04 7.848413499271218816e-04 7.848413499271218816e-04
5.639097744360901943e-03 2.593984962406015171e-02 5.488721804511278307e-02 8.552631578947368640e-02 1.095864661654135375e-01 1.253759398496240574e-01 1.315789473684210453e-01 1.330827067669173025e-01 1.343984962406015171e-01 1.351503759398496318e-01
3.947368421052631707e-03 1.240601503759398462e-02 2.255639097744360777e-02 3.590225563909774098e-02 4.323308270676691489e-02 4.642857142857143016e-02 5.018796992481203145e-02 5.300751879699248242e-02 5.582706766917293340e-02 5.639097744360901943e-02
6.973684210526315264e-02 2.223684210526315763e-01 3.189849624060150379e-01 3.526315789473684070e-01 3.573308270676691656e-01 3.590225563909774653e-01 3.597744360902255800e-01 3.607142857142857095e-01 3.614661654135338242e-01 3.616541353383458390e-01
2.218045112781955042e-02 8.496240601503760037e-02 1.665413533834586568e-01 2.328947368421052655e-01 2.565789473684210731e-01 2.605263157894736614e-01 2.618421052631578760e-01 2.633458646616541610e-01 2.639097744360902054e-01 2.642857142857142905e-01
5.639097744360902593e-04 2.255639097744361037e-03 9.586466165413533649e-03 1.503759398496240518e-02 1.992481203007518895e-02 2.500000000000000139e-02 2.763157894736842021e-02 2.819548872180450971e-02 2.819548872180450971e-02 2.875939849624060268e-02
1.662456946039035655e-01 3.409873708381170876e-01 3.981630309988519190e-01 4.128587830080367449e-01 4.172215843857635109e-01 4.195177956371985983e-01 4.208955223880597174e-01 4.222732491389207810e-01 4.236509758897818445e-01 4.252583237657864279e-01
2.181400688863375376e-02 4.845005740528128546e-02 6.222732491389208059e-02 6.681974741676234564e-02 6.865671641791044888e-02 6.980482204362802034e-02 6.980482204362802034e-02 7.026406429391504616e-02 7.049368541905855212e-02 7.095292766934557793e-02
1.419058553386911559e-01 2.826636050516647680e-01 3.375430539609644010e-01 3.572904707233065524e-01 3.621125143513203026e-01 3.650975889781860051e-01 3.660160734787600290e-01 3.673938002296211480e-01 3.690011481056257314e-01 3.708381171067738347e-01
5.373134328358208922e-02 1.102181400688863333e-01 1.306544202066590166e-01 1.382319173363949494e-01 1.398392652123995328e-01 1.409873708381171042e-01 1.419058553386911559e-01 1.421354764638346757e-01 1.423650975889781956e-01 1.423650975889781956e-01
2.365097588978186047e-02 4.500574052812858494e-02 5.487944890929965375e-02 5.878300803673938008e-02 6.039035591274397041e-02 6.061997703788748332e-02 6.153846153846154188e-02 6.153846153846154188e-02 6.176808266360505478e-02 6.176808266360505478e-02
1.907708172209332184e-02 3.390048981696313496e-02 3.725186903841196107e-02 3.789636504253673932e-02 3.815416344418664368e-02 3.841196184583655499e-02 3.854086104666151064e-02 3.879865944831142194e-02 3.879865944831142194e-02 3.892755864913637759e-02
2.340125075650595007e-02 5.305628404276780535e-02 7.040548718983255516e-02 7.686100463990316878e-02 7.847488400242082218e-02 7.887835384305022512e-02 7.908008876336493354e-02 7.928182368367964195e-02 7.948355860399435036e-02 7.948355860399435036e-02
1.087402544111612697e-02 3.077554370127205674e-02 4.411161263848994984e-02 4.821501846532622038e-02 5.170291341813705588e-02 5.272876487484612351e-02 5.313910545752974918e-02 5.334427574887156548e-02 5.354944604021337484e-02 5.354944604021337484e-02
5.269761606022584956e-03 1.179422835633626120e-02 1.380175658720200760e-02 1.455457967377666272e-02 1.455457967377666272e-02 1.468005018820577219e-02 1.468005018820577219e-02 1.480552070263488167e-02 1.480552070263488167e-02 1.480552070263488167e-02
4.000000000000000083e-03 8.000000000000000167e-03 1.266666666666666635e-02 1.499999999999999944e-02 1.633333333333333165e-02 1.633333333333333165e-02 1.633333333333333165e-02 1.700000000000000122e-02 1.700000000000000122e-02 1.733333333333333254e-02
3.865832859579306641e-02 1.072579116922493803e-01 1.567178321015728626e-01 1.788895205609247752e-01 1.866590866022361239e-01 1.883646010991093522e-01 1.910176236498010161e-01 1.921546333143831775e-01 1.927231381466742444e-01 1.927231381466742444e-01
1.730531520395549999e-02 6.613102595797280825e-02 9.806345282241450689e-02 1.145447053976102192e-01 1.238154099711578082e-01 1.250515039142974794e-01 1.260815822002472053e-01 1.262875978574371783e-01 1.264936135146271234e-01 1.269056448290070138e-01
7.528089887640448952e-02 2.556179775280899014e-01 3.844569288389513284e-01 4.275280898876404612e-01 4.342696629213483317e-01 4.357677902621722721e-01 4.368913857677902413e-01 4.387640449438202084e-01 4.406367041198501755e-01 4.421348314606741714e-01
2.389781623403378769e-02 7.128141738772146574e-02 1.149567367119901096e-01 1.489493201483312601e-01 1.578079934074989588e-01 1.615162752369179999e-01 1.625463535228677259e-01 1.633704161516275344e-01 1.644004944375772603e-01 1.652245570663370411e-01
4.120313143798928724e-04 1.854140914709517980e-03 5.356407086938607016e-03 1.030078285949732192e-02 1.380304903172641096e-02 1.565718994643592807e-02 1.915945611866501710e-02 2.101359703337453769e-02 2.266172229089410961e-02 2.266172229089410961e-02
1.954341796458288760e-01 3.368892681886067608e-01 3.671858331555366006e-01 3.716663110731811548e-01 3.757200768081928599e-01 3.770002133560912960e-01 3.780669938126733354e-01 3.795604864518882238e-01 3.797738425432046205e-01 3.804139108171538108e-01
2.617433979901846383e-02 5.678896938537041084e-02 7.758822154709044128e-02 8.483290488431877163e-02 8.716989950923112462e-02 8.810469735919607137e-02 8.833839682168731500e-02 8.857209628417854475e-02 8.927319467165226174e-02 8.927319467165226174e-02
0.000000000000000000e+00 4.673989249824725607e-04 9.347978499649451213e-04 1.869595699929890243e-03 2.103295162421126279e-03 2.570694087403598786e-03 3.038093012386071726e-03 3.505491937368544232e-03 3.972890862351016739e-03 4.206590324842252558e-03
8.880579574666978490e-03 1.986445431175508369e-02 3.412012152372049384e-02 4.019630754849264076e-02 4.346810002336994744e-02 4.487029679831736062e-02 4.580509464828230737e-02 4.697359196073849080e-02 4.744099088572096418e-02 4.814208927319467424e-02
1.402196774947417519e-03 2.336994624912362532e-03 6.076186024772143451e-03 6.543584949754615958e-03 6.777284412245851777e-03 7.478382799719560971e-03 7.945781724702033477e-03 7.945781724702033477e-03 8.646880112175741803e-03 8.646880112175741803e-03
5.628261055512787797e-02 1.584979899067658904e-01 2.205115045761696924e-01 2.465144127961679810e-01 2.526729963219570552e-01 2.551535369087332139e-01 2.561799674963647355e-01 2.563510392609699706e-01 2.571208622016936118e-01 2.574630057309041375e-01
7.208872458410351194e-03 2.929759704251386210e-02 5.656192236598890644e-02 7.652495378927910707e-02 8.733826247689463473e-02 9.417744916820702805e-02 9.593345656192237003e-02 9.695009242144177197e-02 9.778188539741219931e-02 9.861367837338262665e-02
3.067714178825289850e-02 9.324728769173214193e-02 1.401982790871679763e-01 1.615226337448559535e-01 1.700336700336700368e-01 1.740553684998129569e-01 1.757388701833146327e-01 1.763935652824541733e-01 1.769547325102880653e-01 1.775158997381219572e-01
2.690851106238787913e-03 1.285628861869643133e-02 2.670918875822204594e-02 4.165836157065975348e-02 4.913294797687861593e-02 5.471397249352202841e-02 5.810245166434124114e-02 5.949770779350209426e-02 6.029499701016544089e-02 6.119194737891169716e-02
4.210969575744815492e-04 1.789662069691546394e-03 4.210969575744814841e-03 6.105905884829981867e-03 8.211390672702389287e-03 9.158858827244972800e-03 1.094852089693651963e-02 1.210653753026634354e-02 1.252763448784082606e-02 1.305400568480892705e-02
3.556387459054749511e-02 7.393542349087506294e-02 9.124941506785212708e-02 9.780065512400561156e-02 1.006083294337856843e-01 1.015442208703790372e-01 1.034160037435657431e-01 1.034160037435657431e-01 1.034160037435657431e-01 1.034160037435657431e-01
2.575488454706927055e-02 8.170515097690941864e-02 1.234458259325044438e-01 1.438721136767318054e-01 1.527531083481349916e-01 1.607460035523978759e-01 1.625222024866785075e-01 1.651865008880994690e-01 1.660746003552397987e-01 1.678507992895204304e-01
8.880994671403197489e-04 8.880994671403196622e-03 1.776198934280639324e-02 2.930728241563055128e-02 3.552397868561278649e-02 3.996447602131438653e-02 4.529307282415630243e-02 4.706927175843694799e-02 4.884547069271758662e-02 5.062166962699822526e-02
2.397868561278863192e-02 7.282415630550621854e-02 1.110124333925399664e-01 1.296625222024866686e-01 1.394316163410301845e-01 1.483126110124333985e-01 1.509769094138543599e-01 1.518650088809946619e-01 1.536412078152753213e-01 1.536412078152753213e-01
5.328596802841918494e-03 1.865008880994671256e-02 3.285968028419183201e-02 5.150976909413854110e-02 5.950266429840141841e-02 6.749555950266429571e-02 7.371225577264653439e-02 7.726465364120781165e-02 7.992895204262877307e-02 8.170515097690941864e-02
