2.437673130193905857e-01 5.844875346260387516e-01 7.091412742382271484e-01 7.645429362880886703e-01 7.700831024930747670e-01 7.839335180055401198e-01 7.922437673130193758e-01 8.005540166204986319e-01 8.116343490304709363e-01 8.227146814404432407e-01
3.174603174603174427e-02 4.761904761904761640e-02 1.269841269841269771e-01 2.063492063492063378e-01 2.380952380952380820e-01 2.698412698412698263e-01 2.857142857142856984e-01 3.015873015873015706e-01 3.015873015873015706e-01 3.015873015873015706e-01
1.136363636363636395e-02 2.272727272727272790e-02 5.681818181818181629e-02 6.818181818181817677e-02 9.090909090909091161e-02 9.090909090909091161e-02 9.090909090909091161e-02 9.090909090909091161e-02 9.090909090909091161e-02 9.090909090909091161e-02
6.666666666666666574e-02 1.333333333333333315e-01 1.666666666666666574e-01 1.833333333333333204e-01 1.833333333333333204e-01 1.833333333333333204e-01 1.833333333333333204e-01 1.833333333333333204e-01 2.000000000000000111e-01 2.166666666666666741e-01
3.571428571428571230e-02 7.142857142857142461e-02 1.428571428571428492e-01 1.785714285714285754e-01 2.142857142857142738e-01 2.142857142857142738e-01 2.500000000000000000e-01 2.500000000000000000e-01 2.500000000000000000e-01 2.500000000000000000e-01
4.190919674039580989e-01 6.647264260768335209e-01 7.334109429569266592e-01 7.438882421420256463e-01 7.543655413271245225e-01 7.636786961583236222e-01 7.764842840512223843e-01 7.892898719441210353e-01 8.009313154831199100e-01 8.125727590221187846e-01
4.470588235294117863e-01 6.847058823529411642e-01 7.223529411764706420e-01 7.294117647058823151e-01 7.411764705882353255e-01 7.482352941176471095e-01 7.552941176470587825e-01 7.647058823529411242e-01 7.764705882352941346e-01 7.788235294117646923e-01
1.111111111111111154e-02 4.444444444444444614e-02 8.888888888888889228e-02 2.000000000000000111e-01 3.222222222222222432e-01 4.333333333333333481e-01 4.777777777777778012e-01 5.111111111111110716e-01 5.555555555555555802e-01 5.999999999999999778e-01
1.544117647058823595e-01 3.088235294117647189e-01 4.117647058823529216e-01 4.558823529411764608e-01 4.705882352941176405e-01 5.000000000000000000e-01 5.000000000000000000e-01 5.073529411764705621e-01 5.220588235294117974e-01 5.294117647058823595e-01
1.651031894934333888e-01 4.108818011257035496e-01 5.759849906191369939e-01 6.716697936210130893e-01 6.885553470919324459e-01 7.035647279549718247e-01 7.185741088180112035e-01 7.317073170731707155e-01 7.448405253283302274e-01 7.654784240150094288e-01
4.766355140186915862e-01 7.476635514018691309e-01 8.411214953271027861e-01 8.691588785046728827e-01 8.691588785046728827e-01 8.691588785046728827e-01 8.878504672897196137e-01 8.878504672897196137e-01 8.878504672897196137e-01 8.971962616822429792e-01
5.000000000000000000e-01 6.896551724137931494e-01 7.931034482758620996e-01 8.620689655172413257e-01 8.793103448275861878e-01 8.793103448275861878e-01 8.793103448275861878e-01 8.793103448275861878e-01 8.793103448275861878e-01 8.793103448275861878e-01
4.354838709677419373e-01 7.741935483870967527e-01 8.387096774193548709e-01 9.193548387096773800e-01 9.193548387096773800e-01 9.193548387096773800e-01 9.193548387096773800e-01 9.193548387096773800e-01 9.193548387096773800e-01 9.193548387096773800e-01
3.207547169811320598e-01 6.226415094339622369e-01 6.792452830188678847e-01 7.358490566037735325e-01 7.547169811320755262e-01 7.547169811320755262e-01 7.547169811320755262e-01 7.547169811320755262e-01 7.547169811320755262e-01 7.547169811320755262e-01
4.615384615384615641e-01 6.538461538461538547e-01 7.307692307692307265e-01 7.307692307692307265e-01 7.307692307692307265e-01 7.307692307692307265e-01 7.307692307692307265e-01 7.307692307692307265e-01 7.307692307692307265e-01 7.307692307692307265e-01
5.983606557377049162e-01 7.650273224043715459e-01 7.814207650273223837e-01 7.868852459016393297e-01 7.868852459016393297e-01 7.923497267759562757e-01 8.032786885245901676e-01 8.087431693989071135e-01 8.114754098360655865e-01 8.196721311475410054e-01
6.847599164926930770e-01 8.392484342379957774e-01 8.684759916492693632e-01 8.789144050104383821e-01 8.789144050104383821e-01 8.851774530271399044e-01 8.893528183716075119e-01 8.914405010438413157e-01 8.997912317327766418e-01 8.997912317327766418e-01
6.507633587786259000e-01 8.492366412213741000e-01 8.759541984732824860e-01 8.797709923664122078e-01 8.874045801526717625e-01 8.912213740458014843e-01 8.950381679389313172e-01 8.950381679389313172e-01 8.988549618320610390e-01 9.026717557251908719e-01
6.928213689482470850e-01 8.697829716193655747e-01 8.914858096828046641e-01 8.948247078464106607e-01 8.981636060100166574e-01 8.998330550918196558e-01 9.081803005008347585e-01 9.131886477462437535e-01 9.165275459098497501e-01 9.181969949916527485e-01
6.219239373601789245e-01 7.874720357941834559e-01 7.986577181208053267e-01 8.098434004474273085e-01 8.165548098434004531e-01 8.210290827740491792e-01 8.299776286353467425e-01 8.344519015659955796e-01 8.389261744966443057e-01 8.389261744966443057e-01
3.664215686274509554e-01 6.256127450980392135e-01 7.052696078431373028e-01 7.500000000000000000e-01 7.671568627450980893e-01 7.787990196078431460e-01 7.916666666666666297e-01 8.002450980392157298e-01 8.131127450980392135e-01 8.216911764705882026e-01
2.473460721868365186e-01 5.000000000000000000e-01 6.125265392781316098e-01 6.613588110403396669e-01 6.900212314225052657e-01 7.070063694267515464e-01 7.144373673036092942e-01 7.292993630573247898e-01 7.420382165605095004e-01 7.569002123142251071e-01
2.232232232232232161e-01 4.204204204204204376e-01 5.425425425425425274e-01 6.046046046046046341e-01 6.496496496496496631e-01 6.756756756756756577e-01 6.896896896896896889e-01 7.067067067067066555e-01 7.247247247247247115e-01 7.507507507507507061e-01
7.142857142857142461e-02 1.600000000000000033e-01 2.371428571428571552e-01 2.971428571428571530e-01 3.171428571428571153e-01 3.400000000000000244e-01 3.628571428571428781e-01 3.685714285714285499e-01 4.000000000000000222e-01 4.057142857142856940e-01
6.969696969696970168e-02 1.545454545454545414e-01 2.303030303030303150e-01 2.606060606060606188e-01 2.969696969696969946e-01 3.181818181818181768e-01 3.393939393939394145e-01 3.606060606060605966e-01 3.727272727272727404e-01 3.818181818181818343e-01
1.707914060375305965e-01 4.582540114223551675e-01 6.102801196627685165e-01 6.570573837367419401e-01 6.812618982866467388e-01 7.038346478107152526e-01 7.204242589067174629e-01 7.408213217296709674e-01 7.560511286374762552e-01 7.674734838183301378e-01
2.079851439182915374e-01 4.651810584958217532e-01 5.863509749303621454e-01 6.248839368616527778e-01 6.467038068709377585e-01 6.615598885793871897e-01 6.722376973073351802e-01 6.829155060352831708e-01 6.949860724233983822e-01 7.056638811513463727e-01
1.575723830734966635e-01 3.424276169265033642e-01 4.320712694877505422e-01 4.660356347438752711e-01 4.810690423162583551e-01 4.955456570155902241e-01 5.128062360801781683e-01 5.289532293986637379e-01 5.384187082405345048e-01 5.534521158129176444e-01
8.217270194986071863e-02 1.782729805013927582e-01 2.353760445682451241e-01 2.548746518105849401e-01 2.646239554317548759e-01 2.771587743732590314e-01 2.883008356545960771e-01 2.938718662952646277e-01 3.105849582172701684e-01 3.217270194986072696e-01
1.666666666666666644e-02 5.000000000000000278e-02 7.499999999999999722e-02 7.499999999999999722e-02 8.333333333333332871e-02 8.333333333333332871e-02 8.333333333333332871e-02 8.333333333333332871e-02 9.166666666666666019e-02 9.166666666666666019e-02
1.551966292134831504e-01 4.529494382022472010e-01 6.095505617977527990e-01 6.355337078651684957e-01 6.432584269662920962e-01 6.587078651685392972e-01 6.650280898876403946e-01 6.720505617977527990e-01 6.797752808988763995e-01 6.875000000000000000e-01
2.503128911138923721e-03 5.319148936170212637e-03 2.002503128911138977e-02 3.103879849812265501e-01 6.523779724655819345e-01 7.565707133917396465e-01 7.665832290362953882e-01 7.787859824780976048e-01 7.891113892365456683e-01 8.038172715894869036e-01
5.115089514066496583e-03 1.278772378516624016e-02 8.312020460358056362e-02 2.736572890025575355e-01 4.015345268542199753e-01 4.296675191815856887e-01 4.373401534526853984e-01 4.526854219948849289e-01 4.603580562659846387e-01 4.705882352941176405e-01
3.016591251885369657e-03 6.334841628959276064e-03 1.055806938159879402e-02 9.592760180995475727e-02 4.398190045248868696e-01 7.547511312217194401e-01 7.822021116138763164e-01 7.951734539969833593e-01 8.060331825037707620e-01 8.196078431372548767e-01
2.767527675276752579e-03 5.535055350553505157e-03 1.291512915129151319e-02 1.392988929889298899e-01 4.391143911439114311e-01 6.559040590405904592e-01 6.678966789667896142e-01 6.808118081180811743e-01 6.946494464944649172e-01 7.038745387453874125e-01
8.837209302325581273e-02 2.139534883720930203e-01 2.790697674418604612e-01 3.069767441860465351e-01 3.255813953488372325e-01 3.488372093023255904e-01 3.674418604651162878e-01 3.767441860465116088e-01 3.813953488372093248e-01 4.000000000000000222e-01
2.285714285714285643e-01 4.178571428571428714e-01 5.107142857142856762e-01 5.428571428571428159e-01 5.678571428571428381e-01 5.892857142857143016e-01 6.107142857142857650e-01 6.142857142857143238e-01 6.285714285714285587e-01 6.357142857142856762e-01
8.597285067873303155e-02 1.809954751131221673e-01 2.217194570135746501e-01 2.352941176470588203e-01 2.443438914027149245e-01 2.669683257918551988e-01 2.669683257918551988e-01 2.760180995475113308e-01 2.850678733031674073e-01 2.850678733031674073e-01
1.022727272727272790e-01 1.931818181818181768e-01 2.386363636363636465e-01 2.613636363636363535e-01 2.727272727272727071e-01 2.954545454545454697e-01 2.954545454545454697e-01 3.181818181818181768e-01 3.181818181818181768e-01 3.181818181818181768e-01
4.819277108433735191e-02 1.084337349397590383e-01 1.445783132530120418e-01 1.686746987951807109e-01 1.927710843373494076e-01 2.289156626506023973e-01 2.289156626506023973e-01 2.530120481927710663e-01 2.771084337349397630e-01 3.132530120481927804e-01
5.799432355723745935e-01 7.795648060548723279e-01 8.306527909176916191e-01 8.514664143803216678e-01 8.637653736991485198e-01 8.703878902554399444e-01 8.741721854304635997e-01 8.779564806054872550e-01 8.845789971617785685e-01 8.902554399243141070e-01
5.815470643056850353e-01 7.791239515377446079e-01 8.182665424044733848e-01 8.369058713886300405e-01 8.490214352283317334e-01 8.602050326188257490e-01 8.676607642124883890e-01 8.723205964585274419e-01 8.769804287045666058e-01 8.835041938490214575e-01
5.798479087452471648e-01 7.775665399239544140e-01 8.250950570342204804e-01 8.431558935361216367e-01 8.545627376425855015e-01 8.650190114068441183e-01 8.735741444866920169e-01 8.773764258555133422e-01 8.802281368821293084e-01 8.868821292775664888e-01
5.736607142857143016e-01 7.444196428571429047e-01 7.946428571428570953e-01 8.080357142857143016e-01 8.236607142857143016e-01 8.314732142857143016e-01 8.359375000000000000e-01 8.426339285714286031e-01 8.470982142857143016e-01 8.571428571428570953e-01
4.526112185686653744e-01 6.092843326885880595e-01 6.595744680851063357e-01 6.769825918762089056e-01 6.866537717601547408e-01 6.982591876208897874e-01 7.098646034816247230e-01 7.137330754352031459e-01 7.176015473887814577e-01 7.292069632495163933e-01
6.653014789533561180e-01 8.853242320819112443e-01 9.187713310580204462e-01 9.271899886234357124e-01 9.319681456200227254e-01 9.349260523321957228e-01 9.369738339021616014e-01 9.383390216154721131e-01 9.397042093287827358e-01 9.408418657565414955e-01
6.690614136732329076e-01 8.869061413673232641e-01 9.249130938586326289e-01 9.318655851680185398e-01 9.353418308227114952e-01 9.385863267670915278e-01 9.392815758980300744e-01 9.406720741599072788e-01 9.418308227114715603e-01 9.434530706836616876e-01
5.657938349353662799e-01 8.346039111700364055e-01 8.969174676831289661e-01 9.207822340072919776e-01 9.254226052369903810e-01 9.297315213788531763e-01 9.337089824328803633e-01 9.337089824328803633e-01 9.340404375207159715e-01 9.356977129598939014e-01
2.145922746781115942e-01 5.107296137339055742e-01 6.351931330472102566e-01 7.038626609442060200e-01 7.210300429184549609e-01 7.296137339055793758e-01 7.467811158798283167e-01 7.467811158798283167e-01 7.510729613733905241e-01 7.510729613733905241e-01
1.780821917808219079e-01 3.150684931506849140e-01 4.109589041095890183e-01 4.383561643835616195e-01 4.383561643835616195e-01 4.383561643835616195e-01 4.520547945205479201e-01 4.657534246575342207e-01 4.657534246575342207e-01 4.657534246575342207e-01
1.851851851851851749e-01 3.086419753086419582e-01 3.209876543209876365e-01 3.580246913580246715e-01 3.580246913580246715e-01 3.580246913580246715e-01 3.580246913580246715e-01 3.580246913580246715e-01 3.703703703703703498e-01 3.950617283950617065e-01
6.106870229007633349e-02 2.977099236641221336e-01 3.511450381679389054e-01 3.969465648854961781e-01 4.198473282442747867e-01 4.274809160305343414e-01 4.274809160305343414e-01 4.351145038167938961e-01 4.503816793893129500e-01 4.580152671755725047e-01
2.402826855123674776e-01 4.805653710247349553e-01 6.148409893992933251e-01 6.643109540636041865e-01 6.784452296819788453e-01 7.031802120141342760e-01 7.208480565371024884e-01 7.243816254416961531e-01 7.314487632508833714e-01 7.526501766784452485e-01
2.520107238605898137e-01 5.871313672922251481e-01 7.345844504021448174e-01 7.882037533512064043e-01 8.096514745308310834e-01 8.257372654155495928e-01 8.364611260053619324e-01 8.445040214477211871e-01 8.498659517426273569e-01 8.605898123324396964e-01
8.064516129032257841e-02 1.774193548387096864e-01 2.580645161290322509e-01 3.225806451612903136e-01 3.387096774193548154e-01 3.870967741935483764e-01 3.870967741935483764e-01 3.870967741935483764e-01 3.870967741935483764e-01 3.870967741935483764e-01
2.407231208372977993e-01 5.033301617507136561e-01 6.156041864890580140e-01 6.574690770694576747e-01 6.755470980019029348e-01 6.955280685061845380e-01 7.021883920076118502e-01 7.117031398667935660e-01 7.297811607992388261e-01 7.373929590865841988e-01
2.809457579972183816e-01 5.424200278164116318e-01 6.620305980528511380e-01 6.981919332406119061e-01 7.121001390820583810e-01 7.301808066759387650e-01 7.440890125173852399e-01 7.468706536856745126e-01 7.524339360222531692e-01 7.607788595271209875e-01
2.571428571428571175e-01 4.844720496894410200e-01 5.863354037267081154e-01 6.186335403726708204e-01 6.434782608695651662e-01 6.621118012422360088e-01 6.645962732919254989e-01 6.757763975155279823e-01 6.795031055900621064e-01 6.881987577639752107e-01
1.749999999999999889e-01 4.450000000000000067e-01 6.450000000000000178e-01 6.550000000000000266e-01 6.650000000000000355e-01 6.899999999999999467e-01 7.049999999999999600e-01 7.049999999999999600e-01 7.099999999999999645e-01 7.149999999999999689e-01
0.000000000000000000e+00 0.000000000000000000e+00 0.000000000000000000e+00 0.000000000000000000e+00 0.000000000000000000e+00 0.000000000000000000e+00 0.000000000000000000e+00 0.000000000000000000e+00 0.000000000000000000e+00 0.000000000000000000e+00
1.716738197424892698e-01 4.206008583690987179e-01 5.150214592274677816e-01 5.364806866952789299e-01 5.493562231759656633e-01 5.579399141630900782e-01 5.708154506437768116e-01 5.751072961373390191e-01 5.793991416309013376e-01 5.836909871244635450e-01
1.785714285714285615e-02 3.214285714285714524e-01 5.625000000000000000e-01 6.785714285714286031e-01 6.964285714285713969e-01 6.964285714285713969e-01 6.964285714285713969e-01 7.053571428571429047e-01 7.053571428571429047e-01 7.142857142857143016e-01
0.000000000000000000e+00 1.485148514851485080e-01 3.663366336633663289e-01 4.950495049504950451e-01 4.950495049504950451e-01 5.049504950495049549e-01 5.049504950495049549e-01 5.148514851485148647e-01 5.247524752475247745e-01 5.445544554455445940e-01
0.000000000000000000e+00 2.884615384615384776e-02 1.923076923076923184e-01 5.769230769230768718e-01 6.250000000000000000e-01 6.346153846153845812e-01 6.442307692307692735e-01 6.538461538461538547e-01 6.538461538461538547e-01 6.730769230769231282e-01
0.000000000000000000e+00 8.928571428571428076e-03 7.738095238095238360e-02 5.000000000000000000e-01 6.309523809523809312e-01 6.517857142857143016e-01 6.636904761904761640e-01 6.696428571428570953e-01 6.755952380952381375e-01 6.785714285714286031e-01
4.546355974219137286e-01 6.643529995042142255e-01 7.188894397620227972e-01 7.377293009419930714e-01 7.461576598909270830e-01 7.600396628656420628e-01 7.729300941993059171e-01 7.803668815071889142e-01 7.887952404561229258e-01 7.957362419434804712e-01
6.779661016949152519e-02 8.474576271186440302e-02 1.101694915254237267e-01 1.186440677966101725e-01 1.186440677966101725e-01 1.271186440677966045e-01 1.271186440677966045e-01 1.355932203389830504e-01 1.355932203389830504e-01 1.610169491525423602e-01
1.000000000000000056e-01 1.692307692307692402e-01 1.923076923076923184e-01 2.076923076923077038e-01 2.153846153846153966e-01 2.230769230769230893e-01 2.461538461538461675e-01 2.461538461538461675e-01 2.461538461538461675e-01 2.538461538461538325e-01
7.438016528925620041e-02 1.735537190082644676e-01 1.983471074380165344e-01 1.983471074380165344e-01 2.066115702479338900e-01 2.066115702479338900e-01 2.314049586776859568e-01 2.314049586776859568e-01 2.314049586776859568e-01 2.561983471074379959e-01
2.549019607843137081e-01 4.745098039215686070e-01 5.607843137254902022e-01 5.882352941176470784e-01 5.882352941176470784e-01 5.921568627450980449e-01 5.960784313725490113e-01 5.999999999999999778e-01 6.078431372549019107e-01 6.078431372549019107e-01
4.782342121397915591e-01 8.344573881054567766e-01 8.663396689147762064e-01 8.712446351931329991e-01 8.773758430410790732e-01 8.865726548129981843e-01 8.939301042305334288e-01 9.025137952176578438e-01 9.141630901287554067e-01 9.196811771919067846e-01
4.046849757673667280e-01 7.714054927302099740e-01 8.166397415185783215e-01 8.271405492730210529e-01 8.360258481421647403e-01 8.441033925686590722e-01 8.521809369951535151e-01 8.626817447495961355e-01 8.731825525040387559e-01 8.812600969305330878e-01
3.533653846153846367e-01 6.682692307692307265e-01 7.163461538461538547e-01 7.319711538461538547e-01 7.451923076923077094e-01 7.608173076923077094e-01 7.704326923076922906e-01 7.788461538461538547e-01 7.884615384615384359e-01 7.980769230769231282e-01
2.468694096601073418e-01 5.974955277280858956e-01 6.815742397137746211e-01 6.958855098389982174e-01 7.084078711985688503e-01 7.173524150268336674e-01 7.262969588550983735e-01 7.352415026833631906e-01 7.459749552772808601e-01 7.602862254025044564e-01
3.351351351351351537e-01 5.135135135135134865e-01 5.783783783783783550e-01 5.945945945945946276e-01 6.054054054054054390e-01 6.054054054054054390e-01 6.054054054054054390e-01 6.108108108108107892e-01 6.162162162162162504e-01 6.162162162162162504e-01
4.104234527687296574e-01 6.514657980456025621e-01 7.312703583061889168e-01 7.605863192182410470e-01 7.801302931596091339e-01 7.899022801302931773e-01 8.013029315960912280e-01 8.127035830618892787e-01 8.192182410423453076e-01 8.338762214983713728e-01
3.347639484978540692e-01 4.935622317596566333e-01 5.879828326180257525e-01 6.051502145922746934e-01 6.266094420600858417e-01 6.394849785407725751e-01 6.566523605150214049e-01 6.566523605150214049e-01 6.652360515021459308e-01 6.695278969957081383e-01
2.258064516129032195e-01 2.580645161290322509e-01 3.118279569892473124e-01 3.225806451612903136e-01 3.225806451612903136e-01 3.225806451612903136e-01 3.225806451612903136e-01 3.440860215053763715e-01 3.655913978494623739e-01 3.763440860215053752e-01
3.125000000000000000e-01 3.854166666666666852e-01 3.958333333333333148e-01 4.166666666666666852e-01 4.166666666666666852e-01 4.479166666666666852e-01 4.479166666666666852e-01 4.479166666666666852e-01 4.583333333333333148e-01 4.895833333333333148e-01
3.599999999999999867e-01 4.600000000000000200e-01 5.000000000000000000e-01 5.000000000000000000e-01 5.000000000000000000e-01 5.000000000000000000e-01 5.000000000000000000e-01 5.000000000000000000e-01 5.200000000000000178e-01 5.200000000000000178e-01
4.781609195402298784e-01 6.896551724137931494e-01 7.379310344827586521e-01 7.586206896551723755e-01 7.655172413793103203e-01 7.678160919540230056e-01 7.839080459770114695e-01 7.862068965517241548e-01 7.931034482758620996e-01 8.022988505747126187e-01
5.062240663900414717e-01 6.846473029045643255e-01 7.136929460580913043e-01 7.219917012448132665e-01 7.302904564315352287e-01 7.344398340248963208e-01 7.385892116182573020e-01 7.385892116182573020e-01 7.510373443983402453e-01 7.551867219917012264e-01
5.000000000000000000e-01 7.547169811320755262e-01 7.641509433962264675e-01 7.641509433962264675e-01 7.735849056603774088e-01 7.830188679245283501e-01 7.830188679245283501e-01 7.830188679245283501e-01 7.830188679245283501e-01 7.830188679245283501e-01
2.586206896551724310e-01 5.000000000000000000e-01 5.000000000000000000e-01 5.344827586206896131e-01 5.344827586206896131e-01 5.517241379310344751e-01 5.517241379310344751e-01 5.517241379310344751e-01 5.862068965517240882e-01 6.034482758620689502e-01
2.500000000000000000e-01 3.461538461538461453e-01 3.653846153846153633e-01 4.230769230769230727e-01 4.230769230769230727e-01 4.230769230769230727e-01 4.230769230769230727e-01 4.230769230769230727e-01 4.230769230769230727e-01 4.423076923076922906e-01
6.222707423580785546e-01 8.733624454148471994e-01 9.257641921397380402e-01 9.323144104803493537e-01 9.410480349344978457e-01 9.454148471615720917e-01 9.519650655021834051e-01 9.541484716157204726e-01 9.563318777292576511e-01 9.585152838427947186e-01
5.571776155717761414e-01 8.053527980535279962e-01 8.880778588807786145e-01 9.075425790754257926e-01 9.148418491484184845e-01 9.270072992700729708e-01 9.270072992700729708e-01 9.294403892944038681e-01 9.294403892944038681e-01 9.416058394160583545e-01
5.440414507772021180e-01 7.875647668393782608e-01 8.704663212435233000e-01 8.963730569948186178e-01 9.119170984455958751e-01 9.145077720207254179e-01 9.170984455958549608e-01 9.170984455958549608e-01 9.248704663212434784e-01 9.300518134715025642e-01
4.889502762430938954e-01 7.734806629834254377e-01 8.812154696132596943e-01 9.116022099447513849e-01 9.143646408839779527e-01 9.254143646408840018e-01 9.337016574585634832e-01 9.392265193370166187e-01 9.392265193370166187e-01 9.475138121546961001e-01
5.025380710659897998e-01 7.791878172588831974e-01 8.781725888324872775e-01 9.060913705583756306e-01 9.162436548223350519e-01 9.238578680203045623e-01 9.289340101522842730e-01 9.289340101522842730e-01 9.340101522842639836e-01 9.390862944162436943e-01
5.156250000000000000e-01 7.239583333333333703e-01 7.929687500000000000e-01 8.164062500000000000e-01 8.359375000000000000e-01 8.515625000000000000e-01 8.593750000000000000e-01 8.697916666666666297e-01 8.802083333333333703e-01 8.919270833333333703e-01
4.441379310344827358e-01 6.800000000000000488e-01 7.489655172413792750e-01 7.724137931034482651e-01 7.986206896551724110e-01 8.082758620689655116e-01 8.206896551724137678e-01 8.303448275862068684e-01 8.413793103448276023e-01 8.593103448275861700e-01
4.000000000000000222e-01 6.500000000000000222e-01 7.267857142857142572e-01 7.767857142857143016e-01 7.946428571428570953e-01 8.089285714285714413e-01 8.232142857142856762e-01 8.410714285714285809e-01 8.535714285714285365e-01 8.625000000000000444e-01
3.829787234042553168e-01 5.941080196399345370e-01 6.726677577741407843e-01 7.152209492635024368e-01 7.414075286415712229e-01 7.643207855973813691e-01 7.806873977086743466e-01 7.921440261865794197e-01 8.052373158756137572e-01 8.297872340425531679e-01
4.215976331360946627e-01 6.257396449704142327e-01 7.115384615384615641e-01 7.440828402366863603e-01 7.707100591715976279e-01 7.928994082840237212e-01 8.121301775147928836e-01 8.195266272189348777e-01 8.343195266272189770e-01 8.446745562130177909e-01
3.248847926267280917e-01 5.944700460829492883e-01 6.705069124423963522e-01 6.866359447004608541e-01 6.912442396313364101e-01 6.981566820276497998e-01 7.027649769585253559e-01 7.096774193548387455e-01 7.188940092165898577e-01 7.258064516129032473e-01
2.859848484848485084e-01 5.549242424242424310e-01 6.496212121212121549e-01 6.723484848484848619e-01 6.856060606060605522e-01 6.912878787878787845e-01 7.007575757575758013e-01 7.045454545454545858e-01 7.215909090909090606e-01 7.272727272727272929e-01
1.818181818181818232e-01 4.900221729490022438e-01 6.075388026607538849e-01 6.385809312638580648e-01 6.651884700665188221e-01 6.851441241685144456e-01 6.940133037694012907e-01 6.962305986696231130e-01 7.050997782705099581e-01 7.117516629711752030e-01
1.366459627329192628e-01 4.223602484472049889e-01 6.086956521739130821e-01 6.490683229813664079e-01 6.614906832298136363e-01 6.801242236024844789e-01 6.925465838509317074e-01 7.049689440993789358e-01 7.173913043478260532e-01 7.329192546583851442e-01
1.089918256130790186e-01 3.487738419618528485e-01 5.204359673024523403e-01 5.613079019073569098e-01 5.912806539509536385e-01 6.103542234332425265e-01 6.212534059945503673e-01 6.321525885558583191e-01 6.403269754768392552e-01 6.485013623978201913e-01
7.019950124688278947e-01 8.553615960099750781e-01 8.815461346633416406e-01 8.927680798004987706e-01 9.027431421446383553e-01 9.052369077306733347e-01 9.064837905236907689e-01 9.077306733167082031e-01 9.102244389027431826e-01 9.139650872817954852e-01
7.015015015015014788e-01 8.894894894894894710e-01 9.219219219219219053e-01 9.303303303303303018e-01 9.381381381381381779e-01 9.399399399399399613e-01 9.423423423423423761e-01 9.453453453453453115e-01 9.477477477477477263e-01 9.513513513513514042e-01
7.041312272174969911e-01 8.845686512758201836e-01 9.143377885783717796e-01 9.270959902794653207e-01 9.356014580801944591e-01 9.392466585662211376e-01 9.416767922235722565e-01 9.453219927095990460e-01 9.483596597812880002e-01 9.538274605103280734e-01
6.777385159010600457e-01 8.643109540636042532e-01 8.932862190812720371e-01 9.045936395759717197e-01 9.102473498233215610e-01 9.144876325088339142e-01 9.201413427561837555e-01 9.229681978798586206e-01 9.236749116607774202e-01 9.307420494699646385e-01
6.142191142191142372e-01 7.937062937062937529e-01 8.286713286713286442e-01 8.391608391608391671e-01 8.449883449883449638e-01 8.473193473193473269e-01 8.566433566433566682e-01 8.601398601398601018e-01 8.717948717948718063e-01 8.764568764568764214e-01
2.952380952380952439e-01 5.857142857142857428e-01 6.793650793650793940e-01 7.126984126984127199e-01 7.238095238095237915e-01 7.317460317460316999e-01 7.380952380952381375e-01 7.444444444444444642e-01 7.492063492063492092e-01 7.634920634920634441e-01
2.315521628498727613e-01 5.216284987277354235e-01 6.106870229007633766e-01 6.488549618320610390e-01 6.692111959287532219e-01 6.870229007633588125e-01 6.921119592875317750e-01 6.997455470737913297e-01 7.150127226463104391e-01 7.201017811704835125e-01
1.895161290322580627e-01 4.032258064516128782e-01 5.080645161290322509e-01 5.403225806451612545e-01 5.483870967741935054e-01 5.766129032258064946e-01 5.766129032258064946e-01 5.806451612903226200e-01 5.887096774193548709e-01 6.008064516129032473e-01
1.451612903225806550e-01 3.387096774193548154e-01 4.838709677419354982e-01 5.080645161290322509e-01 5.161290322580645018e-01 5.241935483870967527e-01 5.241935483870967527e-01 5.241935483870967527e-01 5.241935483870967527e-01 5.322580645161290036e-01
9.189189189189189699e-02 3.027027027027027195e-01 4.000000000000000222e-01 4.378378378378378621e-01 4.486486486486486736e-01 4.702702702702702964e-01 4.756756756756757021e-01 4.810810810810811078e-01 4.864864864864865135e-01 4.972972972972973249e-01
3.007518796992481036e-02 1.917293233082706660e-01 4.060150375939849399e-01 5.187969924812030342e-01 5.488721804511278446e-01 5.864661654135338020e-01 5.902255639097744311e-01 6.052631578947368363e-01 6.165413533834586124e-01 6.240601503759398705e-01
6.521739130434782428e-02 2.173913043478260809e-01 2.608695652173912971e-01 2.826086956521738913e-01 2.934782608695652439e-01 3.152173913043478382e-01 3.152173913043478382e-01 3.369565217391304324e-01 3.369565217391304324e-01 3.586956521739130266e-01
0.000000000000000000e+00 1.000000000000000056e-01 2.333333333333333370e-01 3.333333333333333148e-01 4.000000000000000222e-01 4.000000000000000222e-01 4.000000000000000222e-01 4.000000000000000222e-01 4.333333333333333481e-01 4.333333333333333481e-01
0.000000000000000000e+00 5.714285714285714107e-02 2.285714285714285643e-01 2.857142857142856984e-01 3.142857142857142794e-01 3.714285714285714413e-01 4.285714285714285476e-01 4.285714285714285476e-01 4.571428571428571286e-01 4.571428571428571286e-01
1.910112359550561745e-01 3.595505617977527990e-01 4.157303370786517016e-01 4.157303370786517016e-01 4.494382022471909988e-01 4.494382022471909988e-01 4.831460674157303514e-01 4.831460674157303514e-01 4.943820224719100986e-01 5.056179775280899014e-01
5.152870991797166011e-01 7.404921700223713321e-01 7.859806114839671398e-01 7.971662938105891216e-01 8.090976882923192059e-01 8.210290827740491792e-01 8.314690529455630585e-01 8.434004474272930318e-01 8.538404175988069111e-01 8.650260999254287819e-01
2.200854700854700807e-01 4.166666666666666852e-01 4.935897435897436125e-01 5.341880341880341776e-01 5.598290598290598385e-01 5.747863247863247427e-01 5.961538461538461453e-01 6.175213675213675479e-01 6.324786324786324521e-01 6.474358974358974672e-01
1.000000000000000056e-01 2.800000000000000266e-01 2.899999999999999800e-01 2.999999999999999889e-01 3.200000000000000067e-01 3.200000000000000067e-01 3.400000000000000244e-01 3.499999999999999778e-01 3.599999999999999867e-01 3.599999999999999867e-01
1.931216931216931110e-01 3.492063492063491870e-01 4.285714285714285476e-01 4.867724867724867455e-01 5.185185185185184897e-01 5.396825396825396526e-01 5.529100529100529071e-01 5.740740740740740700e-01 5.899470899470899976e-01 6.190476190476190688e-01
1.400000000000000133e-01 2.600000000000000089e-01 2.600000000000000089e-01 2.999999999999999889e-01 2.999999999999999889e-01 2.999999999999999889e-01 2.999999999999999889e-01 3.400000000000000244e-01 3.599999999999999867e-01 3.599999999999999867e-01
5.123106060606060774e-01 7.471590909090909394e-01 8.020833333333333703e-01 8.200757575757575690e-01 8.309659090909090606e-01 8.439867424242424310e-01 8.536931818181817677e-01 8.612689393939394478e-01 8.688446969696970168e-01 8.761837121212121549e-01
4.404613466334164618e-01 6.970074812967581579e-01 7.618453865336658470e-01 7.777431421446383553e-01 7.936408977556109745e-01 8.082917705735660485e-01 8.157730673316708758e-01 8.213840399002493298e-01 8.313591022443890255e-01 8.391521197007481003e-01
3.816513761467890120e-01 6.403669724770642002e-01 7.067889908256880238e-01 7.299082568807339078e-01 7.420183486238531856e-01 7.544954128440366503e-01 7.658715596330275543e-01 7.768807339449541605e-01 7.845871559633027514e-01 7.952293577981651707e-01
3.125623130608175537e-01 5.882352941176470784e-01 6.655034895314058119e-01 6.869391824526420720e-01 7.033898305084745894e-01 7.158524426719840017e-01 7.238285144566301010e-01 7.293120638085742735e-01 7.382851445663011214e-01 7.432701894317048641e-01
2.443729903536977499e-01 5.088424437299035041e-01 6.061093247588424937e-01 6.278135048231511250e-01 6.406752411575562522e-01 6.535369774919613794e-01 6.615755627009646256e-01 6.704180064308681297e-01 6.784565916398713759e-01 6.848874598070739950e-01
3.597122302158273222e-01 6.517985611510791477e-01 8.230215827338129841e-01 8.820143884892086561e-01 8.892086330935251581e-01 8.992805755395683054e-01 9.035971223021582732e-01 9.179856115107913883e-01 9.294964028776978582e-01 9.366906474820143602e-01
1.567999999999999949e-01 5.231999999999999984e-01 7.743999999999999773e-01 8.576000000000000290e-01 8.800000000000000044e-01 8.960000000000000187e-01 9.040000000000000258e-01 9.135999999999999677e-01 9.215999999999999748e-01 9.295999999999999819e-01
1.141649048625792834e-01 4.228329809725158706e-01 6.849894291754756726e-01 7.885835095137421202e-01 8.097251585623678194e-01 8.329809725158562328e-01 8.435517970401691379e-01 8.498942917547568365e-01 8.541226215644820430e-01 8.646934460887949481e-01
1.318181818181818066e-01 4.500000000000000111e-01 7.045454545454545858e-01 8.045454545454545636e-01 8.136363636363636020e-01 8.227272727272727515e-01 8.409090909090909394e-01 8.499999999999999778e-01 8.545454545454544970e-01 8.545454545454544970e-01
3.157894736842105365e-02 7.368421052631578261e-02 2.736842105263158076e-01 4.000000000000000222e-01 4.631578947368421018e-01 4.947368421052631415e-01 5.473684210526316152e-01 5.684210526315789380e-01 6.421052631578947345e-01 6.736842105263157743e-01
5.376344086021505458e-02 1.290322580645161255e-01 2.150537634408602183e-01 2.903225806451613100e-01 3.118279569892473124e-01 3.763440860215053752e-01 4.086021505376344343e-01 4.193548387096774355e-01 4.301075268817204367e-01 4.408602150537634379e-01
4.838709677419354704e-02 2.903225806451613100e-01 5.161290322580645018e-01 5.725806451612903691e-01 6.129032258064516236e-01 6.532258064516128782e-01 6.774193548387096309e-01 6.774193548387096309e-01 6.774193548387096309e-01 6.854838709677418818e-01
2.400000000000000050e-02 4.800000000000000100e-02 1.360000000000000098e-01 2.479999999999999982e-01 3.039999999999999925e-01 3.439999999999999725e-01 3.519999999999999796e-01 3.920000000000000151e-01 3.920000000000000151e-01 3.920000000000000151e-01
0.000000000000000000e+00 8.000000000000000167e-02 1.839999999999999969e-01 3.200000000000000067e-01 3.519999999999999796e-01 4.079999999999999738e-01 4.159999999999999809e-01 4.159999999999999809e-01 4.400000000000000022e-01 4.640000000000000235e-01
2.105263157894736795e-02 1.631578947368421129e-01 3.736842105263157854e-01 5.526315789473684736e-01 6.157894736842105532e-01 6.578947368421053099e-01 6.842105263157894912e-01 6.947368421052632081e-01 7.105263157894736725e-01 7.210526315789473895e-01
1.335504885993485380e-01 4.006514657980456140e-01 6.449511400651465332e-01 7.557003257328990253e-01 7.850162866449511556e-01 7.882736156351791701e-01 7.882736156351791701e-01 7.915309446254071846e-01 7.915309446254071846e-01 7.980456026058632135e-01
0.000000000000000000e+00 1.363636363636363535e-01 2.272727272727272652e-01 3.181818181818181768e-01 3.181818181818181768e-01 4.090909090909091161e-01 4.090909090909091161e-01 4.090909090909091161e-01 4.090909090909091161e-01 4.545454545454545303e-01
4.922644163150492053e-02 3.586497890295358704e-01 6.258790436005625679e-01 7.130801687763712593e-01 7.398030942334740123e-01 7.440225035161743827e-01 7.468354430379746667e-01 7.482419127988748642e-01 7.496483825597749506e-01 7.538677918424754321e-01
3.658536585365853439e-02 3.658536585365853577e-01 7.195121951219511924e-01 8.368902439024390461e-01 8.475609756097560732e-01 8.567073170731707155e-01 8.628048780487804770e-01 8.643292682926829729e-01 8.673780487804878536e-01 8.734756097560976151e-01
3.869047619047619180e-02 3.125000000000000000e-01 6.726190476190476719e-01 8.273809523809523281e-01 8.541666666666666297e-01 8.630952380952381375e-01 8.630952380952381375e-01 8.660714285714286031e-01 8.690476190476190688e-01 8.779761904761904656e-01
1.200960768614891833e-03 8.807045636509207645e-03 4.483586869495596178e-02 1.369095276220976820e-01 4.443554843875099913e-01 8.054443554843875308e-01 8.442754203362690113e-01 8.522818254603683474e-01 8.598879103282626168e-01 8.646917534027221963e-01
3.415300546448087320e-03 2.868852459016393505e-02 8.538251366120218344e-02 4.153005464480874487e-01 7.650273224043715459e-01 8.217213114754098324e-01 8.353825136612021973e-01 8.428961748633879703e-01 8.463114754098360892e-01 8.545081967213115082e-01
4.115226337448560021e-03 1.234567901234567833e-02 6.721536351165981193e-02 1.865569272976680404e-01 3.539094650205761305e-01 6.844993141289437144e-01 8.052126200274348777e-01 8.120713305898491496e-01 8.148148148148147696e-01 8.189300411522634215e-01
0.000000000000000000e+00 0.000000000000000000e+00 0.000000000000000000e+00 0.000000000000000000e+00 6.514657980456026350e-03 2.280130293159609092e-02 2.149837133550488721e-01 5.244299674267101086e-01 5.602605863192182678e-01 5.667752442996742968e-01
8.791208791208791201e-03 6.153846153846154188e-02 2.725274725274725030e-01 4.175824175824175977e-01 4.637362637362637541e-01 4.879120879120878995e-01 5.010989010989010950e-01 5.142857142857142350e-01 5.208791208791209160e-01 5.274725274725274859e-01
4.812332439678284057e-01 7.359249329758713598e-01 8.337801608579088475e-01 8.579088471849866115e-01 8.833780160857909181e-01 8.914209115281501727e-01 8.954423592493298001e-01 9.034852546916890548e-01 9.155495978552279368e-01 9.262734584450401654e-01
3.386138613861386371e-01 6.138613861386138515e-01 7.247524752475247301e-01 7.683168316831683331e-01 7.940594059405940985e-01 8.198019801980197530e-01 8.257425742574256988e-01 8.316831683168316447e-01 8.534653465346534462e-01 8.712871287128712838e-01
7.352941176470588480e-02 2.058823529411764608e-01 2.941176470588235392e-01 3.088235294117647189e-01 3.235294117647058987e-01 3.382352941176470784e-01 3.676470588235294379e-01 3.676470588235294379e-01 3.970588235294117418e-01 4.411764705882352811e-01
3.632286995515695005e-01 6.121076233183856408e-01 7.130044843049326841e-01 7.645739910313901211e-01 7.825112107623318769e-01 8.071748878923766801e-01 8.161434977578475580e-01 8.228699551569507165e-01 8.408071748878923612e-01 8.542600896860986781e-01
3.520249221183800459e-01 5.576323987538940319e-01 6.978193146417445147e-01 7.414330218068535538e-01 7.663551401869158619e-01 7.850467289719625930e-01 7.943925233644859585e-01 7.975077881619937470e-01 8.130841121495326895e-01 8.224299065420560551e-01
4.286330314790858242e-01 6.860715825786977140e-01 7.697283311772316061e-01 7.986200948684777368e-01 8.158689090125054166e-01 8.357050452781371597e-01 8.473479948253557215e-01 8.624407072013798858e-01 8.702026735661922974e-01 8.801207416990082244e-01
2.947154471544715659e-01 5.467479674796748013e-01 6.575203252032519874e-01 6.991869918699187281e-01 7.144308943089431319e-01 7.317073170731707155e-01 7.500000000000000000e-01 7.652439024390244038e-01 7.743902439024390461e-01 7.835365853658536883e-01
1.554878048780487798e-01 2.987804878048780366e-01 3.963414634146341653e-01 4.237804878048780366e-01 4.451219512195122019e-01 4.756097560975609539e-01 4.786585365853658347e-01 4.969512195121951192e-01 5.091463414634146423e-01 5.243902439024390461e-01
7.565789473684210453e-02 1.414473684210526272e-01 1.940789473684210453e-01 2.203947368421052544e-01 2.401315789473684181e-01 2.598684210526315819e-01 2.730263157894736725e-01 2.763157894736842368e-01 2.861842105263157632e-01 2.894736842105263275e-01
3.115100316789862767e-01 5.617740232312565807e-01 6.642027455121436441e-01 7.032734952481520807e-01 7.233368532206969626e-01 7.307286166842661412e-01 7.455121436114043876e-01 7.539598732840548934e-01 7.624076029567053991e-01 7.782470960929249726e-01
6.241956241956242435e-01 7.593307593307593306e-01 7.837837837837837718e-01 7.966537966537966531e-01 8.043758043758043597e-01 8.133848133848133877e-01 8.211068211068210942e-01 8.262548262548262690e-01 8.391248391248391503e-01 8.442728442728443250e-01
6.239103362391034135e-01 7.995018679950186558e-01 8.381070983810710029e-01 8.505603985056039429e-01 8.592777085927770786e-01 8.679950186799502143e-01 8.754669987546699339e-01 8.829389788293897645e-01 8.904109589041095951e-01 8.941469489414695104e-01
6.197802197802197988e-01 7.714285714285714635e-01 8.098901098901098994e-01 8.208791208791208494e-01 8.362637362637362903e-01 8.417582417582417653e-01 8.494505494505494303e-01 8.560439560439560003e-01 8.637362637362637763e-01 8.681318681318681563e-01
4.852507374631268577e-01 6.784660766961652101e-01 7.212389380530973559e-01 7.418879056047197329e-01 7.595870206489675480e-01 7.684365781710914556e-01 7.772861356932153631e-01 7.861356932153392707e-01 7.949852507374631783e-01 8.038348082595869748e-01
6.733944954128440186e-01 7.871559633027522818e-01 8.036697247706422464e-01 8.110091743119266505e-01 8.201834862385321001e-01 8.275229357798165042e-01 8.311926605504587062e-01 8.348623853211009083e-01 8.366972477064220648e-01 8.385321100917431103e-01
2.821670428893905281e-03 5.643340857787810388e-02 2.962753950338600228e-01 5.316027088036117121e-01 6.168171557562076579e-01 6.529345372460496622e-01 6.811512415349887384e-01 7.003386004514672303e-01 7.127539503386004505e-01 7.240406320541761254e-01
7.731958762886598224e-03 1.307069219440353536e-01 4.259941089837996908e-01 6.005154639175257492e-01 6.491163475699558427e-01 6.863033873343151736e-01 7.102356406480118123e-01 7.275405007363769938e-01 7.448453608247422864e-01 7.603092783505154273e-01
5.813953488372092943e-02 1.395348837209302306e-01 1.715116279069767435e-01 1.889534883720930258e-01 1.947674418604651292e-01 2.063953488372093081e-01 2.180232558139534871e-01 2.354651162790697694e-01 2.383720930232558211e-01 2.529069767441860517e-01
1.071262226362366086e-02 1.578947368421052544e-01 4.573823940381928077e-01 5.891942244993013666e-01 6.399627387051699534e-01 6.734979040521658078e-01 6.897997205402888188e-01 7.061015370284117187e-01 7.200745225896599822e-01 7.331159757801584131e-01
2.084610668301655270e-02 1.998773758430410774e-01 4.248927038626609254e-01 5.346413243408951743e-01 5.634580012262415671e-01 5.861434702636418859e-01 6.155732679337829749e-01 6.376456161863887084e-01 6.511342734518700270e-01 6.670754138565296865e-01
2.121212121212121271e-01 4.090909090909091161e-01 4.949494949494949725e-01 5.656565656565656353e-01 6.060606060606060774e-01 6.515151515151514916e-01 6.717171717171717127e-01 6.868686868686868507e-01 7.272727272727272929e-01 7.575757575757575690e-01
1.309523809523809590e-01 2.857142857142856984e-01 3.095238095238095344e-01 3.214285714285714524e-01 3.571428571428571508e-01 3.571428571428571508e-01 3.809523809523809312e-01 4.047619047619047672e-01 4.047619047619047672e-01 4.166666666666666852e-01
9.090909090909091161e-02 1.363636363636363535e-01 1.818181818181818232e-01 1.818181818181818232e-01 1.818181818181818232e-01 1.818181818181818232e-01 2.045454545454545581e-01 2.727272727272727071e-01 2.727272727272727071e-01 2.727272727272727071e-01
0.000000000000000000e+00 2.222222222222222307e-02 2.222222222222222307e-02 6.666666666666666574e-02 6.666666666666666574e-02 6.666666666666666574e-02 8.888888888888889228e-02 8.888888888888889228e-02 8.888888888888889228e-02 1.111111111111111049e-01
2.631578947368420907e-02 2.631578947368420907e-02 2.631578947368420907e-02 2.631578947368420907e-02 2.631578947368420907e-02 2.631578947368420907e-02 7.894736842105262720e-02 1.052631578947368363e-01 1.052631578947368363e-01 1.052631578947368363e-01
2.970297029702970160e-02 1.930693069306930743e-01 5.148514851485148647e-01 7.425742574257425677e-01 7.821782178217822068e-01 7.920792079207921166e-01 8.019801980198020264e-01 8.019801980198020264e-01 8.118811881188119361e-01 8.217821782178217349e-01
1.403508771929824588e-02 2.421052631578947401e-01 5.929824561403508332e-01 7.228070175438596756e-01 7.473684210526315708e-01 7.578947368421052877e-01 7.684210526315788936e-01 7.754385964912280382e-01 7.824561403508771829e-01 7.859649122807017552e-01
0.000000000000000000e+00 5.000000000000000278e-02 4.000000000000000222e-01 4.500000000000000111e-01 4.500000000000000111e-01 4.500000000000000111e-01 4.500000000000000111e-01 4.500000000000000111e-01 4.500000000000000111e-01 4.500000000000000111e-01
2.252252252252252146e-02 1.711711711711711714e-01 5.315315315315315425e-01 6.576576576576577127e-01 6.756756756756756577e-01 6.891891891891891442e-01 6.936936936936937137e-01 6.936936936936937137e-01 6.936936936936937137e-01 6.936936936936937137e-01
3.103448275862069061e-01 5.689655172413793371e-01 6.724137931034482873e-01 7.068965517241379004e-01 7.586206896551723755e-01 7.586206896551723755e-01 7.758620689655172376e-01 7.758620689655172376e-01 7.758620689655172376e-01 7.758620689655172376e-01
2.596153846153846367e-01 5.480769230769231282e-01 6.418269230769231282e-01 6.778846153846154188e-01 7.019230769230768718e-01 7.355769230769231282e-01 7.596153846153845812e-01 7.812500000000000000e-01 8.125000000000000000e-01 8.245192307692307265e-01
2.396088019559902138e-01 5.085574572127139481e-01 5.892420537897310462e-01 6.479217603911980872e-01 6.797066014669926881e-01 7.212713936430318329e-01 7.481662591687041619e-01 7.603911980440097862e-01 7.823960880195599543e-01 8.068459657701712029e-01
4.255319148936170109e-02 2.000000000000000111e-01 3.872340425531914931e-01 5.063829787234042090e-01 5.531914893617021489e-01 5.999999999999999778e-01 6.170212765957446832e-01 6.255319148936170359e-01 6.425531914893617413e-01 6.680851063829786884e-01
6.140350877192982115e-02 2.719298245614035214e-01 4.736842105263157632e-01 6.228070175438596978e-01 6.315789473684210176e-01 6.491228070175438791e-01 6.666666666666666297e-01 6.754385964912280604e-01 6.842105263157894912e-01 6.842105263157894912e-01
8.163265306122448328e-02 3.214285714285714524e-01 5.357142857142856984e-01 6.275510204081632404e-01 6.479591836734693855e-01 6.734693877551020114e-01 6.989795918367347483e-01 7.193877551020407823e-01 7.448979591836735192e-01 7.653061224489795533e-01
7.188365650969529286e-01 8.933518005540166396e-01 9.168975069252077725e-01 9.279778393351800769e-01 9.307479224376731253e-01 9.432132963988919538e-01 9.445983379501384780e-01 9.487534626038781616e-01 9.542936288088642582e-01 9.584487534626038308e-01
5.485327313769752244e-01 8.216704288939051803e-01 8.826185101580135139e-01 8.939051918735891888e-01 9.006772009029345716e-01 9.119638826185101355e-01 9.209932279909706088e-01 9.300225733634311931e-01 9.300225733634311931e-01 9.367945823927765758e-01
3.013698630136986134e-01 6.986301369863013866e-01 7.876712328767123683e-01 8.013698630136986134e-01 8.116438356164383805e-01 8.253424657534246256e-01 8.287671232876712146e-01 8.287671232876712146e-01 8.321917808219178037e-01 8.424657534246575707e-01
2.488687782805429904e-01 6.515837104072398356e-01 8.009049773755656521e-01 8.144796380090497667e-01 8.190045248868778049e-01 8.280542986425338814e-01 8.280542986425338814e-01 8.280542986425338814e-01 8.280542986425338814e-01 8.280542986425338814e-01
3.076923076923077094e-01 7.211538461538461453e-01 8.557692307692307265e-01 8.557692307692307265e-01 8.653846153846154188e-01 8.846153846153845812e-01 8.846153846153845812e-01 8.846153846153845812e-01 8.846153846153845812e-01 8.846153846153845812e-01
7.242339832869081062e-02 2.061281337047353723e-01 3.342618384401114251e-01 4.206128133704735150e-01 4.623955431754874779e-01 5.125348189415042111e-01 5.348189415041783024e-01 5.598885793871866134e-01 5.821727019498607048e-01 5.877437325905292553e-01
0.000000000000000000e+00 0.000000000000000000e+00 0.000000000000000000e+00 3.906250000000000000e-03 1.171875000000000000e-02 2.734375000000000000e-02 3.515625000000000000e-02 3.906250000000000000e-02 7.031250000000000000e-02 1.289062500000000000e-01
0.000000000000000000e+00 0.000000000000000000e+00 0.000000000000000000e+00 2.923976608187134341e-03 2.923976608187134341e-03 8.771929824561403022e-03 1.169590643274853736e-02 2.046783625730994038e-02 4.385964912280701511e-02 1.257309941520467766e-01
1.063829787234042527e-02 5.851063829787234161e-02 1.781914893617021212e-01 3.271276595744680993e-01 3.617021276595744905e-01 3.909574468085106336e-01 4.175531914893617080e-01 4.281914893617021489e-01 4.441489361702127825e-01 4.547872340425531679e-01
1.219512195121951262e-02 3.455284552845528517e-02 1.077235772357723609e-01 2.825203252032520429e-01 3.475609756097560732e-01 3.922764227642276391e-01 4.268292682926829174e-01 4.491869918699186726e-01 4.674796747967479571e-01 4.817073170731707155e-01
4.491150442477875870e-01 6.305309734513274700e-01 6.858407079646017257e-01 7.146017699115043698e-01 7.256637168141593097e-01 7.433628318584071248e-01 7.654867256637167827e-01 7.743362831858406903e-01 7.898230088495574730e-01 8.030973451327433343e-01
5.263157894736841813e-01 7.192982456140351033e-01 7.719298245614034659e-01 7.865497076023392209e-01 7.923976608187134341e-01 7.982456140350877583e-01 8.011695906432748648e-01 8.040935672514619714e-01 8.157894736842105088e-01 8.245614035087719396e-01
5.360824742268041065e-01 7.216494845360824639e-01 7.912371134020618202e-01 8.144329896907216426e-01 8.273195876288659267e-01 8.376288659793814650e-01 8.402061855670103219e-01 8.479381443298968923e-01 8.505154639175257492e-01 8.582474226804123196e-01
5.466970387243735852e-01 7.334851936218679258e-01 7.835990888382687869e-01 8.041002277904327755e-01 8.223234624145785432e-01 8.268792710706149851e-01 8.268792710706149851e-01 8.382687927107062009e-01 8.451025056947608638e-01 8.542141230068337476e-01
5.142857142857142350e-01 6.785714285714286031e-01 7.380952380952381375e-01 7.714285714285714635e-01 7.880952380952380709e-01 8.023809523809524169e-01 8.214285714285713969e-01 8.404761904761904878e-01 8.523809523809523503e-01 8.547619047619047228e-01
0.000000000000000000e+00 0.000000000000000000e+00 0.000000000000000000e+00 0.000000000000000000e+00 0.000000000000000000e+00 0.000000000000000000e+00 0.000000000000000000e+00 0.000000000000000000e+00 0.000000000000000000e+00 0.000000000000000000e+00
0.000000000000000000e+00 0.000000000000000000e+00 0.000000000000000000e+00 0.000000000000000000e+00 0.000000000000000000e+00 0.000000000000000000e+00 0.000000000000000000e+00 0.000000000000000000e+00 0.000000000000000000e+00 0.000000000000000000e+00
0.000000000000000000e+00 0.000000000000000000e+00 0.000000000000000000e+00 0.000000000000000000e+00 0.000000000000000000e+00 0.000000000000000000e+00 0.000000000000000000e+00 0.000000000000000000e+00 0.000000000000000000e+00 0.000000000000000000e+00
0.000000000000000000e+00 0.000000000000000000e+00 0.000000000000000000e+00 0.000000000000000000e+00 0.000000000000000000e+00 0.000000000000000000e+00 0.000000000000000000e+00 0.000000000000000000e+00 0.000000000000000000e+00 0.000000000000000000e+00
0.000000000000000000e+00 0.000000000000000000e+00 0.000000000000000000e+00 0.000000000000000000e+00 0.000000000000000000e+00 0.000000000000000000e+00 0.000000000000000000e+00 0.000000000000000000e+00 0.000000000000000000e+00 0.000000000000000000e+00
1.913043478260869623e-01 4.191304347826086962e-01 5.165217391304347538e-01 5.652173913043477826e-01 6.173913043478260754e-01 6.452173913043478537e-01 6.800000000000000488e-01 7.008695652173912993e-01 7.286956521739130777e-01 7.513043478260869046e-01
1.996672212978369276e-01 4.026622296173044679e-01 5.191347753743760229e-01 5.757071547420965496e-01 6.139767054908485955e-01 6.572379367720465604e-01 6.855241264559067682e-01 7.038269550748752490e-01 7.337770382695507632e-01 7.603993344425956646e-01
1.250000000000000000e-01 3.458333333333333259e-01 4.625000000000000222e-01 5.124999999999999556e-01 5.416666666666666297e-01 5.875000000000000222e-01 6.083333333333332815e-01 6.291666666666666519e-01 6.500000000000000222e-01 6.666666666666666297e-01
8.547008547008547175e-02 2.136752136752136655e-01 2.905982905982906206e-01 3.418803418803418870e-01 3.931623931623931534e-01 4.188034188034188143e-01 4.273504273504273310e-01 4.615384615384615641e-01 4.700854700854700807e-01 4.957264957264957417e-01
2.409638554216867457e-01 3.855421686746988152e-01 4.578313253012047945e-01 5.180722891566265087e-01 5.421686746987951500e-01 5.421686746987951500e-01 5.662650602409639022e-01 5.903614457831325435e-01 6.024096385542169196e-01 6.144578313253011848e-01
3.732638888888888951e-01 6.770833333333333703e-01 7.578125000000000000e-01 7.855902777777777901e-01 7.994791666666666297e-01 8.159722222222222099e-01 8.281250000000000000e-01 8.350694444444444198e-01 8.402777777777777901e-01 8.472222222222222099e-01
4.792605951307484236e-01 7.466185752930568631e-01 8.083859332732191705e-01 8.282236248872858475e-01 8.399458972046889293e-01 8.521190261496843776e-01 8.633904418394950930e-01 8.728584310189360096e-01 8.787195671776375505e-01 8.868349864743011457e-01
4.839694656488549573e-01 7.363867684478371256e-01 7.806615776081424762e-01 8.020356234096691628e-01 8.152671755725190428e-01 8.284987277353689228e-01 8.391857506361323216e-01 8.442748091603053950e-01 8.554707379134860457e-01 8.625954198473282375e-01
2.477272727272727404e-01 5.534090909090909616e-01 6.840909090909090828e-01 7.102272727272727071e-01 7.249999999999999778e-01 7.409090909090909616e-01 7.511363636363636020e-01 7.624999999999999556e-01 7.704545454545455030e-01 7.761363636363636243e-01
5.192982456140350644e-02 2.610526315789473695e-01 5.550877192982456299e-01 7.052631578947368141e-01 7.375438596491228349e-01 7.564912280701754366e-01 7.698245614035087447e-01 7.782456140350877405e-01 7.894736842105263275e-01 7.971929824561403422e-01
4.204252577319587680e-01 6.507731958762886793e-01 7.210051546391752497e-01 7.622422680412370699e-01 7.860824742268041065e-01 8.089561855670103219e-01 8.269974226804123196e-01 8.482603092783504994e-01 8.627577319587629301e-01 8.743556701030927858e-01
2.982131854590264752e-01 4.941466420209488786e-01 5.847196549599507076e-01 6.272335181762168643e-01 6.580406654343807782e-01 6.796056685150955179e-01 7.030191004313001146e-01 7.258163894023413887e-01 7.461491065927294830e-01 7.597042513863215829e-01
2.077669902912621380e-01 3.708737864077669699e-01 4.368932038834951181e-01 4.776699029126213469e-01 5.067961165048543437e-01 5.281553398058252968e-01 5.359223300970873405e-01 5.514563106796116498e-01 5.805825242718446466e-01 5.961165048543689560e-01
3.548072230356271173e-01 6.007808687164470918e-01 6.944851146900927752e-01 7.354807223035627617e-01 7.545143972669594579e-01 7.706198145436798930e-01 7.857491459248413523e-01 7.999023914104441690e-01 8.116154221571498795e-01 8.247925817471937204e-01
2.276897414512093487e-01 4.370308590492076872e-01 5.579649708090075322e-01 6.163469557964971202e-01 6.472060050041701373e-01 6.672226855713093707e-01 6.830692243536280461e-01 7.039199332777313911e-01 7.114261884904087285e-01 7.281067556296914045e-01
4.263093788063337594e-03 3.471376370280146451e-02 3.063337393422655430e-01 5.408038976857491020e-01 6.516443361753958552e-01 6.869671132764920696e-01 6.991473812423872891e-01 7.101096224116930644e-01 7.204628501827040621e-01 7.344701583434835035e-01
3.172588832487309614e-03 1.332487309644670055e-02 1.472081218274111647e-01 4.593908629441624258e-01 6.104060913705583458e-01 6.611675126903553412e-01 6.795685279187817507e-01 6.903553299492385387e-01 7.036802030456852375e-01 7.138324873096446588e-01
8.403361344537815629e-04 3.361344537815126252e-03 5.042016806722689204e-02 2.915966386554622036e-01 4.831932773109243739e-01 5.840336134453781858e-01 5.991596638655461993e-01 6.075630252100839845e-01 6.268907563025210017e-01 6.436974789915966833e-01
1.342975206611570216e-01 4.249311294765840130e-01 5.654269972451790860e-01 6.033057851239669311e-01 6.232782369146006030e-01 6.349862258953168359e-01 6.501377410468319740e-01 6.604683195592286893e-01 6.728650137741046811e-01 6.845730027548209140e-01
1.075268817204301161e-02 1.373954599761051387e-01 3.751493428912783812e-01 5.053763440860215006e-01 5.495818399044205549e-01 5.639187574671445935e-01 5.842293906810035464e-01 5.925925925925925597e-01 6.105137395459976357e-01 6.272401433691756623e-01
4.865771812080537106e-01 8.355704697986576779e-01 9.026845637583892357e-01 9.228187919463086697e-01 9.261744966442952975e-01 9.328859060402684422e-01 9.362416107382550701e-01 9.362416107382550701e-01 9.362416107382550701e-01 9.362416107382550701e-01
4.751131221719456788e-01 7.737556561085973117e-01 8.597285067873303710e-01 8.778280542986425239e-01 8.914027149321267496e-01 9.049773755656108642e-01 9.049773755656108642e-01 9.095022624434389025e-01 9.095022624434389025e-01 9.095022624434389025e-01
1.153846153846153910e-01 3.205128205128205399e-01 5.641025641025640969e-01 6.025641025641025328e-01 6.025641025641025328e-01 6.153846153846154188e-01 6.282051282051281937e-01 6.538461538461538547e-01 6.666666666666666297e-01 6.666666666666666297e-01
1.007751937984496110e-01 4.689922480620155043e-01 7.751937984496124479e-01 8.100775193798449569e-01 8.294573643410853014e-01 8.410852713178295081e-01 8.410852713178295081e-01 8.604651162790697416e-01 8.720930232558139483e-01 8.837209302325581550e-01
0.000000000000000000e+00 2.200000000000000011e-01 4.799999999999999822e-01 6.800000000000000488e-01 6.800000000000000488e-01 7.199999999999999734e-01 7.199999999999999734e-01 7.399999999999999911e-01 7.399999999999999911e-01 7.399999999999999911e-01
3.949169110459432863e-01 7.008797653958944718e-01 7.956989247311827551e-01 8.181818181818182323e-01 8.347996089931574160e-01 8.533724340175953271e-01 8.739002932551319658e-01 8.856304985337243307e-01 8.934506353861192407e-01 9.042033235581622419e-01
3.078149920255183192e-01 6.299840510366826463e-01 7.384370015948963362e-01 7.814992025518341379e-01 8.070175438596490780e-01 8.197767145135566036e-01 8.309409888357256468e-01 8.500797448165868797e-01 8.612440191387560340e-01 8.740031897926634485e-01
1.495327102803738206e-01 5.046728971962616273e-01 7.009345794392523032e-01 7.476635514018691309e-01 7.570093457943924964e-01 7.757009345794392274e-01 7.975077881619937470e-01 8.099688473520249010e-01 8.317757009345794206e-01 8.411214953271027861e-01
1.626984126984127033e-01 4.523809523809523836e-01 6.150793650793651146e-01 6.507936507936508130e-01 6.785714285714286031e-01 6.865079365079365115e-01 7.222222222222222099e-01 7.261904761904761640e-01 7.380952380952381375e-01 7.579365079365079083e-01
1.079999999999999988e-01 3.079999999999999960e-01 4.680000000000000271e-01 5.320000000000000284e-01 5.520000000000000462e-01 5.719999999999999529e-01 6.159999999999999920e-01 6.440000000000000169e-01 6.680000000000000382e-01 6.800000000000000488e-01
4.338575393154486814e-01 7.095282146160961645e-01 8.057354301572617894e-01 8.408880666049953767e-01 8.519888991674375855e-01 8.667900092506938270e-01 8.806660499537465325e-01 8.945420906567992381e-01 9.010175763182238784e-01 9.065679925994449828e-01
4.367816091954023205e-01 6.973180076628352486e-01 7.825670498084291715e-01 8.180076628352490609e-01 8.390804597701149170e-01 8.524904214559386739e-01 8.668582375478927071e-01 8.783524904214559115e-01 8.860153256704981217e-01 8.917624521072796684e-01
4.125452352231604447e-01 6.501809408926417788e-01 7.527141133896260161e-01 7.889022919179734528e-01 8.057901085645355899e-01 8.226779252110977270e-01 8.395657418576598641e-01 8.516284680337756763e-01 8.600723763570566893e-01 8.685162846803377024e-01
4.038461538461538547e-01 6.330128205128204844e-01 7.355769230769231282e-01 7.756410256410256610e-01 7.884615384615384359e-01 8.044871794871795156e-01 8.173076923076922906e-01 8.317307692307692735e-01 8.429487179487179516e-01 8.557692307692307265e-01
3.779069767441860517e-01 6.220930232558139483e-01 6.991279069767442067e-01 7.485465116279069742e-01 7.674418604651163101e-01 7.747093023255814392e-01 7.906976744186046124e-01 7.965116279069767158e-01 8.110465116279069742e-01 8.226744186046511809e-01
1.787564766839378205e-01 4.235751295336787625e-01 5.401554404145078037e-01 5.816062176165802677e-01 6.165803108808289856e-01 6.411917098445595320e-01 6.541450777202072464e-01 6.645077720207254179e-01 6.774611398963730213e-01 6.865284974093264214e-01
8.753861997940268203e-02 4.325437693099897229e-01 6.498455200823892719e-01 6.951596292481977413e-01 7.147270854788877470e-01 7.301750772399587808e-01 7.487126673532440435e-01 7.621009268795057023e-01 7.765190525231719931e-01 7.888774459320287979e-01
1.017543859649122778e-01 5.064327485380116789e-01 7.181286549707602829e-01 7.532163742690058950e-01 7.649122807017544323e-01 7.801169590643274310e-01 7.929824561403508998e-01 7.976608187134502925e-01 8.035087719298246167e-01 8.140350877192982226e-01
1.075268817204301092e-01 3.602150537634408733e-01 6.129032258064516236e-01 6.827956989247311315e-01 7.150537634408602461e-01 7.365591397849462485e-01 7.419354838709677491e-01 7.526881720430107503e-01 7.580645161290322509e-01 7.634408602150537515e-01
6.880733944954128822e-02 3.922018348623853012e-01 6.559633027522935311e-01 6.995412844036696942e-01 7.201834862385321223e-01 7.385321100917431325e-01 7.522935779816514179e-01 7.637614678899082854e-01 7.683486238532110102e-01 7.821100917431192956e-01
2.970297029702970160e-02 1.930693069306930743e-01 5.148514851485148647e-01 7.425742574257425677e-01 7.821782178217822068e-01 7.920792079207921166e-01 8.019801980198020264e-01 8.019801980198020264e-01 8.118811881188119361e-01 8.217821782178217349e-01
1.403508771929824588e-02 2.421052631578947401e-01 5.929824561403508332e-01 7.228070175438596756e-01 7.473684210526315708e-01 7.578947368421052877e-01 7.684210526315788936e-01 7.754385964912280382e-01 7.824561403508771829e-01 7.859649122807017552e-01
0.000000000000000000e+00 5.000000000000000278e-02 4.000000000000000222e-01 4.500000000000000111e-01 4.500000000000000111e-01 4.500000000000000111e-01 4.500000000000000111e-01 4.500000000000000111e-01 4.500000000000000111e-01 4.500000000000000111e-01
2.252252252252252146e-02 1.711711711711711714e-01 5.315315315315315425e-01 6.576576576576577127e-01 6.756756756756756577e-01 6.891891891891891442e-01 6.936936936936937137e-01 6.936936936936937137e-01 6.936936936936937137e-01 6.936936936936937137e-01
3.103448275862069061e-01 5.689655172413793371e-01 6.724137931034482873e-01 7.068965517241379004e-01 7.586206896551723755e-01 7.586206896551723755e-01 7.758620689655172376e-01 7.758620689655172376e-01 7.758620689655172376e-01 7.758620689655172376e-01
0.000000000000000000e+00 0.000000000000000000e+00 2.068965517241379282e-02 2.206896551724137900e-01 2.827586206896551824e-01 2.827586206896551824e-01 2.827586206896551824e-01 2.827586206896551824e-01 2.896551724137931272e-01 2.896551724137931272e-01
0.000000000000000000e+00 2.049180327868852305e-02 6.762295081967213684e-02 2.213114754098360615e-01 3.176229508196721230e-01 3.688524590163934636e-01 3.954918032786885473e-01 4.077868852459016202e-01 4.221311475409836311e-01 4.323770491803278770e-01
0.000000000000000000e+00 2.898550724637681195e-03 2.318840579710144956e-02 1.565217391304347949e-01 2.231884057971014468e-01 2.550724637681159312e-01 2.695652173913043459e-01 2.782608695652173947e-01 2.811594202898550776e-01 2.927536231884058093e-01
0.000000000000000000e+00 3.546099290780141758e-03 6.737588652482269513e-02 3.865248226950354637e-01 6.276595744680850686e-01 6.702127659574468321e-01 6.737588652482269236e-01 6.843971631205674200e-01 6.843971631205674200e-01 6.843971631205674200e-01
0.000000000000000000e+00 0.000000000000000000e+00 0.000000000000000000e+00 1.449275362318840597e-02 2.898550724637681195e-02 7.246376811594203160e-02 7.246376811594203160e-02 7.246376811594203160e-02 8.695652173913043237e-02 1.159420289855072478e-01
5.452196382428941002e-01 8.049095607235141614e-01 8.875968992248062239e-01 9.095607235142119107e-01 9.211886304909561174e-01 9.354005167958656664e-01 9.457364341085271464e-01 9.534883720930232842e-01 9.573643410852713531e-01 9.612403100775194220e-01
4.711729622266401796e-01 7.415506958250497327e-01 8.230616302186878341e-01 8.648111332007952790e-01 8.827037773359840411e-01 8.886679920477137395e-01 8.926441351888667608e-01 8.986083499005964592e-01 9.005964214711729143e-01 9.125248508946322001e-01
3.934426229508196649e-01 6.721311475409835756e-01 7.622950819672130729e-01 7.950819672131147486e-01 8.196721311475410054e-01 8.278688524590164244e-01 8.360655737704918433e-01 8.524590163934425702e-01 8.606557377049179891e-01 8.770491803278688270e-01
2.336448598130841103e-01 5.327102803738317238e-01 6.168224299065420135e-01 6.635514018691588412e-01 6.822429906542055722e-01 6.915887850467289377e-01 7.009345794392523032e-01 7.196261682242990343e-01 7.196261682242990343e-01 7.289719626168223998e-01
1.276595744680850963e-01 2.340425531914893664e-01 2.765957446808510745e-01 2.765957446808510745e-01 2.765957446808510745e-01 2.978723404255319007e-01 3.191489361702127825e-01 3.191489361702127825e-01 3.404255319148936088e-01 3.404255319148936088e-01
1.090047393364928924e-01 3.601895734597156395e-01 4.644549763033175571e-01 5.450236966824644202e-01 5.592417061611374418e-01 5.971563981042653513e-01 6.208530805687203502e-01 6.398104265402843049e-01 6.682464454976303481e-01 7.014218009478673244e-01
0.000000000000000000e+00 0.000000000000000000e+00 0.000000000000000000e+00 1.538461538461538547e-01 4.102564102564102422e-01 5.897435897435897578e-01 6.410256410256410797e-01 6.666666666666666297e-01 6.794871794871795156e-01 6.923076923076922906e-01
2.844243792325056308e-01 6.004514672686229737e-01 7.223476297968397519e-01 7.584650112866817562e-01 7.855530474040631761e-01 8.171557562076748882e-01 8.374717832957110364e-01 8.487584650112867113e-01 8.690744920993227485e-01 8.848758465011287155e-01
4.390243902439024126e-02 3.756097560975609762e-01 5.609756097560976151e-01 6.048780487804877870e-01 6.292682926829268331e-01 6.634146341463414975e-01 6.682926829268293067e-01 6.780487804878049252e-01 7.121951219512194786e-01 7.317073170731707155e-01
1.680672268907562952e-02 1.344537815126050362e-01 4.159663865546218697e-01 6.680672268907562605e-01 7.100840336134454089e-01 7.310924369747898721e-01 7.478991596638655537e-01 7.731092436974790205e-01 7.773109243697479132e-01 7.899159663865545911e-01
5.115012106537529801e-01 7.457627118644067910e-01 8.256658595641646059e-01 8.498789346246973242e-01 8.722760290556901275e-01 8.861985472154964016e-01 8.922518159806295257e-01 9.001210653753026758e-01 9.073849878934624469e-01 9.134382566585956820e-01
3.676975945017182390e-01 6.208476517754868418e-01 7.010309278350514983e-01 7.422680412371134295e-01 7.628865979381442841e-01 7.857961053837342336e-01 8.006872852233677396e-01 8.132875143184421507e-01 8.213058419243985941e-01 8.293241695303551486e-01
3.146853146853146876e-01 5.764235764235764448e-01 6.523476523476523514e-01 7.072927072927073233e-01 7.192807192807192385e-01 7.492507492507493039e-01 7.632367632367632604e-01 7.702297702297702386e-01 7.792207792207792583e-01 7.952047952047952561e-01
1.643356643356643221e-01 2.797202797202797409e-01 3.461538461538461453e-01 3.986013986013985932e-01 4.195804195804195835e-01 4.440559440559440629e-01 4.790209790209790097e-01 5.000000000000000000e-01 5.174825174825175012e-01 5.314685314685314577e-01
1.121076233183856546e-01 2.690582959641255600e-01 3.049327354260089606e-01 3.587443946188340615e-01 3.856502242152466398e-01 4.170403587443946014e-01 4.349775784753363017e-01 4.573991031390134410e-01 4.663677130044843189e-01 4.753363228699551413e-01
1.308016877637130926e-01 3.122362869198312407e-01 3.966244725738396482e-01 4.556962025316455556e-01 4.767932489451476852e-01 4.978902953586498148e-01 5.147679324894515185e-01 5.316455696202531112e-01 5.569620253164556667e-01 5.654008438818565185e-01
1.421319796954314818e-01 2.994923857868020400e-01 3.908629441624365541e-01 4.416243654822334941e-01 4.974619289340101447e-01 5.076142131979695105e-01 5.279187817258883531e-01 5.482233502538070846e-01 5.685279187817259272e-01 5.989847715736040801e-01
1.515151515151515194e-01 3.535353535353535359e-01 4.595959595959596133e-01 4.797979797979797789e-01 4.949494949494949725e-01 5.252525252525253041e-01 5.454545454545454142e-01 5.606060606060605522e-01 5.959595959595959114e-01 6.060606060606060774e-01
3.936348408710217961e-01 6.532663316582915103e-01 7.520938023450586263e-01 8.006700167504187116e-01 8.274706867671691723e-01 8.425460636515912372e-01 8.525963149078726877e-01 8.659966499162479181e-01 8.793969849246231485e-01 8.894472361809044880e-01
1.310679611650485410e-01 2.475728155339805836e-01 3.446601941747572950e-01 3.883495145631067902e-01 4.223300970873786198e-01 4.368932038834951181e-01 4.563106796116505048e-01 4.611650485436893376e-01 4.805825242718446688e-01 5.000000000000000000e-01
4.618473895582329569e-01 7.108433734939758608e-01 7.718875502008032408e-01 7.911646586345381094e-01 8.032128514056224855e-01 8.200803212851405233e-01 8.321285140562248994e-01 8.393574297188755029e-01 8.481927710843373269e-01 8.626506024096385339e-01
3.011111111111111072e-01 5.500000000000000444e-01 6.311111111111110672e-01 6.655555555555555669e-01 6.855555555555555847e-01 6.977777777777778301e-01 7.077777777777777279e-01 7.166666666666666741e-01 7.277777777777777457e-01 7.388888888888889284e-01
2.311643835616438436e-01 4.058219178082191902e-01 4.589041095890410982e-01 5.102739726027397671e-01 5.359589041095890183e-01 5.633561643835616195e-01 5.702054794520547976e-01 5.804794520547945647e-01 5.924657534246575707e-01 6.027397260273972268e-01
1.959942775393419268e-01 3.447782546494992939e-01 4.449213161659513749e-01 4.892703862660944258e-01 5.250357653791130064e-01 5.493562231759656633e-01 5.693848354792561128e-01 5.865522174535050537e-01 6.037195994277538835e-01 6.237482117310443330e-01
1.907514450867051903e-01 3.800578034682081108e-01 5.043352601156069204e-01 5.621387283236993770e-01 5.924855491329479307e-01 6.141618497109826436e-01 6.372832369942196262e-01 6.604046242774566089e-01 6.748554913294797508e-01 6.864161849710982422e-01
4.470085470085470303e-01 7.123931623931624157e-01 7.918803418803418426e-01 8.205128205128204844e-01 8.354700854700854995e-01 8.547008547008546619e-01 8.683760683760683996e-01 8.760683760683760646e-01 8.905982905982905429e-01 8.995726495726495964e-01
3.125000000000000000e-01 5.289948453608247503e-01 6.159793814432990011e-01 6.655927835051546060e-01 6.945876288659793563e-01 7.119845360824742508e-01 7.306701030927834628e-01 7.454896907216495006e-01 7.673969072164948946e-01 7.931701030927834628e-01
2.425249169435216012e-01 4.584717607973421982e-01 5.149501661129568530e-01 5.564784053156146548e-01 5.913621262458471639e-01 6.112956810631229310e-01 6.279069767441860517e-01 6.445182724252491724e-01 6.694352159468438535e-01 6.827242524916943278e-01
2.807017543859648967e-01 4.923245614035087758e-01 6.162280701754385692e-01 6.589912280701754055e-01 6.765350877192982670e-01 6.918859649122807154e-01 7.072368421052631637e-01 7.192982456140351033e-01 7.390350877192982670e-01 7.510964912280702066e-01
1.718464351005484503e-01 3.455210237659963601e-01 4.570383912248628944e-01 5.246800731261426209e-01 5.521023765996343480e-01 5.868372943327239133e-01 6.106032906764168322e-01 6.215722120658134786e-01 6.416819012797074784e-01 6.471663619744058016e-01
2.932235592146928416e-01 6.890436985433818773e-01 8.372387587080430960e-01 8.695376820772641180e-01 8.790373654211526278e-01 8.822039265357821680e-01 8.872704243191893436e-01 8.898036732108929314e-01 8.936035465484484241e-01 8.967701076630778534e-01
2.037037037037036924e-01 6.064814814814815103e-01 7.824074074074074403e-01 8.379629629629629095e-01 8.425925925925925597e-01 8.472222222222222099e-01 8.518518518518518601e-01 8.518518518518518601e-01 8.518518518518518601e-01 8.564814814814815103e-01
1.067961165048543631e-01 3.689320388349514590e-01 5.145631067961164984e-01 6.019417475728154887e-01 6.116504854368931543e-01 6.310679611650485965e-01 6.407766990291262621e-01 6.407766990291262621e-01 6.407766990291262621e-01 6.504854368932039277e-01
0.000000000000000000e+00 1.666666666666666574e-01 3.333333333333333148e-01 3.333333333333333148e-01 3.333333333333333148e-01 3.333333333333333148e-01 4.166666666666666852e-01 4.166666666666666852e-01 4.166666666666666852e-01 4.166666666666666852e-01
3.703703703703703498e-02 1.481481481481481399e-01 1.851851851851851749e-01 1.851851851851851749e-01 1.851851851851851749e-01 1.851851851851851749e-01 1.851851851851851749e-01 1.851851851851851749e-01 1.851851851851851749e-01 1.851851851851851749e-01
