2.243186582809224283e-01 5.450733752620544603e-01 6.624737945492662483e-01 7.064989517819706411e-01 7.106918238993710224e-01 7.190775681341718961e-01 7.232704402515722775e-01 7.274633123689727698e-01 7.337526205450733974e-01 7.358490566037735325e-01
1.648351648351648394e-02 4.945054945054944834e-02 9.890109890109889668e-02 1.593406593406593297e-01 1.703296703296703352e-01 1.868131868131868156e-01 2.087912087912087988e-01 2.142857142857142738e-01 2.197802197802197766e-01 2.417582417582417598e-01
1.418439716312056703e-02 4.255319148936170109e-02 8.510638297872340219e-02 9.929078014184397616e-02 9.929078014184397616e-02 1.063829787234042562e-01 1.063829787234042562e-01 1.063829787234042562e-01 1.063829787234042562e-01 1.063829787234042562e-01
1.785714285714285615e-02 4.464285714285714385e-02 5.357142857142856845e-02 5.803571428571428770e-02 5.803571428571428770e-02 6.696428571428571230e-02 6.696428571428571230e-02 6.696428571428571230e-02 6.696428571428571230e-02 6.696428571428571230e-02
1.785714285714285615e-02 5.357142857142856845e-02 7.142857142857142461e-02 1.071428571428571369e-01 1.071428571428571369e-01 1.071428571428571369e-01 1.160714285714285754e-01 1.160714285714285754e-01 1.160714285714285754e-01 1.250000000000000000e-01
4.209486166007905261e-01 6.610671936758892864e-01 7.193675889328062789e-01 7.292490118577075187e-01 7.371541501976284216e-01 7.391304347826086474e-01 7.430830039525692099e-01 7.529644268774703386e-01 7.598814229249012397e-01 7.628458498023715784e-01
4.157458563535911811e-01 6.546961325966851319e-01 7.168508287292817416e-01 7.237569060773481056e-01 7.306629834254143585e-01 7.348066298342541547e-01 7.375690607734806115e-01 7.472375690607734322e-01 7.486187845303867716e-01 7.527624309392265678e-01
1.219512195121951262e-02 5.182926829268292429e-02 1.371951219512195230e-01 2.743902439024390461e-01 4.054878048780488076e-01 4.878048780487804770e-01 5.030487804878048808e-01 5.091463414634146423e-01 5.121951219512195230e-01 5.243902439024390461e-01
1.290322580645161255e-01 3.167155425219941312e-01 3.841642228739002851e-01 4.076246334310850705e-01 4.222873900293255267e-01 4.369501466275659829e-01 4.369501466275659829e-01 4.486803519061583478e-01 4.516129032258064391e-01 4.545454545454545303e-01
1.651090342679127632e-01 3.940809968847351907e-01 5.311526479750778851e-01 6.137071651090342250e-01 6.261682242990653791e-01 6.464174454828660599e-01 6.573208722741432641e-01 6.651090342679127909e-01 6.728971962616822067e-01 6.775700934579439449e-01
5.177304964539006793e-01 7.588652482269503396e-01 8.226950354609928739e-01 8.439716312056737557e-01 8.439716312056737557e-01 8.439716312056737557e-01 8.439716312056737557e-01 8.510638297872340496e-01 8.510638297872340496e-01 8.510638297872340496e-01
4.560000000000000164e-01 6.400000000000000133e-01 7.039999999999999591e-01 7.359999999999999876e-01 7.359999999999999876e-01 7.359999999999999876e-01 7.359999999999999876e-01 7.359999999999999876e-01 7.359999999999999876e-01 7.359999999999999876e-01
3.511450381679389054e-01 6.030534351145038219e-01 6.793893129770992578e-01 7.175572519083969203e-01 7.175572519083969203e-01 7.175572519083969203e-01 7.251908396946564750e-01 7.251908396946564750e-01 7.251908396946564750e-01 7.251908396946564750e-01
3.508771929824561209e-01 6.842105263157894912e-01 7.543859649122807154e-01 7.807017543859648967e-01 7.807017543859648967e-01 7.807017543859648967e-01 7.807017543859648967e-01 7.894736842105263275e-01 7.894736842105263275e-01 7.894736842105263275e-01
3.939393939393939226e-01 6.060606060606060774e-01 6.363636363636363535e-01 6.666666666666666297e-01 6.666666666666666297e-01 6.868686868686868507e-01 6.868686868686868507e-01 6.969696969696970168e-01 6.969696969696970168e-01 6.969696969696970168e-01
5.125284738041002708e-01 6.628701594533029651e-01 6.810933940774487327e-01 6.833712984054669537e-01 6.833712984054669537e-01 6.856492027334851747e-01 6.902050113895216166e-01 6.924829157175398375e-01 6.924829157175398375e-01 6.993166287015945004e-01
6.401944894651540041e-01 8.006482982171798657e-01 8.265802269043760475e-01 8.330632090761750375e-01 8.330632090761750375e-01 8.363047001620745879e-01 8.395461912479740274e-01 8.411669367909238026e-01 8.492706645056725678e-01 8.508914100486223431e-01
6.146496815286623949e-01 8.041401273885350198e-01 8.248407643312102300e-01 8.280254777070064076e-01 8.296178343949044409e-01 8.328025477707006186e-01 8.343949044585987629e-01 8.343949044585987629e-01 8.359872611464967962e-01 8.375796178343949405e-01
6.388101983002832940e-01 8.073654390934844605e-01 8.286118980169971948e-01 8.314447592067988335e-01 8.328611898016997639e-01 8.356940509915014026e-01 8.413597733711047910e-01 8.427762039660056104e-01 8.456090651558073601e-01 8.470254957507081794e-01
5.626016260162601812e-01 7.138211382113821557e-01 7.219512195121950970e-01 7.268292682926829062e-01 7.284552845528455833e-01 7.284552845528455833e-01 7.349593495934959586e-01 7.382113821138210907e-01 7.398373983739837678e-01 7.414634146341463339e-01
3.470422535211267756e-01 5.797183098591549566e-01 6.433802816901408317e-01 6.777464788732394663e-01 6.856338028169014498e-01 6.923943661971830865e-01 6.997183098591549522e-01 7.064788732394365889e-01 7.171830985915492729e-01 7.216901408450704380e-01
2.174295774647887203e-01 4.225352112676056260e-01 5.158450704225352457e-01 5.492957746478873693e-01 5.651408450704225039e-01 5.730633802816901268e-01 5.765845070422535024e-01 5.836267605633802535e-01 5.897887323943662441e-01 5.941901408450703803e-01
2.113402061855670089e-01 3.900343642611683870e-01 4.793814432989690899e-01 5.154639175257731409e-01 5.403780068728522012e-01 5.558419243986254532e-01 5.627147766323024047e-01 5.695876288659793563e-01 5.790378006872852756e-01 5.927835051546391787e-01
5.871559633027523262e-02 1.192660550458715663e-01 1.761467889908256979e-01 2.091743119266055162e-01 2.183486238532110213e-01 2.293577981651376274e-01 2.422018348623853345e-01 2.477064220183486376e-01 2.587155963302752437e-01 2.587155963302752437e-01
4.854368932038834877e-02 1.203883495145631061e-01 1.708737864077669866e-01 1.902912621359223178e-01 2.077669902912621380e-01 2.174757281553398036e-01 2.252427184466019305e-01 2.310679611650485465e-01 2.349514563106796239e-01 2.427184466019417508e-01
1.773413037290065553e-01 4.776544264161685094e-01 6.336464560204952967e-01 6.734984343865642042e-01 6.897238827213207912e-01 7.042413891261030123e-01 7.133504127526331118e-01 7.224594363791631002e-01 7.290065471107315398e-01 7.338457159123256135e-01
1.986327383213064846e-01 4.341055829851879766e-01 5.362704139764526978e-01 5.651348271933156475e-01 5.772882643372578837e-01 5.875427269274591247e-01 5.947588302316748621e-01 5.985567793391568525e-01 6.034941131788833513e-01 6.072920622863653417e-01
1.716697936210131448e-01 3.752345215759849695e-01 4.591932457786116473e-01 4.863977485928705491e-01 4.953095684803001664e-01 5.046904315196998336e-01 5.121951219512195230e-01 5.168855534709193567e-01 5.234521575984990571e-01 5.295497185741088186e-01
7.798165137614679332e-02 1.690694626474442963e-01 2.188728702490170264e-01 2.280471821756225315e-01 2.332896461336828320e-01 2.385321100917431325e-01 2.411533420707732689e-01 2.437745740498034053e-01 2.457404980340760214e-01 2.490170380078637058e-01
2.889447236180904544e-02 6.030150753768843963e-02 7.663316582914572739e-02 8.040201005025125747e-02 8.165829145728643879e-02 8.165829145728643879e-02 8.291457286432160623e-02 8.291457286432160623e-02 8.291457286432160623e-02 8.291457286432160623e-02
1.424619640387275177e-01 4.126325495620101202e-01 5.440295066851082995e-01 5.666205624711848632e-01 5.744582757030889386e-01 5.809128630705394647e-01 5.846011987090825590e-01 5.882895343476256533e-01 5.933609958506224080e-01 5.952051636698939552e-01
2.723311546840958761e-03 4.901960784313725422e-03 1.824618736383442144e-02 3.001089324618736454e-01 6.290849673202614234e-01 7.273965141612200869e-01 7.336601307189541954e-01 7.393790849673202992e-01 7.475490196078431460e-01 7.570806100217865042e-01
3.371544167228590540e-03 1.618341200269723598e-02 8.293998651382332443e-02 2.387053270397842264e-01 3.492919757248820201e-01 3.654753877275792040e-01 3.701955495616992553e-01 3.796358732299393024e-01 3.836817262306136400e-01 3.870532703978422084e-01
3.112033195020746674e-03 4.668049792531120228e-03 7.780082987551867335e-03 9.024896265560165831e-02 4.276452282157676144e-01 7.334024896265559645e-01 7.536307053941908585e-01 7.619294605809128207e-01 7.710062240663900779e-01 7.808609958506224080e-01
1.808318264014466487e-03 2.712477396021699839e-03 8.137432188065099950e-03 1.261301989150090397e-01 4.023508137432187937e-01 5.940325497287523016e-01 6.062386980108499523e-01 6.112115732368896825e-01 6.188969258589511746e-01 6.234177215189873333e-01
1.120000000000000023e-01 2.359999999999999876e-01 2.800000000000000266e-01 2.999999999999999889e-01 3.119999999999999996e-01 3.200000000000000067e-01 3.360000000000000209e-01 3.479999999999999760e-01 3.519999999999999796e-01 3.519999999999999796e-01
2.337349397590361422e-01 4.240963855421686635e-01 5.012048192771084709e-01 5.277108433734939430e-01 5.445783132530120918e-01 5.662650602409639022e-01 5.783132530120481674e-01 5.807228915662651092e-01 5.879518072289157127e-01 5.975903614457831470e-01
1.375000000000000111e-01 3.656249999999999778e-01 4.687500000000000000e-01 4.906249999999999778e-01 4.968750000000000111e-01 5.312500000000000000e-01 5.406250000000000222e-01 5.406250000000000222e-01 5.406250000000000222e-01 5.406250000000000222e-01
9.767441860465116144e-02 2.232558139534883690e-01 2.837209302325581217e-01 2.976744186046511587e-01 2.976744186046511587e-01 3.069767441860465351e-01 3.162790697674418561e-01 3.255813953488372325e-01 3.441860465116279300e-01 3.488372093023255904e-01
1.813471502590673634e-01 2.901554404145077481e-01 3.523316062176165553e-01 3.782383419689119286e-01 3.989637305699481606e-01 4.093264248704663322e-01 4.145077720207253624e-01 4.145077720207253624e-01 4.196891191709844482e-01 4.455958549222797660e-01
5.676625659050966721e-01 7.724077328646749008e-01 8.224956063268892281e-01 8.400702987697715729e-01 8.462214411247803714e-01 8.523725834797890588e-01 8.550087873462214327e-01 8.567662565905096450e-01 8.620386643233743929e-01 8.637961335676626051e-01
5.853227232537577818e-01 7.763041556145003907e-01 8.152077807250220909e-01 8.293545534924845475e-01 8.364279398762157758e-01 8.452696728558797279e-01 8.479221927497789801e-01 8.488063660477453976e-01 8.496905393457118150e-01 8.523430592396109562e-01
5.714285714285713969e-01 7.649186256781193016e-01 8.110307414104882540e-01 8.273056057866184920e-01 8.354430379746835555e-01 8.390596745027124603e-01 8.417721518987342222e-01 8.435804701627486191e-01 8.453887884267631270e-01 8.471971066907775239e-01
5.472081218274111869e-01 7.086294416243654748e-01 7.522842639593908531e-01 7.675126903553299851e-01 7.786802030456853041e-01 7.837563451776650147e-01 7.847715736040609125e-01 7.868020304568528189e-01 7.888324873096447254e-01 7.928934010152284273e-01
4.608819345661450684e-01 6.230440967283072951e-01 6.714082503556187964e-01 6.813655761024182134e-01 6.899004267425320469e-01 6.998577524893314639e-01 7.055476529160740196e-01 7.098150782361308808e-01 7.112375533428164642e-01 7.112375533428164642e-01
6.755883710198431480e-01 8.998615597600368998e-01 9.342408860175357432e-01 9.425473004153207546e-01 9.460083064143978149e-01 9.480849100138439844e-01 9.499307798800185054e-01 9.506229810798338953e-01 9.510844485463775255e-01 9.513151822796492851e-01
6.747099767981438179e-01 8.928074245939675579e-01 9.303944315545243926e-01 9.375870069605568569e-01 9.394431554524361738e-01 9.424593967517401749e-01 9.429234338747100042e-01 9.433874709976798334e-01 9.438515081206496626e-01 9.450116009280742357e-01
5.467248908296943322e-01 8.128093158660844031e-01 8.748180494905385407e-01 8.978165938864628437e-01 9.024745269286753580e-01 9.068413391557496039e-01 9.100436681222707769e-01 9.103347889374090451e-01 9.106259097525473134e-01 9.109170305676855817e-01
2.082018927444795053e-01 4.566246056782334306e-01 5.875394321766561623e-01 6.514195583596213979e-01 6.664037854889589552e-01 6.829652996845425594e-01 6.892744479495268584e-01 6.892744479495268584e-01 6.924290220820189523e-01 6.924290220820189523e-01
1.230551626591230574e-01 3.140028288543140200e-01 4.469589816124469595e-01 5.091937765205092337e-01 5.219236209335219590e-01 5.417256011315417785e-01 5.445544554455445940e-01 5.516265912305515773e-01 5.558698727015558561e-01 5.572842998585573193e-01
1.565495207667731703e-01 3.003194888178913891e-01 3.546325878594249192e-01 3.961661341853034979e-01 4.025559105431310014e-01 4.057507987220447254e-01 4.121405750798722289e-01 4.185303514376996770e-01 4.249201277955271805e-01 4.281150159744409045e-01
1.973094170403587311e-01 4.192825112107623209e-01 4.910313901345291221e-01 5.224215246636770837e-01 5.358744394618834006e-01 5.448430493273542785e-01 5.493273542600897175e-01 5.538116591928251564e-01 5.560538116591928759e-01 5.560538116591928759e-01
2.650231124807396199e-01 5.269645608628659161e-01 6.379044684129430154e-01 6.825885978428350986e-01 6.918335901386748477e-01 7.057010785824344712e-01 7.149460708782742202e-01 7.195685670261940947e-01 7.241910631741139692e-01 7.349768875192603801e-01
2.471374045801526809e-01 5.333969465648854547e-01 6.688931297709923562e-01 7.232824427480916141e-01 7.480916030534351391e-01 7.576335877862595547e-01 7.604961832061069016e-01 7.729007633587786641e-01 7.805343511450382188e-01 7.900763358778626344e-01
6.796116504854368690e-02 2.621359223300970820e-01 3.656957928802588853e-01 4.012944983818770295e-01 4.077669902912621214e-01 4.207119741100323607e-01 4.207119741100323607e-01 4.304207119741100263e-01 4.336569579288026000e-01 4.336569579288026000e-01
2.043232115285640860e-01 4.415851775604734963e-01 5.609881626351003181e-01 6.052496139989707036e-01 6.191456510550694681e-01 6.320123520329387068e-01 6.371590324240864467e-01 6.433350488934637124e-01 6.505404014410705038e-01 6.562017498713329511e-01
2.191697191697191682e-01 4.578754578754578586e-01 5.781440781440781995e-01 6.050061050061049661e-01 6.202686202686202854e-01 6.324786324786324521e-01 6.367521367521367104e-01 6.373626373626373187e-01 6.410256410256410797e-01 6.446886446886447297e-01
2.362739049969154737e-01 4.386181369524984608e-01 5.348550277606415326e-01 5.657001850709438839e-01 5.848241826033312440e-01 5.965453423812461242e-01 6.033312769895126104e-01 6.082665021591610044e-01 6.144355336212214969e-01 6.150524367674274906e-01
1.889893179950698499e-01 4.092029580936729638e-01 5.217748562037798354e-01 5.488907148726376306e-01 5.595727198027937721e-01 5.669679539852094940e-01 5.727198027937551172e-01 5.727198027937551172e-01 5.751848808545604319e-01 5.768282662284305307e-01
0.000000000000000000e+00 2.808988764044943742e-03 5.617977528089887485e-03 8.426966292134831227e-03 1.123595505617977497e-02 1.123595505617977497e-02 1.123595505617977497e-02 1.123595505617977497e-02 1.123595505617977497e-02 1.123595505617977497e-02
1.220865704772474969e-01 3.055863854975952587e-01 3.799482056973733091e-01 3.999260081391046717e-01 4.065852756196818296e-01 4.136145024047354624e-01 4.195338512763596150e-01 4.258231594524602426e-01 4.276729559748427834e-01 4.298927118017017990e-01
2.430243024302430194e-02 2.331233123312331235e-01 3.879387938793879553e-01 4.396939693969397212e-01 4.455445544554455517e-01 4.531953195319531891e-01 4.554455445544554615e-01 4.599459945994599508e-01 4.630963096309630989e-01 4.680468046804680537e-01
5.365249690466363658e-03 1.110193974411886053e-01 3.301692117210069943e-01 4.502682624845233406e-01 4.713165497317375330e-01 4.766817994222039001e-01 4.812216260833677151e-01 4.857614527445315855e-01 4.894758563763929038e-01 4.944283945522079948e-01
1.665278934221482146e-03 2.581182348043297228e-02 1.552872606161531943e-01 4.429641965029142425e-01 4.833472106577851868e-01 4.925062447960033563e-01 4.966694421315570596e-01 5.004163197335553814e-01 5.029142381348875590e-01 5.083263946711074066e-01
3.306878306878306695e-04 1.157407407407407343e-02 7.804232804232803800e-02 4.275793650793650591e-01 5.105820105820105814e-01 5.241402116402116285e-01 5.287698412698412787e-01 5.320767195767195368e-01 5.363756613756613945e-01 5.396825396825396526e-01
4.326123128119800376e-01 6.432612312811980537e-01 6.938435940099834109e-01 7.054908485856905553e-01 7.128119800332778366e-01 7.178036605657237557e-01 7.231281198003327582e-01 7.271214642262895378e-01 7.304492512479201505e-01 7.317803660565723733e-01
2.588555858310626762e-02 8.991825613079018620e-02 1.198910081743869149e-01 1.335149863760217992e-01 1.376021798365122673e-01 1.416893732970027353e-01 1.430517711171662154e-01 1.457765667574931756e-01 1.457765667574931756e-01 1.512261580381471515e-01
3.466666666666666508e-02 1.000000000000000056e-01 1.199999999999999956e-01 1.320000000000000062e-01 1.346666666666666567e-01 1.360000000000000098e-01 1.413333333333333386e-01 1.413333333333333386e-01 1.426666666666666639e-01 1.466666666666666674e-01
4.148783977110157700e-02 1.087267525035765375e-01 1.359084406294706615e-01 1.487839771101573672e-01 1.530758226037196024e-01 1.545064377682403567e-01 1.587982832618025641e-01 1.587982832618025641e-01 1.602288984263233185e-01 1.630901287553647994e-01
2.080659945004582900e-01 3.923006416131988860e-01 4.637946837763519681e-01 4.867094408799266803e-01 4.885426214482126439e-01 4.949587534372135722e-01 5.032080659945004086e-01 5.041246562786434460e-01 5.068744271310724470e-01 5.077910174152153733e-01
4.725943970767356728e-01 8.306942752740560376e-01 8.611449451887941420e-01 8.641900121802679191e-01 8.690621193666260291e-01 8.745432399512789168e-01 8.788063337393422492e-01 8.818514007308160263e-01 8.903775883069428021e-01 8.952496954933008011e-01
3.995485327313769708e-01 7.614747930775018769e-01 8.066215199398043545e-01 8.148984198645597976e-01 8.201655379984951200e-01 8.269375470278405027e-01 8.314522197140706838e-01 8.397291196388262380e-01 8.510158013544018019e-01 8.532731376975168924e-01
3.216432865731462809e-01 6.092184368737475486e-01 6.533066132264528925e-01 6.633266533066132231e-01 6.713426853707414876e-01 6.823647294589177958e-01 6.913827655310621489e-01 6.983967935871743249e-01 7.044088176352705233e-01 7.104208416833667217e-01
2.149292149292149345e-01 5.045045045045044585e-01 5.701415701415701864e-01 5.791505791505791034e-01 5.894465894465894529e-01 5.971685971685971595e-01 6.048906048906048660e-01 6.087516087516087193e-01 6.164736164736164259e-01 6.203346203346202792e-01
2.725000000000000200e-01 4.025000000000000244e-01 4.400000000000000022e-01 4.525000000000000133e-01 4.575000000000000178e-01 4.625000000000000222e-01 4.675000000000000266e-01 4.724999999999999756e-01 4.749999999999999778e-01 4.799999999999999822e-01
4.219745222929936479e-01 6.687898089171974148e-01 7.515923566878981443e-01 7.786624203821655987e-01 7.818471337579617764e-01 7.866242038216560983e-01 7.898089171974522760e-01 7.961783439490446312e-01 8.009554140127388422e-01 8.121019108280255194e-01
2.935064935064934932e-01 4.519480519480519320e-01 5.428571428571428159e-01 5.584415584415584055e-01 5.610389610389610038e-01 5.714285714285713969e-01 5.792207792207791917e-01 5.844155844155843882e-01 5.870129870129869865e-01 5.870129870129869865e-01
1.681415929203539938e-01 2.168141592920354022e-01 2.743362831858406903e-01 3.008849557522124130e-01 3.053097345132743112e-01 3.053097345132743112e-01 3.053097345132743112e-01 3.053097345132743112e-01 3.141592920353982188e-01 3.185840707964601726e-01
1.855203619909502333e-01 2.443438914027149245e-01 2.760180995475113308e-01 3.031674208144796157e-01 3.076923076923077094e-01 3.122171945701357476e-01 3.122171945701357476e-01 3.122171945701357476e-01 3.167420814479637858e-01 3.212669683257918796e-01
2.000000000000000111e-01 2.486486486486486625e-01 2.594594594594594739e-01 2.594594594594594739e-01 2.648648648648648796e-01 2.702702702702702853e-01 2.810810810810810967e-01 2.810810810810810967e-01 2.864864864864865024e-01 2.864864864864865024e-01
5.328798185941042709e-01 7.528344671201814275e-01 8.049886621315193169e-01 8.185941043083899693e-01 8.231292517006802978e-01 8.253968253968253510e-01 8.253968253968253510e-01 8.253968253968253510e-01 8.299319727891156795e-01 8.321995464852607327e-01
4.599406528189911025e-01 6.290801186943619783e-01 6.587537091988130422e-01 6.587537091988130422e-01 6.617210682492581375e-01 6.617210682492581375e-01 6.646884272997032328e-01 6.646884272997032328e-01 6.646884272997032328e-01 6.646884272997032328e-01
4.366812227074235997e-01 6.113537117903929952e-01 6.375545851528384711e-01 6.375545851528384711e-01 6.462882096069868521e-01 6.506550218340610980e-01 6.506550218340610980e-01 6.550218340611353440e-01 6.593886462882095900e-01 6.593886462882095900e-01
2.600896860986546821e-01 4.125560538116592180e-01 4.439461883408071796e-01 4.663677130044843189e-01 4.708520179372197578e-01 4.708520179372197578e-01 4.753363228699551413e-01 4.753363228699551413e-01 4.753363228699551413e-01 4.798206278026905802e-01
2.477064220183486376e-01 4.128440366972477293e-01 4.587155963302752548e-01 4.724770642201834847e-01 4.770642201834862650e-01 4.770642201834862650e-01 4.770642201834862650e-01 4.770642201834862650e-01 4.770642201834862650e-01 4.770642201834862650e-01
6.193693693693693714e-01 8.738738738738738299e-01 9.211711711711711992e-01 9.256756756756756577e-01 9.324324324324324564e-01 9.369369369369369149e-01 9.391891891891891442e-01 9.414414414414414845e-01 9.414414414414414845e-01 9.414414414414414845e-01
5.547263681592039530e-01 8.084577114427861089e-01 8.905472636815920939e-01 9.079601990049751548e-01 9.129353233830845848e-01 9.154228855721393554e-01 9.154228855721393554e-01 9.154228855721393554e-01 9.154228855721393554e-01 9.203980099502487855e-01
5.135135135135134865e-01 7.542997542997542659e-01 8.329238329238328742e-01 8.550368550368550036e-01 8.673218673218673347e-01 8.673218673218673347e-01 8.673218673218673347e-01 8.673218673218673347e-01 8.697788697788697565e-01 8.771498771498771330e-01
4.581151832460733098e-01 7.303664921465968796e-01 8.350785340314136329e-01 8.612565445026177935e-01 8.612565445026177935e-01 8.717277486910994799e-01 8.717277486910994799e-01 8.795811518324607725e-01 8.795811518324607725e-01 8.848167539267015602e-01
4.876237623762376128e-01 7.574257425742574323e-01 8.539603960396039417e-01 8.787128712871287162e-01 8.886138613861386260e-01 8.960396039603960583e-01 8.985148514851485357e-01 8.985148514851485357e-01 9.009900990099010132e-01 9.059405940594059681e-01
5.423280423280423257e-01 7.473544973544973269e-01 8.148148148148147696e-01 8.293650793650794162e-01 8.333333333333333703e-01 8.386243386243386055e-01 8.425925925925925597e-01 8.452380952380952328e-01 8.478835978835979059e-01 8.492063492063491870e-01
4.705882352941176405e-01 7.086834733893557781e-01 7.871148459383753293e-01 7.997198879551821182e-01 8.123249299719887961e-01 8.137254901960784270e-01 8.165266106442576888e-01 8.221288515406162123e-01 8.235294117647058432e-01 8.277310924369747358e-01
4.003267973856209361e-01 6.454248366013072280e-01 7.205882352941176405e-01 7.581699346405228468e-01 7.663398692810458046e-01 7.728758169934640820e-01 7.777777777777777901e-01 7.859477124183006369e-01 7.908496732026143450e-01 7.957516339869280531e-01
4.000000000000000222e-01 6.300000000000000044e-01 7.149999999999999689e-01 7.533333333333332993e-01 7.666666666666667185e-01 7.800000000000000266e-01 7.833333333333333259e-01 7.866666666666666252e-01 7.916666666666666297e-01 8.033333333333333437e-01
4.518072289156626620e-01 6.686746987951807109e-01 7.454819277108434283e-01 7.605421686746988152e-01 7.725903614457830804e-01 7.831325301204818956e-01 7.951807228915662717e-01 7.996987951807228434e-01 8.027108433734939652e-01 8.087349397590360978e-01
2.985553772070626000e-01 5.634028892455859028e-01 6.324237560192615959e-01 6.436597110754413986e-01 6.436597110754413986e-01 6.484751203852326951e-01 6.500802568218299049e-01 6.516853932584270037e-01 6.548956661316212013e-01 6.548956661316212013e-01
2.544303797468354666e-01 5.430379746835443111e-01 6.481012658227848222e-01 6.721518987341772444e-01 6.835443037974683334e-01 6.886075949367088667e-01 6.911392405063291333e-01 6.974683544303798000e-01 6.999999999999999556e-01 6.999999999999999556e-01
1.713859910581222168e-01 4.381520119225037480e-01 5.499254843517138447e-01 5.856929955290610668e-01 6.005961251862891315e-01 6.110283159463487657e-01 6.125186289120715388e-01 6.214605067064083999e-01 6.229508196721311730e-01 6.229508196721311730e-01
1.250000000000000000e-01 4.000000000000000222e-01 5.766666666666666607e-01 6.116666666666666918e-01 6.216666666666667007e-01 6.366666666666667140e-01 6.450000000000000178e-01 6.466666666666666119e-01 6.500000000000000222e-01 6.533333333333333215e-01
9.072978303747535056e-02 3.353057199211045281e-01 4.891518737672583828e-01 5.325443786982249073e-01 5.522682445759369285e-01 5.700197238658777366e-01 5.759368836291913762e-01 5.818540433925049049e-01 5.857988165680473314e-01 5.917159763313609711e-01
6.902705814622912550e-01 8.508923431203223586e-01 8.698906160046055991e-01 8.756476683937823857e-01 8.773747841105353773e-01 8.791018998272884799e-01 8.802533103051237706e-01 8.814047207829591724e-01 8.842832469775474546e-01 8.865860679332181471e-01
7.033542976939203273e-01 8.815513626834381444e-01 9.060097833682739799e-01 9.126484975541578892e-01 9.168413696715583816e-01 9.178895877009084492e-01 9.196366177498253025e-01 9.213836477987421558e-01 9.241788958770090767e-01 9.262753319357093229e-01
7.125915591210324473e-01 8.821067317753749082e-01 9.051273107778164961e-01 9.131496337635158778e-01 9.166376002790372901e-01 9.204743634461108881e-01 9.239623299616324115e-01 9.257063132193931176e-01 9.267527031740495636e-01 9.284966864318102697e-01
6.997266692698165258e-01 8.789535337758688227e-01 8.996485747754783269e-01 9.086294416243654304e-01 9.105818039828191823e-01 9.133151112846544795e-01 9.160484185864896656e-01 9.187817258883248517e-01 9.203436157750878310e-01 9.222959781335415830e-01
5.519516217702034044e-01 7.135788894997251441e-01 7.416162726772952407e-01 7.476635514018691309e-01 7.531610775151181825e-01 7.548103353490929202e-01 7.614073666849917599e-01 7.647058823529411242e-01 7.685541506322155492e-01 7.702034084661901758e-01
2.386706948640483494e-01 5.075528700906344337e-01 5.944108761329305324e-01 6.216012084592145159e-01 6.314199395770392353e-01 6.351963746223564522e-01 6.389728096676736691e-01 6.419939577039275314e-01 6.435045317220543515e-01 6.510574018126887852e-01
1.992551210428305519e-01 4.338919925512104148e-01 5.251396648044692750e-01 5.530726256983240496e-01 5.661080074487895297e-01 5.726256983240223253e-01 5.763500931098696212e-01 5.791433891992551208e-01 5.791433891992551208e-01 5.800744878957169171e-01
1.433526011560693758e-01 3.294797687861271696e-01 3.919075144508670783e-01 4.196531791907514575e-01 4.254335260115607031e-01 4.358381502890173453e-01 4.404624277456647419e-01 4.416184971098265910e-01 4.450867052023121384e-01 4.462427745664739875e-01
1.150306748466257689e-01 2.730061349693251316e-01 3.450920245398773067e-01 3.604294478527607093e-01 3.650306748466257689e-01 3.696319018404907730e-01 3.696319018404907730e-01 3.696319018404907730e-01 3.711656441717791632e-01 3.726993865030674979e-01
8.484848484848485362e-02 2.363636363636363591e-01 3.106060606060606077e-01 3.196969696969697017e-01 3.287878787878787956e-01 3.333333333333333148e-01 3.348484848484848397e-01 3.363636363636363646e-01 3.393939393939394145e-01 3.393939393939394145e-01
4.571428571428571425e-02 2.171428571428571375e-01 4.133333333333333304e-01 4.857142857142857095e-01 4.952380952380952550e-01 5.085714285714285632e-01 5.142857142857142350e-01 5.180952380952380532e-01 5.180952380952380532e-01 5.200000000000000178e-01
1.096605744125326437e-01 2.793733681462141072e-01 3.707571801566579839e-01 3.890339425587467370e-01 3.968668407310704804e-01 4.020887728459530130e-01 4.125326370757180228e-01 4.177545691906004999e-01 4.203655352480417662e-01 4.308093994778067759e-01
4.273504273504273934e-03 4.700854700854700807e-02 9.829059829059828834e-02 1.495726495726495686e-01 1.923076923076923184e-01 2.008547008547008628e-01 2.008547008547008628e-01 2.051282051282051211e-01 2.051282051282051211e-01 2.094017094017094072e-01
1.438848920863309427e-02 5.395683453237409832e-02 1.007194244604316530e-01 1.330935251798561203e-01 1.510791366906474864e-01 1.690647482014388525e-01 1.726618705035971313e-01 1.726618705035971313e-01 1.798561151079136611e-01 1.834532374100719399e-01
1.666666666666666574e-01 2.716049382716049232e-01 3.117283950617283916e-01 3.271604938271605034e-01 3.333333333333333148e-01 3.364197530864197483e-01 3.425925925925926152e-01 3.425925925925926152e-01 3.425925925925926152e-01 3.456790123456789932e-01
5.055514433752775760e-01 7.216876387860843289e-01 7.631384159881569040e-01 7.698001480384900619e-01 7.742413027387120561e-01 7.779422649888970698e-01 7.831236121391561555e-01 7.868245743893412802e-01 7.912657290895632745e-01 7.957068837897853797e-01
1.854838709677419373e-01 3.467741935483871218e-01 3.983870967741935387e-01 4.274193548387096864e-01 4.387096774193548487e-01 4.451612903225806717e-01 4.467741935483870996e-01 4.483870967741935276e-01 4.564516129032258340e-01 4.612903225806451735e-01
1.089385474860335157e-01 2.150837988826815594e-01 2.318435754189944187e-01 2.346368715083798906e-01 2.430167597765363063e-01 2.430167597765363063e-01 2.430167597765363063e-01 2.513966480446927498e-01 2.569832402234636937e-01 2.625698324022346375e-01
1.712707182320442056e-01 3.057090239410681365e-01 3.609576427255985487e-01 3.922651933701657434e-01 4.069981583793738644e-01 4.106813996316758808e-01 4.180478821362799136e-01 4.254143646408840018e-01 4.290976058931860182e-01 4.383057090239410591e-01
9.287925696594427627e-02 1.362229102167182571e-01 1.486068111455108309e-01 1.640866873065015552e-01 1.733746130030959787e-01 1.795665634674922517e-01 1.795665634674922517e-01 1.857585139318885525e-01 1.919504643962848256e-01 1.950464396284829760e-01
5.240920958936624574e-01 7.607405649181105955e-01 8.148587704723474490e-01 8.281509613102302492e-01 8.355091383812009997e-01 8.407310704960835324e-01 8.442914787562306733e-01 8.483266081177308626e-01 8.514122952765250663e-01 8.552100640873486759e-01
4.523514851485148647e-01 7.100866336633663289e-01 7.738242574257425677e-01 7.846534653465346842e-01 7.920792079207921166e-01 7.976485148514851353e-01 8.004331683168316447e-01 8.029084158415841221e-01 8.063118811881188064e-01 8.081683168316832200e-01
3.831308077197998485e-01 6.443888491779842242e-01 7.140814867762688145e-01 7.312365975696926146e-01 7.390993566833452544e-01 7.444603288062902058e-01 7.501786990707648428e-01 7.541100786275911627e-01 7.548248749106504230e-01 7.598284488920657997e-01
2.955555555555555713e-01 5.608888888888888813e-01 6.324444444444444757e-01 6.480000000000000204e-01 6.555555555555555580e-01 6.626666666666666261e-01 6.648888888888888626e-01 6.688888888888888662e-01 6.751111111111111063e-01 6.782222222222221708e-01
2.198830409356725135e-01 4.654970760233917981e-01 5.467836257309941494e-01 5.637426900584795453e-01 5.725146198830409761e-01 5.795321637426900097e-01 5.842105263157895134e-01 5.888888888888889062e-01 5.906432748538011923e-01 5.947368421052631193e-01
3.615591397849462485e-01 6.491935483870967527e-01 8.198924731182796188e-01 8.763440860215053752e-01 8.790322580645161255e-01 8.870967741935483764e-01 8.897849462365591267e-01 8.951612903225806273e-01 8.965053763440860024e-01 8.991935483870967527e-01
1.578947368421052544e-01 5.320056899004267370e-01 7.681365576102417991e-01 8.463726884779516624e-01 8.620199146514936350e-01 8.677098150782360797e-01 8.762446657183499132e-01 8.805120910384067745e-01 8.847795163584637468e-01 8.876244665718350246e-01
1.272727272727272596e-01 4.345454545454545681e-01 7.054545454545454453e-01 8.072727272727272529e-01 8.236363636363636109e-01 8.363636363636363091e-01 8.418181818181817988e-01 8.490909090909091184e-01 8.490909090909091184e-01 8.509090909090909483e-01
1.128608923884514420e-01 4.015748031496063075e-01 6.272965879265092193e-01 7.165354330708660902e-01 7.270341207349081403e-01 7.401574803149606474e-01 7.454068241469816725e-01 7.559055118110236116e-01 7.637795275590550936e-01 7.637795275590550936e-01
3.225806451612903136e-02 8.294930875576037033e-02 2.350230414746543872e-01 3.548387096774193727e-01 3.870967741935483764e-01 4.055299539170507117e-01 4.377880184331797153e-01 4.654377880184331628e-01 4.930875576036866104e-01 5.115207373271889457e-01
3.271028037383177239e-02 1.261682242990654068e-01 2.149532710280373793e-01 2.990654205607476412e-01 3.504672897196261516e-01 3.878504672897196137e-01 4.112149532710280275e-01 4.112149532710280275e-01 4.158878504672897103e-01 4.252336448598130758e-01
5.047318611987381548e-02 2.555205047318612199e-01 4.100946372239747673e-01 4.826498422712933722e-01 5.299684542586751146e-01 5.709779179810725580e-01 5.930599369085173267e-01 6.025236593059937196e-01 6.119873817034700014e-01 6.182965299684543004e-01
1.449275362318840597e-02 3.864734299516908028e-02 9.661835748792270417e-02 1.642512077294686068e-01 2.077294685990338230e-01 2.367149758454106245e-01 2.367149758454106245e-01 2.560386473429951959e-01 2.608695652173912971e-01 2.608695652173912971e-01
0.000000000000000000e+00 5.098039215686274439e-02 1.372549019607843257e-01 2.431372549019607809e-01 2.588235294117647300e-01 2.823529411764705843e-01 2.901960784313725727e-01 2.980392156862745057e-01 3.098039215686274606e-01 3.098039215686274606e-01
2.258064516129032126e-02 1.451612903225806550e-01 3.161290322580644907e-01 4.580645161290322620e-01 4.967741935483870885e-01 5.354838709677419706e-01 5.548387096774193283e-01 5.580645161290322953e-01 5.677419354838709742e-01 5.806451612903226200e-01
8.160442600276625325e-02 2.849239280774550354e-01 4.426002766251728726e-01 5.062240663900414717e-01 5.200553250345781864e-01 5.242047026279391675e-01 5.255878284923928279e-01 5.255878284923928279e-01 5.283540802213001486e-01 5.297372060857538090e-01
1.179941002949852491e-02 1.120943952802359866e-01 2.949852507374631227e-01 3.982300884955752296e-01 4.218289085545722794e-01 4.277286135693215141e-01 4.365781710914454217e-01 4.395280235988200390e-01 4.424778761061947119e-01 4.513274336283185639e-01
4.424778761061946841e-02 2.805309734513274367e-01 4.973451327433628388e-01 5.592920353982301362e-01 5.743362831858407347e-01 5.761061946902654718e-01 5.769911504424778403e-01 5.796460176991150570e-01 5.796460176991150570e-01 5.823008849557521627e-01
3.178206583427922727e-02 2.860385925085130454e-01 5.811577752553915843e-01 6.765039727582292661e-01 6.833144154370034418e-01 6.912599318955732208e-01 6.923950056753689353e-01 6.935300794551645387e-01 6.935300794551645387e-01 6.969353007945516820e-01
3.368794326241134757e-02 2.748226950354609732e-01 5.868794326241134618e-01 7.251773049645390268e-01 7.500000000000000000e-01 7.517730496453900457e-01 7.535460992907800915e-01 7.553191489361702482e-01 7.570921985815602939e-01 7.606382978723403854e-01
1.198083067092651707e-03 8.386581469648561951e-03 4.033546325878593908e-02 1.289936102236421689e-01 4.253194888178913891e-01 7.859424920127795477e-01 8.274760383386581264e-01 8.326677316293930042e-01 8.358626198083066727e-01 8.386581469648561882e-01
3.065917220235053753e-03 2.708226877874297250e-02 7.920286152273887936e-02 3.817066939192642061e-01 7.199795605518650721e-01 7.690342360756259321e-01 7.751660705160960951e-01 7.802759325498211940e-01 7.828308635666837434e-01 7.884517118037812633e-01
6.345177664974618794e-04 1.078680203045685217e-02 6.725888324873095792e-02 2.100253807106599035e-01 4.105329949238578635e-01 6.668781725888325296e-01 7.652284263959391319e-01 7.734771573604061201e-01 7.753807106598984422e-01 7.779187817258883531e-01
1.329787234042553159e-03 1.329787234042553159e-03 1.329787234042553159e-03 2.659574468085106318e-03 6.648936170212766013e-03 1.728723404255319215e-02 1.981382978723404131e-01 3.816489361702127825e-01 4.055851063829787329e-01 4.135638297872340496e-01
2.932551319648093839e-03 4.398826979472141019e-02 2.184750733137829914e-01 3.504398826979472359e-01 3.739002932551319658e-01 3.914956011730205132e-01 3.958944281524926501e-01 3.988269794721407413e-01 4.002932551319647869e-01 4.032258064516128782e-01
5.014084507042253502e-01 7.690140845070422282e-01 8.647887323943661553e-01 8.830985915492958194e-01 9.000000000000000222e-01 9.084507042253521236e-01 9.098591549295774739e-01 9.126760563380281743e-01 9.169014084507042250e-01 9.211267605633802757e-01
3.502935420743639727e-01 6.281800391389432692e-01 7.436399217221134617e-01 7.788649706457925204e-01 7.925636007827788765e-01 7.964774951076321052e-01 8.043052837573385627e-01 8.043052837573385627e-01 8.121330724070450202e-01 8.180039138943248078e-01
1.197916666666666713e-01 2.968750000000000000e-01 3.541666666666666852e-01 3.802083333333333148e-01 3.906250000000000000e-01 4.010416666666666852e-01 4.114583333333333148e-01 4.218750000000000000e-01 4.375000000000000000e-01 4.583333333333333148e-01
3.592814371257485040e-01 5.988023952095807845e-01 6.946107784431138077e-01 7.385229540918163416e-01 7.485029940119760639e-01 7.624750499001996529e-01 7.724550898203592642e-01 7.724550898203592642e-01 7.744510978043912530e-01 7.844311377245508643e-01
3.126436781609195359e-01 5.218390804597701216e-01 6.505747126436781658e-01 6.896551724137931494e-01 7.080459770114942986e-01 7.195402298850575029e-01 7.310344827586207073e-01 7.333333333333332815e-01 7.379310344827586521e-01 7.471264367816091712e-01
4.384410983170947684e-01 6.829052258635961437e-01 7.621789193976971077e-01 7.856510186005314367e-01 7.949512843224092462e-01 8.029229406554473369e-01 8.086802480070859334e-01 8.113374667847652599e-01 8.139946855624445865e-01 8.184233835252435751e-01
2.809083263246425766e-01 5.121951219512195230e-01 6.055508830950377952e-01 6.324642556770395663e-01 6.476030277544154723e-01 6.551724137931034253e-01 6.619007569386038403e-01 6.686291000841042553e-01 6.703111858704794424e-01 6.719932716568545183e-01
1.452420701168614381e-01 2.787979966611018323e-01 3.656093489148580788e-01 3.889816360601001666e-01 3.939899833055091616e-01 4.023372287145242088e-01 4.073455759599332038e-01 4.190317195325542476e-01 4.207011686143572460e-01 4.223706176961602443e-01
6.525573192239858544e-02 1.322751322751322678e-01 1.657848324514991090e-01 1.798941798941798842e-01 1.904761904761904656e-01 1.940035273368606594e-01 1.975308641975308532e-01 1.975308641975308532e-01 1.975308641975308532e-01 1.992945326278659501e-01
2.714657415437987664e-01 5.030355594102341454e-01 5.845620121422376858e-01 6.235906331309627459e-01 6.366001734605377660e-01 6.409366869037294023e-01 6.487424111014744588e-01 6.548135299219427496e-01 6.600173460537727133e-01 6.660884648742411152e-01
6.227106227106227188e-01 7.521367521367521292e-01 7.741147741147741401e-01 7.826617826617826568e-01 7.863247863247863068e-01 7.912087912087911734e-01 7.997557997557998011e-01 8.021978021978022344e-01 8.095238095238095344e-01 8.095238095238095344e-01
6.228172293364376833e-01 7.962747380675203601e-01 8.311990686845168730e-01 8.358556461001164228e-01 8.416763678696158602e-01 8.498253783469150724e-01 8.509895227008148488e-01 8.556461001164143987e-01 8.614668218859138360e-01 8.614668218859138360e-01
6.213592233009708199e-01 7.713052858683926427e-01 8.025889967637540590e-01 8.112189859762675148e-01 8.252427184466019083e-01 8.295577130528586363e-01 8.360302049622437837e-01 8.414239482200647213e-01 8.446601941747572395e-01 8.468176914778856590e-01
5.109589041095889961e-01 6.931506849315068886e-01 7.356164383561644149e-01 7.520547945205479090e-01 7.643835616438355851e-01 7.657534246575342651e-01 7.712328767123287632e-01 7.726027397260274432e-01 7.739726027397260122e-01 7.767123287671232612e-01
6.257142857142856673e-01 7.614285714285714546e-01 7.757142857142856895e-01 7.814285714285714723e-01 7.885714285714285898e-01 7.942857142857142616e-01 7.971428571428571530e-01 8.028571428571428248e-01 8.042857142857142705e-01 8.057142857142857162e-01
3.325415676959619839e-03 5.463182897862232934e-02 2.969121140142517712e-01 5.187648456057006863e-01 5.990498812351543467e-01 6.280285035629453727e-01 6.427553444180522657e-01 6.489311163895487011e-01 6.555819477434678966e-01 6.636579572446555941e-01
7.780659503519821857e-03 1.381993330863282576e-01 4.609114486846980219e-01 6.469062615783623960e-01 6.913671730270470883e-01 7.154501667284178801e-01 7.276769173768061760e-01 7.347165616895146023e-01 7.424972211930344068e-01 7.510188958873657006e-01
4.214559386973180249e-02 1.123882503192848020e-01 1.404853128991060129e-01 1.647509578544061326e-01 1.711366538952745764e-01 1.787994891443167311e-01 1.851851851851851749e-01 1.902937420178799355e-01 1.902937420178799355e-01 1.941251596424010128e-01
1.377529057253551459e-02 1.640120533792509550e-01 4.726646577701248408e-01 6.074042186827378620e-01 6.504520017219113104e-01 6.758501937150236394e-01 6.853207059836418091e-01 6.960826517434351990e-01 7.051226861816616287e-01 7.137322427894963184e-01
2.609603340292275531e-02 2.186847599164926936e-01 4.504175365344467719e-01 5.636743215031315701e-01 5.913361169102296921e-01 6.075156576200417824e-01 6.153444676409185465e-01 6.247390396659707745e-01 6.315240083507306368e-01 6.393528183716075119e-01
2.075471698113207641e-01 3.867924528301887044e-01 4.811320754716981174e-01 5.377358490566037652e-01 5.707547169811321153e-01 5.990566037735849392e-01 6.132075471698112956e-01 6.273584905660377631e-01 6.509433962264150608e-01 6.698113207547169434e-01
1.176470588235294101e-01 2.773109243697479132e-01 3.445378151260504174e-01 3.529411764705882582e-01 3.697478991596638842e-01 3.697478991596638842e-01 3.781512605042016695e-01 3.865546218487395103e-01 3.949579831932772955e-01 4.117647058823529216e-01
6.060606060606060774e-02 1.212121212121212155e-01 1.616161616161616299e-01 1.717171717171717127e-01 1.717171717171717127e-01 1.717171717171717127e-01 1.717171717171717127e-01 1.717171717171717127e-01 1.818181818181818232e-01 1.818181818181818232e-01
2.409638554216867595e-02 4.819277108433735191e-02 6.024096385542168641e-02 6.024096385542168641e-02 6.024096385542168641e-02 6.024096385542168641e-02 7.228915662650602092e-02 7.228915662650602092e-02 7.228915662650602092e-02 7.228915662650602092e-02
1.612903225806451568e-02 4.838709677419354704e-02 6.451612903225806273e-02 9.677419354838709409e-02 9.677419354838709409e-02 9.677419354838709409e-02 9.677419354838709409e-02 9.677419354838709409e-02 9.677419354838709409e-02 9.677419354838709409e-02
1.811248808388941922e-02 1.377502383222116433e-01 4.551954242135367035e-01 6.773117254528121522e-01 7.068636796949475665e-01 7.221163012392755043e-01 7.311725452812202208e-01 7.378455672068636728e-01 7.449952335557673555e-01 7.540514775977120721e-01
1.099572388515577225e-02 1.887599266951741073e-01 4.984728161270616797e-01 6.377519853390347659e-01 6.566890653634697150e-01 6.707391569945021503e-01 6.786805131337813046e-01 6.841783750763591465e-01 6.927306047648136289e-01 6.957849725106902694e-01
2.070393374741200977e-03 9.730848861283643292e-02 4.130434782608695676e-01 5.051759834368529933e-01 5.165631469979296009e-01 5.248447204968944568e-01 5.341614906832298226e-01 5.403726708074534368e-01 5.496894409937888026e-01 5.517598343685300444e-01
8.525149190110827349e-03 1.184995737425404982e-01 4.092071611253196850e-01 4.927536231884058204e-01 5.004262574595055302e-01 5.089514066496163558e-01 5.123614663256607082e-01 5.191815856777494131e-01 5.217391304347825942e-01 5.268542199488490674e-01
3.301820728291316454e-01 6.904761904761904656e-01 8.252801120448178818e-01 8.553921568627450567e-01 8.672969187675070302e-01 8.732492997198879614e-01 8.795518207282913004e-01 8.865546218487394547e-01 8.904061624649859397e-01 8.928571428571429047e-01
2.517006802721088454e-01 5.578231292517006334e-01 6.643990929705215764e-01 7.006802721088435382e-01 7.165532879818594658e-01 7.460317460317460458e-01 7.596371882086168092e-01 7.755102040816326259e-01 7.868480725623582250e-01 7.913832199546485535e-01
2.551020408163265363e-01 5.459183673469387710e-01 6.301020408163264808e-01 6.734693877551020114e-01 7.015306122448979886e-01 7.295918367346938549e-01 7.474489795918367596e-01 7.602040816326530726e-01 7.678571428571429047e-01 7.806122448979592177e-01
5.479452054794520244e-02 2.089041095890410982e-01 4.109589041095890183e-01 5.308219178082191902e-01 5.684931506849315586e-01 6.130136986301369939e-01 6.232876712328767610e-01 6.335616438356164171e-01 6.369863013698630061e-01 6.541095890410958402e-01
5.263157894736841813e-02 2.324561403508771940e-01 4.298245614035087758e-01 5.219298245614034659e-01 5.438596491228070429e-01 5.614035087719297934e-01 5.789473684210526550e-01 5.877192982456140857e-01 5.877192982456140857e-01 5.921052631578946901e-01
8.088235294117647467e-02 3.051470588235294379e-01 5.220588235294117974e-01 5.808823529411765163e-01 6.029411764705882026e-01 6.102941176470588758e-01 6.213235294117647189e-01 6.470588235294117974e-01 6.544117647058823595e-01 6.617647058823529216e-01
7.159533073929961189e-01 8.871595330739299179e-01 9.079118028534370888e-01 9.169909208819714275e-01 9.208819714656290012e-01 9.286640726329442597e-01 9.299610894941634509e-01 9.325551232166018334e-01 9.325551232166018334e-01 9.351491569390402159e-01
5.325732899022801448e-01 7.899022801302931773e-01 8.403908794788274017e-01 8.501628664495114451e-01 8.615635179153094958e-01 8.648208469055375103e-01 8.664495114006515175e-01 8.697068403908795320e-01 8.713355048859935392e-01 8.729641693811075465e-01
2.842942345924453496e-01 6.719681908548708060e-01 7.634194831013916271e-01 7.833001988071570665e-01 7.912524850894632200e-01 7.992047713717693735e-01 8.051689860834989609e-01 8.091451292246520932e-01 8.131212723658051145e-01 8.190854870775348129e-01
2.012847965738757960e-01 6.102783725910064794e-01 7.623126338329764273e-01 7.751605995717344433e-01 7.794432548179871523e-01 7.901498929336188137e-01 7.922912205567451682e-01 7.987152034261242317e-01 8.008565310492505862e-01 8.029978586723768297e-01
1.954887218045112673e-01 6.015037593984962072e-01 7.167919799498746469e-01 7.243107769423559050e-01 7.268170426065162504e-01 7.393483709273183102e-01 7.393483709273183102e-01 7.443609022556391119e-01 7.468671679197994573e-01 7.468671679197994573e-01
5.164992826398852321e-02 1.736011477761836563e-01 2.496413199426111840e-01 3.041606886657101660e-01 3.199426111908177939e-01 3.457675753228120485e-01 3.672883787661406219e-01 3.744619799139167760e-01 3.845050215208034583e-01 3.888091822094691397e-01
0.000000000000000000e+00 0.000000000000000000e+00 0.000000000000000000e+00 1.706484641638225273e-03 6.825938566552901092e-03 1.365187713310580218e-02 2.047781569965870241e-02 2.218430034129692877e-02 4.095563139931740482e-02 6.996587030716723554e-02
0.000000000000000000e+00 0.000000000000000000e+00 1.333333333333333289e-03 1.333333333333333289e-03 1.333333333333333289e-03 1.333333333333333289e-03 4.000000000000000083e-03 9.333333333333334106e-03 2.533333333333333270e-02 9.866666666666666641e-02
0.000000000000000000e+00 2.340093603744149847e-02 9.360374414976599389e-02 1.934477379095163874e-01 2.059282371294851866e-01 2.277691107644305712e-01 2.402496099843993704e-01 2.433697347893915841e-01 2.527301092043681696e-01 2.605304212168486622e-01
5.865102639296187678e-03 1.906158357771261039e-02 7.624633431085044155e-02 2.170087976539589458e-01 2.521994134897360684e-01 2.756598240469207983e-01 2.976539589442815381e-01 3.064516129032258118e-01 3.152492668621700855e-01 3.269794721407624505e-01
4.688888888888889106e-01 6.622222222222222676e-01 7.266666666666666829e-01 7.533333333333332993e-01 7.600000000000000089e-01 7.711111111111110805e-01 7.844444444444444997e-01 7.866666666666666252e-01 7.911111111111110983e-01 7.977777777777778079e-01
5.080091533180778329e-01 6.887871853546910783e-01 7.322654462242562667e-01 7.528604118993135197e-01 7.574370709382151068e-01 7.620137299771166939e-01 7.620137299771166939e-01 7.665903890160182810e-01 7.734553775743706616e-01 7.734553775743706616e-01
5.196506550218340514e-01 7.030567685589519389e-01 7.729257641921397637e-01 7.882096069868995691e-01 8.013100436681223071e-01 8.056768558951965531e-01 8.122270742358078666e-01 8.165938864628821126e-01 8.165938864628821126e-01 8.209606986899563585e-01
5.390946502057613055e-01 7.242798353909465359e-01 7.777777777777777901e-01 7.942386831275720649e-01 8.065843621399176877e-01 8.106995884773662286e-01 8.148148148148147696e-01 8.230452674897119625e-01 8.251028806584361774e-01 8.333333333333333703e-01
4.936170212765957355e-01 6.510638297872340940e-01 7.063829787234042756e-01 7.361702127659573991e-01 7.531914893617021045e-01 7.638297872340426009e-01 7.723404255319148426e-01 7.829787234042553390e-01 7.872340425531915153e-01 7.893617021276595480e-01
2.702702702702702853e-02 7.207207207207207145e-02 9.009009009009008584e-02 1.081081081081081141e-01 1.171171171171171144e-01 1.171171171171171144e-01 1.171171171171171144e-01 1.171171171171171144e-01 1.171171171171171144e-01 1.171171171171171144e-01
1.111111111111111154e-02 1.111111111111111154e-02 1.111111111111111154e-02 1.111111111111111154e-02 1.111111111111111154e-02 1.111111111111111154e-02 1.111111111111111154e-02 1.111111111111111154e-02 1.111111111111111154e-02 1.111111111111111154e-02
0.000000000000000000e+00 0.000000000000000000e+00 0.000000000000000000e+00 0.000000000000000000e+00 0.000000000000000000e+00 0.000000000000000000e+00 0.000000000000000000e+00 0.000000000000000000e+00 0.000000000000000000e+00 0.000000000000000000e+00
1.960784313725490169e-02 2.941176470588235253e-02 2.941176470588235253e-02 4.901960784313725422e-02 4.901960784313725422e-02 4.901960784313725422e-02 4.901960784313725422e-02 4.901960784313725422e-02 4.901960784313725422e-02 4.901960784313725422e-02
1.098901098901098987e-02 2.197802197802197974e-02 3.296703296703296787e-02 4.395604395604395948e-02 4.395604395604395948e-02 4.395604395604395948e-02 4.395604395604395948e-02 4.395604395604395948e-02 4.395604395604395948e-02 4.395604395604395948e-02
2.071563088512241024e-01 4.444444444444444198e-01 5.442561205273069858e-01 5.856873822975517951e-01 6.290018832391713888e-01 6.459510357815442250e-01 6.572504708097928194e-01 6.760828625235404399e-01 6.949152542372881713e-01 7.118644067796610075e-01
2.036727879799666019e-01 4.123539232053422543e-01 5.292153589315525819e-01 5.859766277128547474e-01 6.193656093489148251e-01 6.410684474123539145e-01 6.644407345575960022e-01 6.811352253756260966e-01 6.944908180300500833e-01 7.045075125208680733e-01
1.569148936170212671e-01 3.803191489361701927e-01 4.840425531914893664e-01 5.292553191489361986e-01 5.505319148936169693e-01 5.585106382978722861e-01 5.691489361702127825e-01 5.851063829787234161e-01 5.957446808510638014e-01 6.090425531914893664e-01
1.139705882352941152e-01 2.941176470588235392e-01 3.860294117647058987e-01 4.411764705882352811e-01 4.558823529411764608e-01 4.632352941176470784e-01 4.632352941176470784e-01 4.669117647058823595e-01 4.705882352941176405e-01 4.742647058823529216e-01
2.085308056872037796e-01 3.649289099526066282e-01 4.786729857819905232e-01 5.023696682464454666e-01 5.071090047393365108e-01 5.071090047393365108e-01 5.165876777251184881e-01 5.165876777251184881e-01 5.213270142180095323e-01 5.260663507109004655e-01
3.431022158684775003e-01 6.447462473195139099e-01 7.248034310221587173e-01 7.498213009292351572e-01 7.634024303073624340e-01 7.684060042887776998e-01 7.748391708363115971e-01 7.805575411007862341e-01 7.848463187991422396e-01 7.884203002144388739e-01
4.946236559139784994e-01 7.769985974754558544e-01 8.382421692379616873e-01 8.522674146797568628e-01 8.592800374006545061e-01 8.634876110331930477e-01 8.676951846657317002e-01 8.709677419354838745e-01 8.733052828424497926e-01 8.751753155680224161e-01
4.963768115942028825e-01 7.624223602484472284e-01 8.074534161490682926e-01 8.240165631469978935e-01 8.307453416149068737e-01 8.338509316770186253e-01 8.385093167701863637e-01 8.390269151138716186e-01 8.395445134575569845e-01 8.416149068322981153e-01
2.174273858921161873e-01 5.211618257261411147e-01 6.456431535269709920e-01 6.721991701244813822e-01 6.854771784232365217e-01 6.946058091286306801e-01 6.987551867219916613e-01 7.070539419087137345e-01 7.087136929460581269e-01 7.112033195020747156e-01
5.466666666666666896e-02 2.753333333333333188e-01 5.786666666666666625e-01 7.326666666666666883e-01 7.573333333333333028e-01 7.680000000000000160e-01 7.773333333333333206e-01 7.793333333333333224e-01 7.846666666666666234e-01 7.866666666666666252e-01
4.362279511533243004e-01 6.679104477611940149e-01 7.296472184531885841e-01 7.615332428765264616e-01 7.754409769335142144e-01 7.849389416553596011e-01 7.900271370420623995e-01 8.029172320217096148e-01 8.097014925373133831e-01 8.151289009497965088e-01
2.967304133251079667e-01 4.830351634793337290e-01 5.595311536088833915e-01 5.940777297964219272e-01 6.088834053053671092e-01 6.224552745219000816e-01 6.354102405922270602e-01 6.520666255397902233e-01 6.594694632942628143e-01 6.656384947563233068e-01
1.666666666666666574e-01 2.897435897435897689e-01 3.423076923076923128e-01 3.679487179487179738e-01 3.769230769230769162e-01 3.910256410256410242e-01 4.000000000000000222e-01 4.064102564102564097e-01 4.076923076923076872e-01 4.141025641025641302e-01
3.488593155893536246e-01 5.812737642585551479e-01 6.615969581749049366e-01 6.962927756653992661e-01 7.072243346007605069e-01 7.176806083650190127e-01 7.252851711026615522e-01 7.328897338403042028e-01 7.352661596958175450e-01 7.409695817490494774e-01
2.261724659606656473e-01 4.228441754916792972e-01 5.279878971255673736e-01 5.658093797276853021e-01 5.900151285930408385e-01 6.006051437216338718e-01 6.104387291981845376e-01 6.157337367624811097e-01 6.202723146747352034e-01 6.278366111951588779e-01
1.792114695340501791e-03 3.046594982078853001e-02 2.945041816009558167e-01 5.119474313022700507e-01 6.164874551971326611e-01 6.379928315412186635e-01 6.445639187574671025e-01 6.523297491039427021e-01 6.612903225806451291e-01 6.696535244922341423e-01
2.388059701492537337e-03 1.134328358208955279e-02 1.420895522388059828e-01 4.244776119402984826e-01 5.683582089552239314e-01 6.161194029850746157e-01 6.334328358208954901e-01 6.405970149253731316e-01 6.477611940298507731e-01 6.537313432835820670e-01
7.886435331230283669e-04 4.731861198738170418e-03 4.889589905362776157e-02 2.760252365930599416e-01 4.511041009463722662e-01 5.299684542586751146e-01 5.417981072555204669e-01 5.512618296529968598e-01 5.623028391167191886e-01 5.709779179810725580e-01
1.259016393442622950e-01 4.032786885245901454e-01 5.291803278688524959e-01 5.560655737704918167e-01 5.665573770491802996e-01 5.704918032786885362e-01 5.757377049180327777e-01 5.809836065573770192e-01 5.881967213114753790e-01 5.901639344262294973e-01
8.490566037735848906e-03 1.226415094339622647e-01 3.216981132075471539e-01 4.330188679245283168e-01 4.688679245283018937e-01 4.783018867924528350e-01 4.915094339622641528e-01 4.933962264150943411e-01 5.009433962264151496e-01 5.084905660377359027e-01
4.723183391003460407e-01 7.681660899653979246e-01 8.650519031141868931e-01 8.892733564013840519e-01 8.927335640138408523e-01 8.961937716262975417e-01 8.979238754325259420e-01 8.996539792387543422e-01 8.996539792387543422e-01 8.996539792387543422e-01
4.391534391534391291e-01 7.583774250440916687e-01 8.606701940035272891e-01 8.818342151675484519e-01 8.871252204585537982e-01 8.941798941798941858e-01 8.941798941798941858e-01 8.977072310405643796e-01 8.977072310405643796e-01 8.994708994708994210e-01
1.291512915129151284e-01 4.354243542435424219e-01 6.162361623616235962e-01 6.568265682656826421e-01 6.752767527675276327e-01 6.826568265682656511e-01 6.863468634686347158e-01 6.863468634686347158e-01 6.937269372693727343e-01 6.937269372693727343e-01
9.197651663405087552e-02 4.872798434442269788e-01 7.573385518590998178e-01 7.984344422700586641e-01 8.121330724070450202e-01 8.180039138943248078e-01 8.238747553816047065e-01 8.258317025440312653e-01 8.297455968688844941e-01 8.317025440313111639e-01
4.273504273504273934e-03 1.623931623931623991e-01 4.444444444444444198e-01 6.880341880341880323e-01 7.136752136752136932e-01 7.179487179487179516e-01 7.264957264957264682e-01 7.264957264957264682e-01 7.264957264957264682e-01 7.307692307692307265e-01
4.063926940639269181e-01 7.150684931506848807e-01 8.109589041095890405e-01 8.255707762557077389e-01 8.374429223744291884e-01 8.511415525114155445e-01 8.584474885844748382e-01 8.621004566210045406e-01 8.657534246575342429e-01 8.684931506849314919e-01
2.978986402966625202e-01 6.229913473423980275e-01 7.280593325092706847e-01 7.614338689740419719e-01 7.812113720642769321e-01 7.923362175525340279e-01 7.960444993819529858e-01 8.034610630407911236e-01 8.108776266996291504e-01 8.232385661310259728e-01
1.567732115677321070e-01 4.672754946727549208e-01 6.590563165905631848e-01 7.001522070015220311e-01 7.108066971080669871e-01 7.229832572298325877e-01 7.397260273972602329e-01 7.458143074581430332e-01 7.549467275494672336e-01 7.610350076103500339e-01
1.334622823984526196e-01 4.313346228239845481e-01 5.938104448742747010e-01 6.286266924564797298e-01 6.441005802707930883e-01 6.557059961315280239e-01 6.692456479690521709e-01 6.789168278529981171e-01 6.808510638297872175e-01 6.885880077369439523e-01
9.543568464730289858e-02 3.174273858921161651e-01 4.543568464730290413e-01 4.958506224066390189e-01 5.082987551867219622e-01 5.165975103734440355e-01 5.331950207468879599e-01 5.456431535269709032e-01 5.539419087136929765e-01 5.643153526970954292e-01
4.341085271317829397e-01 7.011197243755383779e-01 7.898363479758828687e-01 8.225667527993109074e-01 8.311800172265289000e-01 8.423772609819121238e-01 8.492678725236865178e-01 8.578811369509043994e-01 8.596037898363479979e-01 8.630490956072351949e-01
4.301270417422867753e-01 6.923774954627949230e-01 7.731397459165154640e-01 8.039927404718693049e-01 8.166969147005445073e-01 8.284936479128857112e-01 8.366606170598911429e-01 8.411978221415608026e-01 8.448275862068965747e-01 8.466424682395644608e-01
4.384537131230925588e-01 6.897253306205493040e-01 7.904374364191251168e-01 8.128179043743641863e-01 8.219735503560529066e-01 8.311291963377416270e-01 8.413021363173956990e-01 8.474059003051882533e-01 8.494404883011190677e-01 8.524923702950152338e-01
4.128035320088300208e-01 6.258278145695364003e-01 7.141280353200882836e-01 7.428256070640176789e-01 7.538631346578366088e-01 7.593818984547461293e-01 7.682119205298013620e-01 7.770419426048564837e-01 7.825607064017660042e-01 7.880794701986755246e-01
3.460591133004926045e-01 5.689655172413793371e-01 6.403940886699507340e-01 6.822660098522167482e-01 6.982758620689655249e-01 7.056650246305419261e-01 7.142857142857143016e-01 7.167487684729063613e-01 7.204433497536946174e-01 7.278325123152709075e-01
1.680981595092024550e-01 3.975460122699386312e-01 5.030674846625766694e-01 5.361963190184049211e-01 5.558282208588957163e-01 5.730061349693251760e-01 5.840490797546011859e-01 5.865030674846625214e-01 5.926380368098159712e-01 5.975460122699386423e-01
8.886509635974304544e-02 4.421841541755888727e-01 6.616702355460385432e-01 7.034261241970021228e-01 7.226980728051392022e-01 7.301927194860813319e-01 7.376873661670235727e-01 7.441113490364025251e-01 7.526766595289079431e-01 7.591006423982868956e-01
1.006355932203389786e-01 4.989406779661016977e-01 7.044491525423728362e-01 7.436440677966101864e-01 7.521186440677966045e-01 7.595338983050847759e-01 7.669491525423728362e-01 7.711864406779661563e-01 7.786016949152542166e-01 7.838983050847457834e-01
7.281553398058251969e-02 3.155339805825242983e-01 5.048543689320388328e-01 5.509708737864077444e-01 5.606796116504854099e-01 5.631067961165048263e-01 5.679611650485436591e-01 5.776699029126213247e-01 5.776699029126213247e-01 5.800970873786407411e-01
5.379310344827586271e-02 3.186206896551724288e-01 5.668965517241378871e-01 6.151724137931035008e-01 6.344827586206897019e-01 6.468965517241379581e-01 6.565517241379310587e-01 6.648275862068965258e-01 6.662068965517241592e-01 6.717241379310344707e-01
1.811248808388941922e-02 1.377502383222116433e-01 4.551954242135367035e-01 6.773117254528121522e-01 7.068636796949475665e-01 7.221163012392755043e-01 7.311725452812202208e-01 7.378455672068636728e-01 7.449952335557673555e-01 7.540514775977120721e-01
1.099572388515577225e-02 1.887599266951741073e-01 4.984728161270616797e-01 6.377519853390347659e-01 6.566890653634697150e-01 6.707391569945021503e-01 6.786805131337813046e-01 6.841783750763591465e-01 6.927306047648136289e-01 6.957849725106902694e-01
2.070393374741200977e-03 9.730848861283643292e-02 4.130434782608695676e-01 5.051759834368529933e-01 5.165631469979296009e-01 5.248447204968944568e-01 5.341614906832298226e-01 5.403726708074534368e-01 5.496894409937888026e-01 5.517598343685300444e-01
8.525149190110827349e-03 1.184995737425404982e-01 4.092071611253196850e-01 4.927536231884058204e-01 5.004262574595055302e-01 5.089514066496163558e-01 5.123614663256607082e-01 5.191815856777494131e-01 5.217391304347825942e-01 5.268542199488490674e-01
3.301820728291316454e-01 6.904761904761904656e-01 8.252801120448178818e-01 8.553921568627450567e-01 8.672969187675070302e-01 8.732492997198879614e-01 8.795518207282913004e-01 8.865546218487394547e-01 8.904061624649859397e-01 8.928571428571429047e-01
2.386634844868735193e-03 1.193317422434367510e-02 3.579952267303102703e-02 1.599045346062052397e-01 2.124105011933174192e-01 2.147971360381861483e-01 2.171837708830549052e-01 2.219570405727923634e-01 2.219570405727923634e-01 2.243436754176610926e-01
0.000000000000000000e+00 1.101928374655647414e-02 5.234159779614325214e-02 1.749311294765840130e-01 2.465564738292010949e-01 2.865013774104683275e-01 3.016528925619834656e-01 3.085399449035812758e-01 3.195592286501377499e-01 3.223140495867768407e-01
0.000000000000000000e+00 1.543209876543209791e-03 1.543209876543209791e-02 1.404320987654321118e-01 2.160493827160493707e-01 2.422839506172839441e-01 2.500000000000000000e-01 2.530864197530864335e-01 2.577160493827160281e-01 2.638888888888888951e-01
1.312335958005249326e-03 6.561679790026246628e-03 7.086614173228346358e-02 3.910761154855643129e-01 5.734908136482940177e-01 6.233595800524934782e-01 6.272965879265092193e-01 6.325459317585301333e-01 6.351706036745407014e-01 6.364829396325459854e-01
0.000000000000000000e+00 0.000000000000000000e+00 0.000000000000000000e+00 5.208333333333333044e-03 8.072916666666667129e-02 1.770833333333333426e-01 2.395833333333333426e-01 2.526041666666666852e-01 2.578125000000000000e-01 2.682291666666666852e-01
5.578947368421052211e-01 8.263157894736842257e-01 9.052631578947368807e-01 9.263157894736842035e-01 9.328947368421052211e-01 9.421052631578947789e-01 9.486842105263157965e-01 9.539473684210526550e-01 9.552631578947368141e-01 9.552631578947368141e-01
4.795321637426900319e-01 7.339181286549707472e-01 8.274853801169590461e-01 8.698830409356724802e-01 8.874269005847953418e-01 8.903508771929824483e-01 8.918128654970760572e-01 8.918128654970760572e-01 8.947368421052631637e-01 9.078947368421053099e-01
4.022222222222222032e-01 6.933333333333333570e-01 8.022222222222221699e-01 8.288888888888888973e-01 8.377777777777777324e-01 8.422222222222222054e-01 8.466666666666666785e-01 8.511111111111111516e-01 8.533333333333333881e-01 8.599999999999999867e-01
2.647058823529411797e-01 6.013071895424836333e-01 7.091503267973856550e-01 7.483660130718954306e-01 7.614379084967319855e-01 7.745098039215686514e-01 7.745098039215686514e-01 7.777777777777777901e-01 7.777777777777777901e-01 7.777777777777777901e-01
1.046511627906976799e-01 3.953488372093023062e-01 5.348837209302325091e-01 5.755813953488372325e-01 5.813953488372093359e-01 5.813953488372093359e-01 5.813953488372093359e-01 5.813953488372093359e-01 5.930232558139535426e-01 5.988372093023255349e-01
1.153846153846153910e-01 3.538461538461538658e-01 4.615384615384615641e-01 5.038461538461538325e-01 5.230769230769231060e-01 5.423076923076922684e-01 5.500000000000000444e-01 5.500000000000000444e-01 5.500000000000000444e-01 5.538461538461538769e-01
0.000000000000000000e+00 5.235602094240838014e-03 5.235602094240838014e-03 1.047120418848167533e-01 3.089005235602094168e-01 4.659685863874345468e-01 4.921465968586387629e-01 5.130890052356020803e-01 5.183246073298429790e-01 5.235602094240837667e-01
2.995495495495495430e-01 6.081081081081081141e-01 7.342342342342342842e-01 7.590090090090090280e-01 7.815315315315315425e-01 8.018018018018018278e-01 8.063063063063062863e-01 8.063063063063062863e-01 8.108108108108108558e-01 8.153153153153153143e-01
5.725190839694656308e-02 3.320610687022900742e-01 4.770992366412213914e-01 5.229007633587786641e-01 5.305343511450382188e-01 5.305343511450382188e-01 5.381679389312976625e-01 5.381679389312976625e-01 5.458015267175572172e-01 5.496183206106870500e-01
3.378378378378378566e-03 1.283783783783783716e-01 3.885135135135134865e-01 6.182432432432432012e-01 6.520270270270269730e-01 6.689189189189189699e-01 6.722972972972972583e-01 6.790540540540540571e-01 6.858108108108108558e-01 6.925675675675675436e-01
5.287214329833230808e-01 7.677578752316244204e-01 8.455836936380481950e-01 8.684373069796170741e-01 8.820259419394688161e-01 8.906732550957381367e-01 8.943792464484249249e-01 8.987029030265596408e-01 8.999382334774552739e-01 9.036442248301420621e-01
3.487437185929648242e-01 5.859296482412060803e-01 6.592964824120602918e-01 6.914572864321607559e-01 7.065326633165829318e-01 7.165829145728642713e-01 7.236180904522613311e-01 7.296482412060301126e-01 7.336683417085426706e-01 7.366834170854271724e-01
3.291866028708134162e-01 6.009569377990430228e-01 6.813397129186602452e-01 7.263157894736842479e-01 7.358851674641148088e-01 7.598086124401913777e-01 7.684210526315788936e-01 7.741626794258372746e-01 7.770334928229665206e-01 7.827751196172249015e-01
1.231060606060606077e-01 2.234848484848484806e-01 2.859848484848485084e-01 3.219696969696969613e-01 3.352272727272727071e-01 3.522727272727272929e-01 3.617424242424242542e-01 3.674242424242424310e-01 3.731060606060606077e-01 3.806818181818181768e-01
1.079295154185022088e-01 2.070484581497797349e-01 2.488986784140969077e-01 2.819383259911894535e-01 2.907488986784140805e-01 3.083700440528634457e-01 3.215859030837004418e-01 3.325991189427312533e-01 3.325991189427312533e-01 3.414096916299559359e-01
1.437908496732026031e-01 3.300653594771241761e-01 4.084967320261437829e-01 4.346405228758170036e-01 4.444444444444444198e-01 4.509803921568627527e-01 4.607843137254901689e-01 4.705882352941176405e-01 4.771241830065359735e-01 4.869281045751633896e-01
1.223776223776223832e-01 3.286713286713286442e-01 4.195804195804195835e-01 4.615384615384615641e-01 4.755244755244755206e-01 4.895104895104895326e-01 4.930069930069930217e-01 4.930069930069930217e-01 4.965034965034965109e-01 5.034965034965035446e-01
1.516245487364620836e-01 3.574007220216606773e-01 4.693140794223826795e-01 4.945848375451263323e-01 5.018050541516245744e-01 5.126353790613717987e-01 5.234657039711191340e-01 5.270758122743682828e-01 5.342960288808664693e-01 5.342960288808664693e-01
3.789004457652302982e-01 6.552748885586924255e-01 7.548291233283803692e-01 7.964338781575036608e-01 8.127786032689450213e-01 8.291233283803863818e-01 8.335809806835067226e-01 8.350668647845468362e-01 8.410104011887072906e-01 8.469539375928677449e-01
1.564885496183206215e-01 3.282442748091602969e-01 4.351145038167938961e-01 4.923664122137404453e-01 5.114503816793892765e-01 5.267175572519083859e-01 5.343511450381679406e-01 5.381679389312976625e-01 5.419847328244274953e-01 5.496183206106870500e-01
4.641449960598896807e-01 7.178881008668243080e-01 7.777777777777777901e-01 7.943262411347518093e-01 8.022064617809299136e-01 8.116627265563435278e-01 8.156028368794325800e-01 8.234830575256106844e-01 8.297872340425531679e-01 8.368794326241134618e-01
3.054989816700611205e-01 5.478615071283096105e-01 6.344195519348269086e-01 6.578411405295315761e-01 6.710794297352342674e-01 6.832993890020366834e-01 6.975560081466395390e-01 7.026476578411405827e-01 7.077393075356415153e-01 7.118126272912423946e-01
2.165413533834586457e-01 3.939849624060150490e-01 4.496240601503759260e-01 4.947368421052631415e-01 5.218045112781954931e-01 5.413533834586465865e-01 5.488721804511278446e-01 5.578947368421052211e-01 5.669172932330827086e-01 5.759398496240601961e-01
1.839237057220708405e-01 3.337874659400544841e-01 4.427792915531335027e-01 4.809264305177111676e-01 5.136239782016348565e-01 5.258855585831062607e-01 5.367847411444142125e-01 5.558583106267029894e-01 5.681198910081743936e-01 5.803814713896457977e-01
1.868131868131868156e-01 3.887362637362637430e-01 4.986263736263736313e-01 5.453296703296702796e-01 5.686813186813186594e-01 5.865384615384615641e-01 6.043956043956043578e-01 6.208791208791208938e-01 6.263736263736263687e-01 6.346153846153845812e-01
4.438664932813177200e-01 7.035110533159948387e-01 7.763328998699610128e-01 7.988729952319029159e-01 8.062418725617684911e-01 8.153446033810143323e-01 8.188123103597746422e-01 8.222800173385348410e-01 8.300823580407455937e-01 8.378846987429562354e-01
3.160112359550562022e-01 5.259831460674156967e-01 6.151685393258427004e-01 6.537921348314607028e-01 6.706460674157302959e-01 6.811797752808989026e-01 6.882022471910111960e-01 6.987359550561798027e-01 7.134831460674156967e-01 7.240168539325843033e-01
1.863580998781973197e-01 3.495736906211936446e-01 4.092570036540804090e-01 4.323995127892813484e-01 4.482338611449451782e-01 4.579780755176613982e-01 4.665042630937880630e-01 4.774665042630937828e-01 4.896467722289890578e-01 4.993909866017052224e-01
2.485029940119760361e-01 4.361277445109780215e-01 5.329341317365269282e-01 5.668662674650698508e-01 5.798403193612774453e-01 5.888223552894211732e-01 5.998003992015967789e-01 6.057884231536926345e-01 6.097804391217565012e-01 6.147704590818363624e-01
1.439790575916230497e-01 2.670157068062827266e-01 3.520942408376963595e-01 3.900523560209424034e-01 4.018324607329842868e-01 4.136125654450261702e-01 4.201570680628272103e-01 4.253926701570680535e-01 4.332460732984293461e-01 4.371727748691099369e-01
2.902264600715137033e-01 6.895113230035756491e-01 8.337306317044099746e-01 8.623361144219309216e-01 8.682955899880810957e-01 8.712753277711561273e-01 8.730631704410012350e-01 8.736591179976161969e-01 8.742550655542312699e-01 8.742550655542312699e-01
1.384839650145772705e-01 4.620991253644314845e-01 6.297376093294461130e-01 6.895043731778425222e-01 6.967930029154518756e-01 7.026239067055393139e-01 7.040816326530612290e-01 7.040816326530612290e-01 7.040816326530612290e-01 7.069970845481049482e-01
9.237875288683602970e-02 3.140877598152425065e-01 4.526558891454965372e-01 5.011547344110854896e-01 5.173210161662817885e-01 5.288683602771362402e-01 5.288683602771362402e-01 5.288683602771362402e-01 5.288683602771362402e-01 5.311778290993071083e-01
2.272727272727272790e-02 1.396103896103896014e-01 1.883116883116883189e-01 2.012987012987013102e-01 2.077922077922078059e-01 2.175324675324675217e-01 2.207792207792207695e-01 2.240259740259740173e-01 2.240259740259740173e-01 2.240259740259740173e-01
1.342281879194630843e-02 4.362416107382550284e-02 7.382550335570470246e-02 7.382550335570470246e-02 7.718120805369127480e-02 7.718120805369127480e-02 8.053691275167784713e-02 8.053691275167784713e-02 8.053691275167784713e-02 8.053691275167784713e-02
