2.065637065637065672e-01 5.000000000000000000e-01 5.984555984555984809e-01 6.351351351351350871e-01 6.389961389961390514e-01 6.428571428571429047e-01 6.467181467181467580e-01 6.486486486486486847e-01 6.505791505791506113e-01 6.505791505791506113e-01
7.874015748031495954e-03 3.149606299212598381e-02 6.299212598425196763e-02 1.062992125984252023e-01 1.102362204724409434e-01 1.220472440944881942e-01 1.377952755905511861e-01 1.417322834645669272e-01 1.417322834645669272e-01 1.535433070866141780e-01
0.000000000000000000e+00 1.415094339622641542e-02 4.245283018867924280e-02 5.188679245283019104e-02 5.188679245283019104e-02 5.660377358490566169e-02 5.660377358490566169e-02 5.660377358490566169e-02 5.660377358490566169e-02 5.660377358490566169e-02
1.079136690647482071e-02 2.877697841726618855e-02 3.237410071942446038e-02 3.597122302158273222e-02 3.597122302158273222e-02 3.956834532374100405e-02 3.956834532374100405e-02 3.956834532374100405e-02 3.956834532374100405e-02 3.956834532374100405e-02
1.010101010101010187e-02 3.030303030303030387e-02 4.040404040404040747e-02 5.050505050505050414e-02 5.050505050505050414e-02 5.050505050505050414e-02 5.555555555555555247e-02 5.555555555555555247e-02 5.555555555555555247e-02 5.555555555555555247e-02
4.205607476635513930e-01 6.697819314641744182e-01 7.206645898234683711e-01 7.300103842159917367e-01 7.331256490134995252e-01 7.341640706126687510e-01 7.362409138110073137e-01 7.372793354101765395e-01 7.393561786085151022e-01 7.414330218068535538e-01
3.599493029150823697e-01 5.728770595690747536e-01 6.235741444866920169e-01 6.299112801013941887e-01 6.311787072243345564e-01 6.311787072243345564e-01 6.324461343472750352e-01 6.324461343472750352e-01 6.324461343472750352e-01 6.337135614702155140e-01
7.194244604316547137e-03 3.597122302158273222e-02 6.235011990407673954e-02 1.534772182254196538e-01 2.374100719424460382e-01 2.877697841726618577e-01 2.925659472422062479e-01 2.973621103117505826e-01 3.021582733812949728e-01 3.069544364508393075e-01
7.552083333333332871e-02 1.901041666666666574e-01 2.317708333333333426e-01 2.447916666666666574e-01 2.500000000000000000e-01 2.552083333333333148e-01 2.552083333333333148e-01 2.578125000000000000e-01 2.604166666666666852e-01 2.604166666666666852e-01
1.490066225165563030e-01 3.460264900662251564e-01 4.668874172185430438e-01 5.397350993377483253e-01 5.430463576158940375e-01 5.513245033112582627e-01 5.513245033112582627e-01 5.513245033112582627e-01 5.529801324503311744e-01 5.546357615894039750e-01
4.695121951219511924e-01 6.890243902439023849e-01 7.439024390243902385e-01 7.560975609756097615e-01 7.560975609756097615e-01 7.560975609756097615e-01 7.560975609756097615e-01 7.621951219512195230e-01 7.621951219512195230e-01 7.621951219512195230e-01
4.328358208955223607e-01 5.671641791044775838e-01 6.343283582089552786e-01 6.641791044776119701e-01 6.641791044776119701e-01 6.641791044776119701e-01 6.641791044776119701e-01 6.641791044776119701e-01 6.641791044776119701e-01 6.641791044776119701e-01
3.357142857142856873e-01 5.571428571428571619e-01 6.214285714285714413e-01 6.571428571428571397e-01 6.571428571428571397e-01 6.571428571428571397e-01 6.642857142857142572e-01 6.642857142857142572e-01 6.642857142857142572e-01 6.642857142857142572e-01
3.193277310924369505e-01 6.218487394957983305e-01 6.722689075630252642e-01 6.974789915966386200e-01 6.974789915966386200e-01 6.974789915966386200e-01 6.974789915966386200e-01 6.974789915966386200e-01 6.974789915966386200e-01 6.974789915966386200e-01
3.653846153846153633e-01 5.673076923076922906e-01 6.057692307692307265e-01 6.346153846153845812e-01 6.346153846153845812e-01 6.346153846153845812e-01 6.346153846153845812e-01 6.346153846153845812e-01 6.346153846153845812e-01 6.346153846153845812e-01
4.596273291925465632e-01 6.004140786749482261e-01 6.149068322981366963e-01 6.169772256728778270e-01 6.169772256728778270e-01 6.231884057971014412e-01 6.252587991718426830e-01 6.273291925465838137e-01 6.273291925465838137e-01 6.335403726708074279e-01
5.829662261380322841e-01 7.415565345080763482e-01 7.635829662261380824e-01 7.665198237885462174e-01 7.665198237885462174e-01 7.694566813509544634e-01 7.709251101321585864e-01 7.723935389133627094e-01 7.767988252569750784e-01 7.782672540381792015e-01
5.756240822320117800e-01 7.415565345080763482e-01 7.606461086637298363e-01 7.635829662261380824e-01 7.650513950073420943e-01 7.679882525697503404e-01 7.694566813509544634e-01 7.694566813509544634e-01 7.709251101321585864e-01 7.709251101321585864e-01
6.194444444444444642e-01 7.777777777777777901e-01 7.972222222222222765e-01 8.000000000000000444e-01 8.000000000000000444e-01 8.013888888888889284e-01 8.041666666666666963e-01 8.041666666666666963e-01 8.055555555555555802e-01 8.069444444444444642e-01
5.081967213114754189e-01 6.408345752608047841e-01 6.482861400894187609e-01 6.542473919523099646e-01 6.542473919523099646e-01 6.542473919523099646e-01 6.587183308494783951e-01 6.602086438152011683e-01 6.602086438152011683e-01 6.631892697466468256e-01
3.032608695652174169e-01 5.048913043478261420e-01 5.592391304347825720e-01 5.836956521739130599e-01 5.896739130434782705e-01 5.929347826086956985e-01 5.978260869565217295e-01 6.005434782608695121e-01 6.043478260869564744e-01 6.065217391304348338e-01
1.620986687548942873e-01 3.163664839467502099e-01 3.829287392325763650e-01 4.056382145653876226e-01 4.134690681284259872e-01 4.173844949099451695e-01 4.181675802662490060e-01 4.197337509788566789e-01 4.205168363351605154e-01 4.236491777603758613e-01
1.633780584056827023e-01 2.959747434885556250e-01 3.567482241515390617e-01 3.780584056827150929e-01 3.898973954222573202e-01 3.977900552486187680e-01 4.001578531965272467e-01 4.033149171270718480e-01 4.104183109707971733e-01 4.183109707971586211e-01
3.586206896551723949e-02 7.310344827586207073e-02 9.379310344827586354e-02 1.103448275862068950e-01 1.144827586206896564e-01 1.158620689655172481e-01 1.241379310344827569e-01 1.255172413793103348e-01 1.296551724137930961e-01 1.296551724137930961e-01
2.635431918008784846e-02 5.563689604685212453e-02 8.052708638360175919e-02 8.931185944363104201e-02 9.809663250366032483e-02 1.024890190336749662e-01 1.039531478770131800e-01 1.083455344070278215e-01 1.112737920937042491e-01 1.142020497803806767e-01
1.624194043598403414e-01 4.359840343874731294e-01 5.719987718759594886e-01 5.993245317777095016e-01 6.097635861221983866e-01 6.171323303653668546e-01 6.226588885477433166e-01 6.291065397605157816e-01 6.315627878415720486e-01 6.324838808719680516e-01
1.717527386541471135e-01 3.759780907668231476e-01 4.522691705790297112e-01 4.726134585289514800e-01 4.800469483568075013e-01 4.866979655712049824e-01 4.906103286384976281e-01 4.925665101721439787e-01 4.945226917057902738e-01 4.976525821596244348e-01
1.408949933540097343e-01 2.995126273814798235e-01 3.566681435533894384e-01 3.730615861763402763e-01 3.783783783783783994e-01 3.828090385467434742e-01 3.854674346477625080e-01 3.876827647319450731e-01 3.885688967656180659e-01 3.912272928666371552e-01
5.328504914640454920e-02 1.205380237972064200e-01 1.526125193998965346e-01 1.603724780134505867e-01 1.629591308846352893e-01 1.655457837558199641e-01 1.670977754785307745e-01 1.681324366270046666e-01 1.686497672012415849e-01 1.691670977754785310e-01
1.206203331418724892e-02 2.642159678345778334e-02 3.446295232624928262e-02 3.618609994256174328e-02 3.733486502010338604e-02 3.790924755887421088e-02 3.905801263641585364e-02 4.020677771395749639e-02 4.020677771395749639e-02 4.078116025272831430e-02
1.237785016286644946e-01 3.481270358306188806e-01 4.588762214983713172e-01 4.747557003257328878e-01 4.796416938110749095e-01 4.837133550488599276e-01 4.853420195439739349e-01 4.861563517915309385e-01 4.898208469055374548e-01 4.902280130293159566e-01
2.980222162015714032e-03 4.876727174207532052e-03 1.652668653481441374e-02 2.774315903549173790e-01 5.933351395285830776e-01 6.859929558385261528e-01 6.900568951503657233e-01 6.949336223245733413e-01 6.995394202113248694e-01 7.063126523977242277e-01
2.844141069397042049e-03 1.023890784982935120e-02 5.119453924914675602e-02 1.672354948805460650e-01 2.474402730375426518e-01 2.571103526734925815e-01 2.593856655290102120e-01 2.673492605233219743e-01 2.724687144482366152e-01 2.758816837315130610e-01
2.819067145053818536e-03 4.613018964633521478e-03 7.175807278318810899e-03 8.559712967708867082e-02 4.092772936955407226e-01 7.019477191184008147e-01 7.193746796514607356e-01 7.239876986160943551e-01 7.291132752434649200e-01 7.350076883649410142e-01
2.016129032258064460e-03 2.419354838709677526e-03 5.241935483870968117e-03 1.000000000000000056e-01 3.290322580645161366e-01 4.907258064516129004e-01 5.004032258064515792e-01 5.044354838709677047e-01 5.092741935483870996e-01 5.133064516129032251e-01
9.756097560975610095e-02 1.737804878048780366e-01 2.134146341463414587e-01 2.286585365853658625e-01 2.347560975609755962e-01 2.378048780487804770e-01 2.500000000000000000e-01 2.500000000000000000e-01 2.530487804878048808e-01 2.530487804878048808e-01
2.314606741573033699e-01 4.000000000000000222e-01 4.629213483146067398e-01 4.719101123595505487e-01 4.831460674157303514e-01 4.943820224719100986e-01 5.033707865168539630e-01 5.033707865168539630e-01 5.123595505617977164e-01 5.168539325842697041e-01
1.164021164021163957e-01 3.095238095238095344e-01 3.888888888888888951e-01 4.047619047619047672e-01 4.100529100529100579e-01 4.312169312169312207e-01 4.338624338624338383e-01 4.338624338624338383e-01 4.338624338624338383e-01 4.338624338624338383e-01
6.962025316455695834e-02 1.677215189873417778e-01 2.025316455696202500e-01 2.120253164556961945e-01 2.120253164556961945e-01 2.183544303797468333e-01 2.246835443037974722e-01 2.278481012658227778e-01 2.373417721518987222e-01 2.373417721518987222e-01
1.044303797468354444e-01 1.677215189873417778e-01 1.993670886075949444e-01 2.120253164556961945e-01 2.246835443037974722e-01 2.373417721518987222e-01 2.436708860759493611e-01 2.468354430379746944e-01 2.500000000000000000e-01 2.658227848101265556e-01
5.487804878048780921e-01 7.404181184668989779e-01 7.822299651567944379e-01 7.935540069686410902e-01 7.996515679442508517e-01 8.022648083623693527e-01 8.040069686411149830e-01 8.057491289198606133e-01 8.092334494773518738e-01 8.101045296167247445e-01
5.674255691768826937e-01 7.504378283712784814e-01 7.872154115586690315e-01 7.985989492119088817e-01 8.038528896672504365e-01 8.082311733800350284e-01 8.082311733800350284e-01 8.091068301225919912e-01 8.091068301225919912e-01 8.099824868651488430e-01
5.638686131386860811e-01 7.591240875912408370e-01 7.965328467153284242e-01 8.083941605839416455e-01 8.138686131386860811e-01 8.166058394160583545e-01 8.175182481751824826e-01 8.184306569343066107e-01 8.184306569343066107e-01 8.184306569343066107e-01
5.463812436289500196e-01 7.043832823649337493e-01 7.420998980632008690e-01 7.512742099898063186e-01 7.563710499490315931e-01 7.604485219164118792e-01 7.604485219164118792e-01 7.614678899082568675e-01 7.614678899082568675e-01 7.624872579001019668e-01
4.197368421052631304e-01 5.592105263157894912e-01 5.973684210526315486e-01 6.026315789473684070e-01 6.092105263157894246e-01 6.144736842105262831e-01 6.157894736842105532e-01 6.184210526315789824e-01 6.184210526315789824e-01 6.184210526315789824e-01
6.770157553290083730e-01 8.987488415199258451e-01 9.332715477293790363e-01 9.406858202038924643e-01 9.432344763670065246e-01 9.453197405004634124e-01 9.462465245597775354e-01 9.464782205746060662e-01 9.467099165894347079e-01 9.469416126042632387e-01
6.692182788216191058e-01 8.895847831129668482e-01 9.269311064718163129e-01 9.334261192298770604e-01 9.343539781953142942e-01 9.369055903502667704e-01 9.371375550916261066e-01 9.376014845743446680e-01 9.378334493157040042e-01 9.389932730225005741e-01
5.325494694579867572e-01 7.900774304559793348e-01 8.508746773731000745e-01 8.726699168339546731e-01 8.761112704330370482e-01 8.792658445655291422e-01 8.815600802982506146e-01 8.818468597648407847e-01 8.818468597648407847e-01 8.821336392314310659e-01
1.873669268985095893e-01 4.073811213626685745e-01 5.202271114265436536e-01 5.713271823988644860e-01 5.855216465578424456e-01 5.982966643009226537e-01 6.025550035486160194e-01 6.025550035486160194e-01 6.053938963804116336e-01 6.053938963804116336e-01
9.268292682926829174e-02 2.360975609756097437e-01 3.239024390243902540e-01 3.678048780487804814e-01 3.795121951219512235e-01 3.892682926829268419e-01 3.931707317073170893e-01 3.970731707317073367e-01 3.980487804878048985e-01 3.980487804878048985e-01
1.123188405797101441e-01 2.119565217391304324e-01 2.463768115942029102e-01 2.663043478260869734e-01 2.681159420289855322e-01 2.717391304347825942e-01 2.771739130434782705e-01 2.807971014492753881e-01 2.826086956521738913e-01 2.880434782608695676e-01
1.503067484662576614e-01 3.128834355828221114e-01 3.619631901840490995e-01 3.803680981595092270e-01 3.880368098159509005e-01 3.972392638036809642e-01 4.003067484662576891e-01 4.018404907975460238e-01 4.033742331288343586e-01 4.033742331288343586e-01
2.105882352941176594e-01 4.047058823529411931e-01 4.905882352941176583e-01 5.211764705882352411e-01 5.270588235294118018e-01 5.400000000000000355e-01 5.447058823529411509e-01 5.458823529411764852e-01 5.482352941176470429e-01 5.541176470588234926e-01
2.330097087378640852e-01 4.827890556045895676e-01 6.090026478375992758e-01 6.504854368932039277e-01 6.672550750220652693e-01 6.760812003530449754e-01 6.787290379523389650e-01 6.884377758164166305e-01 6.937334510150043876e-01 6.990291262135922556e-01
5.605786618444846131e-02 1.754068716094032421e-01 2.441229656419529881e-01 2.622061482820976508e-01 2.694394213381555159e-01 2.766726943942133810e-01 2.802893309222423412e-01 2.839059674502712460e-01 2.857142857142856984e-01 2.893309222423146587e-01
1.765834932821497005e-01 3.637236084452974971e-01 4.534548944337811749e-01 4.827255278310940700e-01 4.908829174664107731e-01 4.980806142034548967e-01 5.000000000000000000e-01 5.028790786948176272e-01 5.052783109404990203e-01 5.086372360844529927e-01
1.801145236855804244e-01 3.706402915148360178e-01 4.711087975013014129e-01 4.940135346173867847e-01 5.028630921395106368e-01 5.091098386257157937e-01 5.117126496616345444e-01 5.127537740760020890e-01 5.158771473191046120e-01 5.184799583550234736e-01
1.934619506966773761e-01 3.531618435155412516e-01 4.265809217577706258e-01 4.490889603429796262e-01 4.592711682743836898e-01 4.667738478027866900e-01 4.699892818863879995e-01 4.726688102893890631e-01 4.753483386923901266e-01 4.764201500535905631e-01
1.278106508875739566e-01 2.846153846153846034e-01 3.621301775147928725e-01 3.816568047337278169e-01 3.869822485207100593e-01 3.917159763313609599e-01 3.946745562130177243e-01 3.946745562130177243e-01 3.952662721893491216e-01 3.964497041420118606e-01
0.000000000000000000e+00 1.624695369618196512e-03 3.249390739236393023e-03 4.061738424045491062e-03 4.874086108854589969e-03 4.874086108854589969e-03 4.874086108854589969e-03 4.874086108854589969e-03 4.874086108854589969e-03 4.874086108854589969e-03
9.801488833746897777e-02 2.339950372208436657e-01 2.920595533498759333e-01 3.047146401985111885e-01 3.086848635235732163e-01 3.148883374689826486e-01 3.193548387096774022e-01 3.260545905707196157e-01 3.272952853598015133e-01 3.297766749379652529e-01
1.830443159922928720e-02 1.743737957610790035e-01 2.947976878612716956e-01 3.355009633911367750e-01 3.403179190751445260e-01 3.463391136801541315e-01 3.499518304431599169e-01 3.562138728323699377e-01 3.595857418111753634e-01 3.656069364161849689e-01
3.277153558052434655e-03 8.801498127340824651e-02 2.563202247191010974e-01 3.539325842696628976e-01 3.679775280898876511e-01 3.740636704119850164e-01 3.780430711610486827e-01 3.850655430711610316e-01 3.892790262172284854e-01 3.939606741573033477e-01
7.115749525616698158e-04 1.992409867172675528e-02 1.155123339658443993e-01 3.320683111954459421e-01 3.655123339658444270e-01 3.742884250474383112e-01 3.785578747628083329e-01 3.823529411764705621e-01 3.863851992409867431e-01 3.913662239089183981e-01
2.200704225352112726e-04 7.922535211267605487e-03 6.161971830985915610e-02 3.417693661971831220e-01 4.055897887323943740e-01 4.161531690140845008e-01 4.216549295774648098e-01 4.251760563380281854e-01 4.313380281690140650e-01 4.350792253521126862e-01
4.104746317512275033e-01 6.045826513911620737e-01 6.481178396072012626e-01 6.549918166939443509e-01 6.599018003273322552e-01 6.621931260229132477e-01 6.651391162029459680e-01 6.667757774140752325e-01 6.693944353518821444e-01 6.710310965630114088e-01
1.553556827473425925e-02 5.641864268192968435e-02 7.195421095666394706e-02 7.931316434995912268e-02 8.176614881439084326e-02 8.340147179067865235e-02 8.421913327882256384e-02 8.748977923139819590e-02 8.912510220768601887e-02 9.157808667211773945e-02
2.017067494181536136e-02 6.283941039565554831e-02 7.913110938712179798e-02 8.456167571761055712e-02 8.921644685802948560e-02 9.076803723816911917e-02 9.154383242823894984e-02 9.154383242823894984e-02 9.231962761830876663e-02 9.309542280837858341e-02
3.110419906687402966e-02 6.143079315707620364e-02 7.931570762052876644e-02 8.398133748055987280e-02 8.709175738724728166e-02 8.786936236391912347e-02 9.020217729393467665e-02 9.175738724727838802e-02 9.253499222395022983e-02 9.253499222395022983e-02
1.502021952628538326e-01 2.900057770075101238e-01 3.362218370883882090e-01 3.495089543616406447e-01 3.523974581166955389e-01 3.541305603697284532e-01 3.581744656268053273e-01 3.593298671288272517e-01 3.604852686308492316e-01 3.627960716348931358e-01
4.823677581863979880e-01 8.457178841309823669e-01 8.797229219143576362e-01 8.828715365239294677e-01 8.866498740554156210e-01 8.910579345088160963e-01 8.948362720403022497e-01 8.967254408060453263e-01 9.017632241813602345e-01 9.061712846347607098e-01
3.922610015174506914e-01 7.556904400606980765e-01 7.981790591805766333e-01 8.057663125948406613e-01 8.095599393019726753e-01 8.133535660091046893e-01 8.163884673748103005e-01 8.224582701062215229e-01 8.308042488619119537e-01 8.338391502276175649e-01
3.100393700787401619e-01 5.875984251968503491e-01 6.240157480314960647e-01 6.328740157480314821e-01 6.387795275590550936e-01 6.437007874015747699e-01 6.505905511811023167e-01 6.555118110236219930e-01 6.604330708661417804e-01 6.624015748031496509e-01
1.896551724137930939e-01 4.741379310344827624e-01 5.295566502463053826e-01 5.381773399014778692e-01 5.467980295566502447e-01 5.492610837438424154e-01 5.541871921182266458e-01 5.591133004926108763e-01 5.628078817733990213e-01 5.640394088669951067e-01
2.108433734939759163e-01 3.333333333333333148e-01 3.594377510040160373e-01 3.694779116465863322e-01 3.714859437751004134e-01 3.755020080321285203e-01 3.835341365461847341e-01 3.875502008032128409e-01 3.895582329317269221e-01 3.935742971887550290e-01
4.163934426229508046e-01 6.524590163934426146e-01 7.245901639344262124e-01 7.491803278688524692e-01 7.524590163934425924e-01 7.573770491803278881e-01 7.590163934426229497e-01 7.639344262295082455e-01 7.688524590163934302e-01 7.754098360655737876e-01
2.733990147783251223e-01 4.236453201970443172e-01 5.000000000000000000e-01 5.123152709359606316e-01 5.221674876847290925e-01 5.320197044334975534e-01 5.344827586206896131e-01 5.369458128078817838e-01 5.369458128078817838e-01 5.369458128078817838e-01
1.386138613861386260e-01 1.716171617161716123e-01 2.178217821782178210e-01 2.343234323432343280e-01 2.376237623762376128e-01 2.376237623762376128e-01 2.376237623762376128e-01 2.376237623762376128e-01 2.409240924092409253e-01 2.409240924092409253e-01
1.535714285714285809e-01 1.964285714285714246e-01 2.250000000000000056e-01 2.500000000000000000e-01 2.500000000000000000e-01 2.571428571428571175e-01 2.571428571428571175e-01 2.571428571428571175e-01 2.571428571428571175e-01 2.607142857142857317e-01
1.642335766423357601e-01 2.043795620437956206e-01 2.116788321167883125e-01 2.116788321167883125e-01 2.153284671532846584e-01 2.189781021897810320e-01 2.262773722627737238e-01 2.262773722627737238e-01 2.262773722627737238e-01 2.262773722627737238e-01
5.131578947368421462e-01 7.105263157894736725e-01 7.609649122807017330e-01 7.697368421052631637e-01 7.719298245614034659e-01 7.741228070175438791e-01 7.741228070175438791e-01 7.741228070175438791e-01 7.763157894736841813e-01 7.785087719298245945e-01
4.387464387464387605e-01 5.954415954415954726e-01 6.153846153846154188e-01 6.153846153846154188e-01 6.182336182336182206e-01 6.182336182336182206e-01 6.210826210826211335e-01 6.210826210826211335e-01 6.210826210826211335e-01 6.210826210826211335e-01
3.797909407665505110e-01 5.331010452961671975e-01 5.609756097560976151e-01 5.609756097560976151e-01 5.679442508710801363e-01 5.714285714285713969e-01 5.714285714285713969e-01 5.749128919860627684e-01 5.749128919860627684e-01 5.749128919860627684e-01
2.639405204460966714e-01 3.903345724907062997e-01 4.423791821561338100e-01 4.572490706319702336e-01 4.609665427509293534e-01 4.609665427509293534e-01 4.609665427509293534e-01 4.609665427509293534e-01 4.609665427509293534e-01 4.684014869888475929e-01
2.226415094339622702e-01 3.622641509433962015e-01 4.150943396226415283e-01 4.264150943396226578e-01 4.264150943396226578e-01 4.264150943396226578e-01 4.264150943396226578e-01 4.264150943396226578e-01 4.264150943396226578e-01 4.264150943396226578e-01
6.107382550335570537e-01 8.568232662192393212e-01 8.993288590604027188e-01 9.038031319910514449e-01 9.105145413870245896e-01 9.149888143176734268e-01 9.172259507829977343e-01 9.194630872483221529e-01 9.194630872483221529e-01 9.194630872483221529e-01
5.506172839506172645e-01 7.950617283950617287e-01 8.716049382716049010e-01 8.888888888888888395e-01 8.938271604938271553e-01 8.962962962962962576e-01 8.962962962962962576e-01 8.962962962962962576e-01 8.962962962962962576e-01 9.012345679012345734e-01
4.963503649635036541e-01 7.323600973236009670e-01 7.956204379562044071e-01 8.175182481751824826e-01 8.296836982968369689e-01 8.296836982968369689e-01 8.296836982968369689e-01 8.296836982968369689e-01 8.321167883211678662e-01 8.394160583941605580e-01
4.432989690721649279e-01 7.010309278350514983e-01 7.963917525773195338e-01 8.221649484536082131e-01 8.221649484536082131e-01 8.298969072164948946e-01 8.298969072164948946e-01 8.350515463917526082e-01 8.350515463917526082e-01 8.376288659793814650e-01
4.805825242718446688e-01 7.330097087378640852e-01 8.228155339805824919e-01 8.470873786407766559e-01 8.567961165048543215e-01 8.616504854368931543e-01 8.640776699029125707e-01 8.640776699029125707e-01 8.665048543689319871e-01 8.713592233009708199e-01
5.427408412483039069e-01 7.503392130257802162e-01 8.168249660786973676e-01 8.263229308005427542e-01 8.276797829036635079e-01 8.303934871099050152e-01 8.344640434192672762e-01 8.371777476255087835e-01 8.385345997286295372e-01 8.385345997286295372e-01
4.635193133047210146e-01 7.010014306151645114e-01 7.739628040057224823e-01 7.839771101573677070e-01 7.911301859799714231e-01 7.911301859799714231e-01 7.911301859799714231e-01 7.925608011444921219e-01 7.925608011444921219e-01 7.925608011444921219e-01
4.020618556701031077e-01 6.512027491408934887e-01 7.250859106529209397e-01 7.525773195876288568e-01 7.560137457044673326e-01 7.577319587628865705e-01 7.611683848797250462e-01 7.646048109965635220e-01 7.680412371134021088e-01 7.697594501718213467e-01
3.905723905723905709e-01 6.094276094276094291e-01 6.952861952861952854e-01 7.239057239057239412e-01 7.306397306397306446e-01 7.373737373737373479e-01 7.390572390572390793e-01 7.424242424242424310e-01 7.457912457912457826e-01 7.525252525252524860e-01
4.465116279069767380e-01 6.682170542635659238e-01 7.426356589147287135e-01 7.550387596899225118e-01 7.565891472868216949e-01 7.643410852713178327e-01 7.689922480620154932e-01 7.705426356589146764e-01 7.736434108527131537e-01 7.767441860465116310e-01
2.583333333333333592e-01 4.833333333333333370e-01 5.458333333333332815e-01 5.583333333333333481e-01 5.597222222222222321e-01 5.625000000000000000e-01 5.625000000000000000e-01 5.666666666666666519e-01 5.680555555555555358e-01 5.680555555555555358e-01
2.342007434944237965e-01 4.944237918215613203e-01 5.724907063197025581e-01 5.910780669144981569e-01 6.009913258983891060e-01 6.034696406443618155e-01 6.047087980173482258e-01 6.059479553903345250e-01 6.071871127633209353e-01 6.084262701363073456e-01
1.666666666666666574e-01 4.255952380952380820e-01 5.208333333333333703e-01 5.461309523809523281e-01 5.565476190476190688e-01 5.610119047619047672e-01 5.610119047619047672e-01 5.639880952380952328e-01 5.654761904761904656e-01 5.654761904761904656e-01
1.099071207430340619e-01 3.405572755417956565e-01 4.876160990712074539e-01 5.123839009287926016e-01 5.123839009287926016e-01 5.232198142414861142e-01 5.278637770897832704e-01 5.294117647058823595e-01 5.309597523219814486e-01 5.325077399380805376e-01
7.692307692307692735e-02 2.618657937806874170e-01 3.715220949263502437e-01 4.058919803600654630e-01 4.157119476268412162e-01 4.222585924713584404e-01 4.255319148936170248e-01 4.288052373158756092e-01 4.304418985270049292e-01 4.337152209492635135e-01
6.186514886164623528e-01 7.644483362521891090e-01 7.819614711033274768e-01 7.850262697022767355e-01 7.859019264448335873e-01 7.867775831873905501e-01 7.872154115586690315e-01 7.876532399299475129e-01 7.889667250437828461e-01 7.894045534150613275e-01
6.856460961472894411e-01 8.544152744630071350e-01 8.748721445618820036e-01 8.810092055915444975e-01 8.840777361063757445e-01 8.847596317763382068e-01 8.857824752812819558e-01 8.868053187862257047e-01 8.881691101261507404e-01 8.905557449710194140e-01
6.984126984126983739e-01 8.652482269503546375e-01 8.841607565011820880e-01 8.905775075987841793e-01 8.929415737926376107e-01 8.946301925025329504e-01 8.966565349544073360e-01 8.983451536643025648e-01 8.983451536643025648e-01 8.996960486322188588e-01
6.626941133983387244e-01 8.345973275550739867e-01 8.515709642470206120e-01 8.595160707836764225e-01 8.605994944023113158e-01 8.624052004333694343e-01 8.638497652582159958e-01 8.660166124954857825e-01 8.663777537016973396e-01 8.681834597327554581e-01
5.070351758793969488e-01 6.608040201005025427e-01 6.829145728643215563e-01 6.864321608040201417e-01 6.884422110552763652e-01 6.894472361809045324e-01 6.919597989949748396e-01 6.934673366834170904e-01 6.959798994974873976e-01 6.969849246231155648e-01
2.014824797843665638e-01 4.238544474393530770e-01 4.986522911051212703e-01 5.208894878706199494e-01 5.276280323450134313e-01 5.309973045822102833e-01 5.336927223719676316e-01 5.343665768194070242e-01 5.350404312668463058e-01 5.377358490566037652e-01
1.628092577813248232e-01 3.519553072625698498e-01 4.237829209896248894e-01 4.477254588986432360e-01 4.596967278531524093e-01 4.652833200319234086e-01 4.668794892258579243e-01 4.692737430167597812e-01 4.692737430167597812e-01 4.700718276137270668e-01
1.061299176578225090e-01 2.497712717291857287e-01 2.900274473924976948e-01 3.074107959743824225e-01 3.092406221408965927e-01 3.147301006404391588e-01 3.165599268069533290e-01 3.183897529734674992e-01 3.211344922232388099e-01 3.220494053064958950e-01
8.636836628511966596e-02 1.987513007284079092e-01 2.466181061394380758e-01 2.611862643080125057e-01 2.643080124869927050e-01 2.674297606659729598e-01 2.684703433922996929e-01 2.684703433922996929e-01 2.695109261186264260e-01 2.705515088449531591e-01
5.543478260869565133e-02 1.608695652173912916e-01 2.086956521739130321e-01 2.108695652173913082e-01 2.163043478260869568e-01 2.184782608695652051e-01 2.195652173913043570e-01 2.217391304347826053e-01 2.239130434782608814e-01 2.239130434782608814e-01
4.067796610169491234e-02 1.779661016949152519e-01 3.406779661016949290e-01 3.949152542372881269e-01 3.966101694915254439e-01 4.067796610169491789e-01 4.118644067796610186e-01 4.118644067796610186e-01 4.118644067796610186e-01 4.135593220338982801e-01
8.665511265164645149e-02 2.097053726169844090e-01 2.616984402079722827e-01 2.772963604852686226e-01 2.824956672443674210e-01 2.876949740034662195e-01 2.911611785095320482e-01 2.946273830155979323e-01 2.963604852686308466e-01 2.980935875216637609e-01
4.576659038901601841e-03 2.745995423340960931e-02 6.178489702517162702e-02 9.382151029748284077e-02 1.144164759725400521e-01 1.212814645308924466e-01 1.258581235697940615e-01 1.304347826086956486e-01 1.304347826086956486e-01 1.350114416475972634e-01
1.111111111111111154e-02 3.111111111111111022e-02 6.666666666666666574e-02 9.777777777777778290e-02 1.155555555555555503e-01 1.311111111111111227e-01 1.333333333333333315e-01 1.333333333333333315e-01 1.355555555555555680e-01 1.400000000000000133e-01
9.885931558935361074e-02 1.882129277566539916e-01 2.205323193916349789e-01 2.243346007604562764e-01 2.243346007604562764e-01 2.300380228136882088e-01 2.300380228136882088e-01 2.319391634980988715e-01 2.338403041825095063e-01 2.338403041825095063e-01
4.838224228743416289e-01 6.990218209179834830e-01 7.358916478555305174e-01 7.404063205417606985e-01 7.426636568848759001e-01 7.426636568848759001e-01 7.441685477802859605e-01 7.464258841234010511e-01 7.494356659142211718e-01 7.524454477050414036e-01
1.354466858789625250e-01 2.795389048991354652e-01 3.198847262247838663e-01 3.400576368876080946e-01 3.487031700288184544e-01 3.544668587896253609e-01 3.559077809798271153e-01 3.573487031700288141e-01 3.602305475504322674e-01 3.616714697406340218e-01
8.113207547169810907e-02 1.547169811320754651e-01 1.660377358490565947e-01 1.698113207547169712e-01 1.735849056603773477e-01 1.773584905660377242e-01 1.773584905660377242e-01 1.773584905660377242e-01 1.792452830188679125e-01 1.792452830188679125e-01
1.359060402684563740e-01 2.432885906040268553e-01 2.919463087248322375e-01 3.087248322147650992e-01 3.187919463087248162e-01 3.204697986577181301e-01 3.238255033557047025e-01 3.288590604026845887e-01 3.322147651006711611e-01 3.372483221476509918e-01
5.471698113207547343e-02 9.811320754716981729e-02 1.075471698113207586e-01 1.132075471698113234e-01 1.226415094339622647e-01 1.264150943396226412e-01 1.264150943396226412e-01 1.283018867924528295e-01 1.301886792452830177e-01 1.339622641509433942e-01
5.200000000000000178e-01 7.476363636363636545e-01 7.961212121212121184e-01 8.055757575757576117e-01 8.109090909090909127e-01 8.150303030303029939e-01 8.167272727272727462e-01 8.186666666666666536e-01 8.196363636363636074e-01 8.210909090909090935e-01
4.252908756889161035e-01 6.696264543784445911e-01 7.213717085119412120e-01 7.293325168401714187e-01 7.354562155541947144e-01 7.391304347826086474e-01 7.403551745254133287e-01 7.415799142682180101e-01 7.428046540110226914e-01 7.434170238824250321e-01
3.681003584229390890e-01 6.129032258064516236e-01 6.695340501792114152e-01 6.813620071684587387e-01 6.874551971326164912e-01 6.903225806451612767e-01 6.942652329749103846e-01 6.974910394265233515e-01 6.974910394265233515e-01 6.989247311827957443e-01
2.659619450317124989e-01 5.035940803382663589e-01 5.665961945031712244e-01 5.775898520084566945e-01 5.835095137420718281e-01 5.873150105708244695e-01 5.890063424947146187e-01 5.923890063424946950e-01 5.970401691331923555e-01 5.974630021141649205e-01
1.844961240310077633e-01 3.922480620155038844e-01 4.552971576227390349e-01 4.671834625322997536e-01 4.708010335917312550e-01 4.739018087855297323e-01 4.759689922480619950e-01 4.790697674418604723e-01 4.806201550387597110e-01 4.826873385012919737e-01
3.650137741046832196e-01 6.556473829201101555e-01 8.319559228650137417e-01 8.842975206611570771e-01 8.870523415977961124e-01 8.925619834710744049e-01 8.939393939393939226e-01 8.966942148760330689e-01 8.966942148760330689e-01 8.994490358126722152e-01
1.688311688311688319e-01 5.454545454545454142e-01 7.748917748917748538e-01 8.513708513708513337e-01 8.643578643578643250e-01 8.672438672438672613e-01 8.730158730158730229e-01 8.759018759018758482e-01 8.787878787878787845e-01 8.787878787878787845e-01
1.107325383304940403e-01 3.833049403747870731e-01 6.320272572402044764e-01 7.240204429301533295e-01 7.342419080068143256e-01 7.461669505962521542e-01 7.512776831345826523e-01 7.563884156729131503e-01 7.563884156729131503e-01 7.580919931856899829e-01
8.705882352941175795e-02 3.223529411764705643e-01 5.152941176470587914e-01 5.835294117647058521e-01 5.929411764705881938e-01 5.976470588235294201e-01 5.999999999999999778e-01 6.094117647058823195e-01 6.117647058823529882e-01 6.117647058823529882e-01
1.901140684410646334e-02 4.942965779467680537e-02 1.634980988593155993e-01 2.623574144486692239e-01 2.737642585551330887e-01 2.851711026615969535e-01 3.079847908745247387e-01 3.193916349809886035e-01 3.384030418250950634e-01 3.498098859315589282e-01
2.777777777777777624e-02 8.024691358024690913e-02 1.388888888888888951e-01 1.851851851851851749e-01 2.191358024691358042e-01 2.407407407407407274e-01 2.530864197530864335e-01 2.530864197530864335e-01 2.530864197530864335e-01 2.561728395061728669e-01
3.940886699507389207e-02 1.921182266009852091e-01 3.054187192118226757e-01 3.596059113300492660e-01 3.891625615763547041e-01 4.064039408866995107e-01 4.162561576354679715e-01 4.187192118226600868e-01 4.236453201970443172e-01 4.285714285714285476e-01
8.902077151335311897e-03 2.967359050445103966e-02 6.231454005934718154e-02 1.008902077151335314e-01 1.246290801186943631e-01 1.424332344213649904e-01 1.424332344213649904e-01 1.543026706231453993e-01 1.572700296735904946e-01 1.572700296735904946e-01
0.000000000000000000e+00 2.915451895043731645e-02 8.454810495626821631e-02 1.574344023323615283e-01 1.661807580174927135e-01 1.778425655976676456e-01 1.807580174927113648e-01 1.865889212827988308e-01 1.924198250728862969e-01 1.924198250728862969e-01
1.518987341772151840e-02 1.139240506329113889e-01 2.354430379746835500e-01 3.316455696202531556e-01 3.620253164556961889e-01 3.873417721518987444e-01 4.025316455696202333e-01 4.025316455696202333e-01 4.075949367088607667e-01 4.101265822784810333e-01
5.815279361459520929e-02 2.063854047890535948e-01 3.283922462941847309e-01 3.774230330672748157e-01 3.888255416191562230e-01 3.899657924743443749e-01 3.899657924743443749e-01 3.899657924743443749e-01 3.911060433295324712e-01 3.911060433295324712e-01
7.163323782234957450e-03 6.733524355300860020e-02 1.690544412607449809e-01 2.363896848137535811e-01 2.593123209169054255e-01 2.636103151862463911e-01 2.679083094555874123e-01 2.693409742120344008e-01 2.707736389684813894e-01 2.750716332378223550e-01
3.914327917282126729e-02 2.289512555391432780e-01 4.054652880354505107e-01 4.497784342688330717e-01 4.608567208271787119e-01 4.615952732644017509e-01 4.623338257016247899e-01 4.638109305760709233e-01 4.638109305760709233e-01 4.645494830132939623e-01
2.358078602620087422e-02 2.174672489082969395e-01 4.427947598253275108e-01 5.117903930131004753e-01 5.170305676855895261e-01 5.222707423580785768e-01 5.240174672489082974e-01 5.248908296943231022e-01 5.248908296943231022e-01 5.248908296943231022e-01
2.592223330009970142e-02 1.734795613160518557e-01 3.479561316051844599e-01 4.297108673978065618e-01 4.396809571286141582e-01 4.416749750747756553e-01 4.436689930209372079e-01 4.436689930209372079e-01 4.456630109670987050e-01 4.466600199401794535e-01
8.200082000820007721e-04 6.560065600656006177e-03 3.362033620336203621e-02 1.176711767117671198e-01 4.013940139401394047e-01 7.560475604756047296e-01 7.908979089790897365e-01 7.949979499794997961e-01 7.982779827798277550e-01 7.995079950799508506e-01
3.070624360286591456e-03 2.661207778915046160e-02 7.215967246673490876e-02 3.408393039918116707e-01 6.514841351074718290e-01 6.949846468781986086e-01 7.011258955987716979e-01 7.047082906857727869e-01 7.062436028659160314e-01 7.113613101330603650e-01
5.446623093681917738e-04 7.625272331154684183e-03 5.664488017429193667e-02 1.753812636165577310e-01 3.485838779956427214e-01 5.615468409586056309e-01 6.421568627450980893e-01 6.465141612200435706e-01 6.465141612200435706e-01 6.481481481481481399e-01
0.000000000000000000e+00 0.000000000000000000e+00 0.000000000000000000e+00 0.000000000000000000e+00 9.960159362549800624e-04 1.195219123505976075e-02 1.414342629482071845e-01 2.679282868525896255e-01 2.858565737051793065e-01 2.898406374501992233e-01
2.322880371660859464e-03 3.368176538908246309e-02 1.370499419279907205e-01 2.218350754936120883e-01 2.322880371660859533e-01 2.415795586527293981e-01 2.439024390243902385e-01 2.450638792102206864e-01 2.462253193960511066e-01 2.473867595818815268e-01
4.923291492329149310e-01 7.475592747559274276e-01 8.354253835425383690e-01 8.535564853556485421e-01 8.675034867503487179e-01 8.730822873082286772e-01 8.744769874476987503e-01 8.758716875871687124e-01 8.786610878661087476e-01 8.814504881450487828e-01
3.320235756385068737e-01 5.893909626719057160e-01 6.836935166994105861e-01 7.190569744597249402e-01 7.328094302554027939e-01 7.367387033398821172e-01 7.387033398821217789e-01 7.387033398821217789e-01 7.485265225933201982e-01 7.544204322200392943e-01
8.695652173913043237e-02 2.043478260869565355e-01 2.391304347826087029e-01 2.565217391304348005e-01 2.608695652173912971e-01 2.739130434782608425e-01 2.739130434782608425e-01 2.782608695652173947e-01 2.869565217391304435e-01 2.956521739130434923e-01
3.617463617463617664e-01 5.883575883575883347e-01 6.798336798336798159e-01 7.172557172557172400e-01 7.214137214137213983e-01 7.297297297297297147e-01 7.338877338877338730e-01 7.338877338877338730e-01 7.359667359667360076e-01 7.380457380457380312e-01
3.100233100233100170e-01 4.871794871794871695e-01 6.107226107226106926e-01 6.480186480186480580e-01 6.620046620046620145e-01 6.713286713286713558e-01 6.759906759906759710e-01 6.783216783216783341e-01 6.806526806526806972e-01 6.829836829836829493e-01
4.159413650939074447e-01 6.468163078332569427e-01 7.164452588181401405e-01 7.338524965643610232e-01 7.420980302336234180e-01 7.480531378836463574e-01 7.512597343105817949e-01 7.517178195144297304e-01 7.526339899221254903e-01 7.549244159413650568e-01
2.345779220779220797e-01 4.147727272727272929e-01 4.878246753246753276e-01 5.097402597402597157e-01 5.194805194805194315e-01 5.227272727272727071e-01 5.284090909090909394e-01 5.316558441558441039e-01 5.316558441558441039e-01 5.316558441558441039e-01
9.511889862327910228e-02 1.727158948685857398e-01 2.227784730913641986e-01 2.327909887359199126e-01 2.340425531914893664e-01 2.390488110137672095e-01 2.403003754693366634e-01 2.428035043804755988e-01 2.440550688360450526e-01 2.465581977471839881e-01
5.164992826398852321e-02 9.325681492109039183e-02 1.133428981348637010e-01 1.176470588235294101e-01 1.233859397417503556e-01 1.248206599713055920e-01 1.248206599713055920e-01 1.262553802008608284e-01 1.262553802008608284e-01 1.262553802008608284e-01
2.382176520994001845e-01 4.395886889460154379e-01 4.995715509854327108e-01 5.269922879177377784e-01 5.355612682090831189e-01 5.398457583547557892e-01 5.424164524421594136e-01 5.467009425878320839e-01 5.484147386461011298e-01 5.509854327335047541e-01
6.153846153846154188e-01 7.448107448107448292e-01 7.631257631257630791e-01 7.704517704517704901e-01 7.753357753357753568e-01 7.789987789987790068e-01 7.851037851037850901e-01 7.863247863247863068e-01 7.912087912087911734e-01 7.912087912087911734e-01
5.920454545454545414e-01 7.556818181818182323e-01 7.852272727272727737e-01 7.909090909090908950e-01 7.965909090909091272e-01 8.022727272727272485e-01 8.034090909090909616e-01 8.068181818181817677e-01 8.125000000000000000e-01 8.125000000000000000e-01
6.037934668071653910e-01 7.513171759747102607e-01 7.787144362486828619e-01 7.860906217070600110e-01 7.987355110642782030e-01 8.029504741833508596e-01 8.061116965226554631e-01 8.092729188619599556e-01 8.124341412012644481e-01 8.134878819810326123e-01
4.888597640891219065e-01 6.487549148099607255e-01 6.906946264744430186e-01 7.064220183486238369e-01 7.155963302752293975e-01 7.169069462647443824e-01 7.221494102228047662e-01 7.234600262123197512e-01 7.260812581913499431e-01 7.260812581913499431e-01
5.844504021447720632e-01 7.104557640750670533e-01 7.211796246648793929e-01 7.265415549597855627e-01 7.305630026809651900e-01 7.359249329758713598e-01 7.372654155495979023e-01 7.426273458445040720e-01 7.426273458445040720e-01 7.439678284182306145e-01
3.272557269752220718e-03 4.628330995792426239e-02 2.800374006545114369e-01 4.782608695652174058e-01 5.451145395044413311e-01 5.675549322113137007e-01 5.745675549322113440e-01 5.773726040205703347e-01 5.815801776531088763e-01 5.853202431042543452e-01
6.568778979907264649e-03 1.329211746522411253e-01 4.439721792890262697e-01 6.070324574961359909e-01 6.418083462132920802e-01 6.588098918083462596e-01 6.657650695517773887e-01 6.696290571870170405e-01 6.750386398763523754e-01 6.796754250386398688e-01
2.757502027575020262e-02 6.326034063260341234e-02 8.029197080291970712e-02 9.651257096512570743e-02 9.975669099756691305e-02 1.021897810218978103e-01 1.038118410381184131e-01 1.078669910786699132e-01 1.078669910786699132e-01 1.086780210867802077e-01
1.216442953020134207e-02 1.484899328859060341e-01 4.299496644295301984e-01 5.494966442953019836e-01 5.822147651006711611e-01 5.989932885906040783e-01 6.036073825503355250e-01 6.086409395973154668e-01 6.145134228187919545e-01 6.182885906040268553e-01
2.038735983690112205e-02 1.850152905198776676e-01 3.914373088685015323e-01 4.826707441386340336e-01 5.010193679918450993e-01 5.137614678899082854e-01 5.188583078491335598e-01 5.229357798165137350e-01 5.275229357798164598e-01 5.316004077471967459e-01
1.951219512195122019e-01 3.804878048780487854e-01 4.731707317073170493e-01 5.365853658536585691e-01 5.707317073170731225e-01 5.999999999999999778e-01 6.097560975609755962e-01 6.195121951219512146e-01 6.439024390243902607e-01 6.634146341463414975e-01
1.056910569105691117e-01 2.520325203252032353e-01 3.008130081300813274e-01 3.089430894308943243e-01 3.170731707317073211e-01 3.170731707317073211e-01 3.252032520325203180e-01 3.333333333333333148e-01 3.414634146341463672e-01 3.577235772357723609e-01
4.672897196261682068e-02 1.121495327102803724e-01 1.495327102803738206e-01 1.495327102803738206e-01 1.495327102803738206e-01 1.495327102803738206e-01 1.495327102803738206e-01 1.495327102803738206e-01 1.495327102803738206e-01 1.495327102803738206e-01
1.086956521739130405e-02 3.260869565217391214e-02 4.347826086956521618e-02 4.347826086956521618e-02 4.347826086956521618e-02 4.347826086956521618e-02 5.434782608695652023e-02 5.434782608695652023e-02 5.434782608695652023e-02 5.434782608695652023e-02
1.123595505617977497e-02 2.247191011235954994e-02 3.370786516853932491e-02 6.741573033707864981e-02 6.741573033707864981e-02 6.741573033707864981e-02 6.741573033707864981e-02 6.741573033707864981e-02 6.741573033707864981e-02 6.741573033707864981e-02
1.651940069150979740e-02 1.217825585862466337e-01 3.999231655781790296e-01 5.789473684210526550e-01 6.012293507491356381e-01 6.123703419131770742e-01 6.196696119861697660e-01 6.262005378409527534e-01 6.315789473684210176e-01 6.377257011140990972e-01
7.759014148790506667e-03 1.574623459607485121e-01 4.094020994979461481e-01 5.253308991328160538e-01 5.376540392514833622e-01 5.476951163852121773e-01 5.522592423550890528e-01 5.540848927430397364e-01 5.600182565038794857e-01 5.613874942948425817e-01
3.719776813391196570e-03 7.501549907005579387e-02 2.938623682579045160e-01 3.626782393056416365e-01 3.682579045257284300e-01 3.750774953502790110e-01 3.812771233725976705e-01 3.862368257904525981e-01 3.924364538127712576e-01 3.955362678239305874e-01
7.492795389048990951e-03 9.913544668587896680e-02 3.273775216138328781e-01 3.930835734870317122e-01 4.034582132564841772e-01 4.092219020172910837e-01 4.126801152737752387e-01 4.178674351585014435e-01 4.242074927953890517e-01 4.253602305475504552e-01
2.974330357142856984e-01 6.124441964285713969e-01 7.293526785714286031e-01 7.536272321428570953e-01 7.661830357142856984e-01 7.731584821428570953e-01 7.776227678571429047e-01 7.834821428571429047e-01 7.873883928571429047e-01 7.907366071428570953e-01
2.707317073170731891e-01 5.487804878048780921e-01 6.536585365853658791e-01 6.829268292682927344e-01 6.975609756097560510e-01 7.219512195121950970e-01 7.292682926829268109e-01 7.365853658536585247e-01 7.414634146341463339e-01 7.463414634146341431e-01
2.500000000000000000e-01 5.364583333333333703e-01 6.067708333333333703e-01 6.510416666666666297e-01 6.692708333333333703e-01 6.796875000000000000e-01 6.901041666666666297e-01 6.979166666666666297e-01 7.005208333333333703e-01 7.109375000000000000e-01
4.545454545454545581e-02 1.785714285714285754e-01 3.441558441558441594e-01 4.480519480519480346e-01 4.870129870129870087e-01 5.097402597402597157e-01 5.194805194805194315e-01 5.259740259740259827e-01 5.259740259740259827e-01 5.324675324675324228e-01
4.032258064516128920e-02 1.854838709677419373e-01 3.467741935483871218e-01 4.153225806451613100e-01 4.233870967741935609e-01 4.274193548387096864e-01 4.314516129032258118e-01 4.395161290322580627e-01 4.395161290322580627e-01 4.395161290322580627e-01
7.073954983922829676e-02 2.540192926045016231e-01 4.405144694533761895e-01 4.887459807073954998e-01 4.983922829581993730e-01 5.016077170418006270e-01 5.048231511254018811e-01 5.112540192926045002e-01 5.144694533762057542e-01 5.176848874598071193e-01
7.005141388174807027e-01 8.701799485861182459e-01 8.907455012853470189e-01 8.984575835475578920e-01 9.023136246786632730e-01 9.087403598971722785e-01 9.087403598971722785e-01 9.100257069408740351e-01 9.100257069408740351e-01 9.113110539845757918e-01
5.046153846153845768e-01 7.492307692307692557e-01 7.969230769230769562e-01 8.076923076923077094e-01 8.107692307692307976e-01 8.138461538461538858e-01 8.153846153846153744e-01 8.169230769230769740e-01 8.199999999999999512e-01 8.246153846153846390e-01
2.631578947368420907e-01 6.297640653357531315e-01 7.114337568058076711e-01 7.241379310344827624e-01 7.295825771324864206e-01 7.368421052631578538e-01 7.422867513611615120e-01 7.441016333938293981e-01 7.441016333938293981e-01 7.495462794918330562e-01
1.855468750000000000e-01 5.664062500000000000e-01 7.011718750000000000e-01 7.050781250000000000e-01 7.089843750000000000e-01 7.187500000000000000e-01 7.226562500000000000e-01 7.265625000000000000e-01 7.324218750000000000e-01 7.343750000000000000e-01
1.802575107296137402e-01 5.300429184549356743e-01 6.244635193133046824e-01 6.373390557939914158e-01 6.394849785407725751e-01 6.480686695278969900e-01 6.502145922746781492e-01 6.523605150214591974e-01 6.587982832618025641e-01 6.587982832618025641e-01
3.995433789954337678e-02 1.255707762557077556e-01 1.872146118721461083e-01 2.317351598173515992e-01 2.454337899543378998e-01 2.682648401826484008e-01 2.853881278538812905e-01 2.945205479452054909e-01 3.002283105022831022e-01 3.036529680365296913e-01
0.000000000000000000e+00 0.000000000000000000e+00 0.000000000000000000e+00 1.233045622688039474e-03 4.932182490752157894e-03 8.631319358816275447e-03 1.233045622688039474e-02 1.356350184956843334e-02 2.959309494451294736e-02 5.302096177558569823e-02
0.000000000000000000e+00 0.000000000000000000e+00 1.069518716577540132e-03 1.069518716577540132e-03 1.069518716577540132e-03 1.069518716577540132e-03 3.208556149732620395e-03 8.556149732620321052e-03 2.245989304812834320e-02 7.593582887700535411e-02
0.000000000000000000e+00 1.939393939393939392e-02 6.666666666666666574e-02 1.345454545454545514e-01 1.442424242424242553e-01 1.636363636363636354e-01 1.709090909090908994e-01 1.721212121212121193e-01 1.769696969696969713e-01 1.830303030303030432e-01
3.631961259079903321e-03 9.685230024213075523e-03 5.447941888619854678e-02 1.622276029055690072e-01 1.864406779661016977e-01 2.058111380145278557e-01 2.167070217917675679e-01 2.215496368038741004e-01 2.300242130750605463e-01 2.360774818401936981e-01
4.312114989733059622e-01 6.119096509240246062e-01 6.632443531827515448e-01 6.878850102669404887e-01 6.960985626283368033e-01 7.043121149897330069e-01 7.125256673511293215e-01 7.125256673511293215e-01 7.145790554414784834e-01 7.166324435318275343e-01
5.022727272727273151e-01 6.636363636363636909e-01 7.068181818181817899e-01 7.181818181818181435e-01 7.227272727272727737e-01 7.249999999999999778e-01 7.295454545454544970e-01 7.295454545454544970e-01 7.295454545454544970e-01 7.295454545454544970e-01
4.722222222222222099e-01 6.329365079365079083e-01 6.944444444444444198e-01 7.063492063492063933e-01 7.162698412698412787e-01 7.162698412698412787e-01 7.261904761904761640e-01 7.281746031746031411e-01 7.281746031746031411e-01 7.281746031746031411e-01
5.230460921843687050e-01 6.973947895791583473e-01 7.414829659318636912e-01 7.575150300601202202e-01 7.715430861723446831e-01 7.755511022044088154e-01 7.795591182364729477e-01 7.875751503006012122e-01 7.875751503006012122e-01 7.935871743486974106e-01
4.749999999999999778e-01 6.250000000000000000e-01 6.729166666666667185e-01 6.916666666666666519e-01 6.999999999999999556e-01 7.104166666666666963e-01 7.166666666666666741e-01 7.249999999999999778e-01 7.291666666666666297e-01 7.333333333333332815e-01
1.101928374655647414e-02 2.754820936639118534e-02 3.305785123966942241e-02 3.856749311294765947e-02 3.856749311294765947e-02 3.856749311294765947e-02 3.856749311294765947e-02 3.856749311294765947e-02 3.856749311294765947e-02 3.856749311294765947e-02
9.900990099009901110e-03 9.900990099009901110e-03 9.900990099009901110e-03 9.900990099009901110e-03 9.900990099009901110e-03 9.900990099009901110e-03 9.900990099009901110e-03 9.900990099009901110e-03 9.900990099009901110e-03 9.900990099009901110e-03
0.000000000000000000e+00 8.450704225352111826e-03 8.450704225352111826e-03 8.450704225352111826e-03 8.450704225352111826e-03 8.450704225352111826e-03 8.450704225352111826e-03 8.450704225352111826e-03 8.450704225352111826e-03 8.450704225352111826e-03
6.472491909385113575e-03 1.294498381877022715e-02 1.618122977346278177e-02 2.588996763754045430e-02 2.588996763754045430e-02 2.588996763754045430e-02 2.912621359223301065e-02 2.912621359223301065e-02 2.912621359223301065e-02 2.912621359223301065e-02
7.117437722419928461e-03 2.135231316725978712e-02 2.491103202846975048e-02 3.202846975088968068e-02 3.202846975088968068e-02 3.202846975088968068e-02 3.202846975088968068e-02 3.202846975088968068e-02 3.202846975088968068e-02 3.202846975088968068e-02
1.969981238273921242e-01 4.146341463414633943e-01 4.934333958724202440e-01 5.253283302063790350e-01 5.497185741088179700e-01 5.534709193245778147e-01 5.590994371482176373e-01 5.684803001876173045e-01 5.853658536585365502e-01 5.928705440900562396e-01
2.048417132216014958e-01 4.152700186219739353e-01 5.065176908752327956e-01 5.474860335195530503e-01 5.679702048417132332e-01 5.828677839851024167e-01 5.884543761638734161e-01 5.959031657355680078e-01 5.996275605214153037e-01 6.052141527001861920e-01
1.252609603340292255e-01 2.985386221294363263e-01 3.716075156576200689e-01 3.987473903966596844e-01 4.196242171189978887e-01 4.217118997912317480e-01 4.321503131524008223e-01 4.425887265135699522e-01 4.530271398747390266e-01 4.551148225469728859e-01
8.212560386473430341e-02 2.125603864734299520e-01 2.753623188405797118e-01 3.091787439613526423e-01 3.236714975845410569e-01 3.260869565217391353e-01 3.260869565217391353e-01 3.285024154589372136e-01 3.309178743961352920e-01 3.333333333333333148e-01
1.246458923512747813e-01 2.294617563739376753e-01 3.002832861189801972e-01 3.229461756373937509e-01 3.257790368271954451e-01 3.257790368271954451e-01 3.257790368271954451e-01 3.286118980169971948e-01 3.314447592067988890e-01 3.342776203966005832e-01
3.227436823104692931e-01 6.036101083032491266e-01 6.722021660649819541e-01 6.909747292418773057e-01 7.010830324909747002e-01 7.039711191335740192e-01 7.090252707581227165e-01 7.104693140794223760e-01 7.126353790613718653e-01 7.155234657039710733e-01
4.931700423928403465e-01 7.682524729156853249e-01 8.266603862458784535e-01 8.365520489872821930e-01 8.398492699010833284e-01 8.436175223739990070e-01 8.459726801695713894e-01 8.469147432878002535e-01 8.478568064060292286e-01 8.483278379651436607e-01
4.927234927234927508e-01 7.448024948024948300e-01 7.884615384615384359e-01 7.998960498960498988e-01 8.045738045738045630e-01 8.061330561330560807e-01 8.087318087318087212e-01 8.087318087318087212e-01 8.092515592515592271e-01 8.097713097713097330e-01
2.124670763827919140e-01 4.978050921861281730e-01 6.163301141352063306e-01 6.365232660228270500e-01 6.461808604038630222e-01 6.549604916593503301e-01 6.593503072870939841e-01 6.628621597892888628e-01 6.637401229148375270e-01 6.646180860403863022e-01
4.907161803713527837e-02 2.526525198938991967e-01 5.364721485411140245e-01 6.810344827586206629e-01 7.022546419098143478e-01 7.108753315649867233e-01 7.175066312997347984e-01 7.194960212201590988e-01 7.221485411140583510e-01 7.241379310344827624e-01
4.132173913043478142e-01 6.288695652173913464e-01 6.841739130434782989e-01 7.102608695652173898e-01 7.189565217391303831e-01 7.245217391304348276e-01 7.286956521739130777e-01 7.359999999999999876e-01 7.384347826086956612e-01 7.412173913043478279e-01
2.473118279569892497e-01 3.997469955724224921e-01 4.503478810879190108e-01 4.750158127767236116e-01 4.826059456040480700e-01 4.920936116382036429e-01 4.971537001897533004e-01 5.041113219481341279e-01 5.091714104996837298e-01 5.110689437065148999e-01
1.161616161616161602e-01 1.919191919191919060e-01 2.171717171717171824e-01 2.303030303030303150e-01 2.363636363636363591e-01 2.393939393939393812e-01 2.424242424242424310e-01 2.454545454545454530e-01 2.464646464646464696e-01 2.464646464646464696e-01
3.139590281086231394e-01 5.073844687946641452e-01 5.702715578847069589e-01 5.959980943306336654e-01 6.040971891376846203e-01 6.107670319199618447e-01 6.164840400190566561e-01 6.188661267270129107e-01 6.212482134349690543e-01 6.231538828013339915e-01
1.678082191780821963e-01 3.130136986301370050e-01 3.794520547945205435e-01 4.027397260273972712e-01 4.191780821917808209e-01 4.226027397260274099e-01 4.267123287671232834e-01 4.280821917808219079e-01 4.321917808219177815e-01 4.363013698630137105e-01
1.221747098350641457e-03 2.810018326206475264e-02 2.706169822846670736e-01 4.838118509468540274e-01 5.748320097739767487e-01 5.913255956017104964e-01 5.956017104459376821e-01 6.017104459376908521e-01 6.084300549786194612e-01 6.169822846670739436e-01
1.799640071985602946e-03 8.398320335932813602e-03 1.277744451109777968e-01 3.923215356928614339e-01 5.248950209958008761e-01 5.632873425314937066e-01 5.758848230353929010e-01 5.800839832033592991e-01 5.854829034193161919e-01 5.896820635872825900e-01
7.627765064836003429e-04 3.813882532418001389e-03 3.890160183066361521e-02 2.379862700228833061e-01 3.974065598779557562e-01 4.607170099160945997e-01 4.713958810068649696e-01 4.805491990846681993e-01 4.866514111365369821e-01 4.927536231884058204e-01
1.151271753681392257e-01 3.788487282463186001e-01 4.852744310575635711e-01 5.093708165997322679e-01 5.174029451137884816e-01 5.200803212851405899e-01 5.227576974564925871e-01 5.281124497991968036e-01 5.321285140562248550e-01 5.334672021419009091e-01
5.770816158285243212e-03 8.656224237427864732e-02 2.522671063478977849e-01 3.421269579554822582e-01 3.668590272052761891e-01 3.751030502885407958e-01 3.849958779884583571e-01 3.858202802967848344e-01 3.932399010717230192e-01 3.981863149216817721e-01
4.287812041116005890e-01 6.857562408223201178e-01 7.738619676945668324e-01 7.944199706314243326e-01 7.958883994126284556e-01 7.973568281938325786e-01 7.988252569750367016e-01 8.017621145374449476e-01 8.017621145374449476e-01 8.017621145374449476e-01
3.965517241379310498e-01 6.738505747126436463e-01 7.614942528735632044e-01 7.816091954022988952e-01 7.859195402298850830e-01 7.931034482758620996e-01 7.931034482758620996e-01 7.988505747126436463e-01 8.002873563218391162e-01 8.002873563218391162e-01
8.114558472553699831e-02 3.412887828162290971e-01 4.821002386634845038e-01 5.202863961813842808e-01 5.322195704057278709e-01 5.346062052505966555e-01 5.393794749403341138e-01 5.393794749403341138e-01 5.417661097852028984e-01 5.417661097852028984e-01
8.431703204047218125e-02 4.232715008431703341e-01 6.593591905564923916e-01 7.015177065767285169e-01 7.150084317032040504e-01 7.166947723440134643e-01 7.251264755480607560e-01 7.284991568296795839e-01 7.318718381112985227e-01 7.335581787521079367e-01
6.315789473684210384e-03 1.136842105263157904e-01 2.968421052631579071e-01 4.505263157894736636e-01 4.673684210526315996e-01 4.694736842105263208e-01 4.736842105263157632e-01 4.736842105263157632e-01 4.757894736842105399e-01 4.821052631578947589e-01
3.915441176470588203e-01 6.810661764705882026e-01 7.693014705882352811e-01 7.840073529411765163e-01 7.904411764705882026e-01 7.968750000000000000e-01 8.033088235294117974e-01 8.033088235294117974e-01 8.051470588235294379e-01 8.060661764705882026e-01
2.675709001233045892e-01 5.598027127003699643e-01 6.646115906288532216e-01 6.880394574599260071e-01 7.028360049321824565e-01 7.077681874229346803e-01 7.127003699136867931e-01 7.139334155363747936e-01 7.163995067817509055e-01 7.213316892725031293e-01
1.374819102749638144e-01 4.153400868306801885e-01 5.774240231548480873e-01 6.136034732272069858e-01 6.237337192474674552e-01 6.309696092619392349e-01 6.396526772793053039e-01 6.454413892908827943e-01 6.512301013024601737e-01 6.541244573082488634e-01
1.069692058346839586e-01 3.630470016207455464e-01 4.878444084278767967e-01 5.121555915721232033e-01 5.186385737439221932e-01 5.235008103727715190e-01 5.316045380875202842e-01 5.364667747163694989e-01 5.380875202593192741e-01 5.429497568881685998e-01
8.851224105461392988e-02 2.824858757062146952e-01 3.954802259887005844e-01 4.256120527306967993e-01 4.331450094161958808e-01 4.350282485875706096e-01 4.444444444444444198e-01 4.538606403013182855e-01 4.576271186440677985e-01 4.632768361581920957e-01
4.235395189003436367e-01 6.743986254295533112e-01 7.517182130584192379e-01 7.792096219931271550e-01 7.843642611683848687e-01 7.912371134020618202e-01 7.989690721649485017e-01 8.049828178694158343e-01 8.049828178694158343e-01 8.049828178694158343e-01
4.154676258992806015e-01 6.591726618705036067e-01 7.284172661870503829e-01 7.526978417266186883e-01 7.643884892086331151e-01 7.733812949640287426e-01 7.805755395683453557e-01 7.841726618705036067e-01 7.868705035971222950e-01 7.886690647482014205e-01
4.076999012833169012e-01 6.298124383020730077e-01 7.137216189536031985e-01 7.334649555774925833e-01 7.423494570582428453e-01 7.462981243830206779e-01 7.502467917077986215e-01 7.551826258637709399e-01 7.571569595261599117e-01 7.581441263573543976e-01
3.957219251336898669e-01 5.882352941176470784e-01 6.673796791443850074e-01 6.919786096256684838e-01 7.005347593582887944e-01 7.016042780748663610e-01 7.090909090909091050e-01 7.155080213903742825e-01 7.187165775401069823e-01 7.208556149732620044e-01
3.280487804878048919e-01 5.329268292682927122e-01 5.999999999999999778e-01 6.341463414634146423e-01 6.487804878048780699e-01 6.524390243902439268e-01 6.573170731707317360e-01 6.585365853658536883e-01 6.609756097560975929e-01 6.658536585365854021e-01
1.802853437094682210e-01 4.111543450064850669e-01 5.175097276264591928e-01 5.499351491569390848e-01 5.667963683527885710e-01 5.745784695201037184e-01 5.823605706874189769e-01 5.836575875486381682e-01 5.875486381322957419e-01 5.901426718547341244e-01
8.934337997847147106e-02 4.273412271259418582e-01 6.361679224973089131e-01 6.803013993541442428e-01 6.953713670613562714e-01 6.996770721205597399e-01 7.050592034445640754e-01 7.072120559741658097e-01 7.125941872981700342e-01 7.125941872981700342e-01
9.450549450549450281e-02 4.890109890109889945e-01 6.956043956043955756e-01 7.296703296703296315e-01 7.362637362637363125e-01 7.428571428571428825e-01 7.439560439560439775e-01 7.439560439560439775e-01 7.450549450549450725e-01 7.494505494505494525e-01
4.844961240310077799e-02 2.248062015503876077e-01 3.430232558139534871e-01 3.798449612403100861e-01 3.875968992248062239e-01 3.875968992248062239e-01 3.914728682170542373e-01 3.934108527131782718e-01 3.934108527131782718e-01 3.953488372093023062e-01
5.449189985272459569e-02 3.195876288659793563e-01 5.567010309278350721e-01 5.994108983799705248e-01 6.097201767304860631e-01 6.156111929307805930e-01 6.215022091310751229e-01 6.259204712812960203e-01 6.273932253313696528e-01 6.318114874815905502e-01
1.651940069150979740e-02 1.217825585862466337e-01 3.999231655781790296e-01 5.789473684210526550e-01 6.012293507491356381e-01 6.123703419131770742e-01 6.196696119861697660e-01 6.262005378409527534e-01 6.315789473684210176e-01 6.377257011140990972e-01
7.759014148790506667e-03 1.574623459607485121e-01 4.094020994979461481e-01 5.253308991328160538e-01 5.376540392514833622e-01 5.476951163852121773e-01 5.522592423550890528e-01 5.540848927430397364e-01 5.600182565038794857e-01 5.613874942948425817e-01
3.719776813391196570e-03 7.501549907005579387e-02 2.938623682579045160e-01 3.626782393056416365e-01 3.682579045257284300e-01 3.750774953502790110e-01 3.812771233725976705e-01 3.862368257904525981e-01 3.924364538127712576e-01 3.955362678239305874e-01
7.492795389048990951e-03 9.913544668587896680e-02 3.273775216138328781e-01 3.930835734870317122e-01 4.034582132564841772e-01 4.092219020172910837e-01 4.126801152737752387e-01 4.178674351585014435e-01 4.242074927953890517e-01 4.253602305475504552e-01
2.974330357142856984e-01 6.124441964285713969e-01 7.293526785714286031e-01 7.536272321428570953e-01 7.661830357142856984e-01 7.731584821428570953e-01 7.776227678571429047e-01 7.834821428571429047e-01 7.873883928571429047e-01 7.907366071428570953e-01
2.509410288582183002e-03 5.018820577164366005e-03 1.882057716436637274e-02 8.782936010037641072e-02 1.204516938519447911e-01 1.229611041405269806e-01 1.229611041405269806e-01 1.229611041405269806e-01 1.229611041405269806e-01 1.242158092848180684e-01
0.000000000000000000e+00 6.376195536663123963e-03 3.400637619553666113e-02 1.222104144527098868e-01 1.657810839532412317e-01 1.891604675876726871e-01 1.976620616365568628e-01 2.008501594048884287e-01 2.082890541976620546e-01 2.093517534537725766e-01
0.000000000000000000e+00 0.000000000000000000e+00 9.060022650056625756e-03 9.739524348810872645e-02 1.472253680634201534e-01 1.642129105322763238e-01 1.676104190260475635e-01 1.687429218573046341e-01 1.698754246885617325e-01 1.721404303510758738e-01
8.510638297872340349e-04 3.404255319148936140e-03 4.851063829787233966e-02 2.561702127659574724e-01 3.863829787234042690e-01 4.195744680851064001e-01 4.229787234042552968e-01 4.263829787234042490e-01 4.297872340425532012e-01 4.306382978723404253e-01
0.000000000000000000e+00 0.000000000000000000e+00 0.000000000000000000e+00 2.389486260454002243e-03 4.540023894862604825e-02 9.677419354838709409e-02 1.302270011947431194e-01 1.409796893667861484e-01 1.409796893667861484e-01 1.445639187574671580e-01
5.623376623376623584e-01 8.090909090909090828e-01 8.857142857142856762e-01 9.051948051948052187e-01 9.103896103896104153e-01 9.194805194805194537e-01 9.246753246753246502e-01 9.298701298701298468e-01 9.298701298701298468e-01 9.298701298701298468e-01
4.661764705882353033e-01 7.352941176470588758e-01 8.132352941176470562e-01 8.573529411764705399e-01 8.735294117647058876e-01 8.764705882352941124e-01 8.779411764705882248e-01 8.779411764705882248e-01 8.794117647058823373e-01 8.911764705882353477e-01
3.910386965376781987e-01 6.761710794297352001e-01 7.657841140529531021e-01 7.942973523421588133e-01 8.024439918533604610e-01 8.065173116089613403e-01 8.105906313645621086e-01 8.146639511201629880e-01 8.146639511201629880e-01 8.207739307535641959e-01
2.084507042253521125e-01 5.098591549295774517e-01 5.999999999999999778e-01 6.366197183098591950e-01 6.450704225352112964e-01 6.507042253521126973e-01 6.507042253521126973e-01 6.535211267605633978e-01 6.535211267605633978e-01 6.535211267605633978e-01
9.170305676855895760e-02 3.144104803493449896e-01 3.973799126637554413e-01 4.366812227074235997e-01 4.366812227074235997e-01 4.366812227074235997e-01 4.366812227074235997e-01 4.366812227074235997e-01 4.497816593886462821e-01 4.497816593886462821e-01
8.540925266903914848e-02 2.953736654804270390e-01 3.665480427046263201e-01 4.021352313167259607e-01 4.163701067615658280e-01 4.306049822064056953e-01 4.306049822064056953e-01 4.306049822064056953e-01 4.306049822064056953e-01 4.341637010676156483e-01
0.000000000000000000e+00 0.000000000000000000e+00 0.000000000000000000e+00 7.116104868913857018e-02 2.097378277153558179e-01 3.183520599250936334e-01 3.333333333333333148e-01 3.445692883895131176e-01 3.483146067415730518e-01 3.558052434456928648e-01
2.666666666666666630e-01 5.701149425287356243e-01 6.850574712643677788e-01 7.034482758620689280e-01 7.172413793103448176e-01 7.356321839080459668e-01 7.402298850574712263e-01 7.402298850574712263e-01 7.425287356321839116e-01 7.471264367816091712e-01
4.642857142857143016e-02 2.714285714285714080e-01 3.714285714285714413e-01 4.071428571428571397e-01 4.071428571428571397e-01 4.071428571428571397e-01 4.071428571428571397e-01 4.107142857142856984e-01 4.107142857142856984e-01 4.107142857142856984e-01
5.571030640668523694e-03 1.002785515320334248e-01 3.036211699164345634e-01 4.791086350974930186e-01 4.986072423398328901e-01 5.125348189415042111e-01 5.125348189415042111e-01 5.181058495821726506e-01 5.181058495821726506e-01 5.236768802228412012e-01
5.346912794398471780e-01 7.708465945257797491e-01 8.453214513049013279e-01 8.650541056651813721e-01 8.746021642266073037e-01 8.809675366008911102e-01 8.847867600254615272e-01 8.873329089751750276e-01 8.879694462126034304e-01 8.892425206874602361e-01
3.183183183183183051e-01 5.355355355355355673e-01 5.975975975975975629e-01 6.306306306306306286e-01 6.456456456456456383e-01 6.526526526526525984e-01 6.566566566566566232e-01 6.586586586586586911e-01 6.596596596596596696e-01 6.606606606606606480e-01
3.123791102514506535e-01 5.570599613152804608e-01 6.286266924564797298e-01 6.624758220502900974e-01 6.711798839458413823e-01 6.885880077369439523e-01 6.943907156673113645e-01 6.992263056092843376e-01 7.011605415860735491e-01 7.040618955512571997e-01
9.612141652613827303e-02 1.753794266441821292e-01 2.175379426644181990e-01 2.428330522765598520e-01 2.512647554806070604e-01 2.596964586846542966e-01 2.664418212478920633e-01 2.681281618887015328e-01 2.681281618887015328e-01 2.731871838111298301e-01
8.118081180811807795e-02 1.549815498154981652e-01 1.808118081180811743e-01 2.029520295202952018e-01 2.066420664206642110e-01 2.140221402214022017e-01 2.195571955719557156e-01 2.306273062730627432e-01 2.306273062730627432e-01 2.324723247232472201e-01
1.266233766233766100e-01 2.824675324675324783e-01 3.409090909090908839e-01 3.636363636363636465e-01 3.733766233766233622e-01 3.733766233766233622e-01 3.766233766233766378e-01 3.798701298701298579e-01 3.798701298701298579e-01 3.798701298701298579e-01
1.019108280254777121e-01 2.643312101910827994e-01 3.184713375796178192e-01 3.343949044585987074e-01 3.471337579617834179e-01 3.535031847133757732e-01 3.535031847133757732e-01 3.535031847133757732e-01 3.566878980891719508e-01 3.566878980891719508e-01
1.032448377581120930e-01 2.418879056047197607e-01 3.126843657817109379e-01 3.333333333333333148e-01 3.362831858407079877e-01 3.421828908554572224e-01 3.480825958702065126e-01 3.480825958702065126e-01 3.539823008849557473e-01 3.539823008849557473e-01
3.464337700145560528e-01 6.113537117903929952e-01 7.016011644832605976e-01 7.321688500727802085e-01 7.423580786026200418e-01 7.554585152838427797e-01 7.583697234352255734e-01 7.598253275109170257e-01 7.627365356622998194e-01 7.627365356622998194e-01
1.125000000000000028e-01 2.406250000000000056e-01 3.250000000000000111e-01 3.593750000000000000e-01 3.750000000000000000e-01 3.812499999999999778e-01 3.875000000000000111e-01 3.875000000000000111e-01 3.906250000000000000e-01 3.968749999999999778e-01
4.624697336561743310e-01 7.158999192897498309e-01 7.707828894269572739e-01 7.812752219531881037e-01 7.861178369652945808e-01 7.909604519774011688e-01 7.925746569814365872e-01 7.974172719935431752e-01 8.006456820016142339e-01 8.046811945117029463e-01
3.007135575942915251e-01 5.423037716615698445e-01 6.248725790010193348e-01 6.432212028542303450e-01 6.493374108053007188e-01 6.595310907237512676e-01 6.687054026503568283e-01 6.727828746177370034e-01 6.768603465851171785e-01 6.778797145769622778e-01
1.868421052631578927e-01 3.184210526315789380e-01 3.697368421052631415e-01 4.000000000000000222e-01 4.118421052631578982e-01 4.210526315789473450e-01 4.263157894736842035e-01 4.276315789473684181e-01 4.342105263157894912e-01 4.381578947368420796e-01
1.749644381223328660e-01 3.100995732574680086e-01 4.025604551920341501e-01 4.352773826458036788e-01 4.537695590327169293e-01 4.623044096728307073e-01 4.679943100995732630e-01 4.765291607396870410e-01 4.864864864864865135e-01 4.921763869132290137e-01
1.724617524339360219e-01 3.268428372739916599e-01 4.075104311543810698e-01 4.422809457579972015e-01 4.575799721835883127e-01 4.700973574408901512e-01 4.826147426981919342e-01 4.923504867872044444e-01 4.923504867872044444e-01 5.006954102920723182e-01
4.249999999999999889e-01 6.704545454545454142e-01 7.377272727272726760e-01 7.554545454545454897e-01 7.604545454545454941e-01 7.672727272727272174e-01 7.700000000000000178e-01 7.718181818181818477e-01 7.763636363636363669e-01 7.809090909090908861e-01
2.793696275071633206e-01 4.677650429799427023e-01 5.329512893982808475e-01 5.623209169054441681e-01 5.716332378223495381e-01 5.787965616045844808e-01 5.823782234957020076e-01 5.881088825214899618e-01 6.010028653295128587e-01 6.074498567335243626e-01
1.270661157024793320e-01 2.407024793388429784e-01 2.737603305785124008e-01 2.861570247933884481e-01 2.954545454545454697e-01 2.995867768595041336e-01 3.047520661157024913e-01 3.078512396694214615e-01 3.109504132231404872e-01 3.161157024793388448e-01
1.971563981042654123e-01 3.336492890995260696e-01 4.037914691943128020e-01 4.208530805687203946e-01 4.265402843601895921e-01 4.293838862559241631e-01 4.341232227488151518e-01 4.379146919431279872e-01 4.388625592417061405e-01 4.407582938388625582e-01
1.035242290748898675e-01 1.872246696035242408e-01 2.411894273127753174e-01 2.676211453744493651e-01 2.731277533039647709e-01 2.808370044052863612e-01 2.863436123348017670e-01 2.896475770925109883e-01 2.918502202643171728e-01 2.929515418502202651e-01
2.774741955069823796e-01 6.624165148755312149e-01 8.032786885245901676e-01 8.318154219793564286e-01 8.366727383120825534e-01 8.397085610200364370e-01 8.397085610200364370e-01 8.403157255616271470e-01 8.403157255616271470e-01 8.403157255616271470e-01
1.062801932367149760e-01 3.852657004830917775e-01 5.241545893719806726e-01 5.724637681159420177e-01 5.760869565217391353e-01 5.809178743961352920e-01 5.809178743961352920e-01 5.809178743961352920e-01 5.809178743961352920e-01 5.821256038647343312e-01
5.678233438485804502e-02 2.208201892744479367e-01 3.170347003154574406e-01 3.517350157728706406e-01 3.643533123028391274e-01 3.706624605678233708e-01 3.706624605678233708e-01 3.706624605678233708e-01 3.706624605678233708e-01 3.722397476340694178e-01
2.631578947368420907e-02 1.093117408906882637e-01 1.497975708502024272e-01 1.558704453441295545e-01 1.599190283400809820e-01 1.619433198380566818e-01 1.639676113360323817e-01 1.659919028340081093e-01 1.659919028340081093e-01 1.659919028340081093e-01
5.928853754940711061e-03 2.766798418972332002e-02 4.940711462450592811e-02 4.940711462450592811e-02 5.138339920948616774e-02 5.138339920948616774e-02 5.335968379446640042e-02 5.335968379446640042e-02 5.335968379446640042e-02 5.335968379446640042e-02
