2.214765100671141074e-01 5.615212527964206224e-01 6.823266219239373376e-01 7.382550335570470246e-01 7.449664429530201692e-01 7.539149888143176215e-01 7.628635346756151847e-01 7.673378076062640218e-01 7.785234899328858926e-01 7.874720357941834559e-01
2.919708029197080196e-02 8.029197080291970712e-02 1.167883211678832078e-01 1.824817518248175174e-01 2.043795620437956206e-01 2.262773722627737238e-01 2.481751824817518270e-01 2.627737226277372384e-01 2.627737226277372384e-01 2.992700729927007530e-01
1.639344262295082053e-02 4.918032786885245811e-02 1.311475409836065642e-01 1.475409836065573743e-01 1.639344262295081844e-01 1.639344262295081844e-01 1.639344262295081844e-01 1.803278688524590223e-01 1.803278688524590223e-01 1.803278688524590223e-01
4.123711340206185488e-02 9.278350515463917869e-02 1.134020618556701027e-01 1.443298969072164817e-01 1.443298969072164817e-01 1.443298969072164817e-01 1.443298969072164817e-01 1.443298969072164817e-01 1.443298969072164817e-01 1.546391752577319645e-01
5.555555555555555247e-02 1.666666666666666574e-01 2.222222222222222099e-01 2.777777777777777901e-01 2.777777777777777901e-01 2.777777777777777901e-01 3.055555555555555802e-01 3.055555555555555802e-01 3.055555555555555802e-01 3.055555555555555802e-01
4.284232365145227983e-01 6.763485477178423633e-01 7.406639004149377925e-01 7.541493775933609811e-01 7.676348547717842807e-01 7.728215767634855071e-01 7.811203319502074693e-01 7.914937759336099221e-01 7.987551867219917501e-01 8.049792531120332217e-01
4.339622641509434109e-01 6.775300171526587034e-01 7.307032590051457666e-01 7.375643224699828249e-01 7.444253859348198832e-01 7.478559176672384678e-01 7.530017152658662338e-01 7.598627787307032921e-01 7.615780445969124735e-01 7.684391080617495318e-01
1.104972375690607689e-02 4.972375690607734600e-02 1.602209944751381288e-01 3.038674033149171283e-01 4.585635359116022047e-01 5.469613259668508753e-01 5.690607734806629736e-01 5.801104972375690227e-01 5.856353591160220473e-01 5.966850828729282075e-01
1.282051282051281937e-01 3.205128205128205399e-01 4.145299145299145560e-01 4.615384615384615641e-01 4.700854700854700807e-01 4.871794871794871695e-01 4.957264957264957417e-01 5.042735042735042583e-01 5.128205128205127750e-01 5.170940170940171443e-01
1.615271659324522824e-01 3.906020558002936682e-01 5.389133627019089268e-01 6.255506607929515184e-01 6.417033773861967605e-01 6.622613803230543716e-01 6.769456681350954907e-01 6.872246696035242408e-01 7.033773861967694829e-01 7.151248164464023560e-01
5.179856115107913661e-01 7.769784172661871047e-01 8.561151079136690711e-01 8.776978417266186883e-01 8.776978417266186883e-01 8.776978417266186883e-01 8.776978417266186883e-01 8.776978417266186883e-01 8.776978417266186883e-01 8.776978417266186883e-01
5.473684210526316152e-01 7.368421052631578538e-01 8.000000000000000444e-01 8.526315789473684070e-01 8.526315789473684070e-01 8.526315789473684070e-01 8.526315789473684070e-01 8.526315789473684070e-01 8.526315789473684070e-01 8.526315789473684070e-01
4.500000000000000111e-01 7.099999999999999645e-01 7.600000000000000089e-01 8.199999999999999512e-01 8.199999999999999512e-01 8.199999999999999512e-01 8.299999999999999600e-01 8.299999999999999600e-01 8.299999999999999600e-01 8.299999999999999600e-01
3.684210526315789269e-01 7.368421052631578538e-01 7.789473684210526105e-01 8.105263157894736503e-01 8.210526315789473673e-01 8.210526315789473673e-01 8.210526315789473673e-01 8.210526315789473673e-01 8.210526315789473673e-01 8.210526315789473673e-01
5.312500000000000000e-01 7.656250000000000000e-01 7.968750000000000000e-01 8.437500000000000000e-01 8.437500000000000000e-01 8.437500000000000000e-01 8.437500000000000000e-01 8.593750000000000000e-01 8.593750000000000000e-01 8.593750000000000000e-01
5.714285714285713969e-01 7.376623376623376860e-01 7.584415584415584721e-01 7.610389610389610704e-01 7.636363636363636687e-01 7.662337662337662669e-01 7.740259740259740617e-01 7.792207792207792583e-01 7.792207792207792583e-01 7.870129870129870531e-01
6.609294320137694134e-01 8.175559380378657481e-01 8.450946643717728302e-01 8.519793459552496007e-01 8.537005163511187655e-01 8.588640275387263712e-01 8.588640275387263712e-01 8.605851979345955360e-01 8.709122203098106363e-01 8.726333907056799122e-01
6.505190311418684868e-01 8.529411764705882026e-01 8.771626297577854725e-01 8.806228373702421619e-01 8.840830449826989623e-01 8.875432525951557627e-01 8.910034602076124521e-01 8.910034602076124521e-01 8.927335640138408523e-01 8.961937716262975417e-01
6.742424242424241987e-01 8.545454545454544970e-01 8.742424242424242653e-01 8.787878787878787845e-01 8.803030303030302539e-01 8.833333333333333037e-01 8.924242424242424532e-01 8.954545454545455030e-01 8.984848484848484418e-01 9.000000000000000222e-01
6.086175942549371110e-01 7.701974865350089683e-01 7.791741472172352134e-01 7.881508078994613475e-01 7.899461400359066854e-01 7.899461400359066854e-01 7.971274685816875927e-01 8.007181328545780463e-01 8.025134649910233842e-01 8.025134649910233842e-01
3.599999999999999867e-01 6.194117647058823284e-01 6.923529411764706154e-01 7.299999999999999822e-01 7.411764705882353255e-01 7.476470588235294423e-01 7.576470588235294512e-01 7.652941176470587914e-01 7.776470588235293580e-01 7.829411764705882515e-01
2.433206106870229035e-01 4.790076335877862523e-01 5.820610687022901297e-01 6.316793893129770687e-01 6.488549618320610390e-01 6.593511450381679406e-01 6.622137404580152875e-01 6.746183206106870500e-01 6.832061068702289797e-01 6.908396946564885344e-01
2.314730100640439159e-01 4.281793229643183762e-01 5.306495882891125726e-01 5.800548947849953896e-01 6.139066788655077600e-01 6.322049405306495728e-01 6.459286367795059602e-01 6.569075937785909813e-01 6.706312900274473687e-01 6.852698993595608412e-01
6.507592190889370520e-02 1.475054229934923966e-01 2.104121475054230028e-01 2.451193058568329752e-01 2.624728850325379614e-01 2.863340563991323418e-01 3.058568329718004408e-01 3.232104121475053993e-01 3.427331887201735539e-01 3.427331887201735539e-01
5.938242280285035285e-02 1.543942992874109132e-01 2.209026128266033118e-01 2.517814726840855166e-01 2.755344418052256272e-01 2.921615201900237269e-01 2.969121140142517712e-01 3.159144893111638930e-01 3.206650831353919373e-01 3.254156769596199261e-01
1.737861501724595470e-01 4.656407535155213662e-01 6.245688511541522825e-01 6.680817192889360046e-01 6.906341204563544167e-01 7.107986203236933420e-01 7.256566728575218894e-01 7.370655346245688078e-01 7.479437516582647660e-01 7.556381002918546308e-01
2.061737804878048808e-01 4.573170731707317249e-01 5.693597560975609539e-01 6.063262195121951192e-01 6.219512195121951192e-01 6.349085365853658347e-01 6.467225609756097615e-01 6.554878048780488076e-01 6.650152439024390461e-01 6.741615853658536883e-01
1.699769053117782813e-01 3.750577367205542578e-01 4.628175519630485235e-01 4.937644341801385450e-01 5.053117782909930522e-01 5.210161662817551775e-01 5.330254041570439139e-01 5.431870669745958446e-01 5.528868360277136018e-01 5.621247113163971854e-01
9.155555555555555669e-02 1.946666666666666545e-01 2.533333333333333548e-01 2.675555555555555465e-01 2.782222222222222041e-01 2.871111111111110947e-01 2.906666666666666843e-01 2.968888888888888689e-01 3.022222222222222254e-01 3.048888888888888760e-01
5.208333333333333565e-02 1.197916666666666713e-01 1.614583333333333426e-01 1.718750000000000000e-01 1.770833333333333426e-01 1.770833333333333426e-01 1.770833333333333426e-01 1.822916666666666574e-01 1.822916666666666574e-01 1.822916666666666574e-01
1.636971046770601401e-01 4.643652561247216259e-01 6.096881959910913640e-01 6.358574610244989156e-01 6.430957683741648223e-01 6.525612472160355892e-01 6.575723830734966358e-01 6.625835189309576823e-01 6.687082405345211589e-01 6.720489977728285602e-01
3.045404208194906013e-03 4.429678848283499261e-03 1.882613510520487338e-02 3.006644518272425515e-01 6.337209302325581550e-01 7.347729789590254912e-01 7.428017718715392848e-01 7.522148394241418012e-01 7.616279069767442067e-01 7.735326688815060692e-01
4.807692307692307959e-03 1.826923076923077024e-02 9.423076923076922906e-02 2.951923076923076983e-01 4.259615384615384470e-01 4.538461538461538436e-01 4.615384615384615641e-01 4.807692307692307820e-01 4.874999999999999889e-01 4.990384615384615419e-01
3.184713375796178504e-03 5.838641188959659868e-03 9.288747346072186509e-03 9.262208067940551348e-02 4.339171974522292863e-01 7.441613588110402855e-01 7.661889596602972086e-01 7.749469214437367803e-01 7.863588110403396669e-01 7.988322717622080571e-01
1.702610669693530032e-03 3.972758229284903408e-03 9.648127128263336849e-03 1.282633371169125958e-01 4.250851305334846786e-01 6.396140749148694349e-01 6.532349602724176751e-01 6.594778660612939936e-01 6.696935300794552015e-01 6.770715096481271233e-01
1.101694915254237267e-01 2.372881355932203451e-01 3.050847457627118842e-01 3.347457627118644030e-01 3.559322033898305038e-01 3.728813559322033955e-01 3.855932203389830781e-01 4.152542372881355970e-01 4.152542372881355970e-01 4.237288135593220151e-01
2.493074792243767379e-01 4.570637119113573621e-01 5.457063711911357418e-01 5.900277008310249593e-01 6.094182825484764088e-01 6.260387811634349209e-01 6.426592797783933220e-01 6.509695290858725780e-01 6.648199445983379308e-01 6.731301939058171868e-01
1.302521008403361436e-01 3.613445378151260434e-01 4.747899159663865332e-01 5.000000000000000000e-01 5.126050420168066779e-01 5.546218487394958263e-01 5.588235294117647189e-01 5.588235294117647189e-01 5.588235294117647189e-01 5.630252100840336116e-01
1.217948717948717924e-01 2.756410256410256610e-01 3.525641025641025883e-01 3.846153846153846367e-01 3.910256410256410242e-01 4.038461538461538547e-01 4.230769230769230727e-01 4.294871794871794601e-01 4.487179487179487336e-01 4.551282051282051211e-01
1.408450704225352179e-01 1.901408450704225317e-01 2.323943661971830943e-01 2.464788732394366244e-01 2.676056338028168780e-01 2.887323943661971870e-01 2.887323943661971870e-01 2.887323943661971870e-01 2.887323943661971870e-01 3.309859154929577496e-01
5.613577023498694807e-01 7.632724107919930390e-01 8.128807658833768768e-01 8.355091383812009997e-01 8.442123585726718504e-01 8.520452567449956494e-01 8.563968668407310192e-01 8.607484769364665000e-01 8.659704090513490327e-01 8.694516971279373507e-01
5.743362831858407347e-01 7.672566371681416308e-01 8.079646017699114724e-01 8.256637168141592875e-01 8.327433628318584580e-01 8.442477876106194712e-01 8.495575221238937935e-01 8.513274336283185306e-01 8.539823008849557473e-01 8.566371681415929640e-01
5.738893925657297945e-01 7.724388032638259682e-01 8.213961922030824647e-01 8.413417951042611032e-01 8.522212148685402999e-01 8.603807796917497530e-01 8.649138712601994738e-01 8.667271078875793400e-01 8.703535811423390722e-01 8.730734360834089269e-01
5.538617886178861527e-01 7.215447154471544833e-01 7.703252032520325754e-01 7.896341463414634498e-01 8.018292682926829729e-01 8.099593495934959142e-01 8.099593495934959142e-01 8.140243902439023849e-01 8.170731707317072656e-01 8.252032520325203180e-01
4.674735249621785327e-01 6.384266263237519112e-01 6.853252647503782491e-01 7.004538577912253761e-01 7.080181543116490506e-01 7.201210287443268188e-01 7.276853252647503822e-01 7.352496217851739457e-01 7.382753403933434155e-01 7.458396369137669790e-01
6.716315307057745265e-01 8.945921173235563684e-01 9.287351054078826218e-01 9.374427131072410324e-01 9.411090742438130707e-01 9.438588450962419607e-01 9.456920256645279244e-01 9.470669110907424804e-01 9.477543538038496473e-01 9.479835013748854067e-01
6.725254394079556164e-01 8.903792784458834930e-01 9.285383903792784333e-01 9.357076780758556422e-01 9.382516188714153937e-01 9.417206290471785701e-01 9.419518963922294263e-01 9.440333024976873544e-01 9.442645698427382106e-01 9.454209065679926027e-01
5.552884615384615641e-01 8.260216346153845812e-01 8.870192307692307265e-01 9.110576923076922906e-01 9.170673076923077094e-01 9.215745192307692735e-01 9.245793269230768718e-01 9.251802884615384359e-01 9.260817307692307265e-01 9.266826923076922906e-01
2.347066167290886296e-01 5.305867665418226853e-01 6.591760299625467612e-01 7.240948813982521770e-01 7.415730337078652035e-01 7.640449438202246979e-01 7.690387016229712769e-01 7.702871410736579216e-01 7.715355805243445664e-01 7.727840199750312111e-01
1.468531468531468487e-01 3.671328671328671356e-01 5.104895104895105229e-01 5.664335664335664600e-01 5.699300699300698936e-01 5.909090909090909394e-01 5.979020979020979176e-01 6.083916083916084405e-01 6.083916083916084405e-01 6.083916083916084405e-01
1.544715447154471621e-01 2.926829268292682751e-01 3.414634146341463672e-01 3.739837398373983546e-01 3.739837398373983546e-01 3.821138211382114069e-01 3.983739837398374006e-01 3.983739837398374006e-01 4.065040650406503975e-01 4.146341463414633943e-01
1.407766990291262066e-01 4.077669902912621214e-01 4.417475728155340065e-01 4.854368932038835016e-01 5.097087378640776656e-01 5.194174757281553312e-01 5.194174757281553312e-01 5.194174757281553312e-01 5.242718446601941640e-01 5.291262135922329968e-01
2.506082725060827521e-01 4.939172749391727568e-01 6.228710462287104788e-01 6.812652068126520133e-01 6.934306569343066107e-01 7.080291970802919943e-01 7.201946472019464807e-01 7.299270072992700698e-01 7.420924574209245561e-01 7.591240875912408370e-01
2.718707940780619170e-01 5.760430686406460277e-01 7.348586810228802113e-01 7.819650067294751095e-01 8.061911170928667270e-01 8.196500672947509836e-01 8.290713324360700076e-01 8.438761776581427121e-01 8.506056527590848404e-01 8.586810228802153055e-01
5.504587155963303058e-02 1.834862385321101019e-01 2.752293577981651529e-01 3.119266055045871733e-01 3.211009174311926784e-01 3.486238532110091937e-01 3.486238532110091937e-01 3.486238532110091937e-01 3.577981651376146988e-01 3.577981651376146988e-01
2.271386430678466184e-01 4.766961651917404064e-01 5.929203539823009184e-01 6.348082595870206957e-01 6.536873156342183355e-01 6.702064896755162149e-01 6.761061946902654496e-01 6.825958702064897077e-01 6.932153392330383523e-01 7.008849557522124352e-01
2.357976653696498004e-01 4.926070038910506099e-01 6.140077821011673542e-01 6.498054474708171435e-01 6.638132295719844089e-01 6.785992217898833001e-01 6.840466926070039033e-01 6.879377431906614770e-01 6.918287937743190508e-01 6.980544747081711687e-01
2.569331158238172819e-01 4.910277324632952856e-01 5.995106035889070650e-01 6.394779771615007880e-01 6.598694942903752247e-01 6.769983686786297250e-01 6.810766721044045902e-01 6.876019575856443522e-01 6.949429037520391539e-01 7.030995106035888842e-01
2.342487883683360139e-01 4.830371567043618697e-01 6.235864297253634891e-01 6.445880452342488409e-01 6.526655896607431728e-01 6.704361873990306586e-01 6.752827140549273466e-01 6.768982229402261686e-01 6.833602584814216785e-01 6.865912762520194335e-01
0.000000000000000000e+00 0.000000000000000000e+00 0.000000000000000000e+00 0.000000000000000000e+00 0.000000000000000000e+00 0.000000000000000000e+00 0.000000000000000000e+00 0.000000000000000000e+00 0.000000000000000000e+00 0.000000000000000000e+00
1.707048458149779679e-01 4.449339207048458311e-01 5.495594713656387631e-01 5.748898678414097185e-01 5.825991189427313088e-01 5.881057268722467146e-01 5.936123348017621204e-01 5.991189427312775262e-01 6.013215859030837107e-01 6.046255506607929320e-01
3.599374021909233085e-02 3.208137715179968930e-01 5.367762128325508364e-01 6.338028169014084945e-01 6.494522691705790773e-01 6.557120500782472883e-01 6.557120500782472883e-01 6.604068857589984187e-01 6.619718309859154992e-01 6.697965571205007906e-01
8.759124087591241628e-03 1.430656934306569206e-01 4.452554744525547559e-01 6.262773722627736905e-01 6.452554744525547115e-01 6.496350364963503488e-01 6.583941605839416233e-01 6.613138686131386779e-01 6.656934306569343152e-01 6.744525547445255897e-01
0.000000000000000000e+00 2.573529411764705760e-02 2.009803921568627527e-01 6.286764705882352811e-01 6.838235294117647189e-01 6.911764705882352811e-01 6.960784313725489891e-01 6.985294117647058432e-01 7.058823529411765163e-01 7.083333333333333703e-01
7.645259938837920552e-04 1.529051987767584067e-02 1.024464831804281356e-01 5.481651376146788879e-01 6.544342507645259932e-01 6.704892966360855855e-01 6.766055045871559592e-01 6.804281345565749151e-01 6.850152905198776399e-01 6.888379204892965957e-01
4.550264550264550012e-01 6.761148904006046845e-01 7.305366591080876271e-01 7.433862433862433727e-01 7.524565381708239187e-01 7.607709750566893359e-01 7.675736961451247176e-01 7.717309145880574262e-01 7.773998488284202812e-01 7.811791383219954810e-01
4.379562043795620641e-02 1.204379562043795676e-01 1.678832116788321061e-01 1.788321167883211715e-01 1.861313868613138633e-01 1.934306569343065829e-01 1.934306569343065829e-01 1.970802919708029288e-01 1.970802919708029288e-01 2.043795620437956206e-01
6.172839506172839164e-02 1.635802469135802517e-01 2.006172839506172867e-01 2.314814814814814825e-01 2.469135802469135665e-01 2.530864197530864335e-01 2.592592592592592449e-01 2.592592592592592449e-01 2.654320987654321118e-01 2.685185185185185452e-01
6.270627062706270183e-02 1.485148514851485080e-01 2.079207920792079112e-01 2.244224422442244182e-01 2.343234323432343280e-01 2.343234323432343280e-01 2.442244224422442378e-01 2.442244224422442378e-01 2.508250825082508073e-01 2.508250825082508073e-01
2.934782608695652439e-01 5.496894409937888026e-01 6.397515527950310421e-01 6.630434782608695121e-01 6.661490683229813747e-01 6.739130434782608647e-01 6.785714285714286031e-01 6.801242236024844789e-01 6.816770186335403547e-01 6.816770186335403547e-01
4.753499695678636838e-01 8.344491783323189082e-01 8.654899573950091130e-01 8.709677419354838745e-01 8.758368837492391812e-01 8.831405964698721966e-01 8.861838101034692494e-01 8.898356664637857572e-01 8.995739500912963704e-01 9.044430919050517881e-01
4.033232628398791264e-01 7.643504531722054018e-01 8.089123867069486495e-01 8.172205438066465488e-01 8.217522658610272313e-01 8.285498489425981994e-01 8.323262839879154162e-01 8.406344410876133155e-01 8.534743202416918972e-01 8.602719033232628654e-01
3.371607515657620291e-01 6.377870563674321591e-01 6.837160751565761752e-01 6.941544885177453050e-01 7.025052192066806311e-01 7.139874739039665519e-01 7.192066805845511723e-01 7.275574112734863874e-01 7.379958246346555173e-01 7.473903966597077453e-01
2.169167803547066842e-01 5.293315143246930532e-01 5.948158253751705260e-01 6.057298772169167345e-01 6.166439290586630539e-01 6.221009549795361027e-01 6.302864938608457868e-01 6.384720327421554709e-01 6.466575716234652660e-01 6.589358799454297921e-01
3.451957295373665469e-01 5.124555160142348909e-01 5.622775800711743432e-01 5.765124555160142661e-01 5.871886120996441250e-01 5.943060498220640309e-01 6.014234875444839368e-01 6.156583629893238596e-01 6.227758007117437655e-01 6.370106761565835773e-01
4.173106646058732383e-01 6.630602782071097767e-01 7.480680061823802296e-01 7.758887171561050788e-01 7.789799072642967781e-01 7.820710973724883663e-01 7.882534775888717649e-01 7.959814528593508465e-01 8.021638330757341340e-01 8.160741885625966141e-01
3.298969072164948391e-01 5.326460481099656308e-01 6.460481099656357751e-01 6.666666666666666297e-01 6.666666666666666297e-01 6.735395189003436922e-01 6.804123711340206437e-01 6.804123711340206437e-01 6.872852233676975953e-01 6.872852233676975953e-01
2.348993288590603967e-01 3.020134228187919545e-01 3.825503355704698016e-01 4.026845637583892357e-01 4.161073825503355805e-01 4.161073825503355805e-01 4.161073825503355805e-01 4.228187919463087252e-01 4.295302013422818699e-01 4.429530201342282147e-01
2.388888888888889006e-01 3.166666666666666519e-01 3.666666666666666408e-01 4.000000000000000222e-01 4.000000000000000222e-01 4.111111111111110938e-01 4.166666666666666852e-01 4.166666666666666852e-01 4.222222222222222210e-01 4.333333333333333481e-01
2.912621359223300788e-01 3.689320388349514590e-01 3.786407766990291246e-01 3.786407766990291246e-01 3.883495145631067902e-01 3.883495145631067902e-01 3.883495145631067902e-01 3.883495145631067902e-01 3.980582524271844558e-01 3.980582524271844558e-01
5.382830626450115785e-01 7.470997679814385117e-01 8.004640371229698736e-01 8.167053364269141191e-01 8.190255220417633764e-01 8.213457076566125226e-01 8.259860788863109260e-01 8.259860788863109260e-01 8.306264501160093294e-01 8.329466357308584756e-01
4.948453608247422864e-01 6.701030927835051054e-01 6.975945017182130226e-01 7.010309278350514983e-01 7.044673539518900851e-01 7.079037800687285609e-01 7.079037800687285609e-01 7.079037800687285609e-01 7.113402061855670366e-01 7.147766323024055124e-01
5.238095238095238360e-01 7.321428571428570953e-01 7.500000000000000000e-01 7.500000000000000000e-01 7.619047619047618625e-01 7.678571428571429047e-01 7.678571428571429047e-01 7.738095238095238360e-01 7.738095238095238360e-01 7.738095238095238360e-01
2.090395480225988589e-01 3.502824858757062065e-01 3.672316384180790982e-01 3.898305084745762872e-01 3.954802259887005844e-01 3.954802259887005844e-01 4.067796610169491789e-01 4.067796610169491789e-01 4.067796610169491789e-01 4.180790960451977178e-01
2.741935483870967527e-01 4.435483870967741882e-01 4.919354838709677491e-01 5.161290322580645018e-01 5.161290322580645018e-01 5.161290322580645018e-01 5.161290322580645018e-01 5.161290322580645018e-01 5.161290322580645018e-01 5.161290322580645018e-01
6.316964285714286031e-01 8.883928571428570953e-01 9.419642857142856984e-01 9.486607142857143016e-01 9.531250000000000000e-01 9.553571428571429047e-01 9.575892857142856984e-01 9.598214285714286031e-01 9.598214285714286031e-01 9.598214285714286031e-01
5.452380952380951884e-01 7.952380952380951884e-01 8.809523809523809312e-01 8.976190476190476497e-01 9.023809523809523947e-01 9.119047619047618847e-01 9.119047619047618847e-01 9.119047619047618847e-01 9.142857142857142572e-01 9.190476190476190022e-01
5.285359801488833664e-01 7.741935483870967527e-01 8.535980148883374197e-01 8.784119106699751489e-01 8.933002481389578087e-01 8.933002481389578087e-01 8.982630272952853989e-01 8.982630272952853989e-01 9.007444168734490830e-01 9.081885856079404684e-01
4.758064516129032473e-01 7.607526881720430012e-01 8.682795698924731242e-01 8.924731182795698770e-01 8.924731182795698770e-01 9.032258064516128782e-01 9.032258064516128782e-01 9.112903225806451291e-01 9.112903225806451291e-01 9.193548387096773800e-01
4.864864864864865135e-01 7.592137592137592206e-01 8.599508599508599582e-01 8.845208845208845094e-01 8.968058968058968405e-01 9.041769041769042170e-01 9.041769041769042170e-01 9.041769041769042170e-01 9.090909090909090606e-01 9.140049140049140153e-01
5.133079847908744719e-01 7.135614702154625677e-01 7.832699619771863464e-01 8.022813688212927508e-01 8.124207858048162478e-01 8.212927756653992661e-01 8.301647655259822844e-01 8.377693282636248240e-01 8.491761723700886888e-01 8.567807351077313394e-01
4.653739612188365626e-01 6.980609418282548440e-01 7.756232686980609747e-01 7.963988919667589483e-01 8.144044321329639846e-01 8.185595567867035571e-01 8.296398891966758615e-01 8.393351800554016418e-01 8.504155124653739461e-01 8.587257617728532022e-01
4.100840336134453645e-01 6.588235294117646967e-01 7.394957983193277684e-01 7.848739495798319199e-01 7.949579831932772622e-01 8.050420168067227156e-01 8.201680672268907291e-01 8.268907563025209573e-01 8.369747899159664106e-01 8.403361344537815247e-01
3.907284768211920500e-01 6.142384105960264629e-01 7.019867549668874496e-01 7.384105960264900625e-01 7.582781456953642252e-01 7.798013245033112995e-01 7.864238410596026130e-01 7.930463576158940375e-01 8.079470198675496873e-01 8.327814569536423628e-01
4.444444444444444198e-01 6.636636636636636943e-01 7.477477477477477708e-01 7.702702702702702853e-01 7.882882882882883413e-01 8.063063063063062863e-01 8.198198198198197728e-01 8.258258258258258655e-01 8.273273273273272777e-01 8.348348348348347825e-01
2.909407665505226448e-01 5.592334494773518738e-01 6.289198606271777514e-01 6.428571428571429047e-01 6.445993031358885350e-01 6.585365853658536883e-01 6.620209059233449489e-01 6.724738675958188416e-01 6.829268292682927344e-01 6.846689895470383647e-01
2.685950413223140432e-01 5.647382920110193272e-01 6.707988980716252936e-01 7.038567493112947160e-01 7.176308539944903364e-01 7.258953168044076643e-01 7.355371900826446208e-01 7.438016528925619486e-01 7.548209366391184227e-01 7.589531680440770867e-01
1.948717948717948734e-01 5.025641025641025550e-01 6.256410256410256387e-01 6.615384615384615197e-01 6.803418803418803673e-01 6.923076923076922906e-01 6.974358974358974006e-01 7.059829059829060283e-01 7.162393162393162482e-01 7.213675213675213582e-01
1.346534653465346620e-01 4.237623762376237502e-01 6.059405940594059237e-01 6.514851485148515087e-01 6.554455445544554726e-01 6.732673267326733102e-01 6.891089108910890548e-01 6.910891089108910368e-01 6.970297029702969827e-01 7.049504950495049105e-01
1.041214750542299311e-01 3.622559652928416529e-01 5.184381778741865565e-01 5.596529284164859508e-01 5.748373101952277686e-01 6.008676789587852340e-01 6.073752711496746004e-01 6.138828633405639668e-01 6.225596529284165292e-01 6.268980477223426995e-01
6.809184481393507626e-01 8.440221694378463591e-01 8.646080760095011808e-01 8.725257323832145140e-01 8.764845605700712916e-01 8.796516231195565805e-01 8.820269200316706026e-01 8.859857482185272692e-01 8.899445764053840469e-01 8.946951702296119802e-01
7.172413793103448176e-01 8.977687626774847329e-01 9.241379310344827180e-01 9.306288032454360648e-01 9.363083164300203265e-01 9.379310344827586077e-01 9.399594320486814869e-01 9.423935091277890752e-01 9.444219066937119544e-01 9.468559837728194317e-01
7.104746959591996536e-01 8.862298940761083044e-01 9.117300902314633415e-01 9.215378579835229456e-01 9.274225186347587746e-01 9.317379364456649382e-01 9.333071792859944926e-01 9.372302863868183787e-01 9.391918399372303217e-01 9.442918791683012625e-01
7.061105722599417822e-01 8.884578079534433126e-01 9.107662463627546057e-01 9.214354995150338956e-01 9.272550921435499527e-01 9.296799224054316246e-01 9.340446168768186119e-01 9.359844810863239273e-01 9.369544131910766405e-01 9.418040737148399844e-01
6.033057851239669311e-01 7.813673929376409033e-01 8.144252441773103257e-01 8.226897069872276536e-01 8.287002253944402153e-01 8.317054845980466071e-01 8.392186326070623092e-01 8.437265214124718415e-01 8.512396694214876547e-01 8.542449286250939355e-01
2.640610104861773055e-01 5.510009532888465733e-01 6.501429933269781136e-01 6.901811248808389365e-01 7.025738798856053791e-01 7.092469018112488310e-01 7.149666348903718216e-01 7.187797902764537783e-01 7.225929456625357350e-01 7.292659675881791870e-01
2.166446499339498011e-01 4.808454425363276052e-01 5.852047556142668805e-01 6.182298546895640401e-01 6.314398943196829483e-01 6.393659180977543377e-01 6.446499339498018566e-01 6.472919418758256160e-01 6.525759577278731349e-01 6.565389696169088296e-01
1.921708185053380702e-01 4.252669039145907659e-01 5.124555160142348909e-01 5.480427046263345314e-01 5.587188612099643903e-01 5.729537366548043131e-01 5.800711743772242190e-01 5.836298932384341720e-01 5.836298932384341720e-01 5.854092526690390930e-01
1.613691931540342239e-01 3.691931540342298090e-01 4.889975550122249159e-01 5.207823960880195724e-01 5.330073349633251967e-01 5.427872860635696295e-01 5.476772616136919014e-01 5.525672371638141733e-01 5.574572127139364452e-01 5.599022004889975257e-01
9.761904761904761918e-02 2.952380952380952439e-01 3.904761904761904767e-01 4.071428571428571397e-01 4.309523809523809756e-01 4.452380952380952106e-01 4.476190476190476386e-01 4.500000000000000111e-01 4.523809523809523836e-01 4.595238095238095011e-01
2.977667493796526052e-02 2.109181141439205875e-01 4.516129032258064391e-01 5.434243176178660262e-01 5.533498759305210957e-01 5.856079404466500993e-01 5.930521091811414847e-01 6.079404466501240334e-01 6.079404466501240334e-01 6.129032258064516236e-01
1.088709677419354843e-01 2.862903225806451846e-01 3.709677419354838745e-01 3.911290322580645018e-01 3.991935483870967527e-01 4.072580645161290591e-01 4.153225806451613100e-01 4.193548387096774355e-01 4.193548387096774355e-01 4.274193548387096864e-01
1.834862385321101019e-02 7.339449541284404077e-02 1.376146788990825764e-01 2.293577981651376274e-01 3.027522935779816682e-01 3.119266055045871733e-01 3.211009174311926784e-01 3.211009174311926784e-01 3.302752293577981835e-01 3.302752293577981835e-01
2.255639097744360777e-02 9.774436090225563367e-02 1.879699248120300648e-01 2.180451127819548751e-01 2.481203007518796855e-01 2.706766917293232932e-01 2.857142857142856984e-01 2.857142857142856984e-01 2.932330827067669010e-01 3.007518796992481036e-01
1.869565217391304379e-01 3.173913043478260865e-01 3.739130434782608758e-01 3.826086956521739246e-01 3.956521739130434701e-01 4.130434782608695676e-01 4.217391304347826164e-01 4.260869565217391131e-01 4.304347826086956652e-01 4.391304347826087140e-01
5.130813953488372325e-01 7.311046511627906641e-01 7.732558139534884134e-01 7.827034883720930258e-01 7.906976744186046124e-01 7.972383720930232842e-01 8.045058139534884134e-01 8.154069767441860517e-01 8.219476744186046124e-01 8.306686046511627675e-01
1.988188976377952832e-01 3.700787401574803237e-01 4.448818897637795144e-01 4.862204724409449064e-01 5.059055118110236116e-01 5.137795275590550936e-01 5.157480314960629642e-01 5.236220472440944462e-01 5.334645669291339098e-01 5.393700787401575214e-01
1.339285714285714246e-01 2.678571428571428492e-01 3.035714285714285476e-01 3.080357142857143016e-01 3.214285714285714524e-01 3.214285714285714524e-01 3.214285714285714524e-01 3.392857142857143016e-01 3.526785714285714524e-01 3.526785714285714524e-01
2.022727272727272707e-01 3.409090909090908839e-01 4.136363636363636354e-01 4.613636363636363646e-01 4.840909090909090717e-01 4.931818181818181657e-01 5.022727272727273151e-01 5.181818181818181879e-01 5.295454545454545414e-01 5.386363636363636909e-01
1.286549707602339110e-01 1.871345029239765978e-01 2.222222222222222099e-01 2.573099415204678220e-01 2.690058479532163593e-01 2.807017543859648967e-01 2.807017543859648967e-01 2.865497076023391654e-01 2.923976608187134341e-01 2.923976608187134341e-01
5.125685557586837637e-01 7.511425959780622108e-01 8.053016453382083606e-01 8.215265082266910435e-01 8.315813528336379878e-01 8.404936014625228324e-01 8.489488117001827705e-01 8.546617915904936025e-01 8.615173674588665342e-01 8.672303473491773662e-01
4.354221829949985190e-01 6.931450426596057479e-01 7.566931450426596095e-01 7.708149455722270726e-01 7.828773168578994079e-01 7.919976463665784339e-01 7.990585466313621099e-01 8.040600176522506581e-01 8.102383053839364857e-01 8.149455722271256031e-01
3.769578837452140507e-01 6.414897319874695025e-01 7.149321266968325927e-01 7.372084928646014390e-01 7.466063348416289713e-01 7.556561085972850478e-01 7.664462234597980705e-01 7.758440654368256029e-01 7.803689523146536411e-01 7.855899756352244800e-01
2.964426877470355826e-01 5.665349143610013405e-01 6.447079490557751091e-01 6.622749231444883256e-01 6.758893280632410905e-01 6.859903381642512565e-01 6.934563021519543069e-01 7.009222661396574683e-01 7.092665788317962239e-01 7.145366710584102332e-01
2.277470841006752622e-01 4.837323511356660388e-01 5.856353591160220473e-01 6.077348066298342566e-01 6.175567833026396336e-01 6.286065070595456827e-01 6.353591160220994905e-01 6.433394720687538593e-01 6.500920810313075560e-01 6.556169429097605805e-01
3.490566037735848837e-01 6.347708894878706376e-01 8.059299191374662552e-01 8.652291105121293624e-01 8.719676549865229553e-01 8.840970350404312450e-01 8.867924528301887044e-01 9.002695417789757792e-01 9.029649595687331276e-01 9.083557951482479353e-01
1.461988304093567170e-01 5.146198830409356439e-01 7.558479532163743242e-01 8.377192982456140857e-01 8.581871345029239428e-01 8.713450292397660890e-01 8.801169590643275198e-01 8.845029239766082352e-01 8.932748538011695549e-01 9.020467836257309857e-01
1.275797373358348863e-01 4.333958724202626733e-01 7.035647279549718247e-01 8.105065666041275652e-01 8.273921200750469218e-01 8.442776735459662785e-01 8.536585365853658347e-01 8.649155722326453688e-01 8.667917448405253467e-01 8.742964352720450361e-01
1.315789473684210453e-01 4.473684210526315819e-01 6.940789473684210176e-01 7.894736842105263275e-01 8.092105263157894912e-01 8.289473684210526550e-01 8.322368421052631637e-01 8.453947368421053099e-01 8.552631578947368363e-01 8.552631578947368363e-01
3.703703703703703498e-02 8.641975308641974829e-02 2.530864197530864335e-01 4.012345679012345734e-01 4.259259259259259300e-01 4.567901234567900981e-01 4.938271604938271331e-01 5.308641975308642236e-01 5.740740740740740700e-01 5.987654320987654266e-01
3.968253968253968034e-02 1.507936507936507853e-01 2.857142857142856984e-01 4.126984126984126755e-01 4.603174603174602919e-01 5.079365079365079083e-01 5.317460317460317443e-01 5.317460317460317443e-01 5.476190476190476719e-01 5.555555555555555802e-01
8.648648648648649129e-02 3.081081081081081252e-01 5.405405405405405705e-01 6.108108108108107892e-01 6.648648648648648463e-01 7.243243243243243645e-01 7.405405405405405261e-01 7.459459459459459874e-01 7.459459459459459874e-01 7.567567567567567988e-01
1.960784313725490169e-02 4.575163398692810163e-02 1.372549019607843257e-01 2.352941176470588203e-01 2.941176470588235392e-01 3.267973856209150374e-01 3.333333333333333148e-01 3.594771241830065356e-01 3.594771241830065356e-01 3.660130718954248130e-01
0.000000000000000000e+00 7.638888888888889506e-02 1.875000000000000000e-01 3.263888888888888951e-01 3.680555555555555802e-01 4.305555555555555802e-01 4.375000000000000000e-01 4.375000000000000000e-01 4.583333333333333148e-01 4.722222222222222099e-01
1.937984496124030981e-02 1.627906976744186163e-01 3.604651162790697416e-01 5.232558139534884134e-01 5.697674418604651292e-01 6.046511627906976383e-01 6.279069767441860517e-01 6.356589147286821895e-01 6.472868217054263962e-01 6.627906976744185608e-01
9.040590405904058713e-02 3.247232472324723118e-01 5.129151291512915600e-01 5.885608856088561103e-01 6.088560885608855777e-01 6.088560885608855777e-01 6.107011070110701656e-01 6.107011070110701656e-01 6.143911439114391193e-01 6.199261992619926609e-01
1.250000000000000069e-02 1.749999999999999889e-01 4.249999999999999889e-01 5.562500000000000222e-01 5.812500000000000444e-01 5.937500000000000000e-01 6.062499999999999556e-01 6.125000000000000444e-01 6.125000000000000444e-01 6.312499999999999778e-01
5.210643015521064514e-02 3.303769401330376998e-01 5.654101995565410377e-01 6.430155210643015984e-01 6.640798226164079665e-01 6.662971175166296778e-01 6.696230598669623557e-01 6.718403547671840670e-01 6.718403547671840670e-01 6.751662971175166339e-01
3.674540682414698112e-02 3.228346456692913202e-01 6.587926509186351476e-01 7.572178477690288956e-01 7.650918635170603777e-01 7.729658792650918597e-01 7.742782152230971437e-01 7.742782152230971437e-01 7.755905511811023167e-01 7.782152230971128848e-01
3.164556962025316666e-02 3.143459915611814259e-01 6.835443037974683334e-01 8.333333333333333703e-01 8.523206751054852592e-01 8.565400843881856296e-01 8.565400843881856296e-01 8.586497890295358149e-01 8.607594936708861111e-01 8.670886075949366667e-01
1.589193484306714336e-03 9.137862534763606728e-03 4.290822407628128859e-02 1.334922526817640120e-01 4.370282081843464561e-01 8.017481128327373918e-01 8.454509336511720763e-01 8.518077075883988547e-01 8.573698847834724246e-01 8.625347636074691682e-01
3.348214285714285528e-03 2.790178571428571577e-02 8.370535714285713691e-02 3.967633928571428492e-01 7.410714285714286031e-01 7.946428571428570953e-01 8.052455357142856984e-01 8.113839285714286031e-01 8.147321428571429047e-01 8.219866071428570953e-01
8.438818565400844039e-04 1.097046413502109768e-02 6.244725738396624676e-02 2.042194092827004093e-01 3.915611814345991704e-01 6.717299578059071630e-01 7.831223628691983407e-01 7.915611814345991926e-01 7.940928270042194592e-01 7.974683544303797778e-01
0.000000000000000000e+00 0.000000000000000000e+00 0.000000000000000000e+00 1.862197392923649894e-03 7.448789571694599577e-03 2.607076350093109895e-02 2.234636871508379752e-01 4.525139664804469497e-01 4.804469273743016688e-01 4.934823091247672044e-01
5.454545454545454974e-03 6.363636363636362980e-02 2.654545454545454430e-01 4.127272727272727204e-01 4.472727272727272663e-01 4.727272727272727182e-01 4.799999999999999822e-01 4.836363636363636420e-01 4.854545454545454719e-01 4.872727272727272463e-01
4.917355371900826722e-01 7.561983471074380514e-01 8.539944903581266900e-01 8.746556473829201206e-01 8.939393939393939226e-01 9.022038567493112504e-01 9.049586776859503967e-01 9.090909090909090606e-01 9.201101928374655348e-01 9.256198347107438273e-01
3.438661710037174690e-01 6.133828996282527646e-01 7.174721189591077852e-01 7.565055762081784874e-01 7.788104089219330950e-01 7.899628252788104543e-01 7.973977695167285829e-01 8.029739776951673180e-01 8.215613382899628059e-01 8.327137546468401652e-01
1.159420289855072478e-01 3.115942028985507206e-01 3.985507246376811530e-01 4.347826086956521618e-01 4.420289855072463969e-01 4.492753623188405765e-01 4.565217391304347561e-01 4.710144927536231707e-01 4.855072463768115854e-01 5.217391304347825942e-01
3.719008264462809743e-01 6.239669421487603618e-01 7.231404958677686290e-01 7.747933884297520946e-01 7.892561983471074738e-01 8.099173553719007934e-01 8.161157024793388448e-01 8.181818181818182323e-01 8.264462809917355601e-01 8.409090909090909394e-01
3.392405063291139000e-01 5.696202531645570000e-01 6.962025316455696666e-01 7.392405063291139777e-01 7.594936708860760000e-01 7.696202531645569556e-01 7.848101265822784445e-01 7.898734177215189778e-01 7.974683544303797778e-01 8.101265822784810000e-01
4.351045296167247445e-01 6.903310104529616353e-01 7.722125435540069249e-01 8.000871080139372316e-01 8.122822299651567546e-01 8.236062717770035180e-01 8.331881533101045401e-01 8.418989547038328025e-01 8.462543554006968227e-01 8.514808362369338246e-01
2.937500000000000111e-01 5.464285714285713746e-01 6.535714285714285809e-01 6.964285714285713969e-01 7.125000000000000222e-01 7.232142857142856984e-01 7.348214285714286254e-01 7.437500000000000222e-01 7.473214285714285809e-01 7.526785714285714191e-01
1.700404858299595090e-01 3.340080971659918907e-01 4.352226720647773273e-01 4.655870445344129638e-01 4.797570850202428905e-01 4.979757085020242724e-01 5.000000000000000000e-01 5.141700404858299267e-01 5.242914979757085092e-01 5.283400809716599644e-01
9.536784741144414823e-02 1.825613079019073604e-01 2.207084468664850252e-01 2.506811989100817262e-01 2.643051771117166382e-01 2.752043596730245345e-01 2.833787465940054706e-01 2.861035422343324308e-01 2.915531335149863512e-01 2.942779291553133669e-01
2.915506035283194075e-01 5.487465181058496233e-01 6.415970287836583186e-01 6.870937790157846115e-01 7.056638811513463727e-01 7.168059424326833629e-01 7.242339832869080229e-01 7.316620241411327941e-01 7.390900649953574542e-01 7.511606313834725546e-01
6.472081218274111647e-01 7.817258883248731083e-01 8.045685279187817507e-01 8.134517766497462166e-01 8.197969543147207716e-01 8.261421319796954377e-01 8.299492385786801929e-01 8.350253807106599035e-01 8.451776649746193248e-01 8.464467005076141692e-01
6.197854588796185560e-01 7.926102502979738285e-01 8.307508939213349430e-01 8.355184743742550824e-01 8.438617401668653262e-01 8.522050059594755700e-01 8.545887961859356396e-01 8.605482717520858138e-01 8.676996424314660228e-01 8.688915375446960576e-01
6.391061452513966401e-01 7.977653631284916669e-01 8.324022346368714631e-01 8.435754189944134618e-01 8.592178770949721045e-01 8.659217877094972371e-01 8.726256983240223697e-01 8.782122905027932580e-01 8.815642458100558798e-01 8.849162011173183906e-01
4.986522911051212703e-01 6.859838274932614777e-01 7.291105121293800506e-01 7.520215633423180668e-01 7.654986522911051416e-01 7.722371967654986236e-01 7.803234501347708907e-01 7.816711590296495649e-01 7.857142857142856984e-01 7.924528301886792914e-01
6.523125996810207328e-01 7.830940988835726202e-01 7.990430622009568884e-01 8.054226475279107067e-01 8.118022328548644140e-01 8.181818181818182323e-01 8.213716108452950859e-01 8.261562998405104219e-01 8.277511961722487932e-01 8.277511961722487932e-01
3.407984420642648504e-03 5.598831548198637126e-02 2.969814995131450641e-01 5.316455696202531112e-01 6.144109055501461025e-01 6.450827653359298974e-01 6.626095423563778120e-01 6.742940603700097180e-01 6.869522882181110512e-01 6.991236611489776154e-01
5.960729312762973187e-03 1.318373071528751717e-01 4.400420757363253665e-01 6.216690042075736500e-01 6.665497896213183893e-01 6.991584852734923361e-01 7.163394109396914455e-01 7.289621318373071812e-01 7.426367461430575245e-01 7.538569424964937093e-01
6.800000000000000488e-02 1.620000000000000051e-01 1.980000000000000093e-01 2.179999999999999993e-01 2.260000000000000064e-01 2.300000000000000100e-01 2.359999999999999876e-01 2.479999999999999982e-01 2.500000000000000000e-01 2.600000000000000089e-01
1.338742393509127770e-02 1.598377281947261641e-01 4.551724137931034697e-01 5.882352941176470784e-01 6.340770791075051038e-01 6.653144016227180435e-01 6.782961460446247370e-01 6.904665314401622345e-01 7.042596348884381241e-01 7.188640973630832098e-01
2.413431269674711291e-02 2.161594963273872072e-01 4.470094438614900523e-01 5.634837355718782526e-01 5.933892969569779519e-01 6.154249737670514087e-01 6.348373557187827476e-01 6.495278069254983855e-01 6.610703043022035930e-01 6.762854144805876544e-01
2.093023255813953598e-01 3.767441860465116088e-01 4.604651162790697749e-01 5.209302325581395277e-01 5.534883720930232620e-01 5.906976744186046568e-01 6.046511627906976383e-01 6.186046511627907307e-01 6.511627906976744651e-01 6.697674418604651070e-01
1.515151515151515194e-01 3.333333333333333148e-01 3.939393939393939226e-01 4.141414141414141437e-01 4.343434343434343647e-01 4.343434343434343647e-01 4.444444444444444198e-01 4.444444444444444198e-01 4.545454545454545303e-01 4.747474747474747514e-01
6.250000000000000000e-02 1.250000000000000000e-01 1.718750000000000000e-01 1.718750000000000000e-01 1.718750000000000000e-01 1.718750000000000000e-01 1.718750000000000000e-01 1.875000000000000000e-01 1.875000000000000000e-01 1.875000000000000000e-01
1.515151515151515194e-02 7.575757575757575968e-02 9.090909090909091161e-02 9.090909090909091161e-02 9.090909090909091161e-02 9.090909090909091161e-02 1.060606060606060635e-01 1.060606060606060635e-01 1.060606060606060635e-01 1.060606060606060635e-01
1.666666666666666644e-02 5.000000000000000278e-02 5.000000000000000278e-02 6.666666666666666574e-02 6.666666666666666574e-02 6.666666666666666574e-02 8.333333333333332871e-02 1.000000000000000056e-01 1.000000000000000056e-01 1.000000000000000056e-01
1.872340425531915029e-02 1.446808510638297740e-01 5.157446808510638414e-01 7.787234042553191626e-01 8.093617021276595658e-01 8.238297872340425432e-01 8.331914893617021756e-01 8.408510638297872486e-01 8.459574468085105936e-01 8.553191489361702260e-01
1.335877862595419817e-02 2.299618320610687106e-01 5.772900763358778109e-01 7.318702290076335437e-01 7.519083969465648609e-01 7.709923664122136922e-01 7.776717557251908719e-01 7.872137404580152875e-01 7.938931297709923562e-01 7.996183206106870500e-01
0.000000000000000000e+00 1.265206812652068247e-01 6.374695863746958624e-01 7.518248175182481452e-01 7.591240875912408370e-01 7.639902676399026316e-01 7.761557177615572289e-01 7.810218978102190235e-01 7.907542579075426126e-01 7.931873479318735098e-01
8.771929824561403022e-03 1.701754385964912297e-01 5.842105263157895134e-01 6.999999999999999556e-01 7.122807017543859587e-01 7.245614035087719618e-01 7.298245614035088202e-01 7.333333333333332815e-01 7.385964912280701400e-01 7.456140350877192846e-01
3.368055555555555802e-01 7.204861111111111605e-01 8.663194444444444198e-01 8.949652777777777901e-01 9.045138888888888395e-01 9.088541666666666297e-01 9.166666666666666297e-01 9.201388888888888395e-01 9.227430555555555802e-01 9.236111111111111605e-01
2.597701149425287181e-01 5.609195402298851052e-01 6.689655172413793149e-01 7.034482758620689280e-01 7.310344827586207073e-01 7.678160919540230056e-01 7.839080459770114695e-01 8.114942528735632488e-01 8.275862068965517127e-01 8.482758620689655471e-01
2.468827930174563590e-01 5.361596009975062582e-01 6.159600997506234910e-01 6.633416458852867681e-01 6.982543640897755921e-01 7.331670822942643051e-01 7.556109725685785650e-01 7.705735660847879975e-01 7.805486284289276933e-01 8.054862842892768215e-01
5.185185185185185036e-02 2.185185185185185286e-01 4.222222222222222210e-01 5.555555555555555802e-01 6.037037037037037424e-01 6.592592592592592116e-01 6.814814814814814659e-01 6.888888888888888840e-01 6.962962962962963021e-01 7.185185185185185563e-01
4.571428571428571425e-02 2.742857142857142994e-01 4.914285714285714368e-01 5.999999999999999778e-01 6.171428571428571042e-01 6.400000000000000133e-01 6.628571428571428115e-01 6.857142857142857206e-01 6.857142857142857206e-01 7.028571428571428470e-01
9.090909090909091161e-02 3.429752066115702713e-01 5.537190082644628530e-01 6.280991735537190257e-01 6.528925619834711203e-01 6.776859504132231038e-01 6.983471074380165344e-01 7.355371900826446208e-01 7.438016528925619486e-01 7.561983471074380514e-01
7.184210526315789602e-01 8.921052631578947345e-01 9.144736842105263275e-01 9.250000000000000444e-01 9.276315789473684736e-01 9.394736842105263497e-01 9.394736842105263497e-01 9.447368421052632081e-01 9.499999999999999556e-01 9.539473684210526550e-01
5.287769784172662302e-01 7.985611510791367218e-01 8.507194244604316946e-01 8.633093525179855732e-01 8.669064748201439352e-01 8.741007194244604372e-01 8.758992805755395628e-01 8.830935251798560648e-01 8.848920863309353013e-01 8.866906474820144268e-01
3.117505995203836977e-01 7.122302158273381423e-01 8.081534772182253912e-01 8.297362110311750083e-01 8.369304556354916214e-01 8.441247002398081234e-01 8.489208633093525691e-01 8.489208633093525691e-01 8.561151079136690711e-01 8.657074340527577405e-01
2.330623306233062242e-01 6.531165311653116534e-01 8.184281842818428299e-01 8.265582655826557712e-01 8.292682926829267887e-01 8.346883468834688236e-01 8.346883468834688236e-01 8.401084010840108585e-01 8.428184281842818759e-01 8.428184281842818759e-01
2.348754448398576444e-01 6.583629893238434061e-01 7.864768683274021566e-01 8.007117437722419684e-01 8.078291814946618743e-01 8.149466192170818912e-01 8.149466192170818912e-01 8.185053380782918442e-01 8.256227758007117501e-01 8.256227758007117501e-01
7.462686567164178442e-02 2.257462686567164312e-01 3.358208955223880854e-01 4.197761194029850929e-01 4.514925373134328623e-01 4.832089552238805763e-01 5.167910447761193682e-01 5.279850746268657247e-01 5.485074626865671377e-01 5.522388059701492935e-01
0.000000000000000000e+00 0.000000000000000000e+00 0.000000000000000000e+00 0.000000000000000000e+00 2.898550724637681195e-03 1.739130434782608717e-02 2.608695652173912902e-02 3.188405797101449141e-02 5.507246376811594096e-02 1.130434782608695649e-01
0.000000000000000000e+00 0.000000000000000000e+00 0.000000000000000000e+00 3.278688524590163932e-03 3.278688524590163932e-03 3.278688524590163932e-03 6.557377049180327863e-03 1.311475409836065573e-02 2.786885245901639385e-02 1.081967213114754106e-01
0.000000000000000000e+00 3.549060542797494860e-02 1.377870563674321591e-01 2.651356993736951884e-01 2.922755741127348594e-01 3.194154488517745305e-01 3.423799582463465385e-01 3.486430062630480053e-01 3.611691022964509390e-01 3.716075156576200689e-01
1.239669421487603340e-02 3.305785123966942241e-02 1.095041322314049548e-01 2.975206611570248016e-01 3.553719008264462631e-01 3.904958677685950175e-01 4.173553719008264440e-01 4.318181818181818232e-01 4.421487603305785385e-01 4.545454545454545303e-01
4.740406320541760699e-01 6.681715575620768011e-01 7.313769751693002252e-01 7.562076749435665546e-01 7.629796839729119373e-01 7.765237020316027028e-01 7.900677200902934683e-01 7.923250564334085588e-01 8.081264108352144149e-01 8.171557562076748882e-01
5.104895104895105229e-01 6.853146853146853124e-01 7.296037296037296560e-01 7.505827505827505908e-01 7.529137529137529539e-01 7.622377622377621842e-01 7.668997668997669104e-01 7.762237762237762517e-01 7.878787878787878451e-01 7.925407925407925713e-01
5.407239819004524550e-01 7.352941176470588758e-01 8.031674208144796712e-01 8.280542986425338814e-01 8.416289592760181071e-01 8.461538461538461453e-01 8.484162895927601644e-01 8.506787330316741835e-01 8.506787330316741835e-01 8.529411764705882026e-01
5.424430641821945676e-01 7.204968944099379158e-01 7.681159420289854767e-01 7.826086956521739468e-01 7.908902691511386918e-01 7.991718426501035477e-01 8.033126293995859202e-01 8.095238095238095344e-01 8.157349896480331486e-01 8.240165631469978935e-01
5.143487858719646422e-01 6.666666666666666297e-01 7.130242825607063795e-01 7.417218543046357748e-01 7.571743929359823211e-01 7.682119205298013620e-01 7.814569536423841001e-01 7.947019867549668382e-01 8.057395143487858791e-01 8.101545253863134954e-01
0.000000000000000000e+00 1.000000000000000056e-01 1.000000000000000056e-01 1.000000000000000056e-01 1.000000000000000056e-01 1.000000000000000056e-01 1.000000000000000056e-01 1.000000000000000056e-01 1.000000000000000056e-01 1.000000000000000056e-01
0.000000000000000000e+00 0.000000000000000000e+00 0.000000000000000000e+00 0.000000000000000000e+00 0.000000000000000000e+00 0.000000000000000000e+00 0.000000000000000000e+00 0.000000000000000000e+00 0.000000000000000000e+00 0.000000000000000000e+00
0.000000000000000000e+00 0.000000000000000000e+00 0.000000000000000000e+00 0.000000000000000000e+00 0.000000000000000000e+00 0.000000000000000000e+00 0.000000000000000000e+00 0.000000000000000000e+00 0.000000000000000000e+00 0.000000000000000000e+00
0.000000000000000000e+00 0.000000000000000000e+00 0.000000000000000000e+00 0.000000000000000000e+00 0.000000000000000000e+00 0.000000000000000000e+00 0.000000000000000000e+00 0.000000000000000000e+00 0.000000000000000000e+00 0.000000000000000000e+00
0.000000000000000000e+00 0.000000000000000000e+00 0.000000000000000000e+00 0.000000000000000000e+00 0.000000000000000000e+00 0.000000000000000000e+00 0.000000000000000000e+00 0.000000000000000000e+00 0.000000000000000000e+00 0.000000000000000000e+00
1.953818827708703465e-01 4.298401420959147567e-01 5.275310834813499161e-01 5.790408525754884295e-01 6.269982238010657349e-01 6.465364120781527113e-01 6.678507992895204026e-01 6.856127886323267751e-01 7.158081705150977081e-01 7.406749555950266073e-01
1.942215088282503999e-01 4.012841091492777013e-01 5.168539325842697041e-01 5.778491171749599031e-01 6.179775280898875955e-01 6.484751203852326951e-01 6.773675762439806958e-01 6.982343499197432024e-01 7.142857142857143016e-01 7.351524879614766972e-01
1.792717086834733908e-01 4.005602240896358746e-01 5.210084033613445742e-01 5.686274509803921351e-01 5.910364145658263402e-01 6.134453781512605453e-01 6.302521008403361158e-01 6.526610644257703209e-01 6.610644257703081061e-01 6.778711484593837877e-01
1.146245059288537593e-01 3.003952569169960340e-01 3.833992094861660149e-01 4.545454545454545303e-01 4.782608695652174058e-01 4.980237154150197743e-01 5.019762845849802257e-01 5.138339920948616912e-01 5.217391304347825942e-01 5.296442687747036082e-01
2.196531791907514464e-01 3.699421965317918892e-01 4.855491329479768581e-01 5.028901734104046506e-01 5.086705202312138407e-01 5.086705202312138407e-01 5.144508670520231419e-01 5.260115606936416333e-01 5.260115606936416333e-01 5.375722543352601246e-01
3.549316054715622726e-01 6.587473002159827118e-01 7.422606191504679263e-01 7.732181425485961102e-01 7.890568754499640569e-01 8.020158387329013872e-01 8.113750899928006133e-01 8.178545716342692229e-01 8.243340532757379435e-01 8.315334773218142628e-01
4.804669959586888028e-01 7.548271216883699619e-01 8.158958239784462885e-01 8.347552761562639922e-01 8.441850022451728996e-01 8.536147283340816960e-01 8.634934889986528583e-01 8.688819039066008054e-01 8.747193533902110074e-01 8.787606645711719677e-01
4.823646299056135178e-01 7.421758569299552466e-01 7.908594138102335025e-01 8.087431693989071135e-01 8.181818181818182323e-01 8.271236959761549823e-01 8.340784898161947014e-01 8.375558867362146165e-01 8.425235966219573047e-01 8.479880774962742507e-01
2.255244755244755206e-01 5.419580419580419806e-01 6.730769230769231282e-01 7.001748251748252105e-01 7.124125874125873947e-01 7.237762237762237483e-01 7.307692307692307265e-01 7.403846153846154188e-01 7.447552447552447941e-01 7.500000000000000000e-01
5.089226701916721440e-02 2.696629213483145993e-01 5.684071381361532893e-01 7.270323859881031581e-01 7.594183740912094915e-01 7.732980832782551106e-01 7.858559153998677660e-01 7.911434236615995097e-01 7.990746860541969587e-01 8.050231328486451288e-01
4.264563887994850533e-01 6.604441583521081238e-01 7.267460572899903104e-01 7.627936916639845855e-01 7.824267782426778117e-01 7.975539105246217675e-01 8.075313807531381283e-01 8.233022207917605195e-01 8.326359832635983338e-01 8.432571612487930190e-01
3.107784431137724512e-01 5.113772455089820035e-01 5.976047904191617022e-01 6.413173652694610372e-01 6.628742514970059618e-01 6.784431137724551419e-01 6.940119760479042110e-01 7.155688622754491357e-01 7.269461077844311392e-01 7.377245508982035460e-01
1.936459909228441800e-01 3.479576399394856412e-01 4.266263237518910789e-01 4.689863842662632121e-01 4.841149773071104501e-01 4.977307110438728976e-01 5.068078668683811960e-01 5.173978819969742293e-01 5.279878971255673736e-01 5.355521936459909371e-01
3.569101907864122847e-01 5.956258724988366948e-01 6.845044206607724391e-01 7.221963704048394161e-01 7.361563517915309385e-01 7.477896696137737997e-01 7.603536528617962365e-01 7.715216379711493655e-01 7.785016286644951267e-01 7.864122847836202412e-01
2.203636363636363726e-01 4.174545454545454670e-01 5.287272727272727124e-01 5.803636363636364148e-01 6.109090909090909571e-01 6.239999999999999991e-01 6.363636363636363535e-01 6.480000000000000204e-01 6.523636363636363678e-01 6.618181818181818610e-01
3.519061583577712607e-03 3.225806451612903136e-02 3.085043988269794979e-01 5.454545454545454142e-01 6.539589442815249010e-01 6.844574780058650942e-01 6.938416422287390084e-01 7.020527859237536417e-01 7.120234604105571963e-01 7.249266862170088421e-01
3.649635036496350245e-03 1.399026763990267666e-02 1.551094890510948954e-01 4.568126520681265457e-01 6.052311435523114458e-01 6.557177615571776474e-01 6.721411192214111763e-01 6.824817518248175174e-01 6.928223844282238586e-01 7.013381995133819435e-01
0.000000000000000000e+00 3.742514970059880250e-03 4.865269461077844498e-02 2.747005988023952239e-01 4.633233532934131760e-01 5.508982035928143839e-01 5.658682634730538563e-01 5.726047904191616800e-01 5.920658682634730718e-01 6.025449101796407358e-01
1.303191489361702204e-01 4.228723404255319007e-01 5.545212765957446832e-01 5.864361702127659504e-01 6.017287234042553168e-01 6.110372340425531679e-01 6.216755319148936643e-01 6.269946808510638014e-01 6.369680851063830307e-01 6.416223404255319007e-01
1.138716356107660407e-02 1.387163561076604490e-01 3.706004140786749446e-01 4.855072463768115854e-01 5.258799171842649667e-01 5.414078674948240577e-01 5.559006211180124168e-01 5.600414078674947893e-01 5.652173913043477826e-01 5.776397515527950111e-01
4.741200828157349778e-01 8.053830227743271619e-01 8.799171842650103104e-01 9.006211180124223947e-01 9.047619047619047672e-01 9.109730848861283814e-01 9.151138716356107539e-01 9.151138716356107539e-01 9.151138716356107539e-01 9.151138716356107539e-01
4.660633484162896023e-01 8.054298642533936903e-01 8.936651583710407687e-01 9.095022624434389025e-01 9.140271493212669407e-01 9.230769230769231282e-01 9.230769230769231282e-01 9.230769230769231282e-01 9.230769230769231282e-01 9.230769230769231282e-01
1.086956521739130405e-01 4.076086956521738913e-01 5.978260869565217295e-01 6.413043478260869179e-01 6.630434782608695121e-01 6.684782608695651884e-01 6.739130434782608647e-01 6.739130434782608647e-01 6.902173913043477826e-01 6.902173913043477826e-01
9.677419354838709409e-02 5.268817204301075030e-01 8.360215053763441206e-01 8.736559139784946248e-01 8.897849462365591267e-01 8.897849462365591267e-01 8.897849462365591267e-01 8.951612903225806273e-01 9.032258064516128782e-01 9.059139784946236285e-01
8.196721311475410263e-03 1.803278688524590223e-01 4.918032786885245811e-01 8.442622950819672623e-01 8.524590163934425702e-01 8.606557377049179891e-01 8.770491803278688270e-01 8.770491803278688270e-01 8.770491803278688270e-01 8.852459016393442459e-01
4.048913043478261087e-01 7.173913043478260532e-01 8.143115942028985588e-01 8.333333333333333703e-01 8.478260869565217295e-01 8.659420289855072062e-01 8.777173913043477826e-01 8.876811594202898004e-01 8.958333333333333703e-01 9.021739130434782705e-01
2.885326757090012073e-01 6.078914919852034249e-01 7.127003699136867931e-01 7.558569667077681409e-01 7.805178791615289269e-01 7.990135635018495996e-01 8.101109741060419367e-01 8.236744759556103856e-01 8.310727496917386103e-01 8.545006165228113959e-01
1.733333333333333393e-01 4.780952380952380731e-01 6.857142857142857206e-01 7.219047619047619380e-01 7.428571428571428825e-01 7.619047619047618625e-01 7.828571428571428070e-01 7.866666666666666252e-01 8.019047619047618980e-01 8.228571428571428426e-01
1.345707656612528946e-01 4.338747099767981674e-01 5.939675174013920866e-01 6.450116009280741913e-01 6.635730858468676940e-01 6.798143851508120505e-01 6.937354988399071498e-01 7.053364269141531029e-01 7.122969837587006525e-01 7.262180974477958628e-01
1.229508196721311453e-01 3.551912568306010987e-01 4.918032786885245811e-01 5.437158469945355677e-01 5.546448087431693486e-01 5.683060109289617134e-01 5.928961748633879703e-01 6.092896174863388081e-01 6.229508196721311730e-01 6.393442622950820109e-01
4.431718061674008724e-01 7.145374449339206846e-01 8.061674008810573167e-01 8.422907488986783875e-01 8.511013215859031256e-01 8.643171806167401217e-01 8.766519823788546661e-01 8.854625550660792932e-01 8.881057268722466480e-01 8.907488986784141138e-01
4.328888888888888786e-01 6.933333333333333570e-01 7.777777777777777901e-01 8.097777777777778185e-01 8.248888888888888937e-01 8.408888888888889079e-01 8.524444444444444491e-01 8.604444444444444562e-01 8.675555555555555243e-01 8.711111111111110583e-01
4.362486828240252912e-01 6.870389884088514698e-01 7.966280295047418747e-01 8.229715489989463117e-01 8.356164383561643927e-01 8.482613277133824736e-01 8.587987355110642262e-01 8.682824025289779257e-01 8.714436248682824182e-01 8.798735511064278425e-01
4.209274673008323586e-01 6.480380499405469230e-01 7.443519619500594819e-01 7.752675386444708439e-01 7.883472057074910611e-01 7.978596908442330271e-01 8.049940546967895294e-01 8.121284185493460317e-01 8.168846611177169592e-01 8.263971462544589253e-01
3.561470215462611000e-01 5.944233206590621155e-01 6.692015209125474762e-01 7.122940430925222000e-01 7.338403041825094508e-01 7.414448669201521014e-01 7.528517110266159662e-01 7.566539923954372915e-01 7.629911280101394633e-01 7.731305449936628493e-01
1.707920792079208050e-01 4.084158415841583900e-01 5.198019801980198196e-01 5.618811881188119361e-01 5.866336633663365996e-01 6.064356435643564192e-01 6.200495049504950451e-01 6.250000000000000000e-01 6.361386138613861485e-01 6.410891089108911034e-01
9.110169491525423047e-02 4.502118644067796827e-01 6.716101694915254106e-01 7.171610169491525744e-01 7.394067796610169774e-01 7.510593220338983578e-01 7.658898305084745894e-01 7.754237288135593653e-01 7.849576271186440302e-01 7.934322033898305593e-01
1.057797164667393652e-01 5.158124318429662125e-01 7.295528898582334110e-01 7.688113413304252797e-01 7.797164667393674531e-01 7.906215921483097375e-01 8.047982551799345297e-01 8.113413304252998781e-01 8.178844056706652266e-01 8.255179934569247813e-01
1.111111111111111049e-01 3.962962962962963132e-01 6.185185185185184675e-01 6.888888888888888840e-01 6.999999999999999556e-01 7.037037037037037202e-01 7.148148148148147918e-01 7.222222222222222099e-01 7.296296296296296280e-01 7.333333333333332815e-01
6.428571428571427937e-02 3.571428571428571508e-01 6.339285714285713969e-01 6.946428571428571175e-01 7.160714285714285809e-01 7.285714285714285365e-01 7.428571428571428825e-01 7.500000000000000000e-01 7.517857142857142794e-01 7.624999999999999556e-01
1.872340425531915029e-02 1.446808510638297740e-01 5.157446808510638414e-01 7.787234042553191626e-01 8.093617021276595658e-01 8.238297872340425432e-01 8.331914893617021756e-01 8.408510638297872486e-01 8.459574468085105936e-01 8.553191489361702260e-01
1.335877862595419817e-02 2.299618320610687106e-01 5.772900763358778109e-01 7.318702290076335437e-01 7.519083969465648609e-01 7.709923664122136922e-01 7.776717557251908719e-01 7.872137404580152875e-01 7.938931297709923562e-01 7.996183206106870500e-01
0.000000000000000000e+00 1.265206812652068247e-01 6.374695863746958624e-01 7.518248175182481452e-01 7.591240875912408370e-01 7.639902676399026316e-01 7.761557177615572289e-01 7.810218978102190235e-01 7.907542579075426126e-01 7.931873479318735098e-01
8.771929824561403022e-03 1.701754385964912297e-01 5.842105263157895134e-01 6.999999999999999556e-01 7.122807017543859587e-01 7.245614035087719618e-01 7.298245614035088202e-01 7.333333333333332815e-01 7.385964912280701400e-01 7.456140350877192846e-01
3.368055555555555802e-01 7.204861111111111605e-01 8.663194444444444198e-01 8.949652777777777901e-01 9.045138888888888395e-01 9.088541666666666297e-01 9.166666666666666297e-01 9.201388888888888395e-01 9.227430555555555802e-01 9.236111111111111605e-01
0.000000000000000000e+00 7.633587786259541687e-03 2.671755725190839634e-02 1.984732824427480891e-01 2.786259541984733024e-01 2.862595419847328015e-01 2.938931297709923562e-01 2.938931297709923562e-01 2.977099236641221336e-01 3.015267175572519109e-01
0.000000000000000000e+00 1.257861635220125854e-02 5.817610062893081857e-02 2.012578616352201366e-01 2.814465408805031377e-01 3.427672955974842561e-01 3.647798742138364525e-01 3.742138364779873938e-01 3.883647798742138613e-01 3.930817610062893319e-01
0.000000000000000000e+00 1.689189189189189283e-03 1.858108108108108211e-02 1.435810810810810856e-01 2.212837837837837718e-01 2.500000000000000000e-01 2.601351351351351426e-01 2.652027027027026862e-01 2.736486486486486291e-01 2.888513513513513709e-01
1.503759398496240692e-03 9.022556390977444149e-03 6.766917293233082331e-02 4.045112781954887105e-01 5.864661654135338020e-01 6.406015037593985051e-01 6.451127819548871933e-01 6.511278195488722220e-01 6.556390977443609103e-01 6.601503759398495985e-01
0.000000000000000000e+00 0.000000000000000000e+00 0.000000000000000000e+00 9.708737864077669061e-03 1.310679611650485410e-01 2.718446601941747476e-01 3.543689320388349606e-01 3.640776699029126262e-01 3.737864077669902918e-01 3.786407766990291246e-01
5.433673469387755306e-01 8.035714285714286031e-01 8.839285714285713969e-01 9.056122448979592177e-01 9.107142857142856984e-01 9.221938775510204467e-01 9.285714285714286031e-01 9.336734693877550839e-01 9.362244897959183243e-01 9.400510204081632404e-01
4.848942598187311326e-01 7.416918429003021007e-01 8.383685800604229188e-01 8.806646525679758808e-01 8.972809667673715683e-01 9.018126888217522508e-01 9.048338368580060020e-01 9.063444108761329332e-01 9.108761329305136156e-01 9.290030211480362343e-01
4.101876675603217115e-01 7.158176943699732231e-01 8.230563002680965079e-01 8.552278820375335266e-01 8.713136729222520360e-01 8.739946380697051209e-01 8.820375335120643756e-01 8.873994638069705454e-01 8.927613941018767152e-01 9.008042895442359699e-01
2.680000000000000160e-01 5.959999999999999742e-01 7.039999999999999591e-01 7.439999999999999947e-01 7.680000000000000160e-01 7.760000000000000231e-01 7.760000000000000231e-01 7.840000000000000302e-01 7.840000000000000302e-01 7.840000000000000302e-01
1.339285714285714246e-01 4.196428571428571508e-01 5.267857142857143016e-01 5.625000000000000000e-01 5.625000000000000000e-01 5.625000000000000000e-01 5.625000000000000000e-01 5.625000000000000000e-01 5.803571428571429047e-01 5.892857142857143016e-01
1.298701298701298579e-01 3.766233766233766378e-01 4.718614718614718706e-01 5.194805194805194315e-01 5.324675324675324228e-01 5.497835497835498186e-01 5.627705627705628100e-01 5.670995670995671034e-01 5.757575757575758013e-01 5.887445887445887927e-01
0.000000000000000000e+00 7.407407407407407690e-03 1.481481481481481538e-02 1.481481481481481399e-01 4.222222222222222210e-01 6.370370370370370683e-01 6.666666666666666297e-01 6.814814814814814659e-01 6.888888888888888840e-01 6.962962962962963021e-01
2.991266375545851286e-01 6.026200873362445032e-01 7.336244541484716608e-01 7.598253275109170257e-01 7.860262008733623906e-01 8.078602620087336206e-01 8.165938864628821126e-01 8.231441048034934260e-01 8.318777292576419180e-01 8.362445414847161640e-01
5.791505791505791728e-02 3.281853281853281956e-01 5.019305019305019266e-01 5.521235521235521304e-01 5.675675675675675436e-01 5.752895752895752501e-01 5.791505791505791034e-01 5.791505791505791034e-01 5.945945945945946276e-01 6.061776061776061875e-01
1.149425287356321823e-02 1.264367816091954144e-01 4.329501915708812154e-01 7.126436781609195581e-01 7.432950191570881771e-01 7.662835249042145858e-01 7.739463601532566850e-01 7.816091954022988952e-01 7.816091954022988952e-01 7.892720306513409945e-01
5.143884892086331151e-01 7.476019184652278327e-01 8.261390887290167573e-01 8.483213429256595273e-01 8.657074340527577405e-01 8.764988009592326046e-01 8.824940047961630230e-01 8.926858513189448452e-01 8.974820143884891799e-01 9.022781774580336256e-01
3.535564853556485421e-01 6.025104602510460428e-01 6.861924686192468759e-01 7.238493723849371841e-01 7.437238493723848931e-01 7.573221757322176062e-01 7.677824267782427103e-01 7.803347280334728131e-01 7.855648535564853097e-01 7.897489539748954179e-01
3.233965672990063434e-01 5.898825654923215422e-01 6.766034327009936566e-01 7.253839205058717488e-01 7.344173441734417329e-01 7.624209575429087282e-01 7.741644083107497298e-01 7.831978319783198250e-01 7.895212285456187917e-01 8.003613369467027505e-01
1.407249466950959427e-01 2.686567164179104461e-01 3.518123667377398567e-01 3.923240938166311365e-01 4.115138592750532953e-01 4.307036247334754542e-01 4.456289978678038555e-01 4.562899786780383882e-01 4.669509594882729209e-01 4.818763326226012667e-01
1.137440758293838811e-01 2.535545023696682554e-01 3.080568720379147085e-01 3.507109004739336622e-01 3.554502369668246509e-01 3.791469194312795943e-01 3.886255924170616272e-01 4.123222748815165706e-01 4.194312796208530814e-01 4.241706161137440700e-01
1.433224755700325814e-01 3.289902280130292955e-01 4.136807817589576719e-01 4.625407166123778335e-01 4.788273615635179059e-01 4.885993485342019493e-01 5.016286644951140072e-01 5.179153094462540796e-01 5.342019543973941520e-01 5.407166123778501809e-01
1.524163568773234112e-01 3.568773234200743327e-01 4.460966542750929298e-01 4.944237918215613203e-01 5.204460966542751033e-01 5.315985130111524626e-01 5.576208178438661900e-01 5.687732342007435493e-01 5.762081784386616778e-01 5.947955390334572767e-01
1.529850746268656692e-01 3.694029850746268773e-01 4.776119402985074536e-01 5.037313432835820448e-01 5.074626865671642006e-01 5.298507462686566916e-01 5.485074626865671377e-01 5.522388059701492935e-01 5.634328358208955390e-01 5.708955223880597396e-01
3.675832127351664202e-01 6.338639652677279246e-01 7.380607814761215302e-01 7.843704775687410091e-01 8.046309696092619479e-01 8.277858176555716874e-01 8.408104196816208464e-01 8.523878437047757162e-01 8.610709117221417852e-01 8.712011577424023656e-01
1.640625000000000000e-01 3.046875000000000000e-01 4.218750000000000000e-01 4.765625000000000000e-01 4.960937500000000000e-01 5.156250000000000000e-01 5.351562500000000000e-01 5.390625000000000000e-01 5.546875000000000000e-01 5.664062500000000000e-01
4.531371030209140338e-01 7.041053446940356286e-01 7.637490317583268684e-01 7.807900852052672702e-01 7.900852052672346915e-01 8.001549186676994996e-01 8.094500387296669208e-01 8.171959721146397904e-01 8.272656855151045985e-01 8.412083656080557859e-01
3.055555555555555802e-01 5.512820512820513219e-01 6.388888888888888395e-01 6.688034188034187588e-01 6.826923076923077094e-01 6.965811965811965489e-01 7.083333333333333703e-01 7.158119658119658224e-01 7.232905982905982745e-01 7.318376068376067911e-01
2.368866328257191178e-01 4.297800338409475396e-01 4.957698815566836115e-01 5.414551607445008408e-01 5.702199661590524604e-01 5.939086294416243694e-01 6.057529610829103239e-01 6.192893401015228116e-01 6.260575296108290555e-01 6.379018612521150100e-01
1.914893617021276584e-01 3.503546099290780202e-01 4.595744680851063801e-01 5.049645390070921502e-01 5.418439716312056786e-01 5.574468085106383253e-01 5.730496453900709719e-01 5.858156028368793899e-01 6.014184397163120366e-01 6.170212765957446832e-01
1.760752688172043112e-01 3.750000000000000000e-01 4.905913978494623739e-01 5.443548387096773800e-01 5.658602150537634934e-01 5.819892473118279952e-01 5.967741935483871218e-01 6.155913978494623739e-01 6.250000000000000000e-01 6.344086021505376261e-01
4.550561797752809001e-01 7.238547968885047368e-01 8.012100259291270454e-01 8.280034572169403528e-01 8.375108038029386304e-01 8.496110630942091957e-01 8.569576490924805112e-01 8.617113223854796500e-01 8.707865168539326017e-01 8.781331028522040283e-01
3.216180371352785339e-01 5.391246684350132767e-01 6.293103448275861878e-01 6.737400530503978580e-01 7.022546419098143478e-01 7.175066312997347984e-01 7.307692307692307265e-01 7.453580901856764473e-01 7.652519893899204506e-01 7.791777188328912196e-01
2.282453637660485091e-01 4.350927246790299296e-01 5.064194008559200766e-01 5.406562054208273738e-01 5.663338088445077911e-01 5.820256776034237189e-01 5.991440798858773675e-01 6.134094151212553525e-01 6.305278174037090011e-01 6.447931526390869861e-01
2.691131498470947792e-01 4.903160040774719453e-01 6.024464831804281495e-01 6.391437308868501699e-01 6.554536187563710925e-01 6.646279306829765421e-01 6.748216106014270910e-01 6.819571865443424530e-01 6.870540265035678384e-01 6.982670744138633756e-01
1.719008264462809910e-01 3.223140495867768407e-01 4.165289256198347334e-01 4.776859504132231482e-01 5.024793388429752428e-01 5.272727272727272263e-01 5.404958677685950397e-01 5.487603305785123675e-01 5.570247933884298064e-01 5.636363636363636020e-01
2.931235431235431066e-01 6.934731934731934722e-01 8.409090909090909394e-01 8.764568764568764214e-01 8.834498834498833997e-01 8.863636363636363535e-01 8.886946386946387166e-01 8.892773892773893074e-01 8.933566433566433318e-01 8.956876456876456949e-01
1.666666666666666574e-01 5.341365461847389362e-01 7.329317269076305319e-01 7.951807228915662717e-01 8.032128514056224855e-01 8.112449799196786993e-01 8.112449799196786993e-01 8.112449799196786993e-01 8.112449799196786993e-01 8.132530120481927804e-01
9.473684210526316096e-02 3.298245614035087980e-01 4.701754385964912464e-01 5.403508771929824706e-01 5.508771929824561875e-01 5.649122807017543657e-01 5.649122807017543657e-01 5.649122807017543657e-01 5.649122807017543657e-01 5.719298245614035103e-01
4.504504504504504292e-02 1.711711711711711714e-01 2.432432432432432567e-01 2.432432432432432567e-01 2.432432432432432567e-01 2.522522522522522292e-01 2.612612612612612573e-01 2.612612612612612573e-01 2.702702702702702853e-01 2.702702702702702853e-01
9.708737864077669061e-03 4.854368932038834877e-02 9.708737864077669755e-02 9.708737864077669755e-02 9.708737864077669755e-02 9.708737864077669755e-02 9.708737864077669755e-02 9.708737864077669755e-02 9.708737864077669755e-02 9.708737864077669755e-02
