2.325056433408577983e-01 5.665914221218961710e-01 6.930022573363431304e-01 7.381489841986456080e-01 7.471783295711060813e-01 7.516930022573363734e-01 7.607223476297968467e-01 7.674943566591422295e-01 7.765237020316027028e-01 7.810383747178329950e-01
1.694915254237288130e-02 8.474576271186440302e-02 1.525423728813559421e-01 2.118644067796610075e-01 2.288135593220338992e-01 2.542372881355932090e-01 2.796610169491525189e-01 2.881355932203389925e-01 2.966101694915254106e-01 3.135593220338983023e-01
1.492537313432835792e-02 5.970149253731343170e-02 1.194029850746268634e-01 1.343283582089552231e-01 1.343283582089552231e-01 1.343283582089552231e-01 1.343283582089552231e-01 1.343283582089552231e-01 1.343283582089552231e-01 1.343283582089552231e-01
5.714285714285714107e-02 1.142857142857142821e-01 1.428571428571428492e-01 1.714285714285714302e-01 1.714285714285714302e-01 1.857142857142857206e-01 1.857142857142857206e-01 1.857142857142857206e-01 1.857142857142857206e-01 1.857142857142857206e-01
3.703703703703703498e-02 1.111111111111111049e-01 1.481481481481481399e-01 1.851851851851851749e-01 1.851851851851851749e-01 1.851851851851851749e-01 2.037037037037036924e-01 2.037037037037036924e-01 2.037037037037036924e-01 2.037037037037036924e-01
4.239350912778904745e-01 6.663286004056795386e-01 7.302231237322515112e-01 7.423935091277890086e-01 7.515212981744422427e-01 7.596348884381338706e-01 7.667342799188641145e-01 7.778904665314401168e-01 7.880324543610547350e-01 7.951318458417849788e-01
4.366883116883116811e-01 6.785714285714286031e-01 7.435064935064935598e-01 7.500000000000000000e-01 7.581168831168830780e-01 7.646103896103896291e-01 7.694805194805194315e-01 7.759740259740259827e-01 7.840909090909090606e-01 7.873376623376623362e-01
1.932367149758454014e-02 8.212560386473430341e-02 1.690821256038647358e-01 3.140096618357487990e-01 4.444444444444444198e-01 5.314009661835749077e-01 5.603864734299517369e-01 5.748792270531400961e-01 5.845410628019324095e-01 6.038647342995169254e-01
1.428571428571428492e-01 3.166023166023165802e-01 4.169884169884169878e-01 4.401544401544401630e-01 4.478764478764478696e-01 4.633204633204633383e-01 4.710424710424710448e-01 4.787644787644787514e-01 4.864864864864865135e-01 4.980694980694980734e-01
1.563421828908554689e-01 3.997050147492625105e-01 5.457227138643068187e-01 6.327433628318583914e-01 6.489675516224189256e-01 6.725663716814159754e-01 6.873156342182891176e-01 6.961651917404130252e-01 7.094395280235987755e-01 7.153392330383481212e-01
5.367647058823529216e-01 7.941176470588234837e-01 8.676470588235294379e-01 8.750000000000000000e-01 8.750000000000000000e-01 8.750000000000000000e-01 8.750000000000000000e-01 8.823529411764705621e-01 8.823529411764705621e-01 8.823529411764705621e-01
5.142857142857142350e-01 7.047619047619048116e-01 7.809523809523809534e-01 8.190476190476190244e-01 8.190476190476190244e-01 8.190476190476190244e-01 8.190476190476190244e-01 8.190476190476190244e-01 8.190476190476190244e-01 8.190476190476190244e-01
4.311926605504587395e-01 7.155963302752293975e-01 7.981651376146788879e-01 8.440366972477064689e-01 8.440366972477064689e-01 8.440366972477064689e-01 8.532110091743119185e-01 8.532110091743119185e-01 8.532110091743119185e-01 8.532110091743119185e-01
3.645833333333333148e-01 7.395833333333333703e-01 8.125000000000000000e-01 8.437500000000000000e-01 8.437500000000000000e-01 8.437500000000000000e-01 8.541666666666666297e-01 8.541666666666666297e-01 8.541666666666666297e-01 8.541666666666666297e-01
4.634146341463414864e-01 6.585365853658536883e-01 6.951219512195121464e-01 7.195121951219511924e-01 7.195121951219511924e-01 7.560975609756097615e-01 7.560975609756097615e-01 7.682926829268292845e-01 7.682926829268292845e-01 7.682926829268292845e-01
5.497512437810945229e-01 7.139303482587064931e-01 7.313432835820895539e-01 7.363184079601989840e-01 7.388059701492537545e-01 7.437810945273631846e-01 7.512437810945273853e-01 7.562189054726368154e-01 7.562189054726368154e-01 7.636815920398010160e-01
6.573770491803279103e-01 8.131147540983606481e-01 8.393442622950819665e-01 8.475409836065573854e-01 8.475409836065573854e-01 8.524590163934425702e-01 8.557377049180328044e-01 8.573770491803278659e-01 8.639344262295082233e-01 8.639344262295082233e-01
6.321839080459770166e-01 8.325123152709359431e-01 8.571428571428570953e-01 8.604269293924465822e-01 8.620689655172413257e-01 8.653530377668309237e-01 8.686371100164204107e-01 8.686371100164204107e-01 8.702791461412151541e-01 8.719211822660098976e-01
6.651982378854625066e-01 8.399412628487518129e-01 8.634361233480176701e-01 8.678414096916299281e-01 8.693098384728340511e-01 8.722466960352422971e-01 8.766519823788546661e-01 8.781204111600587892e-01 8.810572687224669242e-01 8.825256975036710472e-01
5.989304812834224112e-01 7.647058823529411242e-01 7.736185383244206237e-01 7.807486631016042899e-01 7.825311942959001232e-01 7.843137254901960675e-01 7.914438502673797338e-01 7.950089126559715114e-01 7.967914438502673447e-01 8.003565062388592333e-01
3.573085846867749549e-01 6.119489559164733583e-01 6.832946635730858809e-01 7.215777262180974594e-01 7.331786542923434125e-01 7.407192575406031931e-01 7.505800464037123421e-01 7.581206496519721227e-01 7.650812064965196724e-01 7.703016241299304179e-01
2.405660377358490587e-01 4.707547169811320820e-01 5.745283018867924918e-01 6.188679245283018604e-01 6.349056603773585161e-01 6.443396226415094574e-01 6.462264150943396457e-01 6.537735849056603987e-01 6.622641509433961904e-01 6.688679245283019048e-01
2.275611967361740595e-01 4.215775158658204846e-01 5.312783318223027740e-01 5.747960108794197831e-01 6.092475067996373506e-01 6.291931097008159890e-01 6.382592928377153196e-01 6.482320942883046389e-01 6.600181323662738242e-01 6.727107887579328871e-01
6.422018348623853568e-02 1.467889908256880815e-01 2.087155963302752271e-01 2.545871559633027248e-01 2.683486238532110102e-01 2.821100917431192401e-01 2.981651376146788879e-01 3.119266055045871733e-01 3.256880733944954032e-01 3.279816513761467656e-01
5.841121495327102758e-02 1.471962616822429792e-01 2.102803738317756965e-01 2.359813084112149517e-01 2.593457943925233655e-01 2.827102803738317793e-01 2.873831775700934621e-01 2.967289719626168276e-01 3.084112149532710068e-01 3.177570093457943723e-01
1.757559395248380063e-01 4.711123110151188009e-01 6.298596112311014572e-01 6.719762419006479748e-01 6.897948164146868733e-01 7.065334773218142628e-01 7.178725701943844406e-01 7.297516198704103729e-01 7.389308855291576439e-01 7.464902807775377624e-01
2.057902973395931145e-01 4.581377151799687075e-01 5.778560250391235886e-01 6.126760563380281299e-01 6.279342723004694982e-01 6.408450704225352457e-01 6.537558685446009932e-01 6.604068857589984187e-01 6.686228482003130358e-01 6.768388106416275418e-01
1.706855791962174906e-01 3.777777777777777679e-01 4.747044917257683405e-01 5.063829787234042090e-01 5.186761229314420518e-01 5.309692671394798946e-01 5.432624113475177374e-01 5.522458628841607764e-01 5.598108747044917566e-01 5.683215130023641093e-01
8.360389610389609705e-02 1.777597402597402565e-01 2.329545454545454419e-01 2.475649350649350711e-01 2.573051948051948146e-01 2.662337662337662114e-01 2.719155844155843882e-01 2.784090909090908839e-01 2.816558441558441594e-01 2.873376623376623362e-01
3.733333333333333642e-02 9.066666666666667318e-02 1.173333333333333311e-01 1.173333333333333311e-01 1.199999999999999956e-01 1.199999999999999956e-01 1.199999999999999956e-01 1.199999999999999956e-01 1.226666666666666600e-01 1.226666666666666600e-01
1.592222806095638377e-01 4.524435102469784309e-01 6.053599579611140813e-01 6.342616920651602541e-01 6.416184971098265466e-01 6.489753021544929501e-01 6.531791907514450379e-01 6.605359957961114414e-01 6.663163426169206316e-01 6.705202312138728304e-01
2.953813104189044123e-03 5.370569280343716508e-03 1.879699248120300648e-02 2.988721804511278446e-01 6.275510204081632404e-01 7.274436090225563367e-01 7.357679914070891503e-01 7.424812030075187419e-01 7.513426423200859627e-01 7.615467239527390353e-01
3.481288076588337586e-03 1.566579634464751805e-02 8.790252393385553087e-02 2.602262837249782468e-01 3.733681462140991947e-01 3.968668407310704804e-01 4.029590948651000648e-01 4.160139251523063408e-01 4.255874673629242988e-01 4.334203655352480422e-01
3.428270042194093026e-03 5.537974683544303819e-03 9.493670886075949653e-03 9.282700421940928703e-02 4.322257383966244815e-01 7.449894514767932963e-01 7.671413502109705185e-01 7.753164556962025555e-01 7.845464135021097407e-01 7.950949367088607778e-01
2.458512599877074167e-03 4.302397049784880551e-03 9.219422249539029751e-03 1.241548862937922604e-01 4.308543331284572786e-01 6.355255070682237495e-01 6.515058389674247552e-01 6.564228641671788766e-01 6.693300553165334454e-01 6.730178242163491475e-01
1.324786324786324798e-01 2.820512820512820484e-01 3.461538461538461453e-01 3.632478632478632341e-01 3.803418803418803229e-01 3.931623931623931534e-01 4.102564102564102422e-01 4.316239316239316448e-01 4.358974358974359031e-01 4.444444444444444198e-01
2.643979057591622772e-01 4.712041884816753901e-01 5.497382198952879273e-01 5.759162303664921989e-01 5.968586387434554608e-01 6.204188481675392275e-01 6.308900523560209139e-01 6.413612565445026004e-01 6.492146596858638929e-01 6.596858638743455794e-01
1.443661971830985935e-01 3.661971830985915610e-01 4.788732394366196909e-01 5.000000000000000000e-01 5.140845070422535024e-01 5.492957746478873693e-01 5.528169014084507449e-01 5.563380281690141205e-01 5.633802816901408717e-01 5.633802816901408717e-01
1.329113924050632778e-01 2.784810126582278333e-01 3.544303797468354444e-01 3.860759493670886111e-01 4.050632911392405000e-01 4.113924050632911666e-01 4.240506329113923889e-01 4.303797468354430555e-01 4.430379746835442778e-01 4.493670886075949444e-01
1.077844311377245540e-01 1.736526946107784519e-01 2.215568862275449080e-01 2.395209580838323360e-01 2.634730538922155918e-01 2.874251497005987921e-01 3.053892215568862478e-01 3.113772455089820479e-01 3.173652694610778480e-01 3.473053892215569038e-01
5.646853146853146876e-01 7.674825174825175012e-01 8.164335664335664600e-01 8.356643356643356224e-01 8.435314685314685423e-01 8.479020979020979176e-01 8.522727272727272929e-01 8.566433566433566682e-01 8.592657342657342712e-01 8.601398601398601018e-01
5.924596050269299585e-01 7.854578096947935073e-01 8.231597845601436036e-01 8.429084380610413207e-01 8.509874326750448414e-01 8.608617594254937000e-01 8.635547576301615402e-01 8.644524236983841536e-01 8.653500897666067670e-01 8.680430879712747183e-01
5.714285714285713969e-01 7.712477396021699683e-01 8.182640144665460635e-01 8.372513562386980634e-01 8.462929475587703809e-01 8.544303797468354444e-01 8.571428571428570953e-01 8.598553345388788571e-01 8.616636528028932540e-01 8.652802893309222698e-01
5.649087221095334677e-01 7.363083164300202599e-01 7.819472616632859863e-01 7.971602434077078581e-01 8.103448275862068506e-01 8.164300202839757103e-01 8.184584178498985896e-01 8.215010141987829639e-01 8.245436105476673383e-01 8.306288032454360870e-01
4.667651403249630793e-01 6.351550960118168554e-01 6.883308714918758842e-01 7.031019202363367748e-01 7.119645494830132426e-01 7.223042836041358994e-01 7.282127031019202112e-01 7.370753323485967901e-01 7.385524372230428680e-01 7.459379615952732578e-01
6.704025617566331530e-01 8.929551692589203782e-01 9.272644098810612912e-01 9.357273559011893838e-01 9.398444647758462667e-01 9.425892040256175219e-01 9.444190301921316921e-01 9.455626715462031040e-01 9.457913998170174308e-01 9.464775846294601891e-01
6.725970425138632081e-01 8.909426987060997671e-01 9.283733826247689835e-01 9.359981515711645050e-01 9.385397412199630862e-01 9.413123844731977607e-01 9.422365988909426893e-01 9.438539741219963419e-01 9.447781885397412704e-01 9.457024029574860879e-01
5.502676977989292562e-01 8.185603807257584297e-01 8.795359904818560448e-01 9.024390243902439268e-01 9.077929803688280508e-01 9.125520523497917535e-01 9.155264723378940817e-01 9.158239143367042923e-01 9.161213563355146139e-01 9.164187983343248245e-01
2.215709261430246213e-01 4.982415005861664525e-01 6.377491207502931081e-01 7.104337631887456261e-01 7.245017584994137838e-01 7.409144196951934491e-01 7.479484173505275280e-01 7.479484173505275280e-01 7.491207502930832263e-01 7.502930832356389246e-01
1.270718232044198981e-01 3.287292817679557944e-01 4.558011049723756924e-01 5.276243093922652339e-01 5.441988950276243076e-01 5.580110497237569245e-01 5.635359116022099490e-01 5.690607734806629736e-01 5.745856353591159982e-01 5.745856353591159982e-01
1.988950276243093840e-01 3.370165745856353867e-01 3.646408839779005651e-01 3.977900552486187680e-01 3.977900552486187680e-01 3.977900552486187680e-01 4.088397790055248726e-01 4.143646408839778972e-01 4.198895027624309217e-01 4.309392265193370264e-01
1.859649122807017496e-01 4.105263157894736836e-01 4.491228070175438680e-01 4.701754385964912464e-01 4.877192982456140524e-01 4.912280701754385692e-01 4.982456140350877138e-01 5.017543859649122862e-01 5.017543859649122862e-01 5.017543859649122862e-01
2.748091603053435250e-01 5.400763358778626344e-01 6.717557251908397031e-01 7.194656488549617812e-01 7.309160305343511688e-01 7.480916030534351391e-01 7.576335877862595547e-01 7.652671755725191094e-01 7.729007633587786641e-01 7.900763358778626344e-01
2.732696897374701783e-01 5.787589498806682276e-01 7.267303102625298772e-01 7.804295942720763657e-01 8.066825775656324415e-01 8.186157517899761427e-01 8.233890214797136009e-01 8.341288782816229652e-01 8.424821002386634339e-01 8.556085918854415828e-01
1.140939597315436260e-01 2.885906040268456652e-01 4.026845637583892357e-01 4.429530201342282147e-01 4.496644295302013594e-01 4.765100671140939381e-01 4.765100671140939381e-01 4.765100671140939381e-01 4.832214765100671383e-01 4.832214765100671383e-01
2.248947684906794919e-01 4.876728803367408327e-01 6.091401082381239229e-01 6.494287432351172340e-01 6.674684305472038393e-01 6.831028262176789267e-01 6.909200240529164150e-01 6.969332531569453204e-01 7.083583884546000853e-01 7.161755862898376845e-01
2.356321839080459668e-01 5.014367816091953589e-01 6.257183908045976795e-01 6.609195402298850830e-01 6.795977011494253039e-01 6.961206896551723755e-01 7.018678160919540332e-01 7.076149425287355799e-01 7.133620689655172376e-01 7.183908045977011048e-01
2.537878787878787845e-01 4.878787878787878562e-01 5.969696969696969280e-01 6.356060606060606188e-01 6.568181818181818565e-01 6.734848484848484640e-01 6.803030303030302983e-01 6.901515151515151825e-01 6.977272727272727515e-01 7.007575757575758013e-01
2.441520467836257313e-01 4.985380116959064467e-01 6.491228070175438791e-01 6.842105263157894912e-01 6.915204678362573132e-01 7.046783625730994594e-01 7.149122807017543879e-01 7.178362573099414945e-01 7.192982456140351033e-01 7.207602339181286011e-01
0.000000000000000000e+00 0.000000000000000000e+00 0.000000000000000000e+00 0.000000000000000000e+00 0.000000000000000000e+00 0.000000000000000000e+00 0.000000000000000000e+00 0.000000000000000000e+00 0.000000000000000000e+00 0.000000000000000000e+00
1.632231404958677801e-01 4.125344352617079657e-01 5.227272727272727071e-01 5.488980716253443193e-01 5.544077134986226119e-01 5.606060606060605522e-01 5.640495867768594573e-01 5.681818181818182323e-01 5.709366391184572675e-01 5.757575757575758013e-01
3.217612193056731268e-02 2.861981371718882450e-01 5.046570702794241914e-01 5.766299745977985225e-01 5.859441151566469053e-01 5.961049957662997167e-01 5.977984758679085742e-01 6.011854360711261780e-01 6.045723962743437818e-01 6.088060965283658144e-01
4.243281471004243209e-03 1.506364922206506474e-01 4.391796322489391891e-01 6.181046676096181303e-01 6.435643564356435808e-01 6.499292786421498880e-01 6.570014144271569823e-01 6.626591230551626133e-01 6.669024045261668920e-01 6.732673267326733102e-01
6.807351940095302499e-04 3.335602450646698441e-02 2.049012933968686057e-01 5.704560925799864179e-01 6.262763784887678264e-01 6.364874063989107711e-01 6.419332879509870304e-01 6.460176991150442527e-01 6.507828454731109380e-01 6.555479918311776233e-01
4.935834155972358998e-04 1.382033563672260650e-02 9.772951628825271575e-02 5.375123395853899089e-01 6.446199407699900741e-01 6.628825271470878411e-01 6.722606120434353461e-01 6.752221125370188037e-01 6.796643632773938792e-01 6.821322803553800940e-01
4.506531204644412258e-01 6.679970972423802111e-01 7.216981132075471761e-01 7.362119013062409234e-01 7.463715529753265354e-01 7.550798258345428060e-01 7.634252539912916857e-01 7.692307692307692735e-01 7.728592162554426270e-01 7.768505079825834825e-01
4.687500000000000000e-02 1.343749999999999944e-01 1.843750000000000111e-01 2.000000000000000111e-01 2.062499999999999889e-01 2.187500000000000000e-01 2.218749999999999889e-01 2.250000000000000056e-01 2.250000000000000056e-01 2.374999999999999889e-01
7.377049180327868716e-02 1.721311475409836034e-01 2.213114754098360615e-01 2.377049180327868716e-01 2.622950819672131284e-01 2.650273224043716014e-01 2.759562841530054378e-01 2.759562841530054378e-01 2.786885245901639108e-01 2.786885245901639108e-01
6.528189910979229071e-02 1.750741839762611218e-01 2.373887240356083173e-01 2.492581602373887262e-01 2.700296735905044487e-01 2.729970326409495440e-01 2.818991097922848854e-01 2.818991097922848854e-01 2.908011869436201713e-01 2.908011869436201713e-01
2.586872586872586699e-01 4.864864864864865135e-01 5.675675675675675436e-01 5.933075933075933062e-01 5.997425997425996913e-01 6.087516087516087193e-01 6.138996138996138940e-01 6.164736164736164259e-01 6.216216216216216006e-01 6.241956241956242435e-01
4.778115501519756836e-01 8.358662613981763245e-01 8.662613981762917748e-01 8.705167173252279511e-01 8.747720364741641275e-01 8.814589665653494999e-01 8.851063829787233495e-01 8.881458966565349833e-01 8.972644376899695517e-01 9.015197568389057281e-01
3.961280714817572712e-01 7.520476545048399020e-01 7.989575577066269085e-01 8.071481757259866274e-01 8.131049888309754836e-01 8.183172002978406079e-01 8.235294117647058432e-01 8.332092330603126928e-01 8.473566641846611569e-01 8.510796723752792614e-01
3.225490196078431571e-01 6.088235294117646523e-01 6.549019607843137303e-01 6.656862745098038880e-01 6.735294117647059320e-01 6.843137254901960898e-01 6.911764705882352811e-01 6.990196078431372140e-01 7.068627450980392579e-01 7.147058823529411908e-01
2.244623655913978444e-01 5.295698924731182533e-01 5.994623655913978721e-01 6.088709677419354982e-01 6.223118279569892497e-01 6.303763440860215006e-01 6.357526881720430012e-01 6.411290322580645018e-01 6.478494623655913776e-01 6.518817204301075030e-01
3.262195121951219634e-01 4.695121951219511924e-01 5.152439024390244038e-01 5.274390243902439268e-01 5.335365853658536883e-01 5.365853658536585691e-01 5.396341463414634498e-01 5.487804878048780921e-01 5.548780487804878536e-01 5.670731707317072656e-01
4.195583596214511046e-01 6.624605678233438377e-01 7.444794952681388356e-01 7.712933753943217452e-01 7.776025236593060441e-01 7.839116719242902320e-01 7.886435331230283730e-01 7.965299684542587189e-01 8.044164037854889537e-01 8.138801261829653466e-01
3.322368421052631637e-01 5.098684210526315264e-01 6.282894736842105088e-01 6.414473684210526550e-01 6.480263157894736725e-01 6.578947368421053099e-01 6.611842105263158187e-01 6.611842105263158187e-01 6.677631578947368363e-01 6.677631578947368363e-01
2.516556291390728561e-01 3.245033112582781376e-01 3.907284768211920500e-01 4.238410596026490063e-01 4.238410596026490063e-01 4.238410596026490063e-01 4.238410596026490063e-01 4.304635761589403753e-01 4.437086092715231689e-01 4.569536423841059625e-01
2.402234636871508344e-01 3.128491620111731875e-01 3.463687150837989059e-01 3.854748603351955127e-01 3.910614525139664566e-01 4.134078212290502874e-01 4.134078212290502874e-01 4.134078212290502874e-01 4.189944134078212312e-01 4.245810055865921750e-01
2.968750000000000000e-01 3.593750000000000000e-01 3.671875000000000000e-01 3.671875000000000000e-01 3.750000000000000000e-01 3.750000000000000000e-01 3.828125000000000000e-01 3.828125000000000000e-01 3.906250000000000000e-01 3.906250000000000000e-01
5.220264317180616231e-01 7.400881057268722252e-01 7.929515418502202095e-01 8.061674008810573167e-01 8.149779735682819437e-01 8.171806167400881282e-01 8.171806167400881282e-01 8.171806167400881282e-01 8.215859030837003862e-01 8.237885462555065708e-01
4.950166112956810860e-01 6.744186046511627675e-01 7.109634551495016552e-01 7.176079734219269479e-01 7.209302325581394832e-01 7.242524916943521296e-01 7.242524916943521296e-01 7.242524916943521296e-01 7.242524916943521296e-01 7.242524916943521296e-01
5.418994413407821620e-01 7.430167597765363618e-01 7.709497206703910255e-01 7.709497206703910255e-01 7.821229050279329131e-01 7.877094972067039125e-01 7.877094972067039125e-01 7.932960893854749118e-01 7.932960893854749118e-01 7.932960893854749118e-01
2.307692307692307820e-01 3.905325443786982209e-01 4.082840236686390289e-01 4.260355029585798925e-01 4.319526627218934767e-01 4.319526627218934767e-01 4.437869822485207005e-01 4.437869822485207005e-01 4.437869822485207005e-01 4.556213017751479244e-01
2.483660130718954306e-01 4.117647058823529216e-01 4.640522875816993631e-01 4.771241830065359735e-01 4.771241830065359735e-01 4.771241830065359735e-01 4.836601307189542509e-01 4.901960784313725283e-01 4.901960784313725283e-01 4.901960784313725283e-01
6.320541760722347968e-01 8.871331828442438061e-01 9.367945823927765758e-01 9.413092550790067570e-01 9.503386004514672303e-01 9.548532731376975224e-01 9.571106094808126130e-01 9.593679458239278146e-01 9.593679458239278146e-01 9.616252821670429052e-01
5.507246376811594235e-01 8.019323671497584627e-01 8.840579710144927938e-01 9.009661835748792313e-01 9.057971014492753881e-01 9.154589371980675905e-01 9.154589371980675905e-01 9.154589371980675905e-01 9.154589371980675905e-01 9.251207729468599039e-01
5.270935960591133229e-01 7.709359605911330071e-01 8.497536945812808051e-01 8.743842364532019573e-01 8.891625615763546486e-01 8.891625615763546486e-01 8.940886699507388791e-01 8.940886699507388791e-01 8.965517241379310498e-01 9.039408866995073399e-01
4.799999999999999822e-01 7.626666666666667149e-01 8.719999999999999973e-01 8.986666666666666137e-01 9.013333333333333197e-01 9.120000000000000329e-01 9.146666666666666279e-01 9.226666666666666350e-01 9.226666666666666350e-01 9.306666666666666421e-01
4.925742574257425677e-01 7.722772277227722970e-01 8.787128712871287162e-01 9.034653465346534906e-01 9.133663366336634004e-01 9.207920792079208328e-01 9.232673267326733102e-01 9.232673267326733102e-01 9.257425742574257876e-01 9.306930693069307425e-01
5.324675324675324228e-01 7.415584415584415279e-01 8.103896103896104375e-01 8.298701298701298690e-01 8.402597402597402620e-01 8.480519480519480569e-01 8.545454545454544970e-01 8.584415584415584499e-01 8.649350649350648901e-01 8.675324675324674883e-01
4.626038781163435143e-01 6.994459833795013681e-01 7.756232686980609747e-01 7.963988919667589483e-01 8.144044321329639846e-01 8.199445983379501923e-01 8.282548476454293374e-01 8.337950138504155451e-01 8.407202216066481659e-01 8.504155124653739461e-01
4.085667215815486086e-01 6.606260296540362731e-01 7.429983525535419631e-01 7.874794069192750934e-01 8.023064250411862108e-01 8.105436573311367576e-01 8.303130148270181365e-01 8.401976935749587705e-01 8.500823723228995155e-01 8.533772652388796898e-01
3.960396039603960583e-01 6.188118811881188064e-01 7.079207920792078834e-01 7.458745874587459079e-01 7.640264026402640019e-01 7.821782178217822068e-01 7.920792079207921166e-01 8.003300330033003007e-01 8.085808580858085959e-01 8.267326732673266898e-01
4.446085672082717988e-01 6.602658788774002918e-01 7.444608567208271799e-01 7.710487444608566943e-01 7.843426883308715070e-01 7.991137370753323976e-01 8.153618906942392552e-01 8.212703101920236781e-01 8.286558345642540679e-01 8.345642540620383798e-01
3.033509700176366675e-01 5.784832451499117845e-01 6.507936507936508130e-01 6.649029982363315883e-01 6.666666666666666297e-01 6.754850088183421697e-01 6.754850088183421697e-01 6.843033509700175987e-01 6.895943562610229449e-01 6.913580246913579863e-01
2.737752161383285032e-01 5.806916426512968021e-01 6.858789625360230957e-01 7.132564841498558739e-01 7.262247838616714413e-01 7.334293948126801022e-01 7.377521613832852543e-01 7.435158501440922718e-01 7.536023054755043304e-01 7.550432276657060848e-01
1.907131011608623472e-01 4.859038142620232259e-01 6.169154228855721067e-01 6.567164179104477695e-01 6.766169154228856009e-01 6.865671641791044610e-01 6.882255389718076044e-01 6.932006633499170345e-01 6.981757877280265756e-01 6.998341625207297190e-01
1.379962192816635291e-01 4.234404536862003687e-01 6.105860113421549551e-01 6.559546313799622386e-01 6.597353497164460956e-01 6.729678638941398727e-01 6.843100189035916658e-01 6.880907372400756339e-01 6.937618147448014749e-01 6.994328922495274270e-01
1.108742004264392372e-01 3.710021321961620711e-01 5.309168443496801171e-01 5.778251599147121720e-01 5.948827292110874243e-01 6.140724946695096387e-01 6.204690831556503028e-01 6.268656716417910779e-01 6.332622601279317420e-01 6.417910447761193682e-01
6.950240770465490048e-01 8.659711075441413053e-01 8.876404494382021948e-01 8.956661316211877999e-01 8.996789727126806024e-01 9.028892455858748001e-01 9.028892455858748001e-01 9.052969502407705038e-01 9.085072231139647014e-01 9.133226324237559979e-01
7.095041322314049603e-01 8.921487603305785496e-01 9.210743801652893081e-01 9.280991735537189591e-01 9.338842975206611552e-01 9.359504132231405427e-01 9.384297520661156744e-01 9.421487603305784830e-01 9.446280991735537258e-01 9.471074380165289686e-01
7.210420841683367055e-01 8.965931863727455431e-01 9.198396793587174658e-01 9.302605210420841209e-01 9.350701402805611240e-01 9.394789579158316917e-01 9.418837675350701932e-01 9.450901803607214546e-01 9.454909819639278901e-01 9.486973947895791515e-01
7.094624611283874005e-01 8.884940026654820633e-01 9.115948467347845252e-01 9.213682807641048189e-01 9.249222567747668045e-01 9.280319857840959585e-01 9.315859617947578331e-01 9.378054198134162522e-01 9.400266548200799654e-01 9.435806308307418400e-01
6.090425531914893664e-01 7.865691489361702482e-01 8.151595744680850686e-01 8.238031914893616525e-01 8.317819148936169693e-01 8.344414893617021489e-01 8.430851063829787329e-01 8.477393617021277139e-01 8.550531914893616525e-01 8.603723404255319007e-01
2.702702702702702853e-01 5.522522522522522737e-01 6.522522522522522515e-01 6.855855855855855774e-01 6.972972972972972805e-01 7.027027027027027417e-01 7.099099099099098753e-01 7.126126126126126614e-01 7.144144144144144448e-01 7.207207207207206867e-01
2.281105990783410253e-01 4.781105990783410253e-01 5.817972350230414813e-01 6.129032258064516236e-01 6.267281105990782919e-01 6.324884792626728203e-01 6.347926267281106538e-01 6.382488479262672376e-01 6.463133640552994885e-01 6.474654377880184608e-01
1.812297734627831836e-01 4.012944983818770295e-01 4.805825242718446688e-01 5.113268608414239802e-01 5.194174757281553312e-01 5.291262135922329968e-01 5.388349514563106624e-01 5.420711974110032916e-01 5.501618122977346426e-01 5.582524271844659935e-01
1.372549019607843257e-01 3.333333333333333148e-01 4.161220043572984584e-01 4.400871459694988830e-01 4.444444444444444198e-01 4.488017429193899566e-01 4.509803921568627527e-01 4.531590413943354934e-01 4.596949891067538263e-01 4.596949891067538263e-01
1.017612524461839474e-01 2.720156555772993978e-01 3.424657534246575152e-01 3.639921722113502733e-01 3.796477495107631883e-01 3.913894324853228746e-01 3.933463796477494889e-01 3.953033268101761033e-01 4.031311154598825608e-01 4.090019569471624039e-01
4.328018223234623985e-02 2.255125284738040969e-01 4.510250569476081939e-01 5.353075170842824804e-01 5.466970387243735852e-01 5.671981776765375738e-01 5.740318906605922367e-01 5.854214123006833415e-01 5.854214123006833415e-01 5.876993166287015624e-01
1.236363636363636415e-01 3.200000000000000067e-01 4.145454545454545503e-01 4.436363636363636620e-01 4.690909090909091139e-01 4.763636363636363780e-01 4.836363636363636420e-01 4.909090909090909061e-01 4.909090909090909061e-01 4.945454545454545658e-01
1.709401709401709574e-02 7.692307692307692735e-02 1.367521367521367659e-01 1.965811965811965767e-01 2.307692307692307820e-01 2.393162393162393264e-01 2.393162393162393264e-01 2.393162393162393264e-01 2.478632478632478708e-01 2.564102564102563875e-01
1.863354037267080793e-02 9.316770186335403270e-02 1.801242236024844789e-01 2.111801242236024945e-01 2.298136645962732816e-01 2.546583850931676829e-01 2.670807453416149113e-01 2.732919254658385255e-01 2.857142857142856984e-01 2.919254658385093126e-01
1.864406779661016977e-01 3.474576271186440857e-01 4.152542372881355970e-01 4.237288135593220151e-01 4.364406779661016977e-01 4.449152542372881158e-01 4.576271186440677985e-01 4.618644067796610075e-01 4.661016949152542166e-01 4.745762711864406902e-01
5.114054451802796386e-01 7.306843267108167339e-01 7.726269315673288673e-01 7.829286239882266019e-01 7.895511405445180264e-01 7.983811626195732591e-01 8.042678440029433773e-01 8.086828550404708826e-01 8.138337012509198054e-01 8.211920529801324253e-01
1.950000000000000067e-01 3.649999999999999911e-01 4.266666666666666941e-01 4.600000000000000200e-01 4.749999999999999778e-01 4.866666666666666918e-01 4.899999999999999911e-01 4.949999999999999956e-01 5.083333333333333037e-01 5.133333333333333082e-01
1.447963800904977505e-01 3.031674208144796157e-01 3.257918552036199178e-01 3.303167420814479560e-01 3.484162895927601644e-01 3.529411764705882582e-01 3.529411764705882582e-01 3.665158371040723728e-01 3.800904977375565430e-01 3.846153846153846367e-01
1.889117043121149864e-01 3.244353182751539832e-01 3.942505133470226020e-01 4.312114989733059622e-01 4.537987679671457997e-01 4.640657084188911652e-01 4.722792607802874798e-01 4.866529774127310026e-01 5.010266940451745254e-01 5.112936344969198910e-01
1.117318435754189876e-01 1.787709497206703968e-01 1.955307262569832283e-01 2.290502793296089468e-01 2.458100558659217783e-01 2.458100558659217783e-01 2.458100558659217783e-01 2.458100558659217783e-01 2.513966480446927498e-01 2.513966480446927498e-01
5.175458982105507477e-01 7.571461770857541573e-01 8.145479897745758757e-01 8.303509179642110105e-01 8.398791540785498499e-01 8.484778061817336292e-01 8.549848942598187174e-01 8.614919823379038055e-01 8.663722983964675661e-01 8.721821984661863869e-01
4.485757121439280515e-01 7.055472263868065586e-01 7.715142428785607409e-01 7.844077961019489953e-01 7.949025487256371481e-01 8.035982008995502524e-01 8.095952023988005619e-01 8.128935532233882988e-01 8.167916041979010888e-01 8.215892053973014031e-01
3.912261776339446273e-01 6.562387630348794909e-01 7.295936713412441987e-01 7.493707299532542665e-01 7.594390507011866687e-01 7.677094570298453879e-01 7.763394462423588438e-01 7.820927723840345180e-01 7.846098525710176741e-01 7.903631787126932373e-01
3.063063063063062863e-01 5.801801801801801384e-01 6.594594594594594961e-01 6.761261261261261035e-01 6.878378378378378066e-01 6.972972972972972805e-01 7.013513513513514042e-01 7.067567567567567544e-01 7.153153153153153365e-01 7.184684684684684575e-01
2.258823529411764786e-01 4.776470588235294246e-01 5.670588235294117263e-01 5.882352941176470784e-01 6.005882352941176450e-01 6.094117647058823195e-01 6.164705882352941035e-01 6.247058823529412219e-01 6.300000000000000044e-01 6.364705882352941213e-01
3.512786002691790088e-01 6.419919246298788629e-01 8.142664872139973031e-01 8.734858681022880100e-01 8.788694481830416905e-01 8.869448183041722666e-01 8.896366083445491624e-01 9.004037685060565233e-01 9.017496635262449711e-01 9.057873485868102037e-01
1.551724137931034531e-01 5.215517241379310498e-01 7.643678160919540332e-01 8.462643678160919336e-01 8.620689655172413257e-01 8.678160919540229834e-01 8.793103448275861878e-01 8.836206896551723755e-01 8.908045977011493921e-01 8.994252873563218786e-01
1.247739602169981865e-01 4.358047016274864127e-01 7.016274864376129683e-01 8.047016274864375873e-01 8.209764918625678254e-01 8.372513562386980634e-01 8.481012658227847778e-01 8.589511754068716032e-01 8.607594936708861111e-01 8.679927667269439207e-01
1.223241590214067254e-01 4.403669724770642446e-01 6.941896024464832005e-01 7.828746177370030646e-01 7.920489296636085141e-01 8.042813455657492616e-01 8.103975535168195243e-01 8.226299694189602718e-01 8.318042813455657214e-01 8.318042813455657214e-01
3.482587064676617022e-02 8.955223880597014408e-02 2.437810945273631846e-01 4.079601990049750992e-01 4.328358208955223607e-01 4.527363184079601921e-01 4.875621890547263693e-01 5.273631840796020320e-01 5.572139303482587236e-01 5.820895522388059851e-01
3.947368421052631360e-02 1.381578947368421184e-01 2.828947368421052544e-01 3.618421052631579093e-01 4.210526315789473450e-01 4.934210526315789269e-01 5.197368421052631637e-01 5.263157894736841813e-01 5.263157894736841813e-01 5.394736842105263275e-01
7.456140350877192569e-02 3.070175438596491335e-01 4.912280701754385692e-01 5.789473684210526550e-01 6.447368421052631637e-01 6.885964912280702066e-01 7.017543859649122417e-01 7.105263157894736725e-01 7.192982456140351033e-01 7.280701754385965341e-01
1.666666666666666644e-02 3.888888888888888951e-02 1.000000000000000056e-01 1.833333333333333204e-01 2.333333333333333370e-01 2.611111111111111271e-01 2.722222222222221988e-01 2.944444444444444531e-01 2.944444444444444531e-01 2.999999999999999889e-01
0.000000000000000000e+00 7.547169811320754429e-02 2.012578616352201366e-01 3.333333333333333148e-01 3.584905660377358250e-01 4.025157232704402732e-01 4.150943396226415283e-01 4.150943396226415283e-01 4.339622641509434109e-01 4.465408805031446660e-01
3.333333333333333287e-02 1.814814814814814936e-01 3.851851851851851860e-01 5.370370370370370905e-01 5.925925925925925597e-01 6.222222222222222321e-01 6.555555555555555580e-01 6.592592592592592116e-01 6.666666666666666297e-01 6.740740740740740478e-01
1.065420560747663559e-01 3.514018691588784993e-01 5.588785046728972361e-01 6.448598130841121101e-01 6.672897196261682318e-01 6.691588785046729271e-01 6.710280373831776224e-01 6.728971962616822067e-01 6.766355140186915973e-01 6.785046728971962926e-01
2.142857142857142877e-02 1.571428571428571397e-01 4.285714285714285476e-01 5.571428571428571619e-01 5.928571428571428603e-01 6.071428571428570953e-01 6.285714285714285587e-01 6.285714285714285587e-01 6.285714285714285587e-01 6.428571428571429047e-01
5.203619909502262691e-02 3.450226244343891358e-01 5.927601809954751166e-01 6.719457013574661186e-01 6.923076923076922906e-01 6.934389140271493002e-01 6.957013574660633193e-01 7.002262443438913575e-01 7.013574660633483671e-01 7.024886877828053766e-01
3.389830508474576259e-02 3.181225554106910103e-01 6.492829204693612022e-01 7.509778357235984414e-01 7.640156453715776230e-01 7.705345501955671583e-01 7.731421121251629280e-01 7.731421121251629280e-01 7.744458930899609239e-01 7.783572359843545785e-01
3.406813627254508953e-02 3.066132264529057849e-01 6.633266533066132231e-01 8.136272545090180719e-01 8.376753507014027544e-01 8.396793587174348206e-01 8.396793587174348206e-01 8.396793587174348206e-01 8.416833667334668867e-01 8.436873747494989528e-01
1.579778830963665063e-03 8.688783570300158063e-03 4.028436018957345932e-02 1.323064770932069478e-01 4.328593996840442437e-01 7.958135860979462795e-01 8.376777251184833739e-01 8.443917851500789551e-01 8.511058451816745363e-01 8.546603475513427917e-01
4.262120404901438217e-03 2.930207778369739099e-02 8.364411294619072956e-02 3.921150772509323645e-01 7.357485348961108063e-01 7.868939797549280302e-01 7.964837506659563360e-01 8.034096963239211187e-01 8.060735215769845308e-01 8.119339371337240818e-01
7.598784194528875350e-04 9.878419452887537630e-03 5.927051671732522925e-02 1.960486322188449981e-01 3.882978723404255095e-01 6.679331306990881068e-01 7.750759878419453131e-01 7.811550151975683587e-01 7.841945288753799925e-01 7.879939209726444238e-01
0.000000000000000000e+00 0.000000000000000000e+00 1.636661211129296313e-03 1.636661211129296313e-03 8.183306055646481780e-03 2.945990180032733233e-02 1.996726677577741471e-01 3.927986906710310699e-01 4.238952536824877049e-01 4.320785597381341936e-01
7.299270072992700489e-03 5.693430656934306278e-02 2.423357664233576625e-01 3.839416058394160558e-01 4.160583941605839331e-01 4.408759124087591186e-01 4.525547445255474477e-01 4.613138686131386668e-01 4.656934306569343041e-01 4.671532846715328313e-01
4.871099050203527847e-01 7.503392130257802162e-01 8.493894165535956775e-01 8.683853459972863398e-01 8.887381275440976447e-01 8.928086838534600167e-01 8.968792401628222777e-01 8.995929443690637850e-01 9.118046132971505680e-01 9.199457259158752009e-01
3.462962962962962687e-01 6.203703703703703498e-01 7.333333333333332815e-01 7.685185185185184897e-01 7.833333333333333259e-01 7.981481481481481621e-01 8.092592592592592338e-01 8.129629629629629983e-01 8.259259259259259522e-01 8.370370370370370239e-01
1.061452513966480438e-01 2.681564245810055813e-01 3.407821229050279066e-01 3.798882681564245689e-01 3.854748603351955127e-01 3.910614525139664566e-01 4.022346368715083997e-01 4.134078212290502874e-01 4.189944134078212312e-01 4.525139664804469497e-01
3.594377510040160373e-01 6.024096385542169196e-01 6.967871485943775145e-01 7.449799196787149080e-01 7.630522088353414167e-01 7.791164658634538442e-01 7.851405622489959768e-01 7.931726907630521906e-01 7.991967871485943231e-01 8.132530120481927804e-01
3.451776649746192693e-01 5.710659898477157270e-01 7.055837563451776706e-01 7.512690355329949554e-01 7.715736040609136870e-01 7.842639593908629081e-01 7.944162436548223294e-01 8.020304568527918399e-01 8.071065989847715505e-01 8.147208121827411720e-01
4.394463667820069364e-01 6.924740484429066090e-01 7.759515570934255591e-01 8.036332179930796293e-01 8.153114186851211365e-01 8.265570934256055713e-01 8.356401384083045336e-01 8.434256055363321680e-01 8.486159169550172576e-01 8.538062283737024583e-01
2.957034540859309057e-01 5.417017691659645751e-01 6.453243470935130510e-01 6.840775063184498794e-01 7.017691659646166924e-01 7.144060657118787017e-01 7.236731255265375085e-01 7.312552653748947140e-01 7.346251053074979165e-01 7.422072451558551220e-01
1.798418972332015697e-01 3.221343873517786838e-01 4.189723320158103004e-01 4.505928853754940788e-01 4.664031620553359958e-01 4.802371541501976315e-01 4.841897233201580830e-01 5.000000000000000000e-01 5.059288537549406772e-01 5.079051383399209030e-01
8.860759493670886111e-02 1.645569620253164445e-01 2.177215189873417667e-01 2.354430379746835500e-01 2.506329113924050667e-01 2.582278481012658111e-01 2.658227848101265556e-01 2.658227848101265556e-01 2.683544303797468222e-01 2.734177215189873555e-01
2.838427947598253231e-01 5.327510917030567894e-01 6.262008733624454537e-01 6.707423580786026074e-01 6.847161572052401501e-01 6.925764192139738373e-01 6.995633187772926087e-01 7.082969432314411007e-01 7.144104803493449563e-01 7.257641921397379736e-01
6.357947434292866573e-01 7.672090112640801429e-01 7.884856070087609137e-01 7.972465581977471460e-01 8.010012515644555631e-01 8.085106382978722861e-01 8.147684605757196108e-01 8.185231539424280278e-01 8.272841051314142602e-01 8.272841051314142602e-01
6.252983293556085842e-01 8.007159904534606465e-01 8.365155131264916388e-01 8.436754176610978817e-01 8.520286396181384614e-01 8.591885441527445932e-01 8.615751789976133779e-01 8.663484486873508361e-01 8.735083532219570790e-01 8.735083532219570790e-01
6.358635863586358239e-01 7.909790979097909291e-01 8.239823982398239988e-01 8.338833883388339085e-01 8.481848184818482350e-01 8.525852585258525407e-01 8.558855885588558809e-01 8.602860286028602976e-01 8.635863586358636379e-01 8.657865786578657907e-01
5.054495912806539204e-01 6.839237057220708405e-01 7.302452316076294414e-01 7.520435967302452340e-01 7.670299727520435429e-01 7.697547683923705586e-01 7.738419618528610266e-01 7.779291553133514947e-01 7.792915531335149470e-01 7.806539509536785104e-01
6.452599388379205436e-01 7.691131498470947792e-01 7.813455657492355266e-01 7.874617737003057893e-01 7.951070336391437010e-01 8.012232415902140747e-01 8.027522935779816127e-01 8.058103975535167995e-01 8.058103975535167995e-01 8.073394495412844485e-01
3.813155386081982720e-03 5.529075309818875378e-02 2.988560533841754241e-01 5.314585319351763371e-01 6.153479504289799396e-01 6.472831267874166183e-01 6.620591039084843255e-01 6.744518589132507680e-01 6.882745471877979027e-01 7.020972354623450373e-01
8.339124391938845804e-03 1.365531619179986000e-01 4.433634468380819871e-01 6.226546212647672274e-01 6.674774148714385236e-01 7.015288394718554033e-01 7.206393328700486656e-01 7.324530924252953268e-01 7.460041695621959512e-01 7.564280750521195085e-01
5.981308411214953519e-02 1.607476635514018815e-01 1.981308411214953158e-01 2.224299065420560773e-01 2.317757009345794428e-01 2.411214953271028083e-01 2.504672897196261738e-01 2.635514018691588745e-01 2.672897196261682096e-01 2.728971962616822400e-01
1.386623164763458455e-02 1.602773246329526891e-01 4.567699836867862850e-01 5.950244698205546801e-01 6.427406199021207245e-01 6.749592169657422369e-01 6.892332789559543205e-01 7.002446982055464675e-01 7.149265905383360709e-01 7.263458401305057377e-01
2.426693629929221538e-02 2.204246713852376083e-01 4.474216380182002295e-01 5.581395348837209225e-01 5.854398382204246687e-01 6.046511627906976383e-01 6.223458038422648997e-01 6.370070778564206337e-01 6.511627906976744651e-01 6.658240647118300881e-01
2.085308056872037796e-01 3.886255924170616272e-01 4.834123222748815119e-01 5.450236966824644202e-01 5.829383886255924407e-01 6.161137440758294170e-01 6.303317535545023276e-01 6.445497630331753491e-01 6.777251184834123254e-01 6.966824644549762802e-01
1.263157894736842146e-01 3.368421052631578871e-01 4.000000000000000222e-01 4.105263157894736836e-01 4.210526315789473450e-01 4.210526315789473450e-01 4.210526315789473450e-01 4.315789473684210620e-01 4.421052631578947234e-01 4.631578947368421018e-01
6.944444444444444753e-02 1.666666666666666574e-01 2.222222222222222099e-01 2.222222222222222099e-01 2.222222222222222099e-01 2.222222222222222099e-01 2.222222222222222099e-01 2.222222222222222099e-01 2.361111111111111049e-01 2.361111111111111049e-01
2.702702702702702853e-02 5.405405405405405705e-02 6.756756756756757132e-02 8.108108108108108558e-02 8.108108108108108558e-02 8.108108108108108558e-02 9.459459459459459985e-02 9.459459459459459985e-02 9.459459459459459985e-02 1.081081081081081141e-01
1.587301587301587213e-02 4.761904761904761640e-02 6.349206349206348854e-02 9.523809523809523281e-02 9.523809523809523281e-02 9.523809523809523281e-02 9.523809523809523281e-02 9.523809523809523281e-02 9.523809523809523281e-02 9.523809523809523281e-02
2.516940948693126984e-02 1.558567279767666958e-01 5.159728944820910490e-01 7.434656340755082526e-01 7.666989351403679098e-01 7.870280735721200127e-01 7.967086156824781940e-01 8.063891577928363752e-01 8.121974830590512617e-01 8.228460793804452944e-01
1.426718547341115396e-02 2.438391699092088138e-01 5.862516212710765506e-01 7.224383916990920751e-01 7.380025940337224810e-01 7.522697795071335847e-01 7.600518806744487321e-01 7.691309987029831818e-01 7.743190661478599468e-01 7.782101167315175205e-01
0.000000000000000000e+00 1.075268817204301092e-01 4.982078853046594813e-01 5.949820788530465476e-01 6.093189964157705862e-01 6.164874551971326611e-01 6.236559139784946248e-01 6.272401433691756623e-01 6.344086021505376261e-01 6.379928315412186635e-01
1.155115511551155043e-02 1.666666666666666574e-01 5.759075907590759380e-01 6.716171617161715846e-01 6.798679867986798797e-01 6.897689768976897895e-01 6.914191419141914041e-01 6.947194719471947444e-01 6.947194719471947444e-01 6.980198019801979736e-01
2.757575757575757569e-01 6.136363636363636465e-01 7.257575757575757125e-01 7.560606060606060996e-01 7.651515151515151381e-01 7.696969696969696573e-01 7.757575757575757569e-01 7.787878787878788067e-01 7.803030303030302761e-01 7.803030303030302761e-01
2.613636363636363535e-01 5.636363636363636020e-01 6.795454545454545636e-01 7.113636363636363091e-01 7.272727272727272929e-01 7.704545454545455030e-01 7.886363636363636909e-01 8.113636363636363980e-01 8.318181818181817899e-01 8.431818181818181435e-01
2.361111111111111049e-01 5.046296296296296502e-01 5.856481481481481399e-01 6.458333333333333703e-01 6.805555555555555802e-01 7.199074074074074403e-01 7.384259259259259300e-01 7.569444444444444198e-01 7.638888888888888395e-01 7.731481481481481399e-01
4.901960784313725422e-02 2.091503267973856273e-01 4.019607843137255054e-01 5.326797385620914982e-01 5.686274509803921351e-01 6.078431372549019107e-01 6.176470588235294379e-01 6.307189542483659928e-01 6.372549019607842702e-01 6.601307189542483522e-01
4.571428571428571425e-02 2.685714285714285721e-01 4.971428571428571641e-01 6.114285714285714324e-01 6.228571428571428870e-01 6.400000000000000133e-01 6.628571428571428115e-01 6.742857142857142660e-01 6.800000000000000488e-01 6.857142857142857206e-01
8.661417322834645549e-02 3.228346456692913202e-01 5.433070866141732624e-01 6.259842519685039353e-01 6.614173228346457156e-01 6.771653543307086798e-01 6.889763779527559029e-01 7.125984251968503491e-01 7.244094488188976833e-01 7.401574803149606474e-01
7.275132275132275561e-01 9.021164021164020941e-01 9.246031746031746490e-01 9.351851851851852304e-01 9.391534391534391846e-01 9.484126984126983739e-01 9.497354497354497660e-01 9.537037037037037202e-01 9.576719576719576743e-01 9.616402116402116285e-01
5.286956521739130110e-01 8.017391304347826209e-01 8.573913043478260665e-01 8.695652173913043237e-01 8.800000000000000044e-01 8.852173913043478448e-01 8.869565217391304213e-01 8.956521739130435256e-01 9.008695652173912549e-01 9.060869565217390953e-01
2.975929978118161956e-01 6.958424507658643732e-01 7.921225382932166603e-01 8.096280087527352176e-01 8.183807439824944963e-01 8.271334792122537749e-01 8.336980306345732616e-01 8.358862144420131646e-01 8.380743982494529565e-01 8.490153172866520270e-01
2.170900692840646573e-01 6.258660508083140339e-01 7.806004618937644191e-01 7.967667436489607180e-01 8.013856812933025653e-01 8.129330254041570170e-01 8.129330254041570170e-01 8.129330254041570170e-01 8.152424942263279961e-01 8.198614318706697324e-01
2.129629629629629650e-01 6.450617283950617065e-01 7.746913580246913567e-01 7.901234567901234129e-01 7.962962962962962798e-01 7.993827160493827133e-01 7.993827160493827133e-01 7.993827160493827133e-01 8.024691358024691468e-01 8.055555555555555802e-01
7.664884135472370408e-02 2.139037433155080159e-01 3.262032085561497596e-01 3.975044563279857557e-01 4.278074866310160318e-01 4.563279857397504191e-01 4.795008912655971400e-01 4.901960784313725283e-01 5.115864527629233605e-01 5.151515151515151381e-01
0.000000000000000000e+00 0.000000000000000000e+00 0.000000000000000000e+00 0.000000000000000000e+00 7.407407407407407690e-03 1.975308641975308602e-02 2.962962962962963076e-02 3.209876543209876781e-02 5.925925925925926152e-02 1.135802469135802489e-01
0.000000000000000000e+00 0.000000000000000000e+00 0.000000000000000000e+00 1.692047377326565084e-03 1.692047377326565084e-03 1.692047377326565084e-03 5.076142131979695035e-03 1.522842639593908684e-02 3.384094754653130255e-02 1.201353637901861199e-01
1.980198019801980222e-03 3.960396039603960444e-02 1.346534653465346620e-01 2.653465346534653602e-01 2.871287128712871062e-01 3.207920792079207994e-01 3.425742574257426010e-01 3.465346534653465094e-01 3.564356435643564192e-01 3.683168316831683109e-01
9.505703422053231669e-03 2.661596958174904798e-02 9.505703422053231322e-02 2.699619771863117634e-01 3.288973384030418057e-01 3.650190114068441183e-01 3.954372623574144430e-01 4.106463878326996331e-01 4.258555133079847677e-01 4.372623574144486880e-01
4.522292993630573354e-01 6.433121019108279937e-01 7.048832271762207613e-01 7.324840764331209675e-01 7.388535031847133228e-01 7.537154989384289294e-01 7.707006369426752102e-01 7.813163481953291356e-01 7.940552016985138462e-01 8.025477707006369865e-01
5.093023255813953210e-01 6.930232558139535204e-01 7.372093023255813504e-01 7.534883720930232176e-01 7.558139534883721034e-01 7.651162790697674243e-01 7.697674418604650848e-01 7.813953488372092915e-01 7.883720930232558377e-01 7.930232558139534982e-01
5.229759299781181481e-01 7.024070021881838599e-01 7.724288840262582001e-01 7.943107221006564522e-01 8.096280087527352176e-01 8.161925601750547044e-01 8.249452954048139830e-01 8.271334792122537749e-01 8.315098468271334697e-01 8.358862144420131646e-01
5.454545454545454142e-01 7.272727272727272929e-01 7.747933884297520946e-01 7.933884297520661377e-01 8.099173553719007934e-01 8.119834710743801809e-01 8.181818181818182323e-01 8.305785123966942241e-01 8.367768595041322754e-01 8.429752066115702158e-01
5.154867256637167827e-01 6.747787610619468968e-01 7.256637168141593097e-01 7.610619469026548289e-01 7.809734513274336765e-01 7.920353982300885054e-01 8.119469026548672419e-01 8.252212389380531032e-01 8.340707964601770108e-01 8.362831858407079322e-01
7.692307692307692735e-02 1.153846153846153910e-01 1.538461538461538547e-01 1.923076923076923184e-01 1.923076923076923184e-01 1.923076923076923184e-01 1.923076923076923184e-01 1.923076923076923184e-01 1.923076923076923184e-01 1.923076923076923184e-01
0.000000000000000000e+00 0.000000000000000000e+00 0.000000000000000000e+00 0.000000000000000000e+00 0.000000000000000000e+00 0.000000000000000000e+00 0.000000000000000000e+00 0.000000000000000000e+00 0.000000000000000000e+00 0.000000000000000000e+00
3.571428571428571230e-02 3.571428571428571230e-02 3.571428571428571230e-02 7.142857142857142461e-02 7.142857142857142461e-02 7.142857142857142461e-02 7.142857142857142461e-02 7.142857142857142461e-02 7.142857142857142461e-02 7.142857142857142461e-02
5.882352941176470507e-02 5.882352941176470507e-02 5.882352941176470507e-02 8.823529411764706454e-02 8.823529411764706454e-02 8.823529411764706454e-02 8.823529411764706454e-02 8.823529411764706454e-02 8.823529411764706454e-02 8.823529411764706454e-02
4.545454545454545581e-02 4.545454545454545581e-02 4.545454545454545581e-02 4.545454545454545581e-02 4.545454545454545581e-02 4.545454545454545581e-02 4.545454545454545581e-02 4.545454545454545581e-02 4.545454545454545581e-02 4.545454545454545581e-02
2.010968921389396646e-01 4.369287020109688946e-01 5.374771480804387824e-01 5.886654478976234284e-01 6.307129798903108320e-01 6.453382084095063975e-01 6.672760511882998014e-01 6.855575868372942860e-01 7.148080438756855282e-01 7.312614259597806088e-01
1.921824104234527708e-01 3.990228013029316068e-01 5.130293159609120579e-01 5.830618892508143691e-01 6.205211726384365356e-01 6.449511400651465332e-01 6.807817589576546924e-01 6.921824104234527431e-01 7.084690553745928154e-01 7.280130293159609023e-01
1.596638655462184753e-01 3.921568627450980338e-01 5.098039215686274161e-01 5.462184873949579300e-01 5.686274509803921351e-01 5.910364145658263402e-01 6.162464985994398070e-01 6.330532212885153776e-01 6.498599439775910591e-01 6.638655462184873679e-01
1.216730038022813681e-01 3.079847908745247387e-01 3.992395437262357683e-01 4.714828897338402824e-01 4.942965779467680676e-01 5.057034220532319324e-01 5.133079847908744719e-01 5.247148288973384478e-01 5.285171102661596620e-01 5.323193916349809873e-01
1.523178807947019875e-01 2.649006622516556497e-01 3.907284768211920500e-01 4.172185430463576372e-01 4.304635761589403753e-01 4.370860927152317998e-01 4.503311258278145934e-01 4.635761589403973315e-01 4.701986754966887561e-01 4.701986754966887561e-01
3.423295454545454697e-01 6.448863636363636465e-01 7.265625000000000000e-01 7.549715909090909394e-01 7.698863636363636465e-01 7.812500000000000000e-01 7.876420454545454142e-01 7.940340909090909394e-01 7.982954545454545858e-01 8.046875000000000000e-01
4.860666971219734789e-01 7.619917770671539303e-01 8.241206030150753925e-01 8.423937871174052017e-01 8.506167199634536713e-01 8.588396528095020299e-01 8.670625856555504996e-01 8.725445408862494423e-01 8.757423481041571867e-01 8.780264961169483851e-01
4.905852417302798973e-01 7.506361323155216203e-01 7.984732824427480669e-01 8.167938931297710203e-01 8.249363867684478269e-01 8.310432569974555150e-01 8.386768447837149587e-01 8.407124681933841881e-01 8.452926208651398987e-01 8.473282442748091281e-01
2.163299663299663167e-01 5.294612794612794104e-01 6.565656565656565746e-01 6.860269360269359851e-01 7.037037037037037202e-01 7.121212121212121549e-01 7.171717171717171269e-01 7.281144781144781586e-01 7.340067340067339963e-01 7.382154882154882136e-01
5.158730158730158444e-02 2.724867724867724994e-01 5.727513227513227889e-01 7.288359788359788372e-01 7.592592592592593004e-01 7.718253968253968589e-01 7.843915343915344174e-01 7.876984126984126755e-01 7.949735449735449988e-01 7.989417989417989530e-01
4.252019386106623555e-01 6.594507269789984250e-01 7.253634894991922710e-01 7.592891760904685317e-01 7.783521809369952082e-01 7.928917609046849391e-01 8.025848142164782040e-01 8.206785137318255430e-01 8.303715670436186969e-01 8.381260096930532866e-01
3.070818070818071011e-01 5.079365079365079083e-01 5.970695970695970578e-01 6.373626373626373187e-01 6.581196581196581130e-01 6.764346764346764740e-01 6.923076923076922906e-01 7.100122100122100433e-01 7.216117216117216016e-01 7.289377289377289015e-01
1.951566951566951480e-01 3.433048433048432879e-01 4.102564102564102422e-01 4.430199430199430188e-01 4.629629629629629650e-01 4.786324786324786529e-01 4.843304843304843121e-01 4.900284900284900269e-01 4.957264957264957417e-01 5.000000000000000000e-01
3.578274760383386432e-01 5.988133272478320945e-01 6.841624828845276340e-01 7.193062528525787647e-01 7.320858055682336607e-01 7.444089456869009691e-01 7.553628480146051816e-01 7.685988133272478873e-01 7.759014148790506216e-01 7.854860794157918491e-01
2.301013024602026058e-01 4.319826338639652930e-01 5.448625180897250786e-01 5.947901591895803364e-01 6.215629522431258547e-01 6.353111432706223249e-01 6.454413892908827943e-01 6.541244573082488634e-01 6.599131693198263537e-01 6.736613603473227130e-01
2.372479240806643110e-03 3.558718861209964751e-02 3.072360616844602710e-01 5.373665480427046726e-01 6.453143534994069119e-01 6.737841043890866466e-01 6.820877817319098702e-01 6.927639383155397290e-01 7.022538552787662702e-01 7.147093712930011611e-01
3.584229390681003581e-03 1.254480286738351297e-02 1.481481481481481399e-01 4.408602150537634379e-01 5.866188769414575344e-01 6.290322580645161255e-01 6.457586618876941520e-01 6.547192353643966900e-01 6.636798088410991170e-01 6.702508960573476671e-01
1.517450682852807334e-03 6.828528072837633002e-03 5.235204855842184868e-02 2.830045523520485773e-01 4.666160849772382213e-01 5.523520485584219042e-01 5.652503793626707518e-01 5.758725341426403910e-01 5.925644916540212526e-01 6.039453717754172946e-01
1.336828309305373441e-01 4.252948885976409188e-01 5.609436435124508513e-01 5.937090432503276949e-01 6.074705111402358693e-01 6.179554390563565258e-01 6.258191349934468795e-01 6.330275229357797961e-01 6.415465268676278088e-01 6.454783748361729856e-01
7.751937984496123923e-03 1.308139534883721034e-01 3.498062015503876077e-01 4.544573643410852459e-01 4.990310077519379828e-01 5.135658914728682412e-01 5.290697674418605168e-01 5.348837209302325091e-01 5.436046511627906641e-01 5.562015503875968880e-01
4.783464566929133688e-01 8.031496062992126150e-01 8.956692913385826404e-01 9.153543307086614567e-01 9.192913385826771977e-01 9.271653543307086798e-01 9.291338582677165503e-01 9.311023622047244208e-01 9.311023622047244208e-01 9.330708661417322913e-01
4.747899159663865332e-01 8.151260504201680579e-01 9.159663865546218142e-01 9.285714285714286031e-01 9.306722689075630495e-01 9.390756302521008347e-01 9.390756302521008347e-01 9.390756302521008347e-01 9.390756302521008347e-01 9.390756302521008347e-01
1.287128712871287162e-01 4.603960396039604164e-01 6.584158415841584455e-01 7.079207920792078834e-01 7.227722772277227481e-01 7.277227722772277030e-01 7.326732673267326579e-01 7.376237623762376128e-01 7.475247524752475226e-01 7.475247524752475226e-01
1.016548463356973936e-01 5.224586288416075419e-01 8.156028368794325800e-01 8.510638297872340496e-01 8.628841607565012062e-01 8.676122931442080688e-01 8.699763593380615001e-01 8.723404255319149314e-01 8.817966903073286566e-01 8.865248226950354082e-01
8.333333333333333218e-03 1.583333333333333259e-01 4.583333333333333148e-01 7.666666666666667185e-01 7.833333333333333259e-01 7.916666666666666297e-01 8.083333333333333481e-01 8.166666666666666519e-01 8.166666666666666519e-01 8.249999999999999556e-01
3.983739837398374006e-01 7.100271002710026869e-01 8.075880758807587601e-01 8.247515808491417966e-01 8.373983739837398410e-01 8.527551942186089029e-01 8.663053297199638791e-01 8.744354110207768205e-01 8.843721770551038475e-01 8.906955736224029252e-01
2.880710659898477188e-01 6.053299492385786351e-01 7.119289340101523367e-01 7.525380710659897998e-01 7.703045685279187316e-01 7.855329949238578635e-01 7.969543147208121292e-01 8.071065989847715505e-01 8.147208121827411720e-01 8.337563451776649481e-01
1.639639639639639546e-01 4.630630630630630518e-01 6.684684684684684131e-01 7.081081081081080919e-01 7.279279279279279313e-01 7.459459459459459874e-01 7.675675675675676102e-01 7.765765765765765272e-01 7.873873873873873386e-01 7.981981981981981500e-01
1.210762331838565048e-01 4.170403587443946014e-01 5.807174887892376791e-01 6.188340807174887992e-01 6.457399103139013219e-01 6.591928251121076388e-01 6.659192825112107972e-01 6.704035874439462361e-01 6.771300448430492835e-01 6.860986547085201614e-01
1.164556962025316417e-01 3.215189873417721445e-01 4.582278481012658222e-01 5.063291139240506666e-01 5.189873417721518889e-01 5.367088607594936445e-01 5.594936708860759333e-01 5.772151898734176889e-01 5.822784810126582222e-01 5.949367088607594445e-01
4.383202099737532609e-01 7.147856517935258225e-01 8.048993875765528827e-01 8.381452318460193007e-01 8.468941382327208611e-01 8.608923884514435576e-01 8.722659667541556860e-01 8.836395450568679255e-01 8.880139982502187612e-01 8.923884514435695969e-01
4.360360360360360232e-01 7.054054054054054168e-01 7.891891891891892330e-01 8.198198198198197728e-01 8.360360360360360454e-01 8.495495495495495319e-01 8.594594594594594517e-01 8.666666666666666963e-01 8.711711711711711548e-01 8.747747747747747216e-01
4.258130081300813274e-01 6.737804878048780921e-01 7.794715447154471066e-01 8.038617886178861527e-01 8.170731707317072656e-01 8.262195121951219079e-01 8.384146341463414309e-01 8.465447154471544833e-01 8.516260162601626549e-01 8.556910569105691255e-01
4.244521337946943751e-01 6.516724336793541239e-01 7.439446366782006548e-01 7.739331026528258883e-01 7.854671280276817047e-01 7.900807381776240312e-01 7.970011534025375211e-01 8.039215686274510109e-01 8.096885813148788635e-01 8.154555940023068272e-01
3.511830635118306509e-01 5.865504358655043715e-01 6.637608966376089548e-01 7.110834371108343266e-01 7.285180572851805980e-01 7.347447073474471235e-01 7.447073474470734533e-01 7.471980074719800635e-01 7.571606475716065043e-01 7.658779576587795290e-01
1.745049504950494934e-01 4.071782178217821513e-01 5.185643564356435808e-01 5.569306930693069813e-01 5.767326732673266898e-01 5.940594059405940319e-01 6.076732673267326579e-01 6.101485148514851353e-01 6.200495049504950451e-01 6.262376237623762387e-01
8.930425752855659927e-02 4.382139148494288428e-01 6.573208722741432641e-01 7.019730010384216401e-01 7.248182762201453855e-01 7.352024922118379768e-01 7.476635514018691309e-01 7.570093457943924964e-01 7.684319833852544246e-01 7.757009345794392274e-01
1.013071895424836610e-01 5.098039215686274161e-01 7.254901960784313486e-01 7.647058823529411242e-01 7.745098039215686514e-01 7.864923747276688637e-01 7.952069716775599373e-01 7.995642701525054186e-01 8.039215686274510109e-01 8.126361655773420845e-01
9.221902017291065679e-02 3.371757925072045858e-01 5.533141210374640240e-01 6.167146974063401066e-01 6.340057636887608261e-01 6.426512968299711304e-01 6.599423631123919609e-01 6.657060518731988674e-01 6.685878962536022652e-01 6.714697406340057739e-01
6.172839506172839164e-02 3.472222222222222099e-01 6.234567901234567833e-01 6.774691358024691468e-01 7.021604938271605034e-01 7.145061728395061262e-01 7.299382716049382935e-01 7.376543209876542662e-01 7.422839506172839164e-01 7.546296296296296502e-01
2.516940948693126984e-02 1.558567279767666958e-01 5.159728944820910490e-01 7.434656340755082526e-01 7.666989351403679098e-01 7.870280735721200127e-01 7.967086156824781940e-01 8.063891577928363752e-01 8.121974830590512617e-01 8.228460793804452944e-01
1.426718547341115396e-02 2.438391699092088138e-01 5.862516212710765506e-01 7.224383916990920751e-01 7.380025940337224810e-01 7.522697795071335847e-01 7.600518806744487321e-01 7.691309987029831818e-01 7.743190661478599468e-01 7.782101167315175205e-01
0.000000000000000000e+00 1.075268817204301092e-01 4.982078853046594813e-01 5.949820788530465476e-01 6.093189964157705862e-01 6.164874551971326611e-01 6.236559139784946248e-01 6.272401433691756623e-01 6.344086021505376261e-01 6.379928315412186635e-01
1.155115511551155043e-02 1.666666666666666574e-01 5.759075907590759380e-01 6.716171617161715846e-01 6.798679867986798797e-01 6.897689768976897895e-01 6.914191419141914041e-01 6.947194719471947444e-01 6.947194719471947444e-01 6.980198019801979736e-01
2.757575757575757569e-01 6.136363636363636465e-01 7.257575757575757125e-01 7.560606060606060996e-01 7.651515151515151381e-01 7.696969696969696573e-01 7.757575757575757569e-01 7.787878787878788067e-01 7.803030303030302761e-01 7.803030303030302761e-01
0.000000000000000000e+00 5.730659025787965440e-03 3.151862464183381035e-02 1.719197707736389580e-01 2.292263610315186384e-01 2.320916905444126155e-01 2.320916905444126155e-01 2.320916905444126155e-01 2.320916905444126155e-01 2.349570200573065926e-01
0.000000000000000000e+00 1.415094339622641542e-02 5.660377358490566169e-02 1.808176100628930694e-01 2.610062893081760982e-01 3.018867924528301772e-01 3.223270440251572166e-01 3.317610062893081579e-01 3.490566037735848837e-01 3.584905660377358250e-01
0.000000000000000000e+00 3.527336860670193808e-03 2.292768959435625975e-02 1.516754850088183337e-01 2.363315696649029851e-01 2.680776014109347294e-01 2.786596119929453108e-01 2.804232804232804077e-01 2.857142857142856984e-01 2.927689594356260860e-01
1.455604075691412005e-03 5.822416302765648019e-03 7.132459970887917999e-02 4.017467248908296873e-01 5.938864628820961222e-01 6.462882096069868521e-01 6.491994177583697567e-01 6.535662299854440027e-01 6.550218340611353440e-01 6.579330422125182487e-01
0.000000000000000000e+00 0.000000000000000000e+00 0.000000000000000000e+00 8.163265306122449716e-03 8.571428571428571508e-02 2.040816326530612290e-01 2.734693877551020447e-01 2.775510204081632626e-01 2.816326530612244805e-01 2.938775510204081898e-01
5.458015267175572172e-01 8.040712468193383922e-01 8.854961832061069016e-01 9.083969465648854547e-01 9.173027989821882500e-01 9.274809160305343969e-01 9.351145038167938406e-01 9.402035623409669141e-01 9.427480916030533953e-01 9.440203562340967469e-01
4.787878787878787623e-01 7.378787878787879118e-01 8.318181818181817899e-01 8.772727272727273151e-01 8.939393939393939226e-01 8.969696969696969724e-01 9.015151515151514916e-01 9.030303030303030720e-01 9.060606060606060108e-01 9.196969696969696795e-01
3.687150837988826813e-01 7.122905027932960875e-01 8.128491620111731875e-01 8.435754189944134618e-01 8.547486033519553494e-01 8.575418994413407381e-01 8.659217877094972371e-01 8.687150837988827368e-01 8.743016759776536251e-01 8.798882681564246244e-01
2.674897119341563823e-01 6.090534979423868345e-01 7.078189300411522611e-01 7.572016460905349744e-01 7.777777777777777901e-01 7.901234567901234129e-01 7.901234567901234129e-01 7.942386831275720649e-01 7.942386831275720649e-01 7.983539094650206058e-01
1.372549019607843257e-01 3.823529411764705621e-01 5.294117647058823595e-01 5.784313725490196623e-01 5.784313725490196623e-01 5.882352941176470784e-01 5.882352941176470784e-01 5.980392156862744946e-01 6.078431372549019107e-01 6.078431372549019107e-01
1.234567901234567833e-01 3.703703703703703498e-01 4.773662551440329138e-01 5.390946502057613055e-01 5.514403292181070393e-01 5.679012345679012030e-01 5.843621399176954778e-01 5.843621399176954778e-01 5.884773662551440188e-01 6.008230452674897526e-01
0.000000000000000000e+00 5.649717514124293766e-03 1.129943502824858753e-02 1.016949152542372947e-01 2.937853107344632897e-01 4.632768361581920957e-01 4.858757062146892847e-01 5.084745762711864181e-01 5.141242937853107708e-01 5.367231638418079598e-01
2.958963282937365213e-01 5.982721382289416523e-01 7.278617710583152878e-01 7.580993520518358730e-01 7.796976241900648308e-01 8.034557235421165844e-01 8.077753779697623981e-01 8.164146868250540257e-01 8.207343412526998394e-01 8.272138228941684490e-01
5.179282868525896671e-02 3.386454183266932039e-01 5.019920318725099584e-01 5.617529880478087101e-01 5.776892430278884882e-01 5.856573705179283218e-01 5.896414342629482386e-01 5.936254980079681554e-01 6.135458167330677393e-01 6.294820717131474064e-01
1.048951048951048994e-02 1.293706293706293753e-01 3.986013986013985932e-01 6.643356643356643776e-01 6.923076923076922906e-01 7.097902097902097918e-01 7.167832167832167700e-01 7.237762237762237483e-01 7.237762237762237483e-01 7.377622377622378158e-01
5.232843137254902244e-01 7.604166666666666297e-01 8.388480392156862919e-01 8.602941176470588758e-01 8.792892156862744946e-01 8.897058823529411242e-01 8.946078431372549433e-01 9.025735294117647189e-01 9.044117647058823595e-01 9.099264705882352811e-01
3.606194690265486780e-01 6.272123893805309214e-01 7.179203539823009184e-01 7.577433628318583914e-01 7.776548672566371279e-01 7.898230088495574730e-01 8.019911504424779292e-01 8.130530973451327581e-01 8.174778761061947119e-01 8.230088495575220708e-01
3.288973384030418057e-01 5.969581749049429620e-01 6.777566539923954858e-01 7.252851711026615522e-01 7.376425855513307761e-01 7.661596958174905492e-01 7.747148288973384478e-01 7.804182509505703802e-01 7.861216730038023126e-01 7.975285171102661774e-01
1.666666666666666574e-01 2.857142857142856984e-01 3.595238095238095233e-01 4.047619047619047672e-01 4.261904761904761751e-01 4.404761904761904656e-01 4.571428571428571286e-01 4.690476190476190466e-01 4.690476190476190466e-01 4.857142857142857095e-01
1.333333333333333315e-01 2.641025641025641080e-01 3.102564102564102644e-01 3.564102564102564208e-01 3.769230769230769162e-01 3.974358974358974117e-01 4.102564102564102422e-01 4.307692307692307931e-01 4.333333333333333481e-01 4.410256410256410131e-01
1.392857142857142905e-01 3.428571428571428603e-01 4.214285714285714302e-01 4.607142857142856873e-01 4.749999999999999778e-01 4.928571428571428825e-01 4.964285714285714413e-01 5.071428571428571175e-01 5.178571428571429047e-01 5.214285714285714635e-01
1.333333333333333315e-01 3.629629629629629872e-01 4.666666666666666741e-01 4.962962962962962910e-01 5.185185185185184897e-01 5.259259259259259078e-01 5.407407407407407440e-01 5.518518518518518157e-01 5.666666666666666519e-01 5.777777777777777235e-01
1.412639405204461074e-01 3.494423791821561487e-01 4.721189591078067127e-01 4.944237918215613203e-01 5.018587360594795044e-01 5.204460966542751033e-01 5.315985130111524626e-01 5.427509293680297109e-01 5.501858736059479504e-01 5.501858736059479504e-01
3.757485029940119681e-01 6.526946107784431517e-01 7.589820359281437279e-01 8.068862275449101285e-01 8.263473053892215203e-01 8.473053892215568483e-01 8.532934131736527039e-01 8.562874251497005762e-01 8.622754491017964318e-01 8.697604790419161125e-01
1.638655462184873957e-01 3.445378151260504174e-01 4.663865546218487479e-01 5.168067226890756816e-01 5.336134453781512521e-01 5.504201680672269337e-01 5.630252100840336116e-01 5.630252100840336116e-01 5.714285714285713969e-01 5.840336134453781858e-01
4.538401861908455959e-01 7.044220325833979723e-01 7.641582622187742535e-01 7.812257564003103338e-01 7.913110938712180076e-01 8.006206361520558090e-01 8.091543832428238492e-01 8.169123351435221281e-01 8.254460822342901682e-01 8.370830100853374756e-01
3.060165975103734670e-01 5.497925311203319954e-01 6.358921161825725754e-01 6.659751037344397995e-01 6.794605809128630991e-01 6.939834024896265330e-01 7.043568464730290968e-01 7.116182572614108137e-01 7.188796680497925307e-01 7.219917012448132665e-01
2.236628849270664576e-01 4.100486223662884733e-01 4.732576985413289861e-01 5.283630470016207337e-01 5.559157212317665797e-01 5.753646677471636606e-01 5.834683954619124258e-01 5.964343598055105167e-01 6.029173419773096176e-01 6.126418152350081581e-01
1.852348993288590595e-01 3.382550335570470024e-01 4.442953020134228215e-01 4.939597315436241587e-01 5.275167785234898821e-01 5.422818791946308892e-01 5.570469798657717853e-01 5.744966442953020058e-01 5.919463087248322264e-01 6.053691275167785157e-01
1.775700934579439172e-01 3.724966622162884100e-01 4.899866488651535290e-01 5.380507343124165676e-01 5.660881174899866641e-01 5.821094793057409733e-01 5.994659546061414934e-01 6.154873164218959136e-01 6.275033377837115900e-01 6.381842456608811665e-01
4.583877995642701708e-01 7.263616557734204893e-01 8.030501089324618702e-01 8.287581699346405761e-01 8.396514161220043349e-01 8.518518518518518601e-01 8.575163398692809968e-01 8.618736383442265891e-01 8.710239651416121776e-01 8.797385620915032511e-01
3.246753246753246724e-01 5.454545454545454142e-01 6.390977443609022757e-01 6.842105263157894912e-01 7.095010252904989656e-01 7.252221462747778791e-01 7.382091592617908704e-01 7.505126452494873535e-01 7.682843472317156808e-01 7.792207792207792583e-01
2.218978102189781143e-01 4.131386861313868786e-01 4.729927007299269959e-01 5.080291970802919277e-01 5.255474452554744769e-01 5.401459854014598605e-01 5.532846715328466614e-01 5.678832116788321560e-01 5.810218978102189569e-01 5.941605839416058688e-01
2.678751258811681857e-01 4.753272910372608462e-01 5.850956696878146790e-01 6.223564954682779815e-01 6.364551863041288948e-01 6.485397784491440110e-01 6.596173212487411730e-01 6.646525679758308325e-01 6.676737160120845838e-01 6.727089627391742432e-01
1.724137931034482873e-01 3.238380809595202137e-01 4.257871064467765865e-01 4.767616191904047729e-01 4.917541229385307133e-01 5.082458770614692867e-01 5.217391304347825942e-01 5.292353823088455922e-01 5.382308845577211676e-01 5.412293853073463223e-01
2.881062355658198793e-01 6.859122401847574935e-01 8.366050808314087206e-01 8.735565819861431658e-01 8.816397228637413708e-01 8.851039260969977285e-01 8.874133949191685966e-01 8.879907621247112859e-01 8.891454965357967755e-01 8.903002309468822650e-01
1.488294314381271022e-01 5.234113712374581784e-01 7.107023411371237165e-01 7.775919732441471943e-01 7.842809364548495310e-01 7.943143812709030360e-01 7.943143812709030360e-01 7.959866220735786202e-01 7.976588628762542044e-01 7.993311036789297885e-01
9.065934065934065644e-02 3.571428571428571508e-01 5.192307692307692735e-01 5.631868131868131844e-01 5.769230769230768718e-01 5.906593406593406703e-01 5.989010989010988828e-01 6.016483516483516203e-01 6.016483516483516203e-01 6.071428571428570953e-01
3.597122302158273222e-02 2.086330935251798635e-01 3.021582733812949728e-01 3.165467625899280324e-01 3.237410071942445899e-01 3.309352517985611475e-01 3.381294964028777050e-01 3.453237410071942626e-01 3.453237410071942626e-01 3.453237410071942626e-01
1.626016260162601798e-02 5.691056910569105426e-02 9.756097560975610095e-02 9.756097560975610095e-02 9.756097560975610095e-02 9.756097560975610095e-02 9.756097560975610095e-02 9.756097560975610095e-02 9.756097560975610095e-02 9.756097560975610095e-02
