2.648221343873518041e-01 6.007905138339920681e-01 7.193675889328062789e-01 7.747035573122529328e-01 7.786561264822133843e-01 7.944664031620553013e-01 8.102766798418972183e-01 8.221343873517786838e-01 8.339920948616600382e-01 8.418972332015810522e-01
0.000000000000000000e+00 2.777777777777777624e-02 5.555555555555555247e-02 5.555555555555555247e-02 1.666666666666666574e-01 2.222222222222222099e-01 2.500000000000000000e-01 2.777777777777777901e-01 2.777777777777777901e-01 3.611111111111111049e-01
0.000000000000000000e+00 4.950495049504950555e-03 1.980198019801980222e-02 2.475247524752475364e-02 3.465346534653465649e-02 3.465346534653465649e-02 3.465346534653465649e-02 3.465346534653465649e-02 3.465346534653465649e-02 3.465346534653465649e-02
1.379310344827586188e-02 2.068965517241379282e-02 2.068965517241379282e-02 2.758620689655172376e-02 2.758620689655172376e-02 3.448275862068965469e-02 3.448275862068965469e-02 4.137931034482758563e-02 4.137931034482758563e-02 6.206896551724137845e-02
0.000000000000000000e+00 9.090909090909091161e-02 1.818181818181818232e-01 1.818181818181818232e-01 3.636363636363636465e-01 3.636363636363636465e-01 3.636363636363636465e-01 3.636363636363636465e-01 3.636363636363636465e-01 3.636363636363636465e-01
4.192073170731707155e-01 6.768292682926829729e-01 7.332317073170732113e-01 7.423780487804878536e-01 7.500000000000000000e-01 7.591463414634146423e-01 7.682926829268292845e-01 7.804878048780488076e-01 7.896341463414634498e-01 7.987804878048780921e-01
4.146341463414633943e-01 6.048780487804877870e-01 6.341463414634146423e-01 6.439024390243902607e-01 6.487804878048780699e-01 6.536585365853658791e-01 6.585365853658536883e-01 6.780487804878049252e-01 6.780487804878049252e-01 6.926829268292682418e-01
0.000000000000000000e+00 1.724137931034482735e-02 6.896551724137930939e-02 1.551724137931034531e-01 2.758620689655172376e-01 4.137931034482758563e-01 4.482758620689655249e-01 4.655172413793103314e-01 4.655172413793103314e-01 4.827586206896551935e-01
1.194029850746268634e-01 2.686567164179104461e-01 4.179104477611940149e-01 4.477611940298507620e-01 4.477611940298507620e-01 4.776119402985074536e-01 4.925373134328357994e-01 4.925373134328357994e-01 5.373134328358208922e-01 5.671641791044775838e-01
1.589403973509933843e-01 3.752759381898454483e-01 5.275938189845474913e-01 6.225165562913906880e-01 6.490066225165562752e-01 6.732891832229580542e-01 6.799116997792494788e-01 6.997792494481236414e-01 7.284768211920529257e-01 7.505518763796908965e-01
4.651162790697674354e-01 6.976744186046511809e-01 7.790697674418605168e-01 8.023255813953488191e-01 8.023255813953488191e-01 8.023255813953488191e-01 8.023255813953488191e-01 8.023255813953488191e-01 8.023255813953488191e-01 8.255813953488372325e-01
4.594594594594594850e-01 6.486486486486486847e-01 7.027027027027027417e-01 7.297297297297297147e-01 7.567567567567567988e-01 7.567567567567567988e-01 7.567567567567567988e-01 7.567567567567567988e-01 7.567567567567567988e-01 7.837837837837837718e-01
2.452830188679245293e-01 4.716981132075471761e-01 5.283018867924528239e-01 5.471698113207547065e-01 5.471698113207547065e-01 5.660377358490565891e-01 5.660377358490565891e-01 5.660377358490565891e-01 5.660377358490565891e-01 5.660377358490565891e-01
2.380952380952380820e-01 4.523809523809523836e-01 5.238095238095238360e-01 5.238095238095238360e-01 5.476190476190476719e-01 5.952380952380952328e-01 5.952380952380952328e-01 5.952380952380952328e-01 5.952380952380952328e-01 6.190476190476190688e-01
3.478260869565217295e-01 5.652173913043477826e-01 5.652173913043477826e-01 5.652173913043477826e-01 6.086956521739130821e-01 6.086956521739130821e-01 6.521739130434782705e-01 6.521739130434782705e-01 6.521739130434782705e-01 6.521739130434782705e-01
5.925925925925925597e-01 7.692307692307692735e-01 7.834757834757835049e-01 7.891737891737892197e-01 7.948717948717948234e-01 7.977207977207977363e-01 8.062678062678062529e-01 8.119658119658119677e-01 8.205128205128204844e-01 8.205128205128204844e-01
7.138554216867469826e-01 8.644578313253011848e-01 8.825301204819276935e-01 8.945783132530120696e-01 8.945783132530120696e-01 9.006024096385542022e-01 9.006024096385542022e-01 9.006024096385542022e-01 9.096385542168674565e-01 9.096385542168674565e-01
6.457286432160803669e-01 8.592964824120602474e-01 8.819095477386934556e-01 8.844221105527638738e-01 8.894472361809044880e-01 8.969849246231156314e-01 8.969849246231156314e-01 8.969849246231156314e-01 9.020100502512562457e-01 9.020100502512562457e-01
6.679462571976967356e-01 8.464491362763915117e-01 8.694817658349328626e-01 8.790786948176583238e-01 8.848368522072936893e-01 8.963531669865643092e-01 9.059500959692898814e-01 9.117082533589251359e-01 9.193857965451055492e-01 9.193857965451055492e-01
6.624365482233502966e-01 8.197969543147207716e-01 8.324873096446701037e-01 8.401015228426396142e-01 8.451776649746193248e-01 8.477157360406091247e-01 8.553299492385786351e-01 8.553299492385786351e-01 8.629441624365482566e-01 8.629441624365482566e-01
3.925979680696661811e-01 6.698113207547169434e-01 7.510885341074020616e-01 7.895500725689404975e-01 8.091436865021770508e-01 8.272859216255442627e-01 8.439767779390421332e-01 8.512336719883889513e-01 8.657474600870826986e-01 8.766328011611030924e-01
2.562091503267973636e-01 4.954248366013072058e-01 6.078431372549019107e-01 6.640522875816993187e-01 6.967320261437908169e-01 7.189542483660130712e-01 7.346405228758170480e-01 7.516339869281045694e-01 7.686274509803922017e-01 7.869281045751633785e-01
2.408930669800234958e-01 4.359576968272620423e-01 5.487661574618096783e-01 6.028202115158637353e-01 6.404230317273795769e-01 6.721504112808460718e-01 6.886016451233842872e-01 7.097532314923619134e-01 7.332549941245593006e-01 7.626321974148061456e-01
4.710144927536231985e-02 1.340579710144927661e-01 2.173913043478260809e-01 2.681159420289855322e-01 3.007246376811594235e-01 3.297101449275362528e-01 3.514492753623188470e-01 3.695652173913043237e-01 4.021739130434782705e-01 4.202898550724637472e-01
3.514376996805111675e-02 9.584664536741213658e-02 1.629392971246006461e-01 1.853035143769967974e-01 2.236421725239616520e-01 2.396166134185303553e-01 2.428115015974440793e-01 2.523961661341853069e-01 2.587859424920127549e-01 2.715654952076677064e-01
1.669847328244274676e-01 4.567430025445292641e-01 6.100508905852417563e-01 6.615776081424936672e-01 6.879770992366411875e-01 7.220101781170483735e-01 7.420483460559796907e-01 7.592239185750636610e-01 7.732188295165394187e-01 7.900763358778626344e-01
2.144702842377260998e-01 4.586563307493540242e-01 5.820413436692506437e-01 6.330749354005168472e-01 6.589147286821704919e-01 6.750645994832041863e-01 6.905684754521963509e-01 7.112403100775194220e-01 7.293281653746770399e-01 7.403100775193798277e-01
1.463414634146341375e-01 3.225806451612903136e-01 4.020456333595593956e-01 4.398111723052714472e-01 4.594807238394964521e-01 4.838709677419354982e-01 5.035405192761605031e-01 5.247836349331235217e-01 5.468135326514554917e-01 5.633359559402045802e-01
4.255319148936170109e-02 1.063829787234042562e-01 1.373307543520309593e-01 1.431334622823984548e-01 1.566731141199226296e-01 1.740812379110251440e-01 1.895551257253385025e-01 1.953578336557059980e-01 2.127659574468085124e-01 2.340425531914893664e-01
0.000000000000000000e+00 4.347826086956521618e-02 8.695652173913043237e-02 8.695652173913043237e-02 8.695652173913043237e-02 8.695652173913043237e-02 8.695652173913043237e-02 8.695652173913043237e-02 8.695652173913043237e-02 8.695652173913043237e-02
1.562932226832641769e-01 4.578146611341631922e-01 5.892116182572614269e-01 6.141078838174274246e-01 6.237897648686030472e-01 6.348547717842323301e-01 6.431535269709544034e-01 6.542185338865836863e-01 6.652835408022129693e-01 6.735822959889350425e-01
3.164556962025316406e-03 5.142405063291138889e-03 2.096518987341772222e-02 3.113132911392405000e-01 6.570411392405063333e-01 7.618670886075948889e-01 7.761075949367088889e-01 7.883702531645570000e-01 7.990506329113924444e-01 8.136867088607594445e-01
2.202643171806167605e-03 1.321585903083700476e-02 8.370044052863435946e-02 2.511013215859030923e-01 3.788546255506607952e-01 4.185022026431717834e-01 4.449339207048458311e-01 4.647577092511013253e-01 4.757709251101321368e-01 4.823788546255506349e-01
3.375843960990247347e-03 7.876969242310577143e-03 1.312828207051762973e-02 1.001500375093773432e-01 4.478619654913728598e-01 7.576894223555888930e-01 7.831957989497374539e-01 7.963240810202550923e-01 8.124531132783195941e-01 8.282070517629407380e-01
4.354136429608127488e-03 7.256894049346879726e-03 2.177068214804063831e-02 1.393323657474600796e-01 4.296081277213352756e-01 6.357039187227866428e-01 6.560232220609578668e-01 6.676342525399129313e-01 6.821480406386066786e-01 6.995645863570392198e-01
5.240174672489082697e-02 1.484716157205240306e-01 1.965065502183405977e-01 2.401746724890829743e-01 2.707423580786026407e-01 3.144104803493449896e-01 3.362445414847161640e-01 3.493449781659388464e-01 3.755458515283842669e-01 3.973799126637554413e-01
2.162162162162162282e-01 3.567567567567567766e-01 4.054054054054054279e-01 4.378378378378378621e-01 4.594594594594594850e-01 4.810810810810811078e-01 4.972972972972973249e-01 5.027027027027026751e-01 5.135135135135134865e-01 5.297297297297297591e-01
1.756756756756756854e-01 2.972972972972973138e-01 3.648648648648648574e-01 3.783783783783783994e-01 4.054054054054054279e-01 4.324324324324324564e-01 4.459459459459459429e-01 4.459459459459459429e-01 4.729729729729729715e-01 4.729729729729729715e-01
1.694915254237288130e-02 1.016949152542372947e-01 1.016949152542372947e-01 1.186440677966101725e-01 1.186440677966101725e-01 1.355932203389830504e-01 1.355932203389830504e-01 1.694915254237288060e-01 1.694915254237288060e-01 1.694915254237288060e-01
3.749999999999999861e-02 1.000000000000000056e-01 1.499999999999999944e-01 1.749999999999999889e-01 2.000000000000000111e-01 2.250000000000000056e-01 2.250000000000000056e-01 2.500000000000000000e-01 2.625000000000000111e-01 2.999999999999999889e-01
6.147455867082035619e-01 8.130841121495326895e-01 8.556593977154725028e-01 8.733125649013498970e-01 8.826583592938732625e-01 8.930425752855659649e-01 8.992731048805815419e-01 9.034267912772585563e-01 9.075804776739355706e-01 9.086188992731049074e-01
6.061246040126715418e-01 8.088701161562830144e-01 8.416050686378035994e-01 8.606124604012671542e-01 8.722280887011615302e-01 8.870116156282998876e-01 8.912354804646250850e-01 8.944033790918690663e-01 9.039070749736008992e-01 9.091869060190074237e-01
6.182396606574761533e-01 8.197242841993637175e-01 8.632025450689289059e-01 8.791092258748673949e-01 8.939554612937433697e-01 9.045599151643690661e-01 9.130434782608695121e-01 9.151643690349946514e-01 9.172852598091197907e-01 9.257688229056203477e-01
6.280884265279583767e-01 8.075422626788036906e-01 8.452535760728218106e-01 8.582574772431729171e-01 8.751625487646293999e-01 8.829648894668400416e-01 8.855656697009102185e-01 8.894668400520155949e-01 8.946684005201560597e-01 8.985695708712613250e-01
4.192634560906515762e-01 5.439093484419263991e-01 5.892351274787535065e-01 6.062322946175637828e-01 6.118980169971671712e-01 6.232294617563739481e-01 6.317280453257790862e-01 6.430594900849858631e-01 6.572237960339943896e-01 6.770538243626061936e-01
6.628012733060482109e-01 8.831286948613006338e-01 9.170077307867212646e-01 9.254206457480672610e-01 9.308776716689404207e-01 9.349704411095952628e-01 9.372442019099590516e-01 9.395179627103228404e-01 9.415643474306503169e-01 9.438381082310141057e-01
6.698024459078081305e-01 8.852304797742238662e-01 9.221542803386642007e-01 9.296801505174036029e-01 9.325023518344308648e-01 9.353245531514581268e-01 9.372060206961430051e-01 9.390874882408278834e-01 9.400282220131702671e-01 9.419096895578551454e-01
5.760557605576055451e-01 8.482984829848297936e-01 9.097990979909799103e-01 9.307093070930709811e-01 9.356293562935629193e-01 9.393193931939319841e-01 9.430094300943009378e-01 9.434194341943419326e-01 9.438294382943829275e-01 9.454694546945469069e-01
2.037037037037036924e-01 5.555555555555555802e-01 6.481481481481481399e-01 6.851851851851852304e-01 6.851851851851852304e-01 7.222222222222222099e-01 7.592592592592593004e-01 7.592592592592593004e-01 7.592592592592593004e-01 7.592592592592593004e-01
4.545454545454545303e-01 4.545454545454545303e-01 4.545454545454545303e-01 4.545454545454545303e-01 4.545454545454545303e-01 4.545454545454545303e-01 4.545454545454545303e-01 4.545454545454545303e-01 4.545454545454545303e-01 4.545454545454545303e-01
7.142857142857142461e-02 1.666666666666666574e-01 1.666666666666666574e-01 1.666666666666666574e-01 1.666666666666666574e-01 1.666666666666666574e-01 1.904761904761904656e-01 1.904761904761904656e-01 1.904761904761904656e-01 1.904761904761904656e-01
1.063829787234042562e-01 3.191489361702127825e-01 3.829787234042553168e-01 4.468085106382978511e-01 4.893617021276595591e-01 5.106382978723403854e-01 5.106382978723403854e-01 5.319148936170212671e-01 5.531914893617021489e-01 5.744680851063830307e-01
2.125984251968504046e-01 4.803149606299212393e-01 5.905511811023621549e-01 6.614173228346457156e-01 6.850393700787401619e-01 7.244094488188976833e-01 7.480314960629921295e-01 7.480314960629921295e-01 7.637795275590550936e-01 8.031496062992126150e-01
1.989528795811518203e-01 5.026178010471203939e-01 6.335078534031413078e-01 6.963350785340314264e-01 7.382198952879580611e-01 7.591623036649214340e-01 7.748691099476440192e-01 7.958115183246072810e-01 8.062827225130889675e-01 8.272251308900523403e-01
4.166666666666666435e-02 2.500000000000000000e-01 4.166666666666666852e-01 4.583333333333333148e-01 4.583333333333333148e-01 5.416666666666666297e-01 5.416666666666666297e-01 5.416666666666666297e-01 5.416666666666666297e-01 5.416666666666666297e-01
2.456140350877192846e-01 4.979757085020242724e-01 6.032388663967611642e-01 6.450742240215924239e-01 6.626180836707152855e-01 6.855600539811066430e-01 6.977058029689608976e-01 7.044534412955465452e-01 7.233468286099865585e-01 7.314439946018893579e-01
2.941176470588235392e-01 5.264705882352941346e-01 6.264705882352941124e-01 6.617647058823529216e-01 6.852941176470588314e-01 7.088235294117647411e-01 7.147058823529411908e-01 7.235294117647058654e-01 7.352941176470588758e-01 7.500000000000000000e-01
3.139534883720930258e-01 5.290697674418605168e-01 6.279069767441860517e-01 6.686046511627906641e-01 6.831395348837209225e-01 7.005813953488372325e-01 7.034883720930232842e-01 7.093023255813953876e-01 7.151162790697674909e-01 7.267441860465115866e-01
2.553191489361701927e-01 4.468085106382978511e-01 5.319148936170212671e-01 5.319148936170212671e-01 5.531914893617021489e-01 5.744680851063830307e-01 5.957446808510638014e-01 5.957446808510638014e-01 6.170212765957446832e-01 6.170212765957446832e-01
0.000000000000000000e+00 0.000000000000000000e+00 0.000000000000000000e+00 0.000000000000000000e+00 0.000000000000000000e+00 0.000000000000000000e+00 0.000000000000000000e+00 0.000000000000000000e+00 0.000000000000000000e+00 0.000000000000000000e+00
1.666666666666666574e-01 3.333333333333333148e-01 5.000000000000000000e-01 5.666666666666666519e-01 5.999999999999999778e-01 5.999999999999999778e-01 5.999999999999999778e-01 5.999999999999999778e-01 5.999999999999999778e-01 5.999999999999999778e-01
0.000000000000000000e+00 2.999999999999999889e-01 4.500000000000000111e-01 5.999999999999999778e-01 5.999999999999999778e-01 5.999999999999999778e-01 5.999999999999999778e-01 5.999999999999999778e-01 5.999999999999999778e-01 5.999999999999999778e-01
0.000000000000000000e+00 3.750000000000000000e-01 6.250000000000000000e-01 7.500000000000000000e-01 7.500000000000000000e-01 7.500000000000000000e-01 7.500000000000000000e-01 7.500000000000000000e-01 7.500000000000000000e-01 7.500000000000000000e-01
0.000000000000000000e+00 0.000000000000000000e+00 1.153846153846153910e-01 3.846153846153846367e-01 4.615384615384615641e-01 5.000000000000000000e-01 5.384615384615384359e-01 5.384615384615384359e-01 5.384615384615384359e-01 5.384615384615384359e-01
0.000000000000000000e+00 2.083333333333333218e-02 1.041666666666666713e-01 5.208333333333333703e-01 6.875000000000000000e-01 7.083333333333333703e-01 7.291666666666666297e-01 7.291666666666666297e-01 7.500000000000000000e-01 7.500000000000000000e-01
4.732016925246826378e-01 6.861777150916784640e-01 7.397743300423130774e-01 7.581100141043723983e-01 7.708039492242595436e-01 7.856135401974612131e-01 7.983074753173483584e-01 8.053596614950634391e-01 8.095909732016924876e-01 8.152327221438645521e-01
2.500000000000000000e-01 3.333333333333333148e-01 3.333333333333333148e-01 3.333333333333333148e-01 3.333333333333333148e-01 3.333333333333333148e-01 3.333333333333333148e-01 3.333333333333333148e-01 3.333333333333333148e-01 3.333333333333333148e-01
4.761904761904761640e-02 9.523809523809523281e-02 9.523809523809523281e-02 1.428571428571428492e-01 1.904761904761904656e-01 1.904761904761904656e-01 1.904761904761904656e-01 1.904761904761904656e-01 1.904761904761904656e-01 1.904761904761904656e-01
0.000000000000000000e+00 3.703703703703703498e-02 3.703703703703703498e-02 3.703703703703703498e-02 3.703703703703703498e-02 3.703703703703703498e-02 7.407407407407406996e-02 7.407407407407406996e-02 1.111111111111111049e-01 1.111111111111111049e-01
1.612903225806451568e-01 3.548387096774193727e-01 4.193548387096774355e-01 4.677419354838709409e-01 4.838709677419354982e-01 5.000000000000000000e-01 5.161290322580645018e-01 5.322580645161290036e-01 5.322580645161290036e-01 5.322580645161290036e-01
4.766708701134930726e-01 8.348045397225725139e-01 8.675914249684741897e-01 8.713745271122320668e-01 8.808322824716267041e-01 8.940731399747793295e-01 9.010088272383354191e-01 9.117276166456493858e-01 9.224464060529634635e-01 9.306431273644388824e-01
3.994540491355778045e-01 7.643312101910828549e-01 8.143767060964512972e-01 8.243858052775250300e-01 8.353048225659690518e-01 8.480436760691537623e-01 8.571428571428570953e-01 8.680618744313012281e-01 8.798908098271155387e-01 8.853503184713376051e-01
3.574660633484162964e-01 6.892911010558069318e-01 7.390648567119155743e-01 7.541478129713423684e-01 7.677224736048265941e-01 7.873303167420814264e-01 8.009049773755656521e-01 8.129713423831070873e-01 8.295625942684766718e-01 8.371040723981900689e-01
2.602739726027397116e-01 5.890410958904109817e-01 6.712328767123287854e-01 6.894977168949771862e-01 7.077625570776255870e-01 7.214611872146118321e-01 7.397260273972602329e-01 7.534246575342465890e-01 7.579908675799086337e-01 7.716894977168949898e-01
3.536585365853658347e-01 5.000000000000000000e-01 5.365853658536585691e-01 5.731707317073170271e-01 5.731707317073170271e-01 5.731707317073170271e-01 5.731707317073170271e-01 5.975609756097560732e-01 6.097560975609755962e-01 6.097560975609755962e-01
4.055459272097053924e-01 6.429809358752166526e-01 7.157712305025996091e-01 7.521663778162911429e-01 7.729636048526863368e-01 7.954939341421143340e-01 8.128249566724436992e-01 8.284228769497400391e-01 8.388214904679376360e-01 8.561525129982668902e-01
3.661971830985915610e-01 5.422535211267606181e-01 6.197183098591548811e-01 6.549295774647887480e-01 6.760563380281690016e-01 7.042253521126760063e-01 7.042253521126760063e-01 7.042253521126760063e-01 7.253521126760563709e-01 7.253521126760563709e-01
2.903225806451613100e-01 3.387096774193548154e-01 3.709677419354838745e-01 3.870967741935483764e-01 3.870967741935483764e-01 4.032258064516128782e-01 4.032258064516128782e-01 4.032258064516128782e-01 4.193548387096774355e-01 4.193548387096774355e-01
2.580645161290322509e-01 3.118279569892473124e-01 3.333333333333333148e-01 3.333333333333333148e-01 3.333333333333333148e-01 3.333333333333333148e-01 3.440860215053763715e-01 3.440860215053763715e-01 3.763440860215053752e-01 3.978494623655913776e-01
3.157894736842105088e-01 4.210526315789473450e-01 5.789473684210526550e-01 5.789473684210526550e-01 5.789473684210526550e-01 5.789473684210526550e-01 5.789473684210526550e-01 5.789473684210526550e-01 6.315789473684210176e-01 6.842105263157894912e-01
5.044247787610619538e-01 7.168141592920354022e-01 7.699115044247787365e-01 7.787610619469026441e-01 7.817109144542773169e-01 7.846607669616518788e-01 7.876106194690265516e-01 7.964601769911504592e-01 8.053097345132743667e-01 8.200589970501475090e-01
3.886255924170616272e-01 5.402843601895734871e-01 5.829383886255924407e-01 5.876777251184833739e-01 5.876777251184833739e-01 6.018957345971563955e-01 6.208530805687203502e-01 6.398104265402843049e-01 6.445497630331753491e-01 6.492890995260663933e-01
2.692307692307692180e-01 4.615384615384615641e-01 5.000000000000000000e-01 5.000000000000000000e-01 5.769230769230768718e-01 5.769230769230768718e-01 5.769230769230768718e-01 5.769230769230768718e-01 5.769230769230768718e-01 5.769230769230768718e-01
1.346153846153846090e-01 2.115384615384615363e-01 2.115384615384615363e-01 2.307692307692307820e-01 2.500000000000000000e-01 2.692307692307692180e-01 2.692307692307692180e-01 2.884615384615384359e-01 3.076923076923077094e-01 3.076923076923077094e-01
4.000000000000000222e-01 4.000000000000000222e-01 4.000000000000000222e-01 4.000000000000000222e-01 4.000000000000000222e-01 4.000000000000000222e-01 4.000000000000000222e-01 4.000000000000000222e-01 4.000000000000000222e-01 4.000000000000000222e-01
6.333333333333333037e-01 8.888888888888888395e-01 9.422222222222221832e-01 9.466666666666666563e-01 9.555555555555556024e-01 9.555555555555556024e-01 9.599999999999999645e-01 9.599999999999999645e-01 9.622222222222222010e-01 9.666666666666666741e-01
5.668316831683167800e-01 8.118811881188119361e-01 8.960396039603960583e-01 9.108910891089109230e-01 9.158415841584158779e-01 9.232673267326733102e-01 9.257425742574257876e-01 9.306930693069307425e-01 9.331683168316832200e-01 9.455445544554454962e-01
5.378590078328981949e-01 7.859007832898172730e-01 8.642297650130548181e-01 8.877284595300261039e-01 9.007832898172323244e-01 9.033942558746735907e-01 9.086161879895561233e-01 9.112271540469973896e-01 9.164490861618799222e-01 9.242819843342036101e-01
4.792899408284023721e-01 7.781065088757396220e-01 8.875739644970414011e-01 9.142011834319526686e-01 9.171597633136094885e-01 9.260355029585798370e-01 9.260355029585798370e-01 9.349112426035502965e-01 9.378698224852071164e-01 9.437869822485207560e-01
5.026315789473684292e-01 7.815789473684210398e-01 8.789473684210525883e-01 9.052631578947368807e-01 9.184210526315789158e-01 9.289473684210526327e-01 9.342105263157894912e-01 9.394736842105263497e-01 9.447368421052632081e-01 9.526315789473683848e-01
5.062937062937062915e-01 7.174825174825174567e-01 7.818181818181818565e-01 8.111888111888111430e-01 8.237762237762237261e-01 8.433566433566433984e-01 8.741258741258741694e-01 8.881118881118881259e-01 8.965034965034964776e-01 9.048951048951049403e-01
4.484760522496371582e-01 6.719883889695210666e-01 7.416545718432511203e-01 7.735849056603774088e-01 8.084179970972423801e-01 8.272859216255442627e-01 8.505079825834542806e-01 8.679245283018868218e-01 8.795355587808417752e-01 8.940493468795355225e-01
3.987603305785124008e-01 6.301652892561983021e-01 7.024793388429751984e-01 7.479338842975206125e-01 7.665289256198346557e-01 7.789256198347107585e-01 8.016528925619834656e-01 8.264462809917355601e-01 8.429752066115702158e-01 8.574380165289255951e-01
4.079999999999999738e-01 6.199999999999999956e-01 6.999999999999999556e-01 7.459999999999999964e-01 7.640000000000000124e-01 8.000000000000000444e-01 8.239999999999999547e-01 8.299999999999999600e-01 8.479999999999999760e-01 8.800000000000000044e-01
4.462809917355372025e-01 6.545454545454545414e-01 7.338842975206611996e-01 7.702479338842975753e-01 8.115702479338843256e-01 8.314049586776859346e-01 8.561983471074380292e-01 8.677685950413223104e-01 8.793388429752065916e-01 8.909090909090908728e-01
3.423423423423423428e-01 6.246246246246246470e-01 6.936936936936937137e-01 7.147147147147147050e-01 7.327327327327327611e-01 7.507507507507507061e-01 7.567567567567567988e-01 7.717717717717718084e-01 7.807807807807807254e-01 7.807807807807807254e-01
2.533936651583710287e-01 5.090497737556560764e-01 6.085972850678732504e-01 6.380090497737556099e-01 6.628959276018099311e-01 6.742081447963801377e-01 7.036199095022624972e-01 7.217194570135746501e-01 7.420814479638009331e-01 7.443438914027149522e-01
2.057971014492753492e-01 4.579710144927536253e-01 5.884057971014492461e-01 6.289855072463768071e-01 6.492753623188405321e-01 6.666666666666666297e-01 6.753623188405797340e-01 6.811594202898550998e-01 6.985507246376811974e-01 7.072463768115941907e-01
9.871244635193132666e-02 3.261802575107295987e-01 5.150214592274677816e-01 5.579399141630900782e-01 5.922746781115879600e-01 6.094420600858369008e-01 6.223175965665236342e-01 6.351931330472102566e-01 6.394849785407725751e-01 6.480686695278969900e-01
9.486166007905137698e-02 3.280632411067193610e-01 4.584980237154150373e-01 5.138339920948616912e-01 5.415019762845849627e-01 5.731225296442687966e-01 5.810276679841896996e-01 6.047430830039525196e-01 6.205533596837944366e-01 6.284584980237154506e-01
7.062500000000000444e-01 8.546875000000000444e-01 8.812499999999999778e-01 8.953124999999999556e-01 9.078125000000000222e-01 9.140625000000000000e-01 9.156250000000000222e-01 9.171875000000000444e-01 9.250000000000000444e-01 9.296875000000000000e-01
6.943521594684385345e-01 8.837209302325581550e-01 9.169435215946843964e-01 9.302325581395348708e-01 9.460132890365448022e-01 9.485049833887043702e-01 9.526578073089700949e-01 9.568106312292359306e-01 9.601328903654484659e-01 9.642857142857143016e-01
6.956187548039969304e-01 8.770176787086856329e-01 9.069946195234435127e-01 9.208301306687163290e-01 9.308224442736356963e-01 9.369715603382013924e-01 9.423520368946963766e-01 9.461952344350499366e-01 9.492697924673327847e-01 9.538816295157570568e-01
6.850984067478912420e-01 8.753514526710403088e-01 9.034676663542643427e-01 9.137769447047797700e-01 9.194001874414245989e-01 9.231490159325210776e-01 9.259606373008434366e-01 9.287722586691659066e-01 9.334582942830365049e-01 9.400187441424554535e-01
5.929054054054053724e-01 7.584459459459459429e-01 8.040540540540540571e-01 8.192567567567567988e-01 8.260135135135134865e-01 8.445945945945946276e-01 8.513513513513513153e-01 8.631756756756756577e-01 8.733108108108108558e-01 8.766891891891891442e-01
2.902374670184696415e-01 6.042216358839049839e-01 6.807387862796834277e-01 7.229551451187334887e-01 7.361477572559367299e-01 7.440633245382586303e-01 7.493403693931398601e-01 7.572559366754617605e-01 7.651715039577836608e-01 7.836411609498680209e-01
2.608695652173912971e-01 4.945652173913043237e-01 5.706521739130434590e-01 5.978260869565217295e-01 6.250000000000000000e-01 6.413043478260869179e-01 6.521739130434782705e-01 6.684782608695651884e-01 6.793478260869565410e-01 6.902173913043477826e-01
1.279069767441860517e-01 3.372093023255813837e-01 4.186046511627907196e-01 4.534883720930232287e-01 4.651162790697674354e-01 5.116279069767442067e-01 5.116279069767442067e-01 5.116279069767442067e-01 5.232558139534884134e-01 5.465116279069767158e-01
5.084745762711864736e-02 2.542372881355932090e-01 4.067796610169491789e-01 4.576271186440677985e-01 4.576271186440677985e-01 4.915254237288135819e-01 4.915254237288135819e-01 4.915254237288135819e-01 4.915254237288135819e-01 4.915254237288135819e-01
1.234567901234567833e-01 3.580246913580246715e-01 4.197530864197530631e-01 4.691358024691357764e-01 4.691358024691357764e-01 5.061728395061728669e-01 5.308641975308642236e-01 5.308641975308642236e-01 5.432098765432098464e-01 5.555555555555555802e-01
2.234636871508379960e-02 1.899441340782122845e-01 4.245810055865921750e-01 5.251396648044692750e-01 5.586592178770949380e-01 5.921787709497207119e-01 6.089385474860334879e-01 6.312849162011172632e-01 6.312849162011172632e-01 6.424581005586592619e-01
6.060606060606060774e-02 1.818181818181818232e-01 2.121212121212121271e-01 2.424242424242424310e-01 2.424242424242424310e-01 2.727272727272727071e-01 2.727272727272727071e-01 2.727272727272727071e-01 2.727272727272727071e-01 2.727272727272727071e-01
0.000000000000000000e+00 0.000000000000000000e+00 0.000000000000000000e+00 4.347826086956521618e-02 8.695652173913043237e-02 8.695652173913043237e-02 8.695652173913043237e-02 8.695652173913043237e-02 8.695652173913043237e-02 8.695652173913043237e-02
0.000000000000000000e+00 0.000000000000000000e+00 0.000000000000000000e+00 0.000000000000000000e+00 8.333333333333332871e-02 1.250000000000000000e-01 1.666666666666666574e-01 2.083333333333333426e-01 2.083333333333333426e-01 2.083333333333333426e-01
3.571428571428571230e-02 1.071428571428571369e-01 1.785714285714285754e-01 2.142857142857142738e-01 3.214285714285714524e-01 3.214285714285714524e-01 3.214285714285714524e-01 3.571428571428571508e-01 3.928571428571428492e-01 3.928571428571428492e-01
5.170068027210884543e-01 7.354497354497354644e-01 7.845804988662131718e-01 7.989417989417989530e-01 8.155706727135298983e-01 8.390022675736961144e-01 8.533635676492818956e-01 8.684807256235828055e-01 8.851095993953136398e-01 8.972033257747543677e-01
2.069970845481049482e-01 3.906705539358600321e-01 4.693877551020408379e-01 5.218658892128279492e-01 5.568513119533528011e-01 5.830903790087463845e-01 6.093294460641399679e-01 6.326530612244898322e-01 6.588921282798834156e-01 6.734693877551020114e-01
5.555555555555555247e-02 1.481481481481481399e-01 1.851851851851851749e-01 2.037037037037036924e-01 2.037037037037036924e-01 2.037037037037036924e-01 2.037037037037036924e-01 2.037037037037036924e-01 2.037037037037036924e-01 2.037037037037036924e-01
1.897106109324758760e-01 3.376205787781350609e-01 4.147909967845659351e-01 4.823151125401929362e-01 5.337620578778135005e-01 5.723472668810289932e-01 5.980707395498392476e-01 6.237942122186495020e-01 6.559485530546623755e-01 6.720257234726687567e-01
8.695652173913043237e-02 1.304347826086956486e-01 1.304347826086956486e-01 2.173913043478260809e-01 2.173913043478260809e-01 2.173913043478260809e-01 2.173913043478260809e-01 2.173913043478260809e-01 2.173913043478260809e-01 3.043478260869565410e-01
5.103827870903177022e-01 7.403052289216912607e-01 7.908431323492619569e-01 8.083562672004003247e-01 8.208656492369277302e-01 8.353765323992994318e-01 8.476357267950963559e-01 8.601451088316237614e-01 8.679009256942706863e-01 8.756567425569177221e-01
4.345460727643658538e-01 6.909214552873171877e-01 7.511050663039782194e-01 7.660659639578374369e-01 7.834070044202652294e-01 7.970078204692281343e-01 8.089085345120706760e-01 8.150289017341040276e-01 8.231893913634817928e-01 8.354301258075484959e-01
3.808114961961115985e-01 6.365173288250211003e-01 6.990701606086221487e-01 7.168216398985629567e-01 7.307692307692307265e-01 7.459847844463228794e-01 7.578191039729501588e-01 7.738799661876585301e-01 7.810650887573964418e-01 7.928994082840237212e-01
3.079268292682926789e-01 5.646341463414633610e-01 6.310975609756097615e-01 6.487804878048780699e-01 6.646341463414634498e-01 6.762195121951219967e-01 6.871951219512195674e-01 6.975609756097560510e-01 7.103658536585365502e-01 7.207317073170731447e-01
2.197149643705463284e-01 4.453681710213776568e-01 5.344418052256532103e-01 5.546318289786222877e-01 5.676959619952494096e-01 5.890736342042754980e-01 5.985748218527315867e-01 6.128266033254157197e-01 6.258907363420427306e-01 6.401425178147268635e-01
3.563909774436090361e-01 6.481203007518796522e-01 8.165413533834586790e-01 8.721804511278195005e-01 8.872180451127819056e-01 9.007518796992480814e-01 9.052631578947368807e-01 9.248120300751879741e-01 9.323308270676691212e-01 9.383458646616541499e-01
1.446654611211573294e-01 5.063291139240506666e-01 7.811934900542495397e-01 8.643761301989150159e-01 8.933092224231464762e-01 9.095840867992767143e-01 9.204339963833634286e-01 9.276672694394213492e-01 9.403254972875225715e-01 9.493670886075948889e-01
1.292517006802721136e-01 4.455782312925170019e-01 7.210884353741496833e-01 8.197278911564626069e-01 8.469387755102041337e-01 8.775510204081632404e-01 8.911564625850340038e-01 9.047619047619047672e-01 9.081632653061224580e-01 9.115646258503401489e-01
1.250000000000000000e-01 4.687500000000000000e-01 7.187500000000000000e-01 8.203125000000000000e-01 8.281250000000000000e-01 8.359375000000000000e-01 8.593750000000000000e-01 8.750000000000000000e-01 8.828125000000000000e-01 8.828125000000000000e-01
0.000000000000000000e+00 5.172413793103448204e-02 2.586206896551724310e-01 3.793103448275861878e-01 3.793103448275861878e-01 3.965517241379310498e-01 4.655172413793103314e-01 4.655172413793103314e-01 5.689655172413793371e-01 6.034482758620689502e-01
3.389830508474576259e-02 1.016949152542372947e-01 1.864406779661016977e-01 2.203389830508474534e-01 2.881355932203389925e-01 4.237288135593220151e-01 4.915254237288135819e-01 5.084745762711864181e-01 5.254237288135593653e-01 5.423728813559322015e-01
5.747126436781609116e-02 2.873563218390804419e-01 5.057471264367816577e-01 5.632183908045976795e-01 6.091954022988506079e-01 6.551724137931034253e-01 6.781609195402298340e-01 6.781609195402298340e-01 6.781609195402298340e-01 6.896551724137931494e-01
2.150537634408602322e-02 5.376344086021505458e-02 1.075268817204301092e-01 1.827956989247311870e-01 2.150537634408602183e-01 2.795698924731182533e-01 2.903225806451613100e-01 3.333333333333333148e-01 3.440860215053763715e-01 3.548387096774193727e-01
0.000000000000000000e+00 5.000000000000000278e-02 1.625000000000000056e-01 2.999999999999999889e-01 3.250000000000000111e-01 3.875000000000000111e-01 4.000000000000000222e-01 4.000000000000000222e-01 4.249999999999999889e-01 4.625000000000000222e-01
3.174603174603174427e-02 1.825396825396825295e-01 3.571428571428571508e-01 5.000000000000000000e-01 5.634920634920634885e-01 5.793650793650794162e-01 6.031746031746031411e-01 6.507936507936508130e-01 6.825396825396825573e-01 6.984126984126983739e-01
1.239999999999999991e-01 3.880000000000000115e-01 6.039999999999999813e-01 7.159999999999999698e-01 7.720000000000000195e-01 7.760000000000000231e-01 7.840000000000000302e-01 7.920000000000000373e-01 8.040000000000000480e-01 8.040000000000000480e-01
0.000000000000000000e+00 5.263157894736841813e-02 1.052631578947368363e-01 1.052631578947368363e-01 1.578947368421052544e-01 1.578947368421052544e-01 1.578947368421052544e-01 1.578947368421052544e-01 1.578947368421052544e-01 1.578947368421052544e-01
5.586592178770949380e-02 3.985102420856611039e-01 6.666666666666666297e-01 7.653631284916201372e-01 7.914338919925512084e-01 7.988826815642458001e-01 8.007448789571695036e-01 8.044692737430167995e-01 8.044692737430167995e-01 8.119180633147113912e-01
3.703703703703703498e-02 3.742690058479531956e-01 7.387914230019493322e-01 8.440545808966861685e-01 8.576998050682260732e-01 8.693957115009746106e-01 8.732943469785574564e-01 8.752436647173489348e-01 8.771929824561403022e-01 8.771929824561403022e-01
5.633802816901408578e-02 3.098591549295774406e-01 6.244131455399061226e-01 7.793427230046948706e-01 8.169014084507042472e-01 8.215962441314553777e-01 8.262910798122066192e-01 8.309859154929577496e-01 8.356807511737088801e-01 8.403755868544601215e-01
8.733624454148471812e-04 8.733624454148471161e-03 4.192139737991266296e-02 1.349344978165938902e-01 4.445414847161572314e-01 8.113537117903930618e-01 8.510917030567685115e-01 8.589519650655021987e-01 8.711790393013100209e-01 8.772925764192139875e-01
3.835091083413230857e-03 2.684563758389261687e-02 8.628954937679769732e-02 4.122722914669223471e-01 7.468839884947267027e-01 8.111217641418984048e-01 8.245445829338446941e-01 8.302972195589645166e-01 8.331735378715244833e-01 8.437200383509108059e-01
2.710027100271002708e-03 1.084010840108401083e-02 4.065040650406503975e-02 1.327913279132791335e-01 2.953929539295392925e-01 6.639566395663956122e-01 7.994579945799458187e-01 8.102981029810297775e-01 8.130081300813007950e-01 8.157181571815718124e-01
0.000000000000000000e+00 0.000000000000000000e+00 5.263157894736841987e-03 5.263157894736841987e-03 5.263157894736841987e-03 1.052631578947368397e-02 1.578947368421052544e-01 3.315789473684210287e-01 3.631578947368421240e-01 3.684210526315789269e-01
6.944444444444444059e-03 6.597222222222222376e-02 2.604166666666666852e-01 3.645833333333333148e-01 3.958333333333333148e-01 4.479166666666666852e-01 4.513888888888888951e-01 4.687500000000000000e-01 4.826388888888888951e-01 4.895833333333333148e-01
4.810810810810811078e-01 7.391891891891891886e-01 8.297297297297296925e-01 8.527027027027026529e-01 8.756756756756757243e-01 8.945945945945945610e-01 8.972972972972973471e-01 9.054054054054053724e-01 9.243243243243243201e-01 9.310810810810811189e-01
3.270042194092827037e-01 6.012658227848101111e-01 7.004219409282700370e-01 7.405063291139240000e-01 7.700421940928270370e-01 7.869198312236287407e-01 8.059071729957806296e-01 8.227848101265823333e-01 8.417721518987342222e-01 8.649789029535864815e-01
8.196721311475409222e-02 2.622950819672131284e-01 2.950819672131147486e-01 2.950819672131147486e-01 3.114754098360655865e-01 3.442622950819672067e-01 3.606557377049180446e-01 3.770491803278688270e-01 4.262295081967212851e-01 4.426229508196721230e-01
3.723653395784543574e-01 6.065573770491803351e-01 7.072599531615925139e-01 7.634660421545667042e-01 7.915690866510538548e-01 8.149882903981264803e-01 8.196721311475410054e-01 8.266978922716627931e-01 8.454332552693208935e-01 8.548009367681498327e-01
3.505535055350553764e-01 5.461254612546125875e-01 6.900369003690036696e-01 7.343173431734317802e-01 7.675276752767528077e-01 7.896678966789667520e-01 8.044280442804427889e-01 8.154981549815497610e-01 8.228782287822877795e-01 8.339483394833948626e-01
4.473929236499069040e-01 7.071694599627560418e-01 7.923649906890130046e-01 8.184357541899441868e-01 8.361266294227187590e-01 8.547486033519553494e-01 8.687150837988827368e-01 8.840782122905027629e-01 8.924581005586592619e-01 9.045623836126629458e-01
3.360323886639676183e-01 5.748987854251011997e-01 6.815114709851551877e-01 7.206477732793522550e-01 7.435897435897436125e-01 7.543859649122807154e-01 7.773279352226720729e-01 7.989203778677462786e-01 8.056680161943320373e-01 8.137651821862348367e-01
1.563786008230452773e-01 3.127572016460905546e-01 3.909465020576131655e-01 4.320987654320987414e-01 4.485596707818930162e-01 4.567901234567900981e-01 4.609053497942386945e-01 4.814814814814814548e-01 4.897119341563785921e-01 4.979423868312757295e-01
1.024390243902438963e-01 1.853658536585365835e-01 2.390243902439024293e-01 2.634146341463414753e-01 2.829268292682926567e-01 2.926829268292682751e-01 3.219512195121951303e-01 3.219512195121951303e-01 3.414634146341463672e-01 3.463414634146341209e-01
2.992957746478873138e-01 5.528169014084507449e-01 6.502347417840375066e-01 6.936619718309858795e-01 7.171361502347417538e-01 7.359154929577464976e-01 7.511737089201877549e-01 7.629107981220657475e-01 7.781690140845070047e-01 7.887323943661971315e-01
6.438746438746438816e-01 7.877492877492877632e-01 8.176638176638176825e-01 8.290598290598291120e-01 8.390313390313390851e-01 8.475783475783476018e-01 8.547008547008546619e-01 8.660968660968660915e-01 8.860398860398860377e-01 8.860398860398860377e-01
6.342141863699582993e-01 7.983310152990263919e-01 8.372739916550765438e-01 8.456189151599443621e-01 8.525730180806675440e-01 8.692628650904032916e-01 8.748261474269819482e-01 8.845618915159944029e-01 8.942976356050069686e-01 8.956884561891516050e-01
6.283704572098476326e-01 7.760844079718639543e-01 8.089097303634231739e-01 8.253223915592028392e-01 8.440797186400937901e-01 8.511137162954278690e-01 8.581477139507620588e-01 8.686987104337632326e-01 8.780773739742087081e-01 8.851113716295427869e-01
5.082781456953642252e-01 6.903973509933775121e-01 7.350993377483443503e-01 7.566225165562914245e-01 7.715231788079470743e-01 7.798013245033112995e-01 7.880794701986755246e-01 7.947019867549668382e-01 7.996688741721854621e-01 8.062913907284767756e-01
7.149220489977727855e-01 8.396436525612471780e-01 8.463251670378618696e-01 8.574610244988863927e-01 8.641425389755010844e-01 8.708240534521157761e-01 8.775055679287304677e-01 8.819599109131402992e-01 8.886414253897549909e-01 8.908685968819599621e-01
3.796507213363705356e-03 5.542900531511010115e-02 2.733485193621867926e-01 5.117691723614274935e-01 6.119969627942293267e-01 6.560364464692483022e-01 6.848899012908123973e-01 7.076689445709947179e-01 7.258921791951404856e-01 7.403189066059225887e-01
8.782936010037640726e-03 1.309075700543705645e-01 4.144709326641572433e-01 5.859473023839397721e-01 6.373902132998745529e-01 6.796319531576746620e-01 7.055625261396905046e-01 7.302383939774153010e-01 7.570054370556252854e-01 7.733166039314094409e-01
4.333333333333333481e-02 8.999999999999999667e-02 1.199999999999999956e-01 1.366666666666666585e-01 1.433333333333333404e-01 1.499999999999999944e-01 1.633333333333333304e-01 1.666666666666666574e-01 1.833333333333333204e-01 1.866666666666666752e-01
1.177199504337050721e-02 1.480793060718711140e-01 4.293680297397769463e-01 5.619578686493185149e-01 6.133828996282527646e-01 6.542750929368029711e-01 6.802973977695166985e-01 7.013630731102850069e-01 7.249070631970260248e-01 7.428748451053284185e-01
1.909307875894988155e-02 2.036595067621320698e-01 4.431185361972951320e-01 5.465393794749403567e-01 5.823389021479713490e-01 6.062052505966587512e-01 6.348448687350835007e-01 6.579156722354813080e-01 6.770087509944311410e-01 6.992840095465393535e-01
2.352941176470588203e-01 4.352941176470588314e-01 5.117647058823528994e-01 5.882352941176470784e-01 6.352941176470587870e-01 6.823529411764706065e-01 6.999999999999999556e-01 7.294117647058823151e-01 7.470588235294117752e-01 7.647058823529411242e-01
1.714285714285714302e-01 3.142857142857142794e-01 3.714285714285714413e-01 3.714285714285714413e-01 4.285714285714285476e-01 4.285714285714285476e-01 4.285714285714285476e-01 4.285714285714285476e-01 4.285714285714285476e-01 4.571428571428571286e-01
4.166666666666666435e-02 4.166666666666666435e-02 6.250000000000000000e-02 8.333333333333332871e-02 1.041666666666666713e-01 1.041666666666666713e-01 1.041666666666666713e-01 1.250000000000000000e-01 1.250000000000000000e-01 1.250000000000000000e-01
2.500000000000000139e-02 2.500000000000000139e-02 2.500000000000000139e-02 7.499999999999999722e-02 7.499999999999999722e-02 1.000000000000000056e-01 1.000000000000000056e-01 1.000000000000000056e-01 1.250000000000000000e-01 1.499999999999999944e-01
0.000000000000000000e+00 0.000000000000000000e+00 0.000000000000000000e+00 0.000000000000000000e+00 0.000000000000000000e+00 0.000000000000000000e+00 3.030303030303030387e-02 3.030303030303030387e-02 3.030303030303030387e-02 3.030303030303030387e-02
2.272727272727272790e-02 1.704545454545454419e-01 5.113636363636363535e-01 7.727272727272727071e-01 7.954545454545454142e-01 8.068181818181817677e-01 8.068181818181817677e-01 8.068181818181817677e-01 8.068181818181817677e-01 8.068181818181817677e-01
3.418803418803419147e-02 2.564102564102563875e-01 6.410256410256410797e-01 7.777777777777777901e-01 8.034188034188034511e-01 8.119658119658119677e-01 8.119658119658119677e-01 8.205128205128204844e-01 8.290598290598291120e-01 8.376068376068376287e-01
0.000000000000000000e+00 0.000000000000000000e+00 2.727272727272727071e-01 4.545454545454545303e-01 5.454545454545454142e-01 5.454545454545454142e-01 5.454545454545454142e-01 5.454545454545454142e-01 5.454545454545454142e-01 7.272727272727272929e-01
1.754385964912280604e-02 1.228070175438596423e-01 5.087719298245614308e-01 6.315789473684210176e-01 6.491228070175438791e-01 6.666666666666666297e-01 6.666666666666666297e-01 6.666666666666666297e-01 6.666666666666666297e-01 6.666666666666666297e-01
1.777777777777777846e-01 5.777777777777777235e-01 6.888888888888888840e-01 7.111111111111111382e-01 7.333333333333332815e-01 7.555555555555555358e-01 7.555555555555555358e-01 7.555555555555555358e-01 7.555555555555555358e-01 7.777777777777777901e-01
2.530487804878048808e-01 5.487804878048780921e-01 6.371951219512195230e-01 6.676829268292683306e-01 7.073170731707316694e-01 7.591463414634146423e-01 7.896341463414634498e-01 8.170731707317072656e-01 8.384146341463414309e-01 8.567073170731707155e-01
2.151515151515151492e-01 4.696969696969697239e-01 5.393939393939394256e-01 5.939393939393939892e-01 6.393939393939394034e-01 6.727272727272727293e-01 6.939393939393939670e-01 7.121212121212121549e-01 7.363636363636363313e-01 7.636363636363636687e-01
4.938271604938271331e-02 2.037037037037036924e-01 4.012345679012345734e-01 5.185185185185184897e-01 5.740740740740740700e-01 6.419753086419752730e-01 6.604938271604938738e-01 6.728395061728394966e-01 6.790123456790123635e-01 6.975308641975308532e-01
9.523809523809523281e-02 3.452380952380952328e-01 5.952380952380952328e-01 6.666666666666666297e-01 7.023809523809523281e-01 7.261904761904761640e-01 7.500000000000000000e-01 7.619047619047618625e-01 8.095238095238095344e-01 8.214285714285713969e-01
7.142857142857142461e-02 3.214285714285714524e-01 5.428571428571428159e-01 5.999999999999999778e-01 6.357142857142856762e-01 6.500000000000000222e-01 6.642857142857142572e-01 7.071428571428571841e-01 7.500000000000000000e-01 7.785714285714285809e-01
7.099697885196374347e-01 8.791540785498489496e-01 9.033232628398791819e-01 9.138972809667673669e-01 9.169184290030211182e-01 9.305135951661631655e-01 9.335347432024169168e-01 9.380664652567975992e-01 9.425981873111782816e-01 9.456193353474320329e-01
5.036764705882352811e-01 7.757352941176470784e-01 8.455882352941176405e-01 8.566176470588234837e-01 8.639705882352941568e-01 8.897058823529411242e-01 8.933823529411765163e-01 9.007352941176470784e-01 9.044117647058823595e-01 9.117647058823529216e-01
3.263888888888888951e-01 6.666666666666666297e-01 7.430555555555555802e-01 7.708333333333333703e-01 7.916666666666666297e-01 8.125000000000000000e-01 8.125000000000000000e-01 8.125000000000000000e-01 8.125000000000000000e-01 8.402777777777777901e-01
2.641509433962264120e-01 6.415094339622641195e-01 7.830188679245283501e-01 7.924528301886792914e-01 7.924528301886792914e-01 8.113207547169811740e-01 8.113207547169811740e-01 8.113207547169811740e-01 8.113207547169811740e-01 8.113207547169811740e-01
2.580645161290322509e-01 7.096774193548387455e-01 7.741935483870967527e-01 7.741935483870967527e-01 7.741935483870967527e-01 7.741935483870967527e-01 8.064516129032257563e-01 8.064516129032257563e-01 8.064516129032257563e-01 8.064516129032257563e-01
5.839416058394160391e-02 1.897810218978102093e-01 3.102189781021897907e-01 4.306569343065693167e-01 4.744525547445255231e-01 5.182481751824817851e-01 5.474452554744525523e-01 5.839416058394160114e-01 6.094890510948904883e-01 6.204379562043795815e-01
0.000000000000000000e+00 0.000000000000000000e+00 0.000000000000000000e+00 0.000000000000000000e+00 2.469135802469135665e-02 3.703703703703703498e-02 4.320987654320987414e-02 5.555555555555555247e-02 8.641975308641974829e-02 1.543209876543209791e-01
0.000000000000000000e+00 0.000000000000000000e+00 0.000000000000000000e+00 0.000000000000000000e+00 0.000000000000000000e+00 9.174311926605505096e-03 2.293577981651376274e-02 3.211009174311926784e-02 5.045871559633027803e-02 1.422018348623853290e-01
3.717472118959107633e-03 4.832713754646840443e-02 1.375464684014869876e-01 2.713754646840148554e-01 3.048327137546468224e-01 3.234200743494423658e-01 3.420074349442379091e-01 3.494423791821561487e-01 3.680297397769516921e-01 3.903345724907062997e-01
6.079027355623100280e-03 3.039513677811550227e-02 1.003039513677811551e-01 2.887537993920972768e-01 3.768996960486322156e-01 4.072948328267477214e-01 4.589665653495440534e-01 5.015197568389058169e-01 5.197568389057750649e-01 5.349544072948327900e-01
4.912280701754385692e-01 6.791979949874686895e-01 7.318295739348370521e-01 7.568922305764410607e-01 7.719298245614034659e-01 7.919799498746866728e-01 8.145363408521303361e-01 8.220551378446114832e-01 8.395989974937343447e-01 8.496240601503759482e-01
4.838709677419354982e-01 6.975806451612903691e-01 7.338709677419354982e-01 7.701612903225806273e-01 7.701612903225806273e-01 7.862903225806451291e-01 7.903225806451612545e-01 7.983870967741935054e-01 8.185483870967742437e-01 8.306451612903226200e-01
4.834437086092715496e-01 6.622516556291391243e-01 7.218543046357616122e-01 7.649006622516556497e-01 7.715231788079470743e-01 7.847682119205298124e-01 7.913907284768212369e-01 8.046357615894039750e-01 8.079470198675496873e-01 8.245033112582781376e-01
5.665796344647520133e-01 7.441253263707572341e-01 7.911227154046996946e-01 8.067885117493472924e-01 8.276762402088773118e-01 8.302872062663185782e-01 8.407310704960835324e-01 8.537859007832898639e-01 8.642297650130548181e-01 8.720626631853786170e-01
5.519125683060108756e-01 7.267759562841530352e-01 7.896174863387978027e-01 8.196721311475410054e-01 8.387978142076503163e-01 8.497267759562842082e-01 8.688524590163934080e-01 8.715846994535518810e-01 8.852459016393442459e-01 8.879781420765027189e-01
0.000000000000000000e+00 0.000000000000000000e+00 0.000000000000000000e+00 0.000000000000000000e+00 0.000000000000000000e+00 0.000000000000000000e+00 0.000000000000000000e+00 0.000000000000000000e+00 0.000000000000000000e+00 0.000000000000000000e+00
0.000000000000000000e+00 0.000000000000000000e+00 0.000000000000000000e+00 0.000000000000000000e+00 0.000000000000000000e+00 0.000000000000000000e+00 0.000000000000000000e+00 0.000000000000000000e+00 0.000000000000000000e+00 0.000000000000000000e+00
0.000000000000000000e+00 0.000000000000000000e+00 0.000000000000000000e+00 0.000000000000000000e+00 0.000000000000000000e+00 0.000000000000000000e+00 0.000000000000000000e+00 0.000000000000000000e+00 0.000000000000000000e+00 0.000000000000000000e+00
0.000000000000000000e+00 0.000000000000000000e+00 0.000000000000000000e+00 0.000000000000000000e+00 0.000000000000000000e+00 0.000000000000000000e+00 0.000000000000000000e+00 0.000000000000000000e+00 0.000000000000000000e+00 0.000000000000000000e+00
0.000000000000000000e+00 0.000000000000000000e+00 0.000000000000000000e+00 0.000000000000000000e+00 0.000000000000000000e+00 0.000000000000000000e+00 0.000000000000000000e+00 0.000000000000000000e+00 0.000000000000000000e+00 0.000000000000000000e+00
1.930501930501930530e-01 4.208494208494208411e-01 5.270270270270269730e-01 5.830115830115829567e-01 6.332046332046331605e-01 6.814671814671814376e-01 7.181467181467181549e-01 7.374517374517374213e-01 7.779922779922779918e-01 7.972972972972972583e-01
1.950819672131147431e-01 3.967213114754098435e-01 5.180327868852458995e-01 5.770491803278688936e-01 6.344262295081967151e-01 6.803278688524589946e-01 7.147540983606557319e-01 7.409836065573770503e-01 7.672131147540983687e-01 7.967213114754098102e-01
9.210526315789473173e-02 2.828947368421052544e-01 3.947368421052631637e-01 4.473684210526315819e-01 4.868421052631579093e-01 5.065789473684210176e-01 5.328947368421053099e-01 5.526315789473684736e-01 5.657894736842105088e-01 5.789473684210526550e-01
7.777777777777777901e-02 1.444444444444444309e-01 1.777777777777777846e-01 2.222222222222222099e-01 2.444444444444444364e-01 2.555555555555555358e-01 2.777777777777777901e-01 2.999999999999999889e-01 2.999999999999999889e-01 3.111111111111111160e-01
2.307692307692307820e-01 2.820512820512820484e-01 3.333333333333333148e-01 3.333333333333333148e-01 3.333333333333333148e-01 3.589743589743589758e-01 3.846153846153846367e-01 4.615384615384615641e-01 4.871794871794871695e-01 5.384615384615384359e-01
3.710407239819004666e-01 6.595022624434389025e-01 7.364253393665158853e-01 7.613122171945700956e-01 7.794117647058823595e-01 8.009049773755656521e-01 8.122171945701357476e-01 8.201357466063348145e-01 8.291855203619910020e-01 8.382352941176470784e-01
4.758398527381500487e-01 7.404509894155545391e-01 7.998159226875287686e-01 8.223653934652553898e-01 8.421537045559134294e-01 8.568798895536124949e-01 8.706856879889554035e-01 8.803497468936953840e-01 8.918545789231476784e-01 9.005982512655315020e-01
4.964807796426637942e-01 7.504060638873849554e-01 7.964266377910124151e-01 8.148348673524634656e-01 8.310774228478613468e-01 8.456957227937195176e-01 8.592311857065512148e-01 8.684353004872766846e-01 8.770979967514889175e-01 8.814293448835950340e-01
2.172351885098743329e-01 5.260323159784560110e-01 6.445242369838419805e-01 6.714542190305206049e-01 6.894075403949730951e-01 7.163375224416517195e-01 7.235188509874326268e-01 7.450628366247755707e-01 7.558348294434470427e-01 7.648114901256732878e-01
5.540897097625329532e-02 2.673702726473174973e-01 5.716798592788038258e-01 7.124010554089710290e-01 7.458223394898856329e-01 7.660510114335972176e-01 7.871591908531222481e-01 7.977132805628848189e-01 8.161829375549691790e-01 8.249780123131046361e-01
4.348975545274289534e-01 6.695307336417712918e-01 7.369464639788499971e-01 7.782551222736285856e-01 8.086582947785856401e-01 8.357567746199603409e-01 8.489755452742895336e-01 8.714474553866490281e-01 8.853271645736946471e-01 8.982154659616655712e-01
2.952182952182952347e-01 4.948024948024948300e-01 5.904365904365904694e-01 6.403326403326403682e-01 6.694386694386694758e-01 6.930006930006930022e-01 7.193347193347193747e-01 7.442827442827443241e-01 7.699237699237698740e-01 7.865557865557865069e-01
2.035623409669211070e-01 3.358778625954198516e-01 4.173027989821883055e-01 4.707379134860050773e-01 4.936386768447837414e-01 5.139949109414758688e-01 5.318066157760814594e-01 5.547073791348600125e-01 5.699745547073791219e-01 5.852417302798982313e-01
3.492149431510557789e-01 5.961017866811044730e-01 6.865186789388196820e-01 7.330806713589604895e-01 7.509474824038981922e-01 7.726042230644287745e-01 7.888467785598267668e-01 8.045479155387114112e-01 8.180833784515429974e-01 8.332430969139144050e-01
2.187500000000000000e-01 4.193548387096774355e-01 5.352822580645161255e-01 5.967741935483871218e-01 6.391129032258064946e-01 6.612903225806451291e-01 6.834677419354838745e-01 7.026209677419354982e-01 7.106854838709677491e-01 7.278225806451612545e-01
5.365526492287055541e-03 3.957075788061703570e-02 3.179074446680080213e-01 5.560026827632461588e-01 6.686787391012742887e-01 7.048960429242119297e-01 7.196512407780013554e-01 7.330650570087189344e-01 7.484909456740442835e-01 7.639168343393695215e-01
2.820874471086036624e-03 1.551480959097320186e-02 1.502115655853314413e-01 4.612129760225670005e-01 6.163610719322990539e-01 6.798307475317348914e-01 7.002820874471086254e-01 7.179125528913963272e-01 7.327221438645979967e-01 7.461212976022566501e-01
1.082251082251082250e-03 5.411255411255411034e-03 5.627705627705627961e-02 3.268398268398268192e-01 5.541125541125541121e-01 6.580086580086580428e-01 6.764069264069264564e-01 6.915584415584415945e-01 7.088744588744588793e-01 7.196969696969697239e-01
1.354330708661417304e-01 4.220472440944881831e-01 5.574803149606298858e-01 6.047244094488188892e-01 6.322834645669291875e-01 6.503937007874015519e-01 6.685039370078740273e-01 6.897637795275590733e-01 7.094488188976377785e-01 7.228346456692913424e-01
4.739336492890995622e-03 1.453396524486571806e-01 3.886255924170616272e-01 5.244865718799368581e-01 5.718799368088467450e-01 5.892575039494470923e-01 6.097946287519747655e-01 6.192733017377567428e-01 6.366508688783569792e-01 6.556082148499210449e-01
4.033613445378151363e-01 6.806722689075630495e-01 7.478991596638655537e-01 7.647058823529411242e-01 7.647058823529411242e-01 7.647058823529411242e-01 7.731092436974790205e-01 7.731092436974790205e-01 7.731092436974790205e-01 7.731092436974790205e-01
3.454545454545454586e-01 5.636363636363636020e-01 7.090909090909091050e-01 7.090909090909091050e-01 7.090909090909091050e-01 7.090909090909091050e-01 7.090909090909091050e-01 7.090909090909091050e-01 7.090909090909091050e-01 7.090909090909091050e-01
8.695652173913043237e-02 1.739130434782608647e-01 3.478260869565217295e-01 3.478260869565217295e-01 3.695652173913043237e-01 3.913043478260869734e-01 3.913043478260869734e-01 3.913043478260869734e-01 4.130434782608695676e-01 4.130434782608695676e-01
1.393442622950819554e-01 5.491803278688525136e-01 8.524590163934425702e-01 8.852459016393442459e-01 9.098360655737705027e-01 9.262295081967213406e-01 9.262295081967213406e-01 9.426229508196721785e-01 9.508196721311474864e-01 9.508196721311474864e-01
0.000000000000000000e+00 1.250000000000000000e-01 2.500000000000000000e-01 2.500000000000000000e-01 2.500000000000000000e-01 2.500000000000000000e-01 3.750000000000000000e-01 3.750000000000000000e-01 3.750000000000000000e-01 3.750000000000000000e-01
3.916083916083916150e-01 6.818181818181817677e-01 7.657342657342657288e-01 7.902097902097902082e-01 8.146853146853146876e-01 8.438228438228437822e-01 8.648018648018648280e-01 8.776223776223776030e-01 8.904428904428904890e-01 8.997668997668997193e-01
2.860465116279069520e-01 6.023255813953488635e-01 6.860465116279069742e-01 7.255813953488372547e-01 7.558139534883721034e-01 7.744186046511627453e-01 7.906976744186046124e-01 8.186046511627906863e-01 8.325581395348836677e-01 8.558139534883720811e-01
7.843137254901960675e-02 4.052287581699346442e-01 5.424836601307189143e-01 6.013071895424836333e-01 6.274509803921568540e-01 6.666666666666666297e-01 6.993464052287581278e-01 7.189542483660130712e-01 7.320261437908496260e-01 7.516339869281045694e-01
1.240875912408759135e-01 3.795620437956204185e-01 4.963503649635036541e-01 5.401459854014598605e-01 5.912408759124088142e-01 6.131386861313868897e-01 6.350364963503649651e-01 6.496350364963503488e-01 6.642335766423357324e-01 6.934306569343066107e-01
9.142857142857142849e-02 2.742857142857142994e-01 4.514285714285714013e-01 4.914285714285714368e-01 5.200000000000000178e-01 5.314285714285714723e-01 5.771428571428571797e-01 5.942857142857143060e-01 6.114285714285714324e-01 6.171428571428571042e-01
4.239401496259351809e-01 6.920199501246883100e-01 7.867830423940149753e-01 8.266832917705735362e-01 8.366583541147132319e-01 8.578553615960099465e-01 8.778054862842892270e-01 8.877805486284289227e-01 8.965087281795510732e-01 9.014962593516209211e-01
4.369469026548672419e-01 6.957964601769911495e-01 7.809734513274336765e-01 8.174778761061947119e-01 8.340707964601770108e-01 8.462389380530973559e-01 8.650442477876105762e-01 8.794247787610619538e-01 8.893805309734513775e-01 8.960176991150442527e-01
3.759512937595129167e-01 6.210045662100456276e-01 7.184170471841704320e-01 7.473363774733637888e-01 7.671232876712328341e-01 7.884322678843226351e-01 8.021308980213089912e-01 8.203957382039573920e-01 8.371385083713850372e-01 8.493150684931506378e-01
3.638497652582159403e-01 5.821596244131455045e-01 6.760563380281690016e-01 6.995305164319248759e-01 7.183098591549296197e-01 7.323943661971831220e-01 7.488262910798122451e-01 7.723004694835681194e-01 7.887323943661971315e-01 8.004694835680751241e-01
3.829401088929219599e-01 6.479128856624319921e-01 7.205081669691469903e-01 7.622504537205081476e-01 7.840290381125226693e-01 8.003629764065335328e-01 8.112522686025408492e-01 8.203266787658801684e-01 8.366606170598911429e-01 8.493647912885662343e-01
1.805929919137466422e-01 4.137466307277627986e-01 5.229110512129380162e-01 5.673854447439352633e-01 5.970350404312668724e-01 6.280323450134770447e-01 6.455525606469002531e-01 6.617250673854447873e-01 6.805929919137466699e-01 6.900269541778976112e-01
9.110396570203643796e-02 4.351554126473740625e-01 6.538049303322615025e-01 7.052518756698821223e-01 7.309753483386923767e-01 7.491961414790996310e-01 7.684887459807073773e-01 7.845659163987138696e-01 8.006430868167202508e-01 8.167202572347267431e-01
1.109607577807848466e-01 5.101488497970230185e-01 7.374830852503383438e-01 7.807848443843030672e-01 7.929634641407307116e-01 8.132611637347767486e-01 8.267929634641407732e-01 8.349120433017591658e-01 8.538565629228687115e-01 8.714479025710419879e-01
9.489051094890510463e-02 3.138686131386861367e-01 5.620437956204379359e-01 5.985401459854015060e-01 6.277372262773722733e-01 6.496350364963503488e-01 6.569343065693430406e-01 6.642335766423357324e-01 6.788321167883211160e-01 6.934306569343066107e-01
6.985294117647058987e-02 3.897058823529411797e-01 6.617647058823529216e-01 6.985294117647058432e-01 7.316176470588234837e-01 7.610294117647058432e-01 7.794117647058823595e-01 7.867647058823529216e-01 7.867647058823529216e-01 7.904411764705882026e-01
2.272727272727272790e-02 1.704545454545454419e-01 5.113636363636363535e-01 7.727272727272727071e-01 7.954545454545454142e-01 8.068181818181817677e-01 8.068181818181817677e-01 8.068181818181817677e-01 8.068181818181817677e-01 8.068181818181817677e-01
3.418803418803419147e-02 2.564102564102563875e-01 6.410256410256410797e-01 7.777777777777777901e-01 8.034188034188034511e-01 8.119658119658119677e-01 8.119658119658119677e-01 8.205128205128204844e-01 8.290598290598291120e-01 8.376068376068376287e-01
0.000000000000000000e+00 0.000000000000000000e+00 2.727272727272727071e-01 4.545454545454545303e-01 5.454545454545454142e-01 5.454545454545454142e-01 5.454545454545454142e-01 5.454545454545454142e-01 5.454545454545454142e-01 7.272727272727272929e-01
1.754385964912280604e-02 1.228070175438596423e-01 5.087719298245614308e-01 6.315789473684210176e-01 6.491228070175438791e-01 6.666666666666666297e-01 6.666666666666666297e-01 6.666666666666666297e-01 6.666666666666666297e-01 6.666666666666666297e-01
1.777777777777777846e-01 5.777777777777777235e-01 6.888888888888888840e-01 7.111111111111111382e-01 7.333333333333332815e-01 7.555555555555555358e-01 7.555555555555555358e-01 7.555555555555555358e-01 7.555555555555555358e-01 7.777777777777777901e-01
0.000000000000000000e+00 0.000000000000000000e+00 0.000000000000000000e+00 3.513513513513513709e-01 3.783783783783783994e-01 3.783783783783783994e-01 4.054054054054054279e-01 4.054054054054054279e-01 4.054054054054054279e-01 4.054054054054054279e-01
0.000000000000000000e+00 2.390438247011952150e-02 7.768924302788844660e-02 2.410358565737051872e-01 3.346613545816732871e-01 4.003984063745019695e-01 4.223107569721115673e-01 4.382470119521912344e-01 4.661354581673306519e-01 4.760956175298804993e-01
0.000000000000000000e+00 5.540166204986149597e-03 2.770083102493074712e-02 1.495844875346260261e-01 2.105263157894736725e-01 2.382271468144044335e-01 2.520775623268697863e-01 2.603878116343490423e-01 2.714681440443213467e-01 2.936288088642659555e-01
0.000000000000000000e+00 6.756756756756757132e-03 8.108108108108108558e-02 4.527027027027026862e-01 6.959459459459459429e-01 7.432432432432432012e-01 7.432432432432432012e-01 7.432432432432432012e-01 7.432432432432432012e-01 7.432432432432432012e-01
0.000000000000000000e+00 0.000000000000000000e+00 0.000000000000000000e+00 0.000000000000000000e+00 0.000000000000000000e+00 1.176470588235294101e-01 1.176470588235294101e-01 1.176470588235294101e-01 1.764705882352941291e-01 1.764705882352941291e-01
5.366197183098591061e-01 7.943661971830986435e-01 8.704225352112675562e-01 8.971830985915493217e-01 9.112676056338028241e-01 9.267605633802816767e-01 9.380281690140844786e-01 9.450704225352112298e-01 9.549295774647886814e-01 9.619718309859155436e-01
4.200626959247649173e-01 6.802507836990595580e-01 7.460815047021943647e-01 7.774294670846394473e-01 8.025078369905955800e-01 8.119122257053291714e-01 8.181818181818182323e-01 8.244514106583071822e-01 8.307210031347962431e-01 8.557993730407523758e-01
2.903225806451613100e-01 5.806451612903226200e-01 6.290322580645161255e-01 6.774193548387096309e-01 6.774193548387096309e-01 6.774193548387096309e-01 6.935483870967742437e-01 6.935483870967742437e-01 6.935483870967742437e-01 7.258064516129032473e-01
2.000000000000000111e-01 3.750000000000000000e-01 4.749999999999999778e-01 5.749999999999999556e-01 6.250000000000000000e-01 6.500000000000000222e-01 6.750000000000000444e-01 6.750000000000000444e-01 6.750000000000000444e-01 6.750000000000000444e-01
2.127659574468085055e-02 4.255319148936170109e-02 6.382978723404254817e-02 6.382978723404254817e-02 6.382978723404254817e-02 6.382978723404254817e-02 6.382978723404254817e-02 6.382978723404254817e-02 6.382978723404254817e-02 6.382978723404254817e-02
1.153846153846153910e-01 3.516483516483516758e-01 4.560439560439560336e-01 5.219780219780220110e-01 5.549450549450549719e-01 5.824175824175824578e-01 6.208791208791208938e-01 6.483516483516483797e-01 6.703296703296702796e-01 6.978021978021977656e-01
0.000000000000000000e+00 0.000000000000000000e+00 0.000000000000000000e+00 1.739130434782608647e-01 3.695652173913043237e-01 4.565217391304347561e-01 5.000000000000000000e-01 5.000000000000000000e-01 5.000000000000000000e-01 5.217391304347825942e-01
3.170731707317073211e-01 6.292682926829268331e-01 7.585365853658536661e-01 7.951219512195122352e-01 8.317073170731706933e-01 8.536585365853658347e-01 8.609756097560975485e-01 8.853658536585365946e-01 8.951219512195122130e-01 9.121951219512195452e-01
6.474820143884892076e-02 3.597122302158273222e-01 5.611510791366906004e-01 6.115107913669064477e-01 6.546762589928057929e-01 6.834532374100719121e-01 6.978417266187050272e-01 7.194244604316546443e-01 7.482014388489208745e-01 7.769784172661871047e-01
1.428571428571428527e-02 9.285714285714286031e-02 4.071428571428571397e-01 6.571428571428571397e-01 6.785714285714286031e-01 7.071428571428571841e-01 7.285714285714285365e-01 7.571428571428571175e-01 7.714285714285714635e-01 7.785714285714285809e-01
5.083281924737815816e-01 7.415175817396668645e-01 8.217149907464528225e-01 8.439235040098704843e-01 8.624305983960518507e-01 8.821714990746453156e-01 8.920419494139419925e-01 8.988278840222084787e-01 9.086983343615052666e-01 9.210363972856261405e-01
3.321385902031063209e-01 5.913978494623656212e-01 6.714456391875747165e-01 7.180406212664277588e-01 7.455197132616487865e-01 7.634408602150537515e-01 7.765830346475507406e-01 7.933094384707287672e-01 8.040621266427717684e-01 8.183990442054958070e-01
3.371040723981900689e-01 5.927601809954751166e-01 6.696832579185519885e-01 7.217194570135746501e-01 7.386877828054299044e-01 7.737556561085973117e-01 7.884615384615384359e-01 8.042986425339366807e-01 8.144796380090497667e-01 8.246606334841628527e-01
1.160714285714285754e-01 2.589285714285714524e-01 3.392857142857143016e-01 3.973214285714285476e-01 4.196428571428571508e-01 4.508928571428571508e-01 4.687500000000000000e-01 5.000000000000000000e-01 5.089285714285713969e-01 5.357142857142856984e-01
7.425742574257425399e-02 2.277227722772277307e-01 2.475247524752475226e-01 2.871287128712871062e-01 2.970297029702970160e-01 3.217821782178217904e-01 3.415841584158416100e-01 3.712871287128712838e-01 3.712871287128712838e-01 3.861386138613861485e-01
1.116751269035533012e-01 2.842639593908629636e-01 3.553299492385786906e-01 4.010152284263959199e-01 4.314720812182741283e-01 4.619289340101522812e-01 4.822335025380710682e-01 4.974619289340101447e-01 5.126903553299492211e-01 5.431472081218273740e-01
1.527777777777777901e-01 3.125000000000000000e-01 3.958333333333333148e-01 4.583333333333333148e-01 4.791666666666666852e-01 5.069444444444444198e-01 5.277777777777777901e-01 5.486111111111111605e-01 5.902777777777777901e-01 6.111111111111111605e-01
8.666666666666666963e-02 2.466666666666666730e-01 3.466666666666666785e-01 3.599999999999999867e-01 3.666666666666666408e-01 4.133333333333333304e-01 4.266666666666666941e-01 4.333333333333333481e-01 4.733333333333333282e-01 5.000000000000000000e-01
3.853754940711462407e-01 6.205533596837944366e-01 7.154150197628458274e-01 7.648221343873518041e-01 8.023715415019763153e-01 8.201581027667984580e-01 8.438735177865612780e-01 8.557312252964426325e-01 8.774703557312253377e-01 8.893280632411066922e-01
1.079136690647481966e-01 2.230215827338129508e-01 3.237410071942445899e-01 3.741007194244604372e-01 3.884892086330935523e-01 4.100719424460431695e-01 4.532374100719424592e-01 4.532374100719424592e-01 4.892086330935251914e-01 4.892086330935251914e-01
4.531377343113284217e-01 7.033414832925835025e-01 7.628361858190708666e-01 7.807660961695191970e-01 8.011409942950284968e-01 8.166259168704156357e-01 8.272208638956805027e-01 8.378158109209453697e-01 8.508557457212714281e-01 8.614506927465362951e-01
3.092659446450060079e-01 5.607701564380265236e-01 6.377858002406738835e-01 6.738868832731648162e-01 6.943441636582430299e-01 7.087845968712395139e-01 7.172081829121540464e-01 7.352587244283995682e-01 7.521058965102286331e-01 7.617328519855595115e-01
2.428884026258205653e-01 4.223194748358862216e-01 4.726477024070022126e-01 5.207877461706783562e-01 5.536105032822756788e-01 5.754923413566739310e-01 5.864332603938731125e-01 5.995623632385120860e-01 6.083150984682713647e-01 6.148796498905908514e-01
2.012987012987013102e-01 3.555194805194805130e-01 4.577922077922078059e-01 5.081168831168830780e-01 5.503246753246753276e-01 5.730519480519480346e-01 5.909090909090909394e-01 6.087662337662337331e-01 6.331168831168830780e-01 6.542207792207792583e-01
1.789819376026272613e-01 3.793103448275861878e-01 4.991789819376026283e-01 5.582922824302134490e-01 5.862068965517240882e-01 6.059113300492611209e-01 6.256157635467980427e-01 6.436781609195402210e-01 6.600985221674876557e-01 6.798029556650245775e-01
4.513618677042801619e-01 7.215737137916126143e-01 8.015564202334630739e-01 8.335495028102032355e-01 8.525724167747513738e-01 8.789450929528750400e-01 8.914829226113273331e-01 9.014267185473411326e-01 9.165585819282316971e-01 9.273670557717250684e-01
3.147353361945636752e-01 5.364806866952789299e-01 6.309012875536480491e-01 6.788268955650930137e-01 7.174535050071531028e-01 7.474964234620886661e-01 7.646638054363376069e-01 7.839771101573677070e-01 8.061516452074392047e-01 8.261802575107296542e-01
2.188940092165898577e-01 4.170506912442396574e-01 4.815668202764977202e-01 5.207373271889400579e-01 5.691244239631336743e-01 5.967741935483871218e-01 6.267281105990782919e-01 6.474654377880184608e-01 6.589861751152074065e-01 6.889400921658985766e-01
2.770083102493074989e-01 4.916897506925207995e-01 6.163434903047091407e-01 6.606648199445983582e-01 6.828254847645429670e-01 7.105263157894736725e-01 7.368421052631578538e-01 7.493074792243766824e-01 7.673130193905817187e-01 7.797783933518005473e-01
1.287671232876712313e-01 3.232876712328767166e-01 4.301369863013698724e-01 4.958904109589041265e-01 5.315068493150685303e-01 5.671232876712328785e-01 5.972602739726027288e-01 6.191780821917808320e-01 6.328767123287670771e-01 6.383561643835616861e-01
2.915980230642504223e-01 6.795716639209226084e-01 8.146622734761119755e-01 8.467874794069192301e-01 8.550247116968698879e-01 8.624382207578253912e-01 8.739703459637562233e-01 8.813838550247117265e-01 8.838550247116968572e-01 8.912685337726523604e-01
2.950819672131147486e-01 4.918032786885245811e-01 6.557377049180327377e-01 6.721311475409835756e-01 6.721311475409835756e-01 7.213114754098360892e-01 7.213114754098360892e-01 7.377049180327869271e-01 7.377049180327869271e-01 7.540983606557376540e-01
2.222222222222222099e-01 3.888888888888888951e-01 4.444444444444444198e-01 4.444444444444444198e-01 5.000000000000000000e-01 6.111111111111111605e-01 6.111111111111111605e-01 6.111111111111111605e-01 6.111111111111111605e-01 6.666666666666666297e-01
0.000000000000000000e+00 1.250000000000000000e-01 1.250000000000000000e-01 1.250000000000000000e-01 1.250000000000000000e-01 1.250000000000000000e-01 2.500000000000000000e-01 2.500000000000000000e-01 2.500000000000000000e-01 2.500000000000000000e-01
0.000000000000000000e+00 0.000000000000000000e+00 0.000000000000000000e+00 0.000000000000000000e+00 0.000000000000000000e+00 0.000000000000000000e+00 0.000000000000000000e+00 0.000000000000000000e+00 0.000000000000000000e+00 0.000000000000000000e+00
