2.393617021276595869e-01 5.851063829787234161e-01 7.047872340425531679e-01 7.500000000000000000e-01 7.553191489361702482e-01 7.632978723404255650e-01 7.739361702127659504e-01 7.792553191489361986e-01 7.898936170212765839e-01 8.031914893617021489e-01
2.325581395348837177e-02 9.302325581395348708e-02 1.279069767441860517e-01 1.976744186046511531e-01 2.093023255813953598e-01 2.441860465116278966e-01 2.558139534883721034e-01 2.674418604651162545e-01 2.674418604651162545e-01 3.023255813953488191e-01
2.272727272727272790e-02 4.545454545454545581e-02 1.363636363636363535e-01 1.590909090909090884e-01 2.045454545454545581e-01 2.045454545454545581e-01 2.045454545454545581e-01 2.045454545454545581e-01 2.045454545454545581e-01 2.045454545454545581e-01
5.882352941176470507e-02 1.470588235294117696e-01 1.764705882352941291e-01 2.058823529411764608e-01 2.058823529411764608e-01 2.352941176470588203e-01 2.352941176470588203e-01 2.352941176470588203e-01 2.352941176470588203e-01 2.500000000000000000e-01
2.127659574468085055e-02 1.063829787234042562e-01 1.276595744680850963e-01 1.276595744680850963e-01 1.489361702127659504e-01 1.489361702127659504e-01 1.702127659574468044e-01 1.702127659574468044e-01 1.702127659574468044e-01 1.702127659574468044e-01
4.102306920762286979e-01 6.389167502507522300e-01 6.970912738214644078e-01 7.111334002006017840e-01 7.231695085255767097e-01 7.311935807422267342e-01 7.462387161484453912e-01 7.592778335005014867e-01 7.733199598796388630e-01 7.813440320962888874e-01
4.421641791044776393e-01 6.753731343283582156e-01 7.332089552238806318e-01 7.406716417910447214e-01 7.537313432835820448e-01 7.611940298507462455e-01 7.667910447761193682e-01 7.742537313432835688e-01 7.873134328358208922e-01 7.891791044776119701e-01
6.329113924050632813e-03 6.962025316455695834e-02 1.645569620253164445e-01 2.848101265822785000e-01 4.367088607594936667e-01 4.873417721518987222e-01 5.506329113924051111e-01 5.696202531645570000e-01 5.949367088607594445e-01 6.075949367088607778e-01
1.390374331550802145e-01 3.475935828877005362e-01 4.438502673796791420e-01 4.759358288770053624e-01 4.812834224598930288e-01 4.973262032085561390e-01 4.973262032085561390e-01 5.026737967914438610e-01 5.347593582887700814e-01 5.508021390374331361e-01
1.482558139534883856e-01 3.662790697674418450e-01 5.101744186046511809e-01 5.959302325581394832e-01 6.220930232558139483e-01 6.468023255813953876e-01 6.598837209302325091e-01 6.744186046511627675e-01 6.918604651162790775e-01 7.063953488372093359e-01
5.181818181818181879e-01 7.727272727272727071e-01 8.545454545454544970e-01 8.636363636363636465e-01 8.636363636363636465e-01 8.636363636363636465e-01 8.636363636363636465e-01 8.636363636363636465e-01 8.636363636363636465e-01 8.636363636363636465e-01
4.883720930232557933e-01 7.209302325581394832e-01 7.790697674418605168e-01 8.255813953488372325e-01 8.255813953488372325e-01 8.372093023255814392e-01 8.372093023255814392e-01 8.372093023255814392e-01 8.372093023255814392e-01 8.372093023255814392e-01
3.763440860215053752e-01 6.774193548387096309e-01 7.204301075268817467e-01 7.849462365591397539e-01 7.849462365591397539e-01 7.956989247311827551e-01 8.064516129032257563e-01 8.064516129032257563e-01 8.064516129032257563e-01 8.064516129032257563e-01
3.606557377049180446e-01 7.704918032786884918e-01 8.524590163934425702e-01 8.852459016393442459e-01 8.852459016393442459e-01 9.016393442622950838e-01 9.016393442622950838e-01 9.016393442622950838e-01 9.016393442622950838e-01 9.016393442622950838e-01
4.313725490196078649e-01 6.078431372549019107e-01 6.470588235294117974e-01 6.470588235294117974e-01 6.470588235294117974e-01 6.470588235294117974e-01 6.470588235294117974e-01 6.666666666666666297e-01 6.666666666666666297e-01 6.666666666666666297e-01
5.748663101604277736e-01 7.379679144385026257e-01 7.513368983957219305e-01 7.593582887700535133e-01 7.647058823529411242e-01 7.673796791443849852e-01 7.754010695187165680e-01 7.834224598930481509e-01 7.914438502673797338e-01 7.994652406417112056e-01
6.666666666666666297e-01 8.297491039426523329e-01 8.548387096774193727e-01 8.602150537634408733e-01 8.620071684587813365e-01 8.691756272401434114e-01 8.727598566308243377e-01 8.727598566308243377e-01 8.799283154121864126e-01 8.835125448028673389e-01
6.512027491408934887e-01 8.505154639175257492e-01 8.762886597938144284e-01 8.831615120274913799e-01 8.883161512027490936e-01 8.917525773195876804e-01 8.986254295532646319e-01 8.986254295532646319e-01 9.020618556701031077e-01 9.054982817869415834e-01
6.631259484066768239e-01 8.406676783004551901e-01 8.619119878603945795e-01 8.664643399089529963e-01 8.694992412746586075e-01 8.725341426403642187e-01 8.786039453717754411e-01 8.831562974203338579e-01 8.861911987860394690e-01 8.877086494688922746e-01
6.074218750000000000e-01 7.734375000000000000e-01 7.832031250000000000e-01 7.929687500000000000e-01 7.949218750000000000e-01 7.968750000000000000e-01 8.105468750000000000e-01 8.144531250000000000e-01 8.203125000000000000e-01 8.203125000000000000e-01
3.691931540342298090e-01 6.320293398533007867e-01 7.047677261613691790e-01 7.475550122249389196e-01 7.622249388753056243e-01 7.689486552567237343e-01 7.817848410757946009e-01 7.885085574572127110e-01 8.001222493887530929e-01 8.105134474327628791e-01
2.356495468277945704e-01 4.712990936555891408e-01 5.780463242698892223e-01 6.294058408862034382e-01 6.535750251762336704e-01 6.686807653575025379e-01 6.737160120845921973e-01 6.908358509566968619e-01 6.998992950654582268e-01 7.210473313192345968e-01
2.214828897338403102e-01 4.211026615969581943e-01 5.332699619771863464e-01 5.836501901140684900e-01 6.178707224334600845e-01 6.473384030418251056e-01 6.606463878326995776e-01 6.749049429657795196e-01 6.891634980988593506e-01 7.081749049429657550e-01
7.182320441988949977e-02 1.574585635359115887e-01 2.320441988950276146e-01 2.872928176795579991e-01 3.093922651933701529e-01 3.314917127071823066e-01 3.535911602209944604e-01 3.646408839779005651e-01 3.895027624309392311e-01 3.950276243093922557e-01
6.534090909090908839e-02 1.505681818181818232e-01 2.272727272727272652e-01 2.585227272727272929e-01 2.897727272727272929e-01 3.096590909090908839e-01 3.181818181818181768e-01 3.295454545454545303e-01 3.409090909090908839e-01 3.551136363636363535e-01
1.656538969616908885e-01 4.512549537648612996e-01 6.063408190224570671e-01 6.517833553500660404e-01 6.723910171730514973e-01 6.932628797886393190e-01 7.125495376486129517e-01 7.281373844121532546e-01 7.426684280052839870e-01 7.537648612945838655e-01
1.959052589321557680e-01 4.435969490164592410e-01 5.600160578081091467e-01 5.989562424729024670e-01 6.190285026093937937e-01 6.362906463267763435e-01 6.491368928141308947e-01 6.563629064632677812e-01 6.684062625451625550e-01 6.788438378161381070e-01
1.696878147029204364e-01 3.680765357502517876e-01 4.577039274924471490e-01 4.909365558912386907e-01 5.045317220543806824e-01 5.201409869083585269e-01 5.312185297079556889e-01 5.463242698892245564e-01 5.594159113796576266e-01 5.699899295065458116e-01
7.558733401430030308e-02 1.675178753830439127e-01 2.206332992849846797e-01 2.379979570990806981e-01 2.522982635342185809e-01 2.604698672114402203e-01 2.665985699693564914e-01 2.727272727272727071e-01 2.808988764044944020e-01 2.870275791624106176e-01
3.508771929824561209e-02 1.052631578947368363e-01 1.461988304093567170e-01 1.461988304093567170e-01 1.461988304093567170e-01 1.461988304093567170e-01 1.461988304093567170e-01 1.461988304093567170e-01 1.520467836257309857e-01 1.520467836257309857e-01
1.561483409238776932e-01 4.554326610279765819e-01 6.018217306441119296e-01 6.271958360442420055e-01 6.389069616135328866e-01 6.480156148340924238e-01 6.519193233571893842e-01 6.597267404033831939e-01 6.668835393623943064e-01 6.727391021470396915e-01
3.460207612456747510e-03 5.478662053056517107e-03 1.989619377162629710e-02 2.995963091118800659e-01 6.309111880046136545e-01 7.347174163783160017e-01 7.448096885813149104e-01 7.563437139561707268e-01 7.675893886966551616e-01 7.799884659746251225e-01
4.836759371221281516e-03 1.330108827085852395e-02 9.310761789600967286e-02 3.010882708585247980e-01 4.461910519951632348e-01 4.740024183796855972e-01 4.848851269649335216e-01 4.969770253929867154e-01 4.993954050785973653e-01 5.090689238210398537e-01
3.612114476243401089e-03 6.390664073353709285e-03 9.447068630175048734e-03 9.252570158377326770e-02 4.359544317866073659e-01 7.452070019449846816e-01 7.688246735204223858e-01 7.804945818282856829e-01 7.916087802167268705e-01 8.055015282022783829e-01
3.401360544217686948e-03 6.122448979591836420e-03 1.224489795918367284e-02 1.312925170068027225e-01 4.258503401360544394e-01 6.238095238095238138e-01 6.367346938775509946e-01 6.455782312925170130e-01 6.551020408163265030e-01 6.632653061224489388e-01
8.898305084745762594e-02 1.991525423728813526e-01 2.627118644067796827e-01 3.050847457627118842e-01 3.262711864406779849e-01 3.474576271186440857e-01 3.728813559322033955e-01 3.940677966101694962e-01 4.152542372881355970e-01 4.491525423728813804e-01
2.434017595307917947e-01 4.457478005865102566e-01 5.366568914956011405e-01 5.571847507331377791e-01 5.835777126099707113e-01 6.041055718475073499e-01 6.217008797653958974e-01 6.304985337243401711e-01 6.451612903225806273e-01 6.539589442815249010e-01
1.775147928994082747e-01 3.905325443786982209e-01 5.147928994082839882e-01 5.384615384615384359e-01 5.621301775147928836e-01 5.917159763313609711e-01 6.035502958579881394e-01 6.094674556213017791e-01 6.094674556213017791e-01 6.153846153846154188e-01
1.043478260869565161e-01 2.086956521739130321e-01 2.956521739130434923e-01 3.130434782608695898e-01 3.304347826086956319e-01 3.478260869565217295e-01 3.478260869565217295e-01 3.652173913043478271e-01 3.826086956521739246e-01 3.826086956521739246e-01
8.396946564885496289e-02 1.755725190839694527e-01 2.061068702290076438e-01 2.213740458015267254e-01 2.290076335877862523e-01 2.442748091603053340e-01 2.442748091603053340e-01 2.442748091603053340e-01 2.519083969465648609e-01 2.900763358778625789e-01
5.634427684117124802e-01 7.719609582963620209e-01 8.198757763975155211e-01 8.385093167701863637e-01 8.456078083407275736e-01 8.509316770186335921e-01 8.571428571428570953e-01 8.633540372670807095e-01 8.695652173913043237e-01 8.740017746228926354e-01
5.829555757026292362e-01 7.742520398912058344e-01 8.159564823209428663e-01 8.322756119673617725e-01 8.404351767905711146e-01 8.540344514959201661e-01 8.603807796917497530e-01 8.667271078875793400e-01 8.685403445149592061e-01 8.730734360834089269e-01
5.660036166365279842e-01 7.685352622061483174e-01 8.164556962025316666e-01 8.372513562386980634e-01 8.508137432188065397e-01 8.589511754068716032e-01 8.679927667269439207e-01 8.725135623869800794e-01 8.761301989150090952e-01 8.797468354430380000e-01
5.738396624472573704e-01 7.468354430379746667e-01 7.932489451476792963e-01 8.101265822784810000e-01 8.259493670886075556e-01 8.375527426160337408e-01 8.386075949367088889e-01 8.428270042194092593e-01 8.459915611814345926e-01 8.544303797468354444e-01
4.503703703703703654e-01 6.088888888888889239e-01 6.622222222222222676e-01 6.770370370370369928e-01 6.933333333333333570e-01 7.096296296296296102e-01 7.155555555555555003e-01 7.259259259259259744e-01 7.274074074074073915e-01 7.377777777777777546e-01
6.650750341064119997e-01 8.863119599818098937e-01 9.208731241473396834e-01 9.299681673487949496e-01 9.347430650295588395e-01 9.376989540700317871e-01 9.395179627103228404e-01 9.413369713506138936e-01 9.417917235106866292e-01 9.424738517507957880e-01
6.710678712068566254e-01 8.895066018068102931e-01 9.277275886031967067e-01 9.353717859624739450e-01 9.386147787815612986e-01 9.411628445679870447e-01 9.416261292564280794e-01 9.427843409775307215e-01 9.434792680101922180e-01 9.446374797312948601e-01
5.527399429838454337e-01 8.207158694963573309e-01 8.818498574596135287e-01 9.052898321191004127e-01 9.103579347481786099e-01 9.151092809629395308e-01 9.185936015204307914e-01 9.189103579347481787e-01 9.201773835920177280e-01 9.204941400063351153e-01
2.128440366972477182e-01 4.458715596330275477e-01 5.688073394495413160e-01 6.293577981651375941e-01 6.440366972477064023e-01 6.642201834862385690e-01 6.660550458715596145e-01 6.660550458715596145e-01 6.678899082568807710e-01 6.678899082568807710e-01
1.126126126126126142e-01 2.297297297297297425e-01 3.243243243243243423e-01 3.693693693693693714e-01 3.783783783783783994e-01 3.963963963963963999e-01 3.963963963963963999e-01 4.009009009009009139e-01 4.009009009009009139e-01 4.009009009009009139e-01
1.339285714285714246e-01 2.678571428571428492e-01 3.214285714285714524e-01 3.839285714285714524e-01 3.928571428571428492e-01 3.928571428571428492e-01 4.017857142857143016e-01 4.017857142857143016e-01 4.017857142857143016e-01 4.196428571428571508e-01
1.060606060606060635e-01 2.727272727272727071e-01 3.181818181818181768e-01 3.535353535353535359e-01 3.737373737373737570e-01 3.787878787878787845e-01 3.838383838383838120e-01 3.939393939393939226e-01 4.040404040404040331e-01 4.040404040404040331e-01
2.287234042553191460e-01 4.893617021276595591e-01 6.063829787234042978e-01 6.702127659574468321e-01 6.808510638297872175e-01 6.968085106382978511e-01 7.127659574468084847e-01 7.127659574468084847e-01 7.260638297872340496e-01 7.393617021276596146e-01
2.410147991543340473e-01 5.581395348837209225e-01 7.251585623678646897e-01 7.758985200845666119e-01 7.991543340380549143e-01 8.097251585623678194e-01 8.160676532769556291e-01 8.287526427061310264e-01 8.372093023255814392e-01 8.456659619450317411e-01
4.672897196261682068e-02 2.056074766355140138e-01 2.803738317757009102e-01 2.990654205607476412e-01 3.084112149532710068e-01 3.364485981308411033e-01 3.364485981308411033e-01 3.457943925233644689e-01 3.457943925233644689e-01 3.644859813084111999e-01
2.208333333333333259e-01 4.618055555555555802e-01 5.784722222222222765e-01 6.236111111111111160e-01 6.465277777777778123e-01 6.624999999999999778e-01 6.687499999999999556e-01 6.791666666666666963e-01 6.937499999999999778e-01 6.999999999999999556e-01
2.497365648050579590e-01 5.110642781875658347e-01 6.301369863013698280e-01 6.649104320337196894e-01 6.880927291886196340e-01 6.996838777660695508e-01 7.070600632244468109e-01 7.081138040042149751e-01 7.123287671232876317e-01 7.154899894625922352e-01
2.385786802030456788e-01 4.517766497461929154e-01 5.522842639593908975e-01 5.949238578680202671e-01 6.121827411167513056e-01 6.243654822335025223e-01 6.324873096446700371e-01 6.436548223350253561e-01 6.507614213197969733e-01 6.568527918781725816e-01
1.641337386018237032e-01 3.920972644376899963e-01 5.410334346504559466e-01 5.653495440729483512e-01 5.805471124620060763e-01 6.048632218844984809e-01 6.109422492401215266e-01 6.139817629179331604e-01 6.261398176291793627e-01 6.352583586626139311e-01
0.000000000000000000e+00 0.000000000000000000e+00 0.000000000000000000e+00 0.000000000000000000e+00 0.000000000000000000e+00 0.000000000000000000e+00 0.000000000000000000e+00 0.000000000000000000e+00 0.000000000000000000e+00 0.000000000000000000e+00
1.800554016620498632e-01 4.349030470914127533e-01 5.318559556786703890e-01 5.567867036011080462e-01 5.734072022160664472e-01 5.761772853185596066e-01 5.789473684210526550e-01 5.844875346260387516e-01 5.844875346260387516e-01 5.872576177285319110e-01
2.049180327868852305e-02 2.500000000000000000e-01 3.975409836065573743e-01 4.590163934426229608e-01 4.918032786885245811e-01 5.000000000000000000e-01 5.000000000000000000e-01 5.040983606557376540e-01 5.081967213114754189e-01 5.204918032786884918e-01
0.000000000000000000e+00 1.150000000000000050e-01 3.200000000000000067e-01 4.299999999999999933e-01 4.450000000000000067e-01 4.450000000000000067e-01 4.450000000000000067e-01 4.500000000000000111e-01 4.600000000000000200e-01 4.699999999999999734e-01
0.000000000000000000e+00 2.690582959641255739e-02 1.928251121076233199e-01 5.560538116591928759e-01 5.650224215246636428e-01 5.695067264573990817e-01 5.739910313901345207e-01 5.739910313901345207e-01 5.784753363228699596e-01 5.829596412556053986e-01
1.818181818181818180e-03 1.272727272727272770e-02 8.545454545454544970e-02 5.018181818181818299e-01 6.109090909090909571e-01 6.254545454545454852e-01 6.272727272727273151e-01 6.290909090909091450e-01 6.309090909090908639e-01 6.400000000000000133e-01
4.519531250000000111e-01 6.742187499999999778e-01 7.281250000000000222e-01 7.417968750000000222e-01 7.507812499999999556e-01 7.617187500000000000e-01 7.710937500000000222e-01 7.789062500000000222e-01 7.839843749999999556e-01 7.898437499999999556e-01
5.325443786982248656e-02 8.284023668639053928e-02 1.301775147928994070e-01 1.538461538461538547e-01 1.656804733727810786e-01 1.715976331360946627e-01 1.775147928994082747e-01 1.834319526627218866e-01 1.834319526627218866e-01 1.893491124260354985e-01
6.222222222222222043e-02 1.644444444444444486e-01 1.911111111111111205e-01 2.088888888888889017e-01 2.311111111111111005e-01 2.311111111111111005e-01 2.533333333333333548e-01 2.577777777777777724e-01 2.666666666666666630e-01 2.666666666666666630e-01
6.220095693779904150e-02 1.339712918660287133e-01 1.866028708133971314e-01 2.105263157894736725e-01 2.248803827751196249e-01 2.296650717703349331e-01 2.440191387559808578e-01 2.440191387559808578e-01 2.535885167464114742e-01 2.583732057416268102e-01
2.415841584158415767e-01 4.732673267326732436e-01 5.544554455445545038e-01 5.801980198019801582e-01 5.861386138613861041e-01 5.920792079207920500e-01 6.079207920792079056e-01 6.099009900990098876e-01 6.178217821782178154e-01 6.198019801980197974e-01
4.759293113954905508e-01 8.324192565508835573e-01 8.634978671541743145e-01 8.677635588056062943e-01 8.732480195003047285e-01 8.805606337599024558e-01 8.848263254113345466e-01 8.903107861060328698e-01 8.994515539305301122e-01 9.067641681901279505e-01
4.040092521202775511e-01 7.656129529683886048e-01 8.118735543562066725e-01 8.211256746337702861e-01 8.280647648419429130e-01 8.342328450269853590e-01 8.388589051657671103e-01 8.504240555127217105e-01 8.596761757902853240e-01 8.696993060909792295e-01
3.419078242229367515e-01 6.302250803858521211e-01 6.752411575562701218e-01 6.891747052518756300e-01 6.966773847802786301e-01 7.095391211146838684e-01 7.224008574490889956e-01 7.277599142550911226e-01 7.395498392282958688e-01 7.513397642015005040e-01
2.294022617124394092e-01 5.363489499192245491e-01 6.138933764135702242e-01 6.235864297253634891e-01 6.381260096930533310e-01 6.494345718901454179e-01 6.575121163166397498e-01 6.655896607431340817e-01 6.768982229402261686e-01 6.833602584814216785e-01
3.452914798206278002e-01 5.022421524663677195e-01 5.381165919282511201e-01 5.560538116591928759e-01 5.695067264573990817e-01 5.695067264573990817e-01 5.695067264573990817e-01 5.874439461883408375e-01 5.874439461883408375e-01 5.919282511210762765e-01
4.219745222929936479e-01 6.671974522292993814e-01 7.468152866242038224e-01 7.786624203821655987e-01 7.834394904458599207e-01 7.898089171974522760e-01 7.961783439490446312e-01 7.993630573248408089e-01 8.073248407643311975e-01 8.216560509554140523e-01
3.385826771653543399e-01 5.393700787401575214e-01 6.377952755905511584e-01 6.574803149606299746e-01 6.574803149606299746e-01 6.692913385826771977e-01 6.732283464566929387e-01 6.771653543307086798e-01 6.889763779527559029e-01 6.968503937007873850e-01
2.222222222222222099e-01 2.929292929292929282e-01 3.434343434343434254e-01 3.535353535353535359e-01 3.535353535353535359e-01 3.535353535353535359e-01 3.535353535353535359e-01 3.939393939393939226e-01 4.040404040404040331e-01 4.141414141414141437e-01
2.972972972972973138e-01 3.423423423423423428e-01 3.873873873873873719e-01 4.234234234234234284e-01 4.234234234234234284e-01 4.414414414414414289e-01 4.504504504504504570e-01 4.594594594594594850e-01 4.684684684684684575e-01 4.774774774774774855e-01
2.786885245901639108e-01 3.442622950819672067e-01 3.770491803278688270e-01 3.770491803278688270e-01 3.934426229508196649e-01 3.934426229508196649e-01 3.934426229508196649e-01 4.098360655737705027e-01 4.098360655737705027e-01 4.262295081967212851e-01
5.080459770114942319e-01 7.126436781609195581e-01 7.678160919540230056e-01 7.862068965517241548e-01 7.931034482758620996e-01 7.954022988505746738e-01 7.954022988505746738e-01 8.000000000000000444e-01 8.045977011494253039e-01 8.137931034482758230e-01
5.000000000000000000e-01 6.832061068702289797e-01 7.061068702290076438e-01 7.099236641221373656e-01 7.175572519083969203e-01 7.251908396946564750e-01 7.251908396946564750e-01 7.251908396946564750e-01 7.290076335877863078e-01 7.290076335877863078e-01
4.533333333333333104e-01 6.733333333333333393e-01 6.999999999999999556e-01 6.999999999999999556e-01 7.133333333333333748e-01 7.133333333333333748e-01 7.266666666666666829e-01 7.266666666666666829e-01 7.266666666666666829e-01 7.266666666666666829e-01
2.317880794701986658e-01 3.774834437086092565e-01 3.907284768211920500e-01 4.172185430463576372e-01 4.238410596026490063e-01 4.238410596026490063e-01 4.370860927152317998e-01 4.370860927152317998e-01 4.370860927152317998e-01 4.503311258278145934e-01
2.898550724637681264e-01 5.507246376811594235e-01 6.086956521739130821e-01 6.376811594202898004e-01 6.376811594202898004e-01 6.376811594202898004e-01 6.376811594202898004e-01 6.376811594202898004e-01 6.376811594202898004e-01 6.376811594202898004e-01
6.170678336980306433e-01 8.687089715536104872e-01 9.212253829321662701e-01 9.299781181619255488e-01 9.343544857768052436e-01 9.365426695842450355e-01 9.409190371991247304e-01 9.431072210065645223e-01 9.452954048140044252e-01 9.452954048140044252e-01
5.696517412935323543e-01 8.233830845771143991e-01 9.054726368159203842e-01 9.228855721393034450e-01 9.278606965174129861e-01 9.303482587064676457e-01 9.303482587064676457e-01 9.328358208955224162e-01 9.328358208955224162e-01 9.402985074626866169e-01
5.380710659898476633e-01 7.842639593908629081e-01 8.654822335025380564e-01 8.883248730964466988e-01 9.035532994923858308e-01 9.060913705583756306e-01 9.060913705583756306e-01 9.060913705583756306e-01 9.111675126903553412e-01 9.162436548223350519e-01
4.705882352941176405e-01 7.513368983957219305e-01 8.529411764705882026e-01 8.823529411764705621e-01 8.850267379679144231e-01 8.983957219251337278e-01 8.983957219251337278e-01 9.064171122994651997e-01 9.064171122994651997e-01 9.144385026737967825e-01
4.987714987714987891e-01 7.788697788697788171e-01 8.746928746928747112e-01 8.968058968058968405e-01 9.090909090909090606e-01 9.164619164619164371e-01 9.189189189189189699e-01 9.189189189189189699e-01 9.213759213759213917e-01 9.262899262899262354e-01
5.154241645244216352e-01 7.223650385604113433e-01 7.917737789203085352e-01 8.123393316195373082e-01 8.200514138817480703e-01 8.329048843187660811e-01 8.393316195372750865e-01 8.457583547557840919e-01 8.508997429305912297e-01 8.624678663239074838e-01
4.618585298196948852e-01 6.976421636615811606e-01 7.766990291262135804e-01 7.975034674063800066e-01 8.141470180305131477e-01 8.252427184466019083e-01 8.349514563106795739e-01 8.460471567267683346e-01 8.585298196948681904e-01 8.696255201109569510e-01
4.211438474870017323e-01 6.655112651646447608e-01 7.400346620450606316e-01 7.868284228769497624e-01 7.937608318890814196e-01 8.041594454072790166e-01 8.180242634315424421e-01 8.301559792027729534e-01 8.422876949740034647e-01 8.526863084922010616e-01
4.040747028862478607e-01 6.179966044142614079e-01 6.994906621392190660e-01 7.368421052631578538e-01 7.572156196943973239e-01 7.843803056027164322e-01 7.945670628183361117e-01 8.013582342954159721e-01 8.200339558573853660e-01 8.488964346349745504e-01
4.349775784753363017e-01 6.472346786248132089e-01 7.294469357249626640e-01 7.578475336322869627e-01 7.817638266068759334e-01 7.982062780269058022e-01 8.191330343796711100e-01 8.251121076233184359e-01 8.340807174887892028e-01 8.475336322869955197e-01
3.157894736842105088e-01 5.657894736842105088e-01 6.293859649122807154e-01 6.447368421052631637e-01 6.469298245614034659e-01 6.600877192982456121e-01 6.688596491228070429e-01 6.754385964912280604e-01 6.842105263157894912e-01 6.864035087719297934e-01
2.656765676567656720e-01 5.726072607260725977e-01 6.600660066006600601e-01 6.848184818481848346e-01 7.046204620462046542e-01 7.128712871287128383e-01 7.161716171617161786e-01 7.293729372937293176e-01 7.442244224422441823e-01 7.524752475247524774e-01
1.825242718446601908e-01 5.029126213592233219e-01 6.233009708737864418e-01 6.543689320388349495e-01 6.718446601941747698e-01 6.834951456310679463e-01 6.932038834951456119e-01 6.990291262135922556e-01 7.029126213592232775e-01 7.048543689320387884e-01
1.250000000000000000e-01 4.114583333333333148e-01 5.989583333333333703e-01 6.536458333333333703e-01 6.562500000000000000e-01 6.614583333333333703e-01 6.692708333333333703e-01 6.744791666666666297e-01 6.848958333333333703e-01 6.927083333333333703e-01
1.012345679012345706e-01 3.382716049382716306e-01 5.012345679012345512e-01 5.456790123456790598e-01 5.679012345679012030e-01 5.876543209876543550e-01 5.950617283950617731e-01 6.049382716049382935e-01 6.172839506172839164e-01 6.296296296296296502e-01
6.976102941176470784e-01 8.648897058823529216e-01 8.841911764705882026e-01 8.915441176470588758e-01 8.961397058823529216e-01 8.988970588235294379e-01 8.998161764705882026e-01 9.016544117647058432e-01 9.053308823529411242e-01 9.090073529411765163e-01
6.989869753979739420e-01 8.847081524360829174e-01 9.122045344910757469e-01 9.194404245055475267e-01 9.266763145200193064e-01 9.295706705258079960e-01 9.339122045344910861e-01 9.372889532079112795e-01 9.411480945489628658e-01 9.445248432223830592e-01
7.209519365375641753e-01 8.968735417638824536e-01 9.216052263182454851e-01 9.328044797013532730e-01 9.370041997200186934e-01 9.407372841810546227e-01 9.421371908539430962e-01 9.463369108726085166e-01 9.472701819878674989e-01 9.505366308912739370e-01
7.067510548523207037e-01 8.808016877637130371e-01 9.050632911392405555e-01 9.156118143459915926e-01 9.219409282700421482e-01 9.256329113924051111e-01 9.298523206751054815e-01 9.340717299578058519e-01 9.372362869198311852e-01 9.419831223628691852e-01
5.854879065888239920e-01 7.556296914095079753e-01 7.848206839032526583e-01 7.914929107589657731e-01 8.040033361134278911e-01 8.090075062552126717e-01 8.190158465387823439e-01 8.240200166805671245e-01 8.365304420350292425e-01 8.457047539616346921e-01
2.805662805662805792e-01 5.881595881595881314e-01 6.833976833976833642e-01 7.194337194337194763e-01 7.271557271557271829e-01 7.348777348777348895e-01 7.413127413127412746e-01 7.464607464607464493e-01 7.516087516087516240e-01 7.541827541827541559e-01
2.101010101010100939e-01 4.525252525252525526e-01 5.616161616161615688e-01 5.979797979797979446e-01 6.141414141414140992e-01 6.242424242424242653e-01 6.262626262626262985e-01 6.282828282828283317e-01 6.363636363636363535e-01 6.383838383838383868e-01
1.898305084745762761e-01 4.169491525423728584e-01 5.084745762711864181e-01 5.457627118644067243e-01 5.525423728813558810e-01 5.694915254237288282e-01 5.728813559322033511e-01 5.728813559322033511e-01 5.728813559322033511e-01 5.830508474576271416e-01
1.507537688442210921e-01 3.567839195979899403e-01 4.522613065326633319e-01 4.773869346733668473e-01 4.974874371859296374e-01 5.025125628140703071e-01 5.025125628140703071e-01 5.025125628140703071e-01 5.075376884422110324e-01 5.175879396984924830e-01
1.222707423580785963e-01 3.100436681222707436e-01 4.061135371179039333e-01 4.323144104803493537e-01 4.454148471615720362e-01 4.585152838427947741e-01 4.628820960698690201e-01 4.628820960698690201e-01 4.716157205240174566e-01 4.803493449781659486e-01
3.631284916201117652e-02 1.871508379888268125e-01 4.106145251396647877e-01 5.055865921787709993e-01 5.251396648044692750e-01 5.558659217877095493e-01 5.670391061452514370e-01 5.782122905027933246e-01 5.865921787709497126e-01 5.949720670391061006e-01
1.242937853107344698e-01 3.050847457627118842e-01 3.672316384180790982e-01 3.841807909604519899e-01 4.011299435028248817e-01 4.067796610169491789e-01 4.067796610169491789e-01 4.124293785310734206e-01 4.180790960451977178e-01 4.237288135593220151e-01
3.846153846153846367e-02 5.769230769230769551e-02 1.346153846153846090e-01 2.115384615384615363e-01 2.115384615384615363e-01 2.115384615384615363e-01 2.115384615384615363e-01 2.115384615384615363e-01 2.500000000000000000e-01 2.500000000000000000e-01
1.694915254237288130e-02 1.016949152542372947e-01 2.203389830508474534e-01 2.372881355932203451e-01 2.711864406779661008e-01 3.220338983050847204e-01 3.389830508474576121e-01 3.389830508474576121e-01 3.728813559322033955e-01 3.728813559322033955e-01
1.562500000000000000e-01 2.562499999999999778e-01 2.999999999999999889e-01 3.062500000000000222e-01 3.187499999999999778e-01 3.250000000000000111e-01 3.375000000000000222e-01 3.375000000000000222e-01 3.624999999999999889e-01 3.875000000000000111e-01
5.243810952738184872e-01 7.501875468867217345e-01 7.951987996999250186e-01 8.057014253563390405e-01 8.147036759189797417e-01 8.259564891222805905e-01 8.364591147786947234e-01 8.454613653413353136e-01 8.567141785446361624e-01 8.664666166541635794e-01
2.023575638506876218e-01 3.732809430255402683e-01 4.302554027504911782e-01 4.715127701375245728e-01 4.891944990176817498e-01 5.009823182711198308e-01 5.108055009823182502e-01 5.186640471512770079e-01 5.324165029469548616e-01 5.422396856581532809e-01
1.503267973856209083e-01 3.006535947712418166e-01 3.137254901960784270e-01 3.202614379084967045e-01 3.333333333333333148e-01 3.398692810457516478e-01 3.464052287581699252e-01 3.660130718954248130e-01 3.725490196078431460e-01 3.725490196078431460e-01
1.873417721518987333e-01 3.265822784810126778e-01 4.151898734177215111e-01 4.734177215189873666e-01 4.962025316455696000e-01 5.063291139240506666e-01 5.113924050632910889e-01 5.164556962025316222e-01 5.417721518987341778e-01 5.518987341772152444e-01
1.860465116279069742e-01 2.558139534883721034e-01 2.674418604651162545e-01 3.023255813953488191e-01 3.139534883720930258e-01 3.139534883720930258e-01 3.139534883720930258e-01 3.139534883720930258e-01 3.372093023255813837e-01 3.372093023255813837e-01
5.098941555453290198e-01 7.439024390243902385e-01 7.972848596410492261e-01 8.131615278416934878e-01 8.248964565117349323e-01 8.354809019788310698e-01 8.439944776806258542e-01 8.527381500230096778e-01 8.587206626783249197e-01 8.656235618959963185e-01
4.338719329742669051e-01 6.882106523040095736e-01 7.513464991023339756e-01 7.669060442848593118e-01 7.785757031717533971e-01 7.908438061041292988e-01 7.989228007181328195e-01 8.058049072411729297e-01 8.126870137642130398e-01 8.198683423099940581e-01
3.758741258741258862e-01 6.370629370629370403e-01 7.055944055944055604e-01 7.276223776223775808e-01 7.377622377622378158e-01 7.461538461538461675e-01 7.559440559440558927e-01 7.657342657342657288e-01 7.723776223776224192e-01 7.804195804195803721e-01
2.876532399299474574e-01 5.446584938704027712e-01 6.182136602451838714e-01 6.352889667250437578e-01 6.466725043782837190e-01 6.602451838879159762e-01 6.672504378283712345e-01 6.777583187390543440e-01 6.882661996497373424e-01 6.965849387040280449e-01
2.236486486486486402e-01 4.682432432432432345e-01 5.459459459459459207e-01 5.641891891891891442e-01 5.763513513513514042e-01 5.932432432432432901e-01 5.986486486486486402e-01 6.081081081081081141e-01 6.141891891891891886e-01 6.229729729729729382e-01
3.603351955307262378e-01 6.536312849162011496e-01 8.240223463687150751e-01 8.812849162011172632e-01 8.868715083798882626e-01 8.952513966480446506e-01 8.966480446927374004e-01 9.106145251396647877e-01 9.148044692737430372e-01 9.217877094972066754e-01
1.600633914421553117e-01 5.419968304278922622e-01 7.923930269413629324e-01 8.779714738510301375e-01 8.969889064976228621e-01 9.080824088748018497e-01 9.144215530903327949e-01 9.207606973058637401e-01 9.270998415213945743e-01 9.302694136291600469e-01
1.178781925343811432e-01 4.282907662082514610e-01 6.836935166994105861e-01 7.760314341846757946e-01 7.917485265225933100e-01 8.074656188605108253e-01 8.133595284872298103e-01 8.251473477406680024e-01 8.271119842829076640e-01 8.330058939096267601e-01
1.305841924398625509e-01 4.158075601374570662e-01 6.701030927835051054e-01 7.560137457044673326e-01 7.697594501718213467e-01 7.869415807560137255e-01 7.938144329896906770e-01 8.075601374570446911e-01 8.144329896907216426e-01 8.178694158075601184e-01
2.836879432624113406e-02 8.510638297872340219e-02 2.978723404255319007e-01 4.680851063829787329e-01 5.106382978723403854e-01 5.319148936170212671e-01 5.744680851063830307e-01 5.957446808510638014e-01 6.382978723404255650e-01 6.524822695035461528e-01
1.785714285714285615e-02 1.160714285714285754e-01 2.500000000000000000e-01 3.928571428571428492e-01 4.464285714285714524e-01 5.178571428571429047e-01 5.535714285714286031e-01 5.535714285714286031e-01 5.535714285714286031e-01 5.625000000000000000e-01
8.641975308641974829e-02 3.333333333333333148e-01 5.617283950617284471e-01 6.234567901234567833e-01 6.790123456790123635e-01 7.098765432098765871e-01 7.160493827160493430e-01 7.160493827160493430e-01 7.160493827160493430e-01 7.345679012345679437e-01
2.439024390243902524e-02 5.691056910569105426e-02 1.463414634146341375e-01 2.439024390243902385e-01 3.008130081300813274e-01 3.333333333333333148e-01 3.333333333333333148e-01 3.821138211382114069e-01 3.983739837398374006e-01 3.983739837398374006e-01
0.000000000000000000e+00 1.023622047244094474e-01 2.519685039370078705e-01 3.622047244094488416e-01 4.330708661417322913e-01 4.960629921259842590e-01 5.118110236220472231e-01 5.196850393700787052e-01 5.275590551181101873e-01 5.433070866141732624e-01
2.293577981651376274e-02 1.743119266055045968e-01 4.036697247706422242e-01 5.642201834862384802e-01 6.146788990825687859e-01 6.513761467889908063e-01 6.697247706422018165e-01 6.880733944954128267e-01 7.018348623853211121e-01 7.201834862385321223e-01
1.000000000000000056e-01 3.609756097560975485e-01 5.756097560975609317e-01 6.536585365853658791e-01 6.780487804878049252e-01 6.829268292682927344e-01 6.853658536585366390e-01 6.878048780487804326e-01 6.902439024390243372e-01 6.926829268292682418e-01
0.000000000000000000e+00 9.523809523809523281e-02 3.650793650793650591e-01 4.444444444444444198e-01 4.603174603174602919e-01 4.761904761904761640e-01 4.761904761904761640e-01 4.920634920634920362e-01 4.920634920634920362e-01 5.238095238095238360e-01
4.981773997569866053e-02 3.414337788578371558e-01 5.965978128797083668e-01 6.755771567436209546e-01 6.986634264884569179e-01 7.035236938031591558e-01 7.059538274605102748e-01 7.095990279465370643e-01 7.132442284325637427e-01 7.156743620899149727e-01
3.467406380027739099e-02 3.287101248266297016e-01 6.574202496532594031e-01 7.656033287101248197e-01 7.753120665742024853e-01 7.850208044382801509e-01 7.877947295423023411e-01 7.877947295423023411e-01 7.891816920943134361e-01 7.919556171983356263e-01
3.589743589743589480e-02 3.179487179487179294e-01 6.794871794871795156e-01 8.307692307692308153e-01 8.641025641025641413e-01 8.666666666666666963e-01 8.743589743589743613e-01 8.769230769230769162e-01 8.794871794871794712e-01 8.871794871794871362e-01
1.193317422434367597e-03 8.353221957040572743e-03 4.136833731105807321e-02 1.324582338902147993e-01 4.355608591885441472e-01 8.003182179793157935e-01 8.420843277645186920e-01 8.476531424025457451e-01 8.564041368337310667e-01 8.607796340493237830e-01
2.403846153846153980e-03 2.644230769230769204e-02 8.112980769230769551e-02 4.062500000000000000e-01 7.560096153846154188e-01 8.064903846153845812e-01 8.143028846153845812e-01 8.191105769230768718e-01 8.233173076923077094e-01 8.317307692307692735e-01
9.310986964618249472e-04 1.117318435754189980e-02 6.797020484171321930e-02 2.085661080074487916e-01 3.845437616387337165e-01 6.666666666666666297e-01 7.774674115456238210e-01 7.867783985102421163e-01 7.932960893854749118e-01 7.960893854748603005e-01
0.000000000000000000e+00 0.000000000000000000e+00 0.000000000000000000e+00 4.149377593360995854e-03 1.244813278008298670e-02 2.489626556016597339e-02 2.012448132780083054e-01 4.211618257261410814e-01 4.543568464730290413e-01 4.647302904564315496e-01
5.291005291005290712e-03 5.467372134038800402e-02 2.645502645502645356e-01 4.179894179894179662e-01 4.638447971781304857e-01 4.920634920634920362e-01 5.008818342151675207e-01 5.097001763668430607e-01 5.114638447971781021e-01 5.220458553791886835e-01
4.883081155433287579e-01 7.510316368638239037e-01 8.445667125171939515e-01 8.651994497936725814e-01 8.872077028885831940e-01 9.009628610729023546e-01 9.037138927097662089e-01 9.064649243466299522e-01 9.174690508940852585e-01 9.243466299862448388e-01
3.466666666666666785e-01 6.209523809523809224e-01 7.295238095238095744e-01 7.638095238095238271e-01 7.847619047619047716e-01 7.942857142857142616e-01 8.019047619047618980e-01 8.038095238095238626e-01 8.247619047619048072e-01 8.399999999999999689e-01
1.039999999999999952e-01 2.320000000000000118e-01 2.959999999999999853e-01 3.200000000000000067e-01 3.280000000000000138e-01 3.439999999999999725e-01 3.519999999999999796e-01 3.679999999999999938e-01 4.079999999999999738e-01 4.480000000000000093e-01
3.540372670807453437e-01 5.921325051759834812e-01 6.853002070393374723e-01 7.308488612836439025e-01 7.432712215320911309e-01 7.619047619047618625e-01 7.681159420289854767e-01 7.763975155279503326e-01 7.867494824016563193e-01 8.012422360248446784e-01
3.253968253968254065e-01 5.370370370370370905e-01 6.666666666666666297e-01 7.089947089947089554e-01 7.248677248677248830e-01 7.328042328042327913e-01 7.486772486772487190e-01 7.486772486772487190e-01 7.566137566137566273e-01 7.619047619047618625e-01
4.319349315068493067e-01 6.827910958904109817e-01 7.666952054794520244e-01 7.949486301369863561e-01 8.120719178082191902e-01 8.270547945205479756e-01 8.351883561643835829e-01 8.497431506849315586e-01 8.561643835616438158e-01 8.621575342465753744e-01
3.018867924528301772e-01 5.433962264150943300e-01 6.528301886792452491e-01 6.962264150943395791e-01 7.160377358490566113e-01 7.292452830188679291e-01 7.481132075471698117e-01 7.613207547169811296e-01 7.669811320754716943e-01 7.735849056603774088e-01
1.565040650406503975e-01 3.231707317073170826e-01 4.268292682926829174e-01 4.593495934959349603e-01 4.776422764227642448e-01 5.000000000000000000e-01 5.040650406504064707e-01 5.203252032520325754e-01 5.345528455284552782e-01 5.426829268292683306e-01
9.714285714285714191e-02 1.857142857142857206e-01 2.342857142857142916e-01 2.542857142857142816e-01 2.800000000000000266e-01 2.885714285714285898e-01 3.028571428571428803e-01 3.085714285714285521e-01 3.200000000000000067e-01 3.257142857142857340e-01
2.839285714285714191e-01 5.258928571428571619e-01 6.151785714285714635e-01 6.580357142857142794e-01 6.785714285714286031e-01 6.964285714285713969e-01 7.053571428571429047e-01 7.133928571428571619e-01 7.258928571428571175e-01 7.428571428571428825e-01
6.259541984732824860e-01 7.608142493638676562e-01 7.837150127226463203e-01 7.926208651399491156e-01 7.977099236641221891e-01 8.040712468193383922e-01 8.078880407124682250e-01 8.129770992366411875e-01 8.256997455470738156e-01 8.269720101781170563e-01
6.387500000000000400e-01 8.112500000000000266e-01 8.475000000000000311e-01 8.537500000000000089e-01 8.612499999999999600e-01 8.637500000000000178e-01 8.687500000000000222e-01 8.737500000000000266e-01 8.812499999999999778e-01 8.862499999999999822e-01
6.316371681415928752e-01 7.865044247787610354e-01 8.263274336283186194e-01 8.362831858407079322e-01 8.517699115044248259e-01 8.573008849557521849e-01 8.683628318584071248e-01 8.761061946902655162e-01 8.794247787610619538e-01 8.827433628318583914e-01
4.930167597765363063e-01 6.815642458100558132e-01 7.262569832402234749e-01 7.472067039106145003e-01 7.597765363128491378e-01 7.625698324022346375e-01 7.695530726256982756e-01 7.737430167597765251e-01 7.807262569832402743e-01 7.905027932960894121e-01
6.523178807947019875e-01 7.781456953642383878e-01 7.913907284768212369e-01 7.980132450331125504e-01 8.046357615894039750e-01 8.112582781456953995e-01 8.145695364238411118e-01 8.195364238410596247e-01 8.211920529801324253e-01 8.245033112582781376e-01
3.169572107765451785e-03 5.705229793977813213e-02 2.910723718964606244e-01 5.187533016376122408e-01 6.011621764395139733e-01 6.339144215530903015e-01 6.534601162176439937e-01 6.693079767564712457e-01 6.830427892234548493e-01 7.004754358161647820e-01
7.790368271954673830e-03 1.313739376770538259e-01 4.344900849858356895e-01 6.097733711048158867e-01 6.579320113314447438e-01 6.951133144475920567e-01 7.170679886685552562e-01 7.351274787535411193e-01 7.549575070821529232e-01 7.669971671388101653e-01
5.303030303030303177e-02 1.439393939393939503e-01 1.792929292929292817e-01 2.045454545454545581e-01 2.222222222222222099e-01 2.373737373737373757e-01 2.474747474747474862e-01 2.651515151515151381e-01 2.702020202020202211e-01 2.752525252525252486e-01
1.450549450549450635e-02 1.525274725274725351e-01 4.413186813186812940e-01 5.705494505494504986e-01 6.175824175824176088e-01 6.531868131868131533e-01 6.663736263736264043e-01 6.791208791208791506e-01 6.945054945054944806e-01 7.090109890109890234e-01
2.185163887291546869e-02 2.098907418056354113e-01 4.491086831512363653e-01 5.646923519263944424e-01 5.928694652098907003e-01 6.187464059804484995e-01 6.388729154686600964e-01 6.532489936745256021e-01 6.653248993674525380e-01 6.837262794709603186e-01
2.205128205128205066e-01 4.051282051282051322e-01 4.871794871794871695e-01 5.538461538461538769e-01 5.897435897435897578e-01 6.307692307692307487e-01 6.564102564102564097e-01 6.717948717948717396e-01 7.025641025641025106e-01 7.282051282051281715e-01
1.499999999999999944e-01 3.400000000000000244e-01 3.800000000000000044e-01 4.000000000000000222e-01 4.199999999999999845e-01 4.199999999999999845e-01 4.400000000000000022e-01 4.500000000000000111e-01 4.699999999999999734e-01 4.799999999999999822e-01
5.172413793103448204e-02 1.379310344827586188e-01 1.896551724137930939e-01 2.241379310344827624e-01 2.241379310344827624e-01 2.241379310344827624e-01 2.241379310344827624e-01 2.413793103448275967e-01 2.413793103448275967e-01 2.413793103448275967e-01
1.724137931034482735e-02 6.896551724137930939e-02 6.896551724137930939e-02 1.034482758620689641e-01 1.034482758620689641e-01 1.034482758620689641e-01 1.206896551724137984e-01 1.206896551724137984e-01 1.206896551724137984e-01 1.206896551724137984e-01
3.333333333333333287e-02 3.333333333333333287e-02 3.333333333333333287e-02 3.333333333333333287e-02 3.333333333333333287e-02 3.333333333333333287e-02 3.333333333333333287e-02 3.333333333333333287e-02 3.333333333333333287e-02 3.333333333333333287e-02
2.159244264507422309e-02 1.403508771929824483e-01 5.155195681511470784e-01 7.948717948717948234e-01 8.259109311740890913e-01 8.461538461538461453e-01 8.529014844804319040e-01 8.677462887989203510e-01 8.717948717948718063e-01 8.812415654520917574e-01
1.411290322580645122e-02 2.560483870967741882e-01 6.108870967741935054e-01 7.580645161290322509e-01 7.782258064516128782e-01 7.963709677419354982e-01 8.024193548387096309e-01 8.125000000000000000e-01 8.165322580645161255e-01 8.185483870967742437e-01
0.000000000000000000e+00 1.582278481012658333e-01 7.088607594936708889e-01 8.481012658227847778e-01 8.481012658227847778e-01 8.544303797468354444e-01 8.670886075949366667e-01 8.670886075949366667e-01 8.670886075949366667e-01 8.670886075949366667e-01
2.088772845953002638e-02 1.932114882506527354e-01 5.535248041775456818e-01 6.710182767624021105e-01 6.866840731070495973e-01 7.049608355091383505e-01 7.075718015665796168e-01 7.101827676240208831e-01 7.127937336814621494e-01 7.154046997389034157e-01
3.223529411764705643e-01 7.270588235294117574e-01 8.705882352941176627e-01 9.223529411764705976e-01 9.341176470588234970e-01 9.388235294117647234e-01 9.482352941176470651e-01 9.505882352941176228e-01 9.529411764705881804e-01 9.529411764705881804e-01
2.535885167464114742e-01 5.526315789473684736e-01 6.483253588516746380e-01 6.866028708133971037e-01 7.153110047846890085e-01 7.511961722488038617e-01 7.751196172248804306e-01 7.942583732057416634e-01 8.086124401913875603e-01 8.205741626794258448e-01
2.318501170960187430e-01 4.894613583138173185e-01 5.644028103044496092e-01 6.206088992974239105e-01 6.580796252927400003e-01 6.908665105386416760e-01 7.166276346604215641e-01 7.330210772833724020e-01 7.400468384074941897e-01 7.587822014051521791e-01
5.999999999999999778e-02 2.240000000000000047e-01 4.159999999999999809e-01 5.520000000000000462e-01 5.959999999999999742e-01 6.480000000000000204e-01 6.720000000000000417e-01 6.720000000000000417e-01 6.959999999999999520e-01 7.199999999999999734e-01
5.000000000000000278e-02 3.142857142857142794e-01 5.285714285714285809e-01 6.214285714285714413e-01 6.500000000000000222e-01 6.642857142857142572e-01 6.928571428571428381e-01 7.142857142857143016e-01 7.285714285714285365e-01 7.357142857142857650e-01
7.758620689655172653e-02 3.318965517241379559e-01 5.560344827586206629e-01 6.379310344827586743e-01 6.594827586206896131e-01 6.724137931034482873e-01 6.982758620689655249e-01 7.198275862068965747e-01 7.370689655172413257e-01 7.456896551724138122e-01
7.245762711864406347e-01 9.025423728813559698e-01 9.251412429378531588e-01 9.364406779661016422e-01 9.392655367231638186e-01 9.519774011299435568e-01 9.548022598870056221e-01 9.576271186440677985e-01 9.604519774011299749e-01 9.632768361581920402e-01
5.458248472505091708e-01 8.207739307535641959e-01 8.716904276985742994e-01 8.818737270875763867e-01 8.900203665987780344e-01 8.981670061099796820e-01 9.063136456211812186e-01 9.103869653767820980e-01 9.103869653767820980e-01 9.185336048879837456e-01
3.323782234957020076e-01 7.106017191977077596e-01 7.965616045845271831e-01 8.223495702005730879e-01 8.338108882521489962e-01 8.452722063037249045e-01 8.481375358166188816e-01 8.510028653295128587e-01 8.595988538681947899e-01 8.710601719197708093e-01
2.222222222222222099e-01 6.241830065359477153e-01 7.875816993464052063e-01 8.039215686274510109e-01 8.137254901960784270e-01 8.267973856209149819e-01 8.267973856209149819e-01 8.267973856209149819e-01 8.267973856209149819e-01 8.267973856209149819e-01
2.522935779816513624e-01 6.972477064220183873e-01 8.256880733944954587e-01 8.394495412844036331e-01 8.532110091743119185e-01 8.623853211009174791e-01 8.623853211009174791e-01 8.623853211009174791e-01 8.623853211009174791e-01 8.623853211009174791e-01
7.323943661971830943e-02 2.028169014084507116e-01 3.295774647887323994e-01 4.140845070422535246e-01 4.422535211267605848e-01 4.760563380281689905e-01 5.070422535211267512e-01 5.267605633802816545e-01 5.464788732394366688e-01 5.521126760563380698e-01
0.000000000000000000e+00 0.000000000000000000e+00 0.000000000000000000e+00 0.000000000000000000e+00 1.056338028169014065e-02 3.169014084507042195e-02 4.577464788732394513e-02 5.281690140845070325e-02 7.394366197183098455e-02 1.197183098591549227e-01
0.000000000000000000e+00 0.000000000000000000e+00 0.000000000000000000e+00 5.063291139240506424e-03 5.063291139240506424e-03 5.063291139240506424e-03 1.012658227848101285e-02 2.025316455696202569e-02 3.797468354430379861e-02 1.240506329113924000e-01
2.577319587628865930e-03 4.123711340206185488e-02 1.211340206185567009e-01 2.500000000000000000e-01 2.809278350515463929e-01 3.195876288659793563e-01 3.350515463917525527e-01 3.402061855670103219e-01 3.556701030927835183e-01 3.659793814432989456e-01
1.123595505617977497e-02 3.146067415730337269e-02 1.146067415730337019e-01 2.808988764044944020e-01 3.393258426966291874e-01 3.707865168539326017e-01 3.977528089887640284e-01 4.134831460674157078e-01 4.404494382022471899e-01 4.561797752808988693e-01
4.952380952380952550e-01 7.047619047619048116e-01 7.666666666666667185e-01 8.000000000000000444e-01 8.119047619047619069e-01 8.261904761904761418e-01 8.476190476190476053e-01 8.523809523809523503e-01 8.690476190476190688e-01 8.738095238095238138e-01
5.155440414507772573e-01 6.968911917098445929e-01 7.409326424870465999e-01 7.590673575129534001e-01 7.668393782383419177e-01 7.772020725388600892e-01 7.797927461139896321e-01 7.849740932642487179e-01 7.953367875647668894e-01 8.056994818652849499e-01
5.227817745803357008e-01 7.098321342925659749e-01 7.817745803357314394e-01 8.033573141486810565e-01 8.177458033573141716e-01 8.273381294964028410e-01 8.297362110311750083e-01 8.369304556354916214e-01 8.393285371702637887e-01 8.465227817745802907e-01
5.468750000000000000e-01 7.410714285714286031e-01 7.924107142857143016e-01 8.058035714285713969e-01 8.236607142857143016e-01 8.325892857142856984e-01 8.415178571428570953e-01 8.504464285714286031e-01 8.549107142857143016e-01 8.616071428571429047e-01
5.068181818181818343e-01 6.681818181818182101e-01 7.227272727272727737e-01 7.454545454545454808e-01 7.613636363636363535e-01 7.727272727272727071e-01 7.909090909090908950e-01 8.045454545454545636e-01 8.204545454545454364e-01 8.227272727272727515e-01
0.000000000000000000e+00 0.000000000000000000e+00 0.000000000000000000e+00 0.000000000000000000e+00 0.000000000000000000e+00 0.000000000000000000e+00 0.000000000000000000e+00 0.000000000000000000e+00 0.000000000000000000e+00 0.000000000000000000e+00
6.250000000000000000e-02 6.250000000000000000e-02 6.250000000000000000e-02 6.250000000000000000e-02 6.250000000000000000e-02 6.250000000000000000e-02 6.250000000000000000e-02 6.250000000000000000e-02 6.250000000000000000e-02 6.250000000000000000e-02
0.000000000000000000e+00 3.448275862068965469e-02 3.448275862068965469e-02 3.448275862068965469e-02 3.448275862068965469e-02 3.448275862068965469e-02 3.448275862068965469e-02 3.448275862068965469e-02 3.448275862068965469e-02 3.448275862068965469e-02
0.000000000000000000e+00 0.000000000000000000e+00 0.000000000000000000e+00 0.000000000000000000e+00 0.000000000000000000e+00 0.000000000000000000e+00 0.000000000000000000e+00 0.000000000000000000e+00 0.000000000000000000e+00 0.000000000000000000e+00
0.000000000000000000e+00 0.000000000000000000e+00 0.000000000000000000e+00 0.000000000000000000e+00 0.000000000000000000e+00 0.000000000000000000e+00 0.000000000000000000e+00 0.000000000000000000e+00 0.000000000000000000e+00 0.000000000000000000e+00
1.888111888111888015e-01 4.265734265734265618e-01 5.192307692307692735e-01 5.646853146853146876e-01 6.066433566433566682e-01 6.398601398601398982e-01 6.713286713286713558e-01 6.940559440559440629e-01 7.255244755244755206e-01 7.534965034965035446e-01
2.006633499170812629e-01 4.096185737976782981e-01 5.240464344941956343e-01 5.903814262023217019e-01 6.401326699834162248e-01 6.716417910447761708e-01 6.998341625207297190e-01 7.164179104477611526e-01 7.412935323383084141e-01 7.661691542288556755e-01
1.580882352941176405e-01 4.191176470588235392e-01 5.367647058823529216e-01 5.919117647058823595e-01 6.139705882352941568e-01 6.397058823529411242e-01 6.507352941176470784e-01 6.654411764705882026e-01 6.764705882352941568e-01 6.948529411764705621e-01
1.111111111111111049e-01 2.777777777777777901e-01 3.750000000000000000e-01 4.305555555555555802e-01 4.652777777777777901e-01 4.861111111111111049e-01 4.930555555555555802e-01 4.930555555555555802e-01 5.000000000000000000e-01 5.069444444444444198e-01
2.178217821782178210e-01 3.267326732673267453e-01 4.059405940594059681e-01 4.356435643564356419e-01 4.455445544554455517e-01 4.455445544554455517e-01 4.554455445544554615e-01 4.851485148514851353e-01 4.950495049504950451e-01 5.049504950495049549e-01
3.432835820895522305e-01 6.447761194029850706e-01 7.298507462686567582e-01 7.604477611940299031e-01 7.761194029850746468e-01 7.895522388059701413e-01 7.970149253731343419e-01 8.059701492537313383e-01 8.134328358208955390e-01 8.208955223880597396e-01
4.795373665480426872e-01 7.491103202846974840e-01 8.096085409252669063e-01 8.287366548042705006e-01 8.394128113879003594e-01 8.500889679715302183e-01 8.603202846975088747e-01 8.638790035587188276e-01 8.687722419928826101e-01 8.745551601423487975e-01
4.808853118712273500e-01 7.414486921529175323e-01 7.872233400402414150e-01 8.058350100603621780e-01 8.148893360160965882e-01 8.284708249496981480e-01 8.365191146881287843e-01 8.405432595573441024e-01 8.480885311871226850e-01 8.521126760563380031e-01
2.233741753063147872e-01 5.278039585296889769e-01 6.540999057492931090e-01 6.786050895381715575e-01 6.899151743638077816e-01 6.993402450518378943e-01 7.040527803958529507e-01 7.181903864278982308e-01 7.200754005655042311e-01 7.266729500471253989e-01
5.151915455746367001e-02 2.556142668428005305e-01 5.455746367239101557e-01 6.988110964332893138e-01 7.298546895640687371e-01 7.437252311756935574e-01 7.582562747688242899e-01 7.655217965653896561e-01 7.760898282694848049e-01 7.807133421400264117e-01
4.169059011164274464e-01 6.488038277511961605e-01 7.170653907496012947e-01 7.556618819776714790e-01 7.792663476874003292e-01 8.012759170653906970e-01 8.140350877192982226e-01 8.341307814992025005e-01 8.472089314194577447e-01 8.574162679425837430e-01
3.083997547516860727e-01 5.045984058859595001e-01 5.916615573267933748e-01 6.364193746167995380e-01 6.609442060085837234e-01 6.781115879828326642e-01 7.007970570202329830e-01 7.240956468424279979e-01 7.418761496014715240e-01 7.529123237277743907e-01
1.927512355848434999e-01 3.492586490939044719e-01 4.151565074135090683e-01 4.563426688632619688e-01 4.777594728171334348e-01 4.909390444810543541e-01 5.008237232289950436e-01 5.140032948929159629e-01 5.205930807248764225e-01 5.288303130148269693e-01
3.533365338454152460e-01 5.938550168026884846e-01 6.869899183869419002e-01 7.258761401824291859e-01 7.436389822371579639e-01 7.604416706673067239e-01 7.738838214114258651e-01 7.858857417186749794e-01 7.964474315890542888e-01 8.065290446471435892e-01
2.285491419656786316e-01 4.274570982839313582e-01 5.436817472698908249e-01 5.881435257410296824e-01 6.154446177847113786e-01 6.318252730109203963e-01 6.489859594383775576e-01 6.645865834633385427e-01 6.716068642745709472e-01 6.856474258970358671e-01
3.063725490196078389e-03 3.615196078431372889e-02 3.106617647058823595e-01 5.392156862745097756e-01 6.507352941176470784e-01 6.807598039215686514e-01 6.875000000000000000e-01 6.985294117647058432e-01 7.107843137254902244e-01 7.248774509803921351e-01
1.925545571245186214e-03 1.219512195121951262e-02 1.514762516046213037e-01 4.679075738125802464e-01 6.213093709884467408e-01 6.707317073170732113e-01 6.899871630295250080e-01 7.002567394094993958e-01 7.137355584082156756e-01 7.259306803594351987e-01
0.000000000000000000e+00 2.510460251046025063e-03 5.188284518828451680e-02 2.995815899581589781e-01 4.962343096234309581e-01 5.866108786610878534e-01 6.041841004184100861e-01 6.133891213389121022e-01 6.309623430962343349e-01 6.418410041841003943e-01
1.401673640167364066e-01 4.442119944211994631e-01 5.836820083682008331e-01 6.199442119944211793e-01 6.373779637377964269e-01 6.499302649930265297e-01 6.659693165969317041e-01 6.743375174337516986e-01 6.841004184100418772e-01 6.910739191073919097e-01
1.027397260273972546e-02 1.335616438356164448e-01 3.710045662100456831e-01 4.863013698630136994e-01 5.319634703196347569e-01 5.502283105022831577e-01 5.650684931506849695e-01 5.753424657534246256e-01 5.890410958904109817e-01 6.027397260273972268e-01
4.808743169398906891e-01 8.224043715846994784e-01 8.989071038251366108e-01 9.262295081967213406e-01 9.316939890710382866e-01 9.371584699453552325e-01 9.453551912568306514e-01 9.480874316939891244e-01 9.480874316939891244e-01 9.480874316939891244e-01
4.872611464968152895e-01 8.248407643312102300e-01 9.267515923566879144e-01 9.426751592356688025e-01 9.490445859872611578e-01 9.617834394904458684e-01 9.649681528662420460e-01 9.649681528662420460e-01 9.649681528662420460e-01 9.649681528662420460e-01
1.126760563380281716e-01 4.366197183098591283e-01 6.408450704225352457e-01 6.690140845070422504e-01 6.971830985915492551e-01 7.112676056338028685e-01 7.323943661971831220e-01 7.323943661971831220e-01 7.394366197183098732e-01 7.394366197183098732e-01
9.259259259259258745e-02 5.277777777777777901e-01 7.870370370370370905e-01 8.302469135802469369e-01 8.487654320987654266e-01 8.487654320987654266e-01 8.518518518518518601e-01 8.703703703703703498e-01 8.796296296296296502e-01 8.796296296296296502e-01
0.000000000000000000e+00 1.136363636363636326e-01 3.636363636363636465e-01 6.590909090909090606e-01 6.590909090909090606e-01 7.045454545454545858e-01 7.045454545454545858e-01 7.045454545454545858e-01 7.045454545454545858e-01 7.272727272727272929e-01
3.972222222222221988e-01 7.027777777777777235e-01 7.962962962962962798e-01 8.138888888888888840e-01 8.268518518518518379e-01 8.453703703703703276e-01 8.601851851851851638e-01 8.722222222222222321e-01 8.796296296296296502e-01 8.870370370370370683e-01
2.790387182910547548e-01 5.967957276368491826e-01 7.022696929238985142e-01 7.463284379172229199e-01 7.690253671562082838e-01 7.877169559412550148e-01 8.037383177570093240e-01 8.184245660881175333e-01 8.304405874499332096e-01 8.411214953271027861e-01
1.725888324873096347e-01 4.949238578680202894e-01 7.055837563451776706e-01 7.512690355329949554e-01 7.690355329949238872e-01 7.868020304568528189e-01 8.121827411167512611e-01 8.197969543147207716e-01 8.299492385786801929e-01 8.401015228426396142e-01
1.163434903047091407e-01 4.044321329639889440e-01 5.595567867036010945e-01 5.983379501385041044e-01 6.204986149584487132e-01 6.288088642659279692e-01 6.398891966759002736e-01 6.509695290858725780e-01 6.620498614958448824e-01 6.759002770083102352e-01
1.078431372549019662e-01 3.071895424836601496e-01 4.346405228758170036e-01 4.934640522875817226e-01 5.065359477124182774e-01 5.163398692810458046e-01 5.294117647058823595e-01 5.522875816993464415e-01 5.718954248366012738e-01 5.784313725490196623e-01
4.402515723270440384e-01 7.097933513027853136e-01 7.996406109613656277e-01 8.301886792452830566e-01 8.445642407906558402e-01 8.580413297394429151e-01 8.715184186882299899e-01 8.787061994609164373e-01 8.840970350404312450e-01 8.867924528301887044e-01
4.400369003690036696e-01 7.038745387453874125e-01 7.887453874538745691e-01 8.182656826568265318e-01 8.376383763837638163e-01 8.505535055350553764e-01 8.634686346863468254e-01 8.717712177121771377e-01 8.773062730627306793e-01 8.828413284132841099e-01
4.338797814207650538e-01 6.655737704918033293e-01 7.595628415300545999e-01 7.846994535519126179e-01 8.010928961748633448e-01 8.174863387978141827e-01 8.306010928961748974e-01 8.382513661202185551e-01 8.437158469945355010e-01 8.524590163934425702e-01
4.169934640522875990e-01 6.300653594771241650e-01 7.176470588235294157e-01 7.529411764705882248e-01 7.647058823529411242e-01 7.803921568627451011e-01 7.908496732026143450e-01 8.013071895424836999e-01 8.065359477124183218e-01 8.130718954248365993e-01
3.577023498694517079e-01 5.939947780678851430e-01 6.618798955613577339e-01 7.101827676240208831e-01 7.310704960835509025e-01 7.415143603133159678e-01 7.532637075718016106e-01 7.558746736292427659e-01 7.689295039164490975e-01 7.780678851174934740e-01
1.797468354430379611e-01 4.227848101265822556e-01 5.354430379746835111e-01 5.746835443037974223e-01 6.037974683544303778e-01 6.227848101265822667e-01 6.367088607594936223e-01 6.443037974683544222e-01 6.582278481012657778e-01 6.683544303797468444e-01
8.556701030927835183e-02 4.278350515463917314e-01 6.412371134020619090e-01 6.855670103092783574e-01 7.061855670103093230e-01 7.237113402061855494e-01 7.371134020618557159e-01 7.463917525773196004e-01 7.587628865979381132e-01 7.711340206185567370e-01
1.015283842794759833e-01 5.076419213973799582e-01 7.161572052401746769e-01 7.543668122270742460e-01 7.674672489082969840e-01 7.816593886462882557e-01 7.936681222707423489e-01 8.002183406113536623e-01 8.133187772925764003e-01 8.198689956331878248e-01
1.023890784982935120e-01 3.447098976109215229e-01 5.529010238907849928e-01 6.109215017064846265e-01 6.313993174061433011e-01 6.416382252559726940e-01 6.552901023890784771e-01 6.587030716723549784e-01 6.621160409556313686e-01 6.655290102389078699e-01
6.296296296296295669e-02 3.592592592592592782e-01 6.240740740740741144e-01 6.796296296296295836e-01 6.981481481481481843e-01 7.148148148148147918e-01 7.277777777777777457e-01 7.407407407407406996e-01 7.462962962962963465e-01 7.574074074074074181e-01
2.159244264507422309e-02 1.403508771929824483e-01 5.155195681511470784e-01 7.948717948717948234e-01 8.259109311740890913e-01 8.461538461538461453e-01 8.529014844804319040e-01 8.677462887989203510e-01 8.717948717948718063e-01 8.812415654520917574e-01
1.411290322580645122e-02 2.560483870967741882e-01 6.108870967741935054e-01 7.580645161290322509e-01 7.782258064516128782e-01 7.963709677419354982e-01 8.024193548387096309e-01 8.125000000000000000e-01 8.165322580645161255e-01 8.185483870967742437e-01
0.000000000000000000e+00 1.582278481012658333e-01 7.088607594936708889e-01 8.481012658227847778e-01 8.481012658227847778e-01 8.544303797468354444e-01 8.670886075949366667e-01 8.670886075949366667e-01 8.670886075949366667e-01 8.670886075949366667e-01
2.088772845953002638e-02 1.932114882506527354e-01 5.535248041775456818e-01 6.710182767624021105e-01 6.866840731070495973e-01 7.049608355091383505e-01 7.075718015665796168e-01 7.101827676240208831e-01 7.127937336814621494e-01 7.154046997389034157e-01
3.223529411764705643e-01 7.270588235294117574e-01 8.705882352941176627e-01 9.223529411764705976e-01 9.341176470588234970e-01 9.388235294117647234e-01 9.482352941176470651e-01 9.505882352941176228e-01 9.529411764705881804e-01 9.529411764705881804e-01
0.000000000000000000e+00 9.216589861751152066e-03 3.225806451612903136e-02 2.119815668202764958e-01 2.811059907834101423e-01 2.857142857142856984e-01 2.857142857142856984e-01 2.857142857142856984e-01 2.857142857142856984e-01 2.857142857142856984e-01
0.000000000000000000e+00 1.489757914338919915e-02 5.959031657355679662e-02 2.048417132216014958e-01 2.960893854748603560e-01 3.538175046554934977e-01 3.761638733705772730e-01 3.798882681564245689e-01 3.985102420856611039e-01 4.003724394785847518e-01
0.000000000000000000e+00 6.211180124223602064e-03 2.691511387163561184e-02 1.656314699792960643e-01 2.422360248447205100e-01 2.836438923395445122e-01 2.898550724637681264e-01 2.939958592132504989e-01 2.981366459627329268e-01 3.022774327122152993e-01
3.262642740619902271e-03 9.787928221859705513e-03 7.177814029363784043e-02 3.703099510603589106e-01 5.367047308319738974e-01 5.807504078303425965e-01 5.840130505709625330e-01 5.872756933115823585e-01 5.889070146818923268e-01 5.905383360522022951e-01
0.000000000000000000e+00 0.000000000000000000e+00 0.000000000000000000e+00 1.212121212121212120e-02 9.090909090909091161e-02 2.424242424242424310e-01 3.515151515151515027e-01 3.636363636363636465e-01 3.696969696969696906e-01 3.818181818181818343e-01
5.381727158948685918e-01 7.922403003754693307e-01 8.685857321652065144e-01 8.911138923654567945e-01 9.011264080100125362e-01 9.148936170212765839e-01 9.261576971214017240e-01 9.349186483103879564e-01 9.436795994993741887e-01 9.449311639549436981e-01
4.822006472491909279e-01 7.346278317152103998e-01 8.236245954692557047e-01 8.656957928802588853e-01 8.818770226537216983e-01 8.851132686084142165e-01 8.899676375404530493e-01 8.932038834951456785e-01 8.980582524271845113e-01 9.158576051779935279e-01
3.659574468085106114e-01 6.382978723404255650e-01 7.319148936170212227e-01 7.659574468085106336e-01 7.787234042553191626e-01 7.829787234042553390e-01 7.957446808510638681e-01 8.000000000000000444e-01 8.000000000000000444e-01 8.085106382978722861e-01
2.797619047619047672e-01 5.833333333333333703e-01 6.666666666666666297e-01 7.083333333333333703e-01 7.261904761904761640e-01 7.440476190476190688e-01 7.440476190476190688e-01 7.500000000000000000e-01 7.500000000000000000e-01 7.500000000000000000e-01
1.012658227848101250e-01 2.658227848101265556e-01 3.417721518987341667e-01 3.670886075949367222e-01 3.670886075949367222e-01 3.670886075949367222e-01 3.670886075949367222e-01 3.670886075949367222e-01 3.924050632911392222e-01 3.924050632911392222e-01
1.228813559322033955e-01 3.516949152542372947e-01 4.533898305084745894e-01 5.169491525423728362e-01 5.254237288135593653e-01 5.423728813559322015e-01 5.677966101694915668e-01 5.762711864406779849e-01 5.932203389830508211e-01 6.144067796610169774e-01
0.000000000000000000e+00 0.000000000000000000e+00 0.000000000000000000e+00 1.056910569105691117e-01 3.414634146341463672e-01 5.447154471544715104e-01 5.691056910569105565e-01 6.016260162601626549e-01 6.097560975609755962e-01 6.260162601626015899e-01
2.938596491228070429e-01 5.899122807017543879e-01 7.039473684210526550e-01 7.346491228070175517e-01 7.587719298245614308e-01 7.850877192982456121e-01 7.938596491228070429e-01 8.070175438596490780e-01 8.114035087719297934e-01 8.289473684210526550e-01
3.543307086614173179e-02 3.110236220472440971e-01 5.039370078740157410e-01 5.590551181102362266e-01 5.826771653543306728e-01 5.944881889763780070e-01 6.023622047244094890e-01 6.102362204724409711e-01 6.299212598425196763e-01 6.417322834645668994e-01
1.239669421487603340e-02 1.115702479338843006e-01 3.760330578512396937e-01 6.487603305785123453e-01 6.900826446280992066e-01 7.231404958677686290e-01 7.355371900826446208e-01 7.438016528925619486e-01 7.438016528925619486e-01 7.520661157024793875e-01
5.138554216867470270e-01 7.469879518072288782e-01 8.222891566265060348e-01 8.445783132530120252e-01 8.626506024096385339e-01 8.759036144578312699e-01 8.819277108433735135e-01 8.903614457831324769e-01 8.957831325301204295e-01 9.024096385542168530e-01
3.483386923901393151e-01 5.905680600214362475e-01 6.741693461950696298e-01 7.148981779206859954e-01 7.320471596998928687e-01 7.556270096463022501e-01 7.695605573419078693e-01 7.834941050375133775e-01 7.867095391211146316e-01 7.920685959271168697e-01
3.143133462282398649e-01 5.783365570599613426e-01 6.576402321083172353e-01 7.050290135396518609e-01 7.156673114119922463e-01 7.427466150870406514e-01 7.524177949709864865e-01 7.591876208897485601e-01 7.669245647969051838e-01 7.814313346228239920e-01
1.560102301790281254e-01 2.634271099744245337e-01 3.478260869565217295e-01 3.887468030690536813e-01 4.092071611253196850e-01 4.219948849104859234e-01 4.373401534526853984e-01 4.501278772378516368e-01 4.578005115089514021e-01 4.680306905370844039e-01
1.130434782608695649e-01 2.231884057971014468e-01 2.695652173913043459e-01 3.014492753623188581e-01 3.072463768115942240e-01 3.304347826086956319e-01 3.478260869565217295e-01 3.797101449275362417e-01 3.884057971014492905e-01 3.971014492753623393e-01
1.414790996784565935e-01 3.022508038585208778e-01 3.729903536977491885e-01 4.212218649517684987e-01 4.405144694533761895e-01 4.469453376205787531e-01 4.662379421221864995e-01 4.823151125401929362e-01 5.048231511254018811e-01 5.176848874598071193e-01
1.511111111111111127e-01 3.466666666666666785e-01 4.355555555555555292e-01 4.755555555555555647e-01 5.155555555555555447e-01 5.244444444444444908e-01 5.422222222222222721e-01 5.511111111111111072e-01 5.866666666666666696e-01 6.133333333333332860e-01
1.471861471861471982e-01 3.290043290043290214e-01 4.458874458874458879e-01 4.632034632034632282e-01 4.805194805194805130e-01 5.021645021645021467e-01 5.324675324675324228e-01 5.367965367965368273e-01 5.497835497835498186e-01 5.541125541125541121e-01
3.761329305135951429e-01 6.344410876132930976e-01 7.371601208459214183e-01 7.885196374622356341e-01 8.096676737160121151e-01 8.293051359516616650e-01 8.474320241691842837e-01 8.580060422960724686e-01 8.700906344410875848e-01 8.867069486404833834e-01
1.497975708502024272e-01 2.874493927125505999e-01 3.886639676113360364e-01 4.412955465587044546e-01 4.574898785425101089e-01 4.736842105263157632e-01 4.898785425101214730e-01 4.939271255060728727e-01 5.303643724696356365e-01 5.465587044534413463e-01
4.562101910828025297e-01 7.078025477707006186e-01 7.683121019108279937e-01 7.882165605095541316e-01 7.977707006369426646e-01 8.073248407643311975e-01 8.184713375796178747e-01 8.296178343949044409e-01 8.383757961783439017e-01 8.495222929936305789e-01
3.040173724212812401e-01 5.472312703583062099e-01 6.319218241042344753e-01 6.634093376764386152e-01 6.764386536373506731e-01 6.883821932681867262e-01 6.959826275787187599e-01 7.057546145494028034e-01 7.176981541802388564e-01 7.252985884907708902e-01
2.218597063621533527e-01 4.013050570962479746e-01 4.551386623164763723e-01 5.106035889070146272e-01 5.432300163132136595e-01 5.742251223491027234e-01 5.840130505709625330e-01 5.986949429037520254e-01 6.101141924959216922e-01 6.182707993474714225e-01
2.025862068965517127e-01 3.663793103448275690e-01 4.755747126436781769e-01 5.229885057471264087e-01 5.589080459770114917e-01 5.775862068965517127e-01 5.933908045977011048e-01 6.091954022988506079e-01 6.278735632183908288e-01 6.436781609195402210e-01
1.839557399723374953e-01 3.734439834024896321e-01 4.951590594744121887e-01 5.463347164591977334e-01 5.739972337482710518e-01 5.905947441217150873e-01 6.099585062240664435e-01 6.279391424619640283e-01 6.459197786998617241e-01 6.583679114799446674e-01
4.464285714285714524e-01 7.121598639455782864e-01 7.908163265306122902e-01 8.244047619047618625e-01 8.358843537414966107e-01 8.490646258503401489e-01 8.592687074829932214e-01 8.660714285714286031e-01 8.767006802721087899e-01 8.873299319727890877e-01
3.173531397704253965e-01 5.388251181634030607e-01 6.333558406482107106e-01 6.866981769074949060e-01 7.137069547602971076e-01 7.319378798109386075e-01 7.488183659689399141e-01 7.663740715732613173e-01 7.879810938555030786e-01 8.055367994598244819e-01
2.367601246105918988e-01 4.299065420560747586e-01 4.937694704049844230e-01 5.327102803738317238e-01 5.623052959501557702e-01 5.919003115264797055e-01 6.121495327102803863e-01 6.230529595015575905e-01 6.386292834890965331e-01 6.573208722741432641e-01
2.590725806451613100e-01 4.657258064516128782e-01 5.866935483870967527e-01 6.280241935483871218e-01 6.522177419354838745e-01 6.663306451612903691e-01 6.804435483870967527e-01 6.895161290322581182e-01 6.985887096774193727e-01 7.096774193548387455e-01
1.680395387149917763e-01 3.212520593080724907e-01 4.299835255354200747e-01 4.892915980230642670e-01 5.222405271828665096e-01 5.502471169686985464e-01 5.700164744645799253e-01 5.799011532125205592e-01 5.930807248764414785e-01 6.046128500823723106e-01
2.836710369487485117e-01 6.787842669845053356e-01 8.283671036948748734e-01 8.641239570917759183e-01 8.712753277711561273e-01 8.754469606674613047e-01 8.796185935637663711e-01 8.802145411203814440e-01 8.825983313468415137e-01 8.861740166865316182e-01
1.737891737891738009e-01 5.270655270655271174e-01 7.094017094017094349e-01 7.806267806267805920e-01 7.863247863247863068e-01 7.948717948717948234e-01 7.948717948717948234e-01 7.948717948717948234e-01 7.948717948717948234e-01 7.977207977207977363e-01
6.603773584905660299e-02 3.113207547169811185e-01 4.622641509433962348e-01 5.188679245283018826e-01 5.283018867924528239e-01 5.424528301886792914e-01 5.471698113207547065e-01 5.471698113207547065e-01 5.471698113207547065e-01 5.566037735849056478e-01
1.470588235294117627e-02 1.323529411764705899e-01 1.617647058823529493e-01 1.617647058823529493e-01 1.617647058823529493e-01 1.911764705882352811e-01 2.058823529411764608e-01 2.058823529411764608e-01 2.058823529411764608e-01 2.058823529411764608e-01
3.278688524590164105e-02 9.836065573770491621e-02 1.639344262295081844e-01 1.803278688524590223e-01 1.803278688524590223e-01 1.803278688524590223e-01 1.803278688524590223e-01 1.803278688524590223e-01 1.803278688524590223e-01 1.803278688524590223e-01
