2.054794520547945091e-01 4.990215264187866651e-01 6.027397260273972268e-01 6.379647749510762855e-01 6.418786692759295143e-01 6.457925636007827430e-01 6.497064579256359718e-01 6.516634050880626416e-01 6.536203522504892005e-01 6.536203522504892005e-01
1.190476190476190410e-02 3.174603174603174427e-02 6.349206349206348854e-02 1.071428571428571369e-01 1.111111111111111049e-01 1.230158730158730090e-01 1.388888888888888951e-01 1.428571428571428492e-01 1.428571428571428492e-01 1.547619047619047672e-01
0.000000000000000000e+00 1.877934272300469526e-02 4.225352112676056260e-02 5.164319248826291370e-02 5.164319248826291370e-02 5.633802816901408578e-02 5.633802816901408578e-02 5.633802816901408578e-02 5.633802816901408578e-02 5.633802816901408578e-02
1.083032490974729194e-02 2.888086642599278081e-02 3.249097472924187407e-02 3.610108303249097428e-02 3.610108303249097428e-02 3.971119133574007448e-02 3.971119133574007448e-02 3.971119133574007448e-02 3.971119133574007448e-02 3.971119133574007448e-02
1.010101010101010187e-02 3.030303030303030387e-02 4.040404040404040747e-02 5.050505050505050414e-02 5.050505050505050414e-02 5.050505050505050414e-02 5.555555555555555247e-02 5.555555555555555247e-02 5.555555555555555247e-02 5.555555555555555247e-02
4.278296988577362514e-01 6.687435098650051923e-01 7.206645898234683711e-01 7.310488058151609625e-01 7.331256490134995252e-01 7.341640706126687510e-01 7.362409138110073137e-01 7.372793354101765395e-01 7.393561786085151022e-01 7.414330218068535538e-01
3.654822335025380564e-01 5.736040609137056379e-01 6.243654822335025223e-01 6.307106598984771884e-01 6.319796954314720328e-01 6.319796954314720328e-01 6.332487309644669882e-01 6.332487309644669882e-01 6.332487309644669882e-01 6.345177664974619436e-01
7.194244604316547137e-03 3.597122302158273222e-02 6.235011990407673954e-02 1.534772182254196538e-01 2.374100719424460382e-01 2.853717026378896904e-01 2.925659472422062479e-01 2.973621103117505826e-01 3.021582733812949728e-01 3.069544364508393075e-01
7.552083333333332871e-02 1.901041666666666574e-01 2.317708333333333426e-01 2.447916666666666574e-01 2.500000000000000000e-01 2.552083333333333148e-01 2.552083333333333148e-01 2.578125000000000000e-01 2.604166666666666852e-01 2.604166666666666852e-01
1.490066225165563030e-01 3.427152317880794441e-01 4.668874172185430438e-01 5.397350993377483253e-01 5.430463576158940375e-01 5.513245033112582627e-01 5.513245033112582627e-01 5.513245033112582627e-01 5.529801324503311744e-01 5.546357615894039750e-01
4.695121951219511924e-01 6.890243902439023849e-01 7.439024390243902385e-01 7.560975609756097615e-01 7.560975609756097615e-01 7.560975609756097615e-01 7.560975609756097615e-01 7.621951219512195230e-01 7.621951219512195230e-01 7.621951219512195230e-01
4.179104477611940149e-01 5.671641791044775838e-01 6.343283582089552786e-01 6.641791044776119701e-01 6.641791044776119701e-01 6.641791044776119701e-01 6.641791044776119701e-01 6.641791044776119701e-01 6.641791044776119701e-01 6.641791044776119701e-01
3.357142857142856873e-01 5.571428571428571619e-01 6.214285714285714413e-01 6.571428571428571397e-01 6.571428571428571397e-01 6.571428571428571397e-01 6.642857142857142572e-01 6.642857142857142572e-01 6.642857142857142572e-01 6.642857142857142572e-01
3.109243697478991653e-01 6.218487394957983305e-01 6.722689075630252642e-01 6.974789915966386200e-01 6.974789915966386200e-01 6.974789915966386200e-01 6.974789915966386200e-01 6.974789915966386200e-01 6.974789915966386200e-01 6.974789915966386200e-01
3.786407766990291246e-01 5.728155339805824919e-01 6.116504854368931543e-01 6.407766990291262621e-01 6.407766990291262621e-01 6.407766990291262621e-01 6.407766990291262621e-01 6.407766990291262621e-01 6.407766990291262621e-01 6.407766990291262621e-01
4.683544303797468333e-01 6.118143459915611482e-01 6.265822784810126667e-01 6.286919831223628519e-01 6.286919831223628519e-01 6.329113924050633333e-01 6.350210970464135185e-01 6.371308016877637037e-01 6.371308016877637037e-01 6.434599156118143704e-01
5.867647058823529660e-01 7.411764705882353255e-01 7.647058823529411242e-01 7.676470588235294601e-01 7.676470588235294601e-01 7.705882352941176849e-01 7.720588235294117974e-01 7.735294117647059098e-01 7.779411764705882470e-01 7.794117647058823595e-01
5.778443113772454565e-01 7.514970059880239361e-01 7.709580838323353280e-01 7.739520958083832003e-01 7.754491017964071364e-01 7.784431137724551197e-01 7.799401197604790559e-01 7.799401197604790559e-01 7.814371257485029920e-01 7.814371257485029920e-01
6.138888888888889284e-01 7.763888888888889062e-01 7.972222222222222765e-01 8.000000000000000444e-01 8.000000000000000444e-01 8.013888888888889284e-01 8.041666666666666963e-01 8.041666666666666963e-01 8.055555555555555802e-01 8.069444444444444642e-01
5.173978819969742293e-01 6.475037821482602096e-01 6.550680786686837731e-01 6.611195158850227127e-01 6.611195158850227127e-01 6.611195158850227127e-01 6.656580937972768064e-01 6.671709531013615413e-01 6.671709531013615413e-01 6.701966717095310111e-01
3.023382272974442508e-01 5.046220772158781509e-01 5.584556824361065486e-01 5.840130505709625330e-01 5.899945622620990093e-01 5.932572050027188348e-01 5.981511691136487396e-01 6.008700380641652794e-01 6.046764545948885017e-01 6.068515497553017557e-01
1.636219221604447993e-01 3.169181890389197731e-01 3.868149324861001048e-01 4.098490865766481472e-01 4.177918983320095259e-01 4.217633042096902152e-01 4.225575853852263641e-01 4.241461477362986621e-01 4.249404289118348110e-01 4.281175536139793514e-01
1.643945469125902281e-01 2.975140336808340114e-01 3.600641539695268456e-01 3.817161186848436194e-01 3.937449879711307221e-01 4.017642341619887536e-01 4.041700080192461852e-01 4.073777064955894089e-01 4.137931034482758563e-01 4.218123496391339433e-01
3.862068965517241603e-02 7.172413793103447899e-02 9.379310344827586354e-02 1.103448275862068950e-01 1.131034482758620646e-01 1.158620689655172481e-01 1.241379310344827569e-01 1.255172413793103348e-01 1.296551724137930961e-01 1.296551724137930961e-01
2.489019033674963466e-02 5.563689604685212453e-02 8.052708638360175919e-02 8.931185944363104201e-02 9.663250366032211103e-02 1.024890190336749662e-01 1.039531478770131800e-01 1.083455344070278215e-01 1.112737920937042491e-01 1.142020497803806767e-01
1.614487415592388009e-01 4.349294045426642108e-01 5.712093308778392053e-01 5.991405770411295517e-01 6.098833640270104883e-01 6.169429097605892975e-01 6.224677716390423221e-01 6.289134438305709063e-01 6.313689379987722505e-01 6.322897483118478101e-01
1.709702660406885733e-01 3.724569640062597720e-01 4.530516431924882514e-01 4.726134585289514800e-01 4.808294209702660416e-01 4.870892018779342525e-01 4.906103286384976281e-01 4.925665101721439787e-01 4.945226917057902738e-01 4.976525821596244348e-01
1.400088613203367416e-01 2.990695613646433548e-01 3.566681435533894384e-01 3.726185201595037522e-01 3.783783783783783994e-01 3.828090385467434742e-01 3.854674346477625080e-01 3.876827647319450731e-01 3.890119627824545900e-01 3.912272928666371552e-01
5.483704086911536657e-02 1.195033626487325418e-01 1.531298499741334807e-01 1.603724780134505867e-01 1.629591308846352893e-01 1.655457837558199641e-01 1.670977754785307745e-01 1.681324366270046666e-01 1.686497672012415849e-01 1.691670977754785310e-01
1.345291479820627870e-02 3.010890454836643096e-02 3.779628443305573654e-02 3.971812940422805860e-02 4.099935938500960664e-02 4.163997437540038760e-02 4.292120435618193564e-02 4.356181934657270965e-02 4.356181934657270965e-02 4.420243433696348367e-02
1.242845461978740740e-01 3.491414554374488999e-01 4.595257563368765341e-01 4.762878168438266502e-01 4.807849550286181772e-01 4.848732624693377069e-01 4.865085854456255299e-01 4.873262469337694136e-01 4.905968928863450595e-01 4.914145543744889433e-01
2.982646420824294937e-03 4.880694143167028237e-03 1.681127982646420799e-02 2.825379609544468318e-01 5.949023861171366390e-01 6.865509761388286503e-01 6.906182212581344348e-01 6.952277657266811017e-01 7.001084598698481543e-01 7.068872017353579063e-01
2.847380410022779234e-03 9.681093394077449482e-03 5.125284738041002014e-02 1.668564920273348517e-01 2.471526195899772238e-01 2.574031890660592459e-01 2.596810933940774668e-01 2.676537585421412402e-01 2.722095671981776821e-01 2.756264236902050135e-01
2.624671916010498651e-03 3.937007874015747977e-03 6.824146981627296493e-03 8.687664041994751229e-02 4.149606299212598159e-01 7.141732283464566899e-01 7.314960629921259949e-01 7.356955380577427928e-01 7.396325459317585338e-01 7.456692913385827293e-01
2.016942315449778145e-03 2.420330778539733600e-03 5.244050020169423523e-03 1.020572811617587727e-01 3.303751512706736837e-01 4.909237595804760157e-01 5.010084711577248440e-01 5.042355788624445223e-01 5.094796288826139996e-01 5.135135135135134865e-01
1.032028469750889688e-01 1.992882562277580039e-01 2.384341637010676251e-01 2.562277580071174454e-01 2.597864768683273984e-01 2.597864768683273984e-01 2.704626334519573128e-01 2.704626334519573128e-01 2.740213523131672657e-01 2.740213523131672657e-01
2.328767123287671104e-01 4.063926940639269181e-01 4.703196347031963209e-01 4.794520547945205213e-01 4.908675799086757996e-01 5.022831050228310223e-01 5.114155251141552228e-01 5.114155251141552228e-01 5.205479452054794232e-01 5.251141552511415789e-01
1.256830601092896182e-01 3.196721311475410054e-01 4.016393442622950838e-01 4.180327868852459217e-01 4.234972677595628676e-01 4.453551912568305959e-01 4.480874316939890689e-01 4.480874316939890689e-01 4.480874316939890689e-01 4.480874316939890689e-01
7.371794871794871973e-02 1.698717948717948789e-01 2.051282051282051211e-01 2.147435897435897301e-01 2.147435897435897301e-01 2.211538461538461453e-01 2.275641025641025605e-01 2.307692307692307820e-01 2.403846153846153910e-01 2.403846153846153910e-01
1.068965517241379365e-01 1.758620689655172320e-01 2.068965517241379282e-01 2.206896551724137900e-01 2.310344827586206795e-01 2.448275862068965414e-01 2.517241379310344862e-01 2.551724137931034586e-01 2.586206896551724310e-01 2.758620689655172376e-01
5.487804878048780921e-01 7.386759581881533476e-01 7.831010452961671975e-01 7.944250871080139609e-01 7.996515679442508517e-01 8.022648083623693527e-01 8.040069686411149830e-01 8.057491289198606133e-01 8.092334494773518738e-01 8.101045296167247445e-01
5.691768826619965083e-01 7.495621716287215186e-01 7.872154115586690315e-01 7.985989492119088817e-01 8.038528896672504365e-01 8.082311733800350284e-01 8.082311733800350284e-01 8.091068301225919912e-01 8.091068301225919912e-01 8.099824868651488430e-01
5.666058394160583545e-01 7.563868613138685637e-01 7.965328467153284242e-01 8.074817518248175174e-01 8.138686131386860811e-01 8.166058394160583545e-01 8.175182481751824826e-01 8.184306569343066107e-01 8.184306569343066107e-01 8.184306569343066107e-01
5.494393476044852065e-01 7.033639143730886500e-01 7.420998980632008690e-01 7.512742099898063186e-01 7.563710499490315931e-01 7.604485219164118792e-01 7.604485219164118792e-01 7.614678899082568675e-01 7.614678899082568675e-01 7.624872579001019668e-01
4.221635883905013320e-01 5.606860158311345321e-01 5.989445910290237540e-01 6.042216358839049839e-01 6.108179419525066045e-01 6.160949868073878344e-01 6.174142480211082251e-01 6.200527704485487845e-01 6.200527704485487845e-01 6.200527704485487845e-01
6.758572752548656082e-01 8.989805375347543759e-01 9.332715477293790363e-01 9.406858202038924643e-01 9.432344763670065246e-01 9.453197405004634124e-01 9.462465245597775354e-01 9.464782205746060662e-01 9.467099165894347079e-01 9.469416126042632387e-01
6.715379262352122458e-01 8.891208536302481757e-01 9.269311064718163129e-01 9.334261192298770604e-01 9.343539781953142942e-01 9.369055903502667704e-01 9.371375550916261066e-01 9.376014845743446680e-01 9.378334493157040042e-01 9.389932730225005741e-01
5.329890992541594930e-01 7.923121055651176636e-01 8.511187607573149627e-01 8.723465289730349959e-01 8.760757314974182419e-01 8.792312105565117664e-01 8.815261044176706529e-01 8.818129661503155692e-01 8.818129661503155692e-01 8.820998278829603745e-01
1.877230549607423193e-01 4.061384725196288126e-01 5.210563882940756342e-01 5.724482512491078090e-01 5.860099928622412024e-01 5.995717344753747069e-01 6.038543897216274159e-01 6.038543897216274159e-01 6.067094932191291479e-01 6.067094932191291479e-01
9.552238805970149349e-02 2.388059701492537268e-01 3.293532338308457486e-01 3.721393034825870583e-01 3.830845771144278378e-01 3.940298507462686728e-01 3.980099502487562391e-01 4.019900497512438053e-01 4.029850746268656692e-01 4.029850746268656692e-01
1.125226860254083527e-01 2.087114337568058142e-01 2.468239564428312272e-01 2.667876588021778628e-01 2.686025408348457488e-01 2.722323049001814654e-01 2.776769509981851236e-01 2.813067150635208957e-01 2.831215970961887263e-01 2.885662431941923844e-01
1.518404907975460238e-01 3.159509202453987808e-01 3.619631901840490995e-01 3.803680981595092270e-01 3.880368098159509005e-01 3.972392638036809642e-01 4.003067484662576891e-01 4.018404907975460238e-01 4.033742331288343586e-01 4.033742331288343586e-01
2.120141342756183822e-01 4.040047114252061089e-01 4.911660777385158938e-01 5.217903415783274879e-01 5.276796230859834846e-01 5.406360424028268108e-01 5.453474676089516970e-01 5.465253239104829186e-01 5.488810365135453617e-01 5.547703180212013585e-01
2.268314210061782854e-01 4.854368932038835016e-01 6.098852603706972353e-01 6.504854368932039277e-01 6.672550750220652693e-01 6.760812003530449754e-01 6.787290379523389650e-01 6.884377758164166305e-01 6.937334510150043876e-01 6.990291262135922556e-01
5.595667870036100805e-02 1.768953068592057642e-01 2.418772563176895263e-01 2.617328519855595670e-01 2.689530685920577535e-01 2.761732851985559400e-01 2.797833935018050333e-01 2.833935018050541266e-01 2.851985559566787010e-01 2.888086642599277942e-01
1.749397590361445876e-01 3.662650602409638356e-01 4.544578313253012092e-01 4.853012048192771322e-01 4.925301204819277356e-01 4.997590361445783391e-01 5.016867469879517927e-01 5.045783132530120563e-01 5.069879518072288871e-01 5.103614457831325835e-01
1.759500260281103567e-01 3.748047891723060854e-01 4.716293597084851852e-01 4.940135346173867847e-01 5.028630921395106368e-01 5.091098386257157937e-01 5.117126496616345444e-01 5.127537740760020890e-01 5.158771473191046120e-01 5.184799583550234736e-01
1.934619506966773761e-01 3.542336548767416882e-01 4.271168274383708718e-01 4.490889603429796262e-01 4.592711682743836898e-01 4.673097534833869360e-01 4.699892818863879995e-01 4.726688102893890631e-01 4.758842443729903726e-01 4.764201500535905631e-01
1.301775147928994070e-01 2.857988165680473425e-01 3.621301775147928725e-01 3.816568047337278169e-01 3.869822485207100593e-01 3.917159763313609599e-01 3.946745562130177243e-01 3.946745562130177243e-01 3.958579881656804633e-01 3.964497041420118606e-01
0.000000000000000000e+00 1.635322976287816900e-03 3.270645952575633800e-03 4.088307440719541816e-03 4.905968928863450700e-03 4.905968928863450700e-03 4.905968928863450700e-03 4.905968928863450700e-03 4.905968928863450700e-03 4.905968928863450700e-03
9.582919563058589496e-02 2.326216484607745716e-01 2.919563058589870752e-01 3.043694141012909804e-01 3.083416087388282101e-01 3.142999006951340824e-01 3.190168818272095530e-01 3.257199602780536107e-01 3.269612711022840124e-01 3.294438927507447601e-01
1.782619460262441224e-02 1.797474622431294855e-01 3.010646199554344871e-01 3.429066600643723706e-01 3.476107947511760110e-01 3.535528596187175188e-01 3.567714780886357961e-01 3.634563010646199577e-01 3.661797474622431325e-01 3.718742262936370335e-01
3.319895660422100912e-03 9.034858904434432680e-02 2.601375385345032210e-01 3.578373251126393262e-01 3.718283139672753368e-01 3.779938344794878113e-01 3.820251363528575084e-01 3.889020630780175569e-01 3.931705003557031119e-01 3.976760730377045250e-01
7.215007215007215001e-04 1.948051948051948007e-02 1.180856180856180854e-01 3.359788359788359879e-01 3.689273689273689372e-01 3.778258778258778428e-01 3.821548821548821362e-01 3.860028860028860143e-01 3.898508898508898368e-01 3.946608946608946566e-01
2.247696111485727099e-04 7.866936390200045606e-03 6.226118228815464423e-02 3.459204315576533961e-01 4.122274668464823710e-01 4.230164081816138455e-01 4.284108788491796105e-01 4.313328837941110550e-01 4.371768936839739439e-01 4.403236682400539226e-01
4.115713346482577362e-01 6.071663379355687340e-01 6.492439184746876535e-01 6.568047337278106745e-01 6.617357001972387076e-01 6.640368178829717527e-01 6.669953977646285725e-01 6.686390532544378429e-01 6.712689020381328309e-01 6.725838264299802693e-01
1.636661211129296356e-02 5.564648117839607333e-02 7.201309328968903689e-02 7.937806873977086564e-02 8.183306055646481780e-02 8.346972176759411000e-02 8.428805237315875609e-02 8.756137479541735436e-02 8.919803600654664655e-02 9.165302782324058484e-02
2.101167315175097444e-02 6.303501945525291639e-02 7.937743190661478154e-02 8.482490272373541251e-02 8.949416342412451486e-02 9.105058365758754435e-02 9.182879377431907297e-02 9.182879377431907297e-02 9.260700389105058772e-02 9.338521400778210246e-02
2.973395931142409909e-02 6.181533646322378422e-02 7.981220657276995312e-02 8.450704225352112520e-02 8.763693270735524454e-02 8.841940532081377091e-02 9.076682316118936389e-02 9.233176838810641662e-02 9.311424100156494299e-02 9.311424100156494299e-02
1.536643026004728130e-01 2.949172576832151393e-01 3.410165484633569943e-01 3.552009456264775267e-01 3.587470449172576736e-01 3.599290780141843893e-01 3.640661938534279218e-01 3.646572104018912519e-01 3.658392434988179676e-01 3.682033096926713989e-01
4.817380352644836106e-01 8.482367758186397655e-01 8.797229219143576362e-01 8.828715365239294677e-01 8.866498740554156210e-01 8.910579345088160963e-01 8.948362720403022497e-01 8.967254408060453263e-01 9.017632241813602345e-01 9.061712846347607098e-01
3.975720789074355110e-01 7.541729893778452709e-01 7.981790591805766333e-01 8.057663125948406613e-01 8.095599393019726753e-01 8.133535660091046893e-01 8.163884673748103005e-01 8.224582701062215229e-01 8.308042488619119537e-01 8.338391502276175649e-01
3.064039408866995329e-01 5.852216748768472865e-01 6.236453201970443283e-01 6.325123152709359875e-01 6.384236453201970196e-01 6.453201970443349644e-01 6.512315270935961076e-01 6.541871921182266236e-01 6.600985221674876557e-01 6.620689655172413701e-01
1.995073891625615825e-01 4.741379310344827624e-01 5.307881773399014680e-01 5.381773399014778692e-01 5.467980295566502447e-01 5.504926108374383897e-01 5.541871921182266458e-01 5.578817733990147909e-01 5.628078817733990213e-01 5.640394088669951067e-01
2.228915662650602370e-01 3.313253012048192891e-01 3.594377510040160373e-01 3.694779116465863322e-01 3.714859437751004134e-01 3.755020080321285203e-01 3.835341365461847341e-01 3.875502008032128409e-01 3.895582329317269221e-01 3.935742971887550290e-01
4.154351395730705998e-01 6.518883415435139383e-01 7.257799671592775059e-01 7.487684729064039146e-01 7.520525451559934016e-01 7.569786535303776320e-01 7.586206896551723755e-01 7.635467980295566059e-01 7.684729064039408364e-01 7.750410509031199213e-01
2.765432098765431834e-01 4.246913580246913789e-01 4.987654320987654488e-01 5.111111111111110716e-01 5.209876543209877031e-01 5.308641975308642236e-01 5.333333333333333259e-01 5.358024691358024283e-01 5.358024691358024283e-01 5.358024691358024283e-01
1.409395973154362325e-01 1.744966442953020114e-01 2.214765100671141074e-01 2.382550335570469691e-01 2.416107382550335692e-01 2.416107382550335692e-01 2.416107382550335692e-01 2.416107382550335692e-01 2.449664429530201415e-01 2.449664429530201415e-01
1.546762589928057652e-01 1.978417266187050272e-01 2.266187050359712296e-01 2.482014388489208745e-01 2.517985611510791255e-01 2.589928057553956831e-01 2.589928057553956831e-01 2.589928057553956831e-01 2.589928057553956831e-01 2.625899280575539341e-01
1.635687732342007428e-01 2.044609665427509215e-01 2.118959107806691333e-01 2.118959107806691333e-01 2.156133828996282531e-01 2.193308550185873729e-01 2.267657992565055847e-01 2.267657992565055847e-01 2.267657992565055847e-01 2.267657992565055847e-01
5.043859649122807154e-01 7.105263157894736725e-01 7.609649122807017330e-01 7.697368421052631637e-01 7.719298245614034659e-01 7.741228070175438791e-01 7.741228070175438791e-01 7.741228070175438791e-01 7.763157894736841813e-01 7.785087719298245945e-01
4.358974358974359031e-01 5.954415954415954726e-01 6.153846153846154188e-01 6.153846153846154188e-01 6.182336182336182206e-01 6.182336182336182206e-01 6.210826210826211335e-01 6.210826210826211335e-01 6.210826210826211335e-01 6.210826210826211335e-01
3.832752613240418271e-01 5.331010452961671975e-01 5.609756097560976151e-01 5.609756097560976151e-01 5.679442508710801363e-01 5.714285714285713969e-01 5.714285714285713969e-01 5.749128919860627684e-01 5.749128919860627684e-01 5.749128919860627684e-01
2.602230483271375516e-01 4.014869888475836590e-01 4.423791821561338100e-01 4.572490706319702336e-01 4.609665427509293534e-01 4.609665427509293534e-01 4.609665427509293534e-01 4.609665427509293534e-01 4.609665427509293534e-01 4.684014869888475929e-01
2.281368821292775739e-01 3.688212927756653881e-01 4.182509505703422281e-01 4.296577946768060929e-01 4.296577946768060929e-01 4.296577946768060929e-01 4.296577946768060929e-01 4.296577946768060929e-01 4.296577946768060929e-01 4.296577946768060929e-01
6.040268456375839090e-01 8.568232662192393212e-01 8.993288590604027188e-01 9.038031319910514449e-01 9.127516778523490082e-01 9.149888143176734268e-01 9.172259507829977343e-01 9.194630872483221529e-01 9.194630872483221529e-01 9.194630872483221529e-01
5.432098765432098464e-01 7.925925925925926263e-01 8.716049382716049010e-01 8.888888888888888395e-01 8.938271604938271553e-01 8.962962962962962576e-01 8.962962962962962576e-01 8.962962962962962576e-01 8.962962962962962576e-01 9.012345679012345734e-01
4.914841849148418595e-01 7.250608272506082752e-01 7.956204379562044071e-01 8.175182481751824826e-01 8.296836982968369689e-01 8.296836982968369689e-01 8.296836982968369689e-01 8.296836982968369689e-01 8.321167883211678662e-01 8.394160583941605580e-01
4.404145077720207357e-01 7.072538860103626535e-01 8.005181347150258642e-01 8.264248704663212930e-01 8.264248704663212930e-01 8.341968911917098106e-01 8.341968911917098106e-01 8.393782383419688964e-01 8.393782383419688964e-01 8.419689119170984393e-01
4.733009708737864196e-01 7.281553398058252524e-01 8.228155339805824919e-01 8.470873786407766559e-01 8.567961165048543215e-01 8.616504854368931543e-01 8.640776699029125707e-01 8.640776699029125707e-01 8.665048543689319871e-01 8.713592233009708199e-01
5.481682496607869215e-01 7.503392130257802162e-01 8.168249660786973676e-01 8.276797829036635079e-01 8.276797829036635079e-01 8.303934871099050152e-01 8.344640434192672762e-01 8.371777476255087835e-01 8.385345997286295372e-01 8.385345997286295372e-01
4.635193133047210146e-01 7.010014306151645114e-01 7.753934191702431811e-01 7.839771101573677070e-01 7.911301859799714231e-01 7.911301859799714231e-01 7.911301859799714231e-01 7.925608011444921219e-01 7.925608011444921219e-01 7.925608011444921219e-01
4.089347079037800592e-01 6.512027491408934887e-01 7.216494845360824639e-01 7.525773195876288568e-01 7.560137457044673326e-01 7.577319587628865705e-01 7.611683848797250462e-01 7.646048109965635220e-01 7.680412371134021088e-01 7.697594501718213467e-01
3.969594594594594850e-01 6.131756756756756577e-01 6.959459459459459429e-01 7.246621621621621712e-01 7.297297297297297147e-01 7.381756756756756577e-01 7.398648648648649129e-01 7.432432432432432012e-01 7.466216216216216006e-01 7.533783783783783994e-01
4.541213063763608337e-01 6.687402799377916152e-01 7.449455676516330005e-01 7.573872472783825804e-01 7.589424572317262641e-01 7.667185069984447932e-01 7.713841368584758440e-01 7.729393468118196386e-01 7.760497667185070059e-01 7.791601866251943731e-01
2.611731843575418877e-01 4.888268156424581123e-01 5.488826815642458001e-01 5.614525139664804376e-01 5.628491620111731875e-01 5.656424581005586871e-01 5.656424581005586871e-01 5.698324022346368256e-01 5.712290502793295754e-01 5.712290502793295754e-01
2.394540942928039817e-01 4.913151364764267726e-01 5.732009925558312347e-01 5.918114143920595316e-01 6.017369727047146011e-01 6.042183622828783962e-01 6.054590570719603493e-01 6.066997518610421913e-01 6.091811414392059865e-01 6.091811414392059865e-01
1.671732522796352538e-01 4.316109422492401260e-01 5.303951367781154502e-01 5.562310030395136717e-01 5.683890577507598740e-01 5.714285714285713969e-01 5.714285714285713969e-01 5.744680851063830307e-01 5.759878419452887366e-01 5.759878419452887366e-01
1.069767441860465101e-01 3.364341085271317922e-01 4.883720930232557933e-01 5.116279069767442067e-01 5.116279069767442067e-01 5.224806201550387108e-01 5.271317829457364823e-01 5.286821705426356655e-01 5.302325581395348486e-01 5.317829457364341428e-01
7.528641571194762128e-02 2.635024549918166814e-01 3.731587561374795636e-01 4.058919803600654630e-01 4.157119476268412162e-01 4.222585924713584404e-01 4.255319148936170248e-01 4.288052373158756092e-01 4.304418985270049292e-01 4.337152209492635135e-01
6.375112714156898619e-01 7.876465284039675385e-01 8.029756537421099960e-01 8.061316501352570052e-01 8.070333633904418491e-01 8.079350766456266930e-01 8.083859332732191705e-01 8.088367899008115369e-01 8.101893597835888583e-01 8.106402164111812247e-01
6.847307430129515593e-01 8.531015678254941781e-01 8.745739604635309750e-01 8.807089297886844248e-01 8.837764144512610942e-01 8.844580777096114899e-01 8.854805725971369723e-01 8.865030674846625658e-01 8.878663940013633571e-01 8.902522154055896308e-01
6.977372509287402824e-01 8.632218844984802519e-01 8.841607565011820880e-01 8.905775075987841793e-01 8.929415737926376107e-01 8.946301925025329504e-01 8.966565349544073360e-01 8.983451536643025648e-01 8.983451536643025648e-01 8.996960486322188588e-01
6.795395469736353888e-01 8.525807649461567550e-01 8.707760861492759297e-01 8.789454140363905932e-01 8.800594132937245018e-01 8.811734125510582993e-01 8.826587448941700664e-01 8.841440772372818335e-01 8.841440772372818335e-01 8.860007426661715701e-01
5.130653266331658413e-01 6.603015075376884591e-01 6.829145728643215563e-01 6.864321608040201417e-01 6.884422110552763652e-01 6.894472361809045324e-01 6.919597989949748396e-01 6.934673366834170904e-01 6.959798994974873976e-01 6.969849246231155648e-01
2.017543859649122695e-01 4.257759784075573761e-01 4.993252361673414241e-01 5.202429149797570540e-01 5.276653171390013330e-01 5.310391363022941569e-01 5.337381916329284604e-01 5.344129554655870917e-01 5.350877192982456121e-01 5.377867746288799156e-01
1.646682653876898605e-01 3.509192645883293382e-01 4.244604316546762846e-01 4.484412470023980690e-01 4.604316546762590168e-01 4.652278177458033515e-01 4.676258992805755188e-01 4.700239808153477417e-01 4.700239808153477417e-01 4.708233413269384271e-01
1.056014692378328679e-01 2.525252525252525415e-01 2.910927456382002010e-01 3.085399449035812758e-01 3.103764921946740030e-01 3.158861340679522400e-01 3.177226813590450227e-01 3.195592286501377499e-01 3.223140495867768407e-01 3.232323232323232598e-01
8.568443051201671268e-02 1.995820271682340608e-01 2.476489028213166022e-01 2.622779519331243647e-01 2.654127481713688397e-01 2.685475444096133701e-01 2.695924764890282321e-01 2.695924764890282321e-01 2.706374085684430386e-01 2.716823406478579006e-01
5.585980284775465821e-02 1.631982475355969464e-01 2.102957283680175204e-01 2.124863088718510484e-01 2.179627601314348406e-01 2.201533406352683409e-01 2.212486308871851048e-01 2.234392113910186328e-01 2.256297918948521330e-01 2.256297918948521330e-01
4.067796610169491234e-02 1.779661016949152519e-01 3.406779661016949290e-01 3.949152542372881269e-01 3.966101694915254439e-01 4.067796610169491789e-01 4.118644067796610186e-01 4.118644067796610186e-01 4.118644067796610186e-01 4.135593220338982801e-01
8.506944444444444753e-02 2.083333333333333426e-01 2.621527777777777901e-01 2.777777777777777901e-01 2.829861111111111049e-01 2.881944444444444198e-01 2.916666666666666852e-01 2.951388888888888951e-01 2.968750000000000000e-01 2.986111111111111049e-01
2.314814814814814686e-03 2.546296296296296155e-02 5.787037037037037063e-02 9.259259259259258745e-02 1.134259259259259300e-01 1.203703703703703637e-01 1.250000000000000000e-01 1.296296296296296224e-01 1.296296296296296224e-01 1.342592592592592726e-01
1.113585746102449883e-02 3.118040089086859812e-02 6.681514476614699993e-02 9.799554565701558417e-02 1.158129175946547851e-01 1.314031180400890841e-01 1.336302895322939999e-01 1.336302895322939999e-01 1.358574610244988878e-01 1.403118040089086915e-01
1.026615969581749083e-01 1.863117870722433567e-01 2.224334600760456138e-01 2.243346007604562764e-01 2.243346007604562764e-01 2.300380228136882088e-01 2.300380228136882088e-01 2.319391634980988715e-01 2.338403041825095063e-01 2.338403041825095063e-01
4.860587792012057151e-01 6.978146194423511250e-01 7.362471740768651296e-01 7.407686510926903001e-01 7.430293896006028298e-01 7.430293896006028298e-01 7.445365486058779236e-01 7.467972871137904534e-01 7.498116051243406410e-01 7.528259231348907177e-01
1.416184971098266021e-01 2.789017341040462283e-01 3.208092485549132733e-01 3.424855491329479862e-01 3.497109826589595571e-01 3.554913294797688028e-01 3.569364161849710726e-01 3.583815028901733979e-01 3.612716763005780485e-01 3.627167630057803738e-01
8.113207547169810907e-02 1.547169811320754651e-01 1.660377358490565947e-01 1.698113207547169712e-01 1.735849056603773477e-01 1.773584905660377242e-01 1.773584905660377242e-01 1.773584905660377242e-01 1.792452830188679125e-01 1.792452830188679125e-01
1.363636363636363535e-01 2.441077441077441068e-01 2.929292929292929282e-01 3.097643097643097421e-01 3.198653198653198526e-01 3.215488215488215284e-01 3.249158249158249356e-01 3.299663299663299632e-01 3.333333333333333148e-01 3.383838383838383979e-01
5.736137667304015003e-02 9.942638623326960357e-02 1.089866156787762941e-01 1.147227533460803001e-01 1.242829827915870045e-01 1.281070745697896751e-01 1.281070745697896751e-01 1.300191204588910243e-01 1.319311663479923458e-01 1.357552581261950164e-01
5.232303575772317972e-01 7.487229384577961389e-01 7.973729019703235110e-01 8.073461444903916595e-01 8.126976404767696227e-01 8.168328873753344377e-01 8.185356360982729562e-01 8.204816346387739934e-01 8.214546339090246230e-01 8.229141328144004008e-01
4.296250768285187482e-01 6.696373693915180780e-01 7.237246465888137470e-01 7.317148125384143054e-01 7.378610940381069572e-01 7.415488629379225483e-01 7.427781192378610786e-01 7.440073755377996090e-01 7.449293177627535067e-01 7.458512599877074045e-01
3.710374639769452587e-01 6.156340057636887630e-01 6.714697406340057739e-01 6.829971181556195869e-01 6.891210374639769043e-01 6.920028818443804131e-01 6.959654178674351543e-01 6.992074927953890739e-01 6.992074927953890739e-01 7.006484149855908283e-01
2.712585034013605401e-01 5.076530612244898322e-01 5.684523809523809312e-01 5.803571428571429047e-01 5.863095238095238360e-01 5.901360544217687520e-01 5.914115646258503167e-01 5.952380952380952328e-01 5.994897959183673741e-01 5.999149659863945994e-01
1.849921834288691946e-01 3.934340802501302692e-01 4.585721730067743862e-01 4.705575820739968940e-01 4.742053152683689543e-01 4.773319437206878790e-01 4.794163626889004770e-01 4.825429911412194017e-01 4.835852006253256730e-01 4.851485148514851353e-01
3.677685950413223104e-01 6.570247933884297842e-01 8.319559228650137417e-01 8.842975206611570771e-01 8.870523415977961124e-01 8.925619834710744049e-01 8.939393939393939226e-01 8.966942148760330689e-01 8.966942148760330689e-01 8.994490358126722152e-01
1.673881673881673915e-01 5.454545454545454142e-01 7.748917748917748538e-01 8.513708513708513337e-01 8.643578643578643250e-01 8.672438672438672613e-01 8.730158730158730229e-01 8.759018759018758482e-01 8.787878787878787845e-01 8.787878787878787845e-01
1.090289608177172076e-01 3.850085178875639058e-01 6.320272572402044764e-01 7.240204429301533295e-01 7.342419080068143256e-01 7.461669505962521542e-01 7.512776831345826523e-01 7.563884156729131503e-01 7.563884156729131503e-01 7.580919931856899829e-01
8.747044917257683350e-02 3.215130023640662138e-01 5.177304964539006793e-01 5.862884160756500762e-01 5.957446808510638014e-01 6.004728132387706641e-01 6.028368794326240954e-01 6.122931442080378206e-01 6.146572104018912519e-01 6.146572104018912519e-01
1.915708812260536256e-02 5.363984674329502073e-02 1.685823754789272100e-01 2.643678160919540332e-01 2.758620689655172376e-01 2.873563218390804419e-01 3.103448275862069061e-01 3.218390804597701105e-01 3.409961685823754696e-01 3.524904214559386739e-01
2.469135802469135665e-02 8.024691358024690913e-02 1.388888888888888951e-01 1.851851851851851749e-01 2.222222222222222099e-01 2.407407407407407274e-01 2.530864197530864335e-01 2.530864197530864335e-01 2.530864197530864335e-01 2.561728395061728669e-01
4.187192118226600729e-02 1.945812807881773521e-01 3.054187192118226757e-01 3.596059113300492660e-01 3.891625615763547041e-01 4.064039408866995107e-01 4.162561576354679715e-01 4.187192118226600868e-01 4.236453201970443172e-01 4.285714285714285476e-01
8.902077151335311897e-03 2.967359050445103966e-02 6.231454005934718154e-02 1.008902077151335314e-01 1.246290801186943631e-01 1.424332344213649904e-01 1.424332344213649904e-01 1.543026706231453993e-01 1.572700296735904946e-01 1.572700296735904946e-01
0.000000000000000000e+00 3.206997084548104948e-02 8.454810495626821631e-02 1.574344023323615283e-01 1.661807580174927135e-01 1.778425655976676456e-01 1.807580174927113648e-01 1.865889212827988308e-01 1.924198250728862969e-01 1.924198250728862969e-01
1.530612244897959148e-02 1.122448979591836732e-01 2.321428571428571508e-01 3.316326530612244694e-01 3.622448979591836871e-01 3.877551020408163129e-01 4.030612244897959218e-01 4.030612244897959218e-01 4.081632653061224580e-01 4.107142857142856984e-01
5.855338691159586717e-02 2.078071182548794360e-01 3.295063145809414284e-01 3.800229621125143509e-01 3.915040183696900100e-01 3.926521239954075537e-01 3.926521239954075537e-01 3.926521239954075537e-01 3.938002296211251529e-01 3.938002296211251529e-01
7.886435331230283452e-03 7.255520504731861886e-02 1.829652996845425872e-01 2.539432176656151174e-01 2.760252365930599416e-01 2.807570977917980826e-01 2.854889589905362790e-01 2.870662460567823260e-01 2.886435331230283730e-01 2.933753943217665694e-01
4.135893648449039811e-02 2.319054652880354617e-01 4.047267355982274717e-01 4.497784342688330717e-01 4.608567208271787119e-01 4.615952732644017509e-01 4.623338257016247899e-01 4.638109305760709233e-01 4.638109305760709233e-01 4.652880354505170013e-01
2.286719437115215456e-02 2.198768689533860954e-01 4.441512752858399193e-01 5.153913808267370777e-01 5.206684256816183076e-01 5.259454705364995375e-01 5.277044854881266511e-01 5.285839929639402079e-01 5.285839929639402079e-01 5.285839929639402079e-01
3.250773993808049600e-02 2.445820433436532437e-01 4.984520123839009109e-01 6.207430340557275050e-01 6.362229102167182848e-01 6.377708978328173739e-01 6.408668730650154410e-01 6.408668730650154410e-01 6.439628482972136192e-01 6.455108359133127083e-01
8.206811653672548001e-04 6.565449322938038401e-03 3.323758719737381767e-02 1.161263848994665560e-01 4.021337710299548451e-01 7.554370127205580765e-01 7.915469839967173016e-01 7.952400492408698840e-01 7.985227739023389448e-01 7.997537956503898426e-01
3.089598352214212047e-03 2.677651905252317194e-02 7.260556127703399198e-02 3.419155509783727842e-01 6.549948506694129868e-01 6.987641606591142862e-01 7.049433573635427441e-01 7.085478887744592891e-01 7.100926879505664591e-01 7.152420185375900630e-01
5.555555555555555551e-04 7.222222222222221891e-03 5.611111111111111160e-02 1.788888888888888751e-01 3.522222222222222143e-01 5.716666666666666563e-01 6.533333333333333215e-01 6.577777777777777946e-01 6.577777777777777946e-01 6.594444444444444997e-01
0.000000000000000000e+00 0.000000000000000000e+00 0.000000000000000000e+00 0.000000000000000000e+00 1.012145748987854262e-03 1.214574898785425114e-02 1.437246963562752999e-01 2.722672064777327816e-01 2.894736842105263275e-01 2.925101214574898911e-01
2.412545235223160275e-03 3.377563329312424645e-02 1.399276236429433107e-01 2.279855247285886566e-01 2.388419782870928876e-01 2.484921592279855374e-01 2.509047044632086720e-01 2.521109770808202533e-01 2.533172496984318345e-01 2.545235223160434157e-01
4.874301675977653625e-01 7.444134078212290007e-01 8.365921787709497126e-01 8.547486033519553494e-01 8.687150837988827368e-01 8.743016759776536251e-01 8.756983240223463749e-01 8.770949720670391248e-01 8.798882681564246244e-01 8.826815642458100131e-01
3.300589390962672121e-01 5.893909626719057160e-01 6.836935166994105861e-01 7.190569744597249402e-01 7.328094302554027939e-01 7.367387033398821172e-01 7.387033398821217789e-01 7.387033398821217789e-01 7.485265225933201982e-01 7.544204322200392943e-01
9.130434782608695676e-02 2.043478260869565355e-01 2.391304347826087029e-01 2.565217391304348005e-01 2.608695652173912971e-01 2.739130434782608425e-01 2.739130434782608425e-01 2.782608695652173947e-01 2.869565217391304435e-01 2.956521739130434923e-01
3.555093555093555291e-01 5.841995841995841765e-01 6.798336798336798159e-01 7.172557172557172400e-01 7.214137214137213983e-01 7.297297297297297147e-01 7.338877338877338730e-01 7.338877338877338730e-01 7.359667359667360076e-01 7.380457380457380312e-01
3.119047619047619069e-01 4.976190476190476275e-01 6.238095238095238138e-01 6.619047619047618847e-01 6.761904761904762307e-01 6.857142857142857206e-01 6.904761904761904656e-01 6.928571428571428381e-01 6.952380952380952106e-01 6.976190476190475831e-01
4.184234647112740624e-01 6.457378551787350540e-01 7.172318973418881916e-01 7.341888175985334941e-01 7.419798350137488674e-01 7.479376718606782770e-01 7.511457378551786856e-01 7.516040329972502043e-01 7.525206232813932417e-01 7.548120989917507240e-01
2.402327514546965803e-01 4.231088944305901878e-01 4.962593516209476419e-01 5.187032418952618462e-01 5.286783042394015419e-01 5.320033250207814035e-01 5.378221113881961335e-01 5.411471321695761061e-01 5.411471321695761061e-01 5.411471321695761061e-01
9.833971902937420351e-02 1.724137931034482873e-01 2.247765006385696041e-01 2.349936143039591252e-01 2.362707535121328362e-01 2.413793103448275967e-01 2.426564495530012799e-01 2.452107279693486463e-01 2.464878671775223573e-01 2.490421455938697237e-01
5.164992826398852321e-02 9.325681492109039183e-02 1.104734576757532283e-01 1.176470588235294101e-01 1.233859397417503556e-01 1.248206599713055920e-01 1.248206599713055920e-01 1.262553802008608284e-01 1.262553802008608284e-01 1.262553802008608284e-01
2.384219554030874710e-01 4.391080617495711769e-01 5.000000000000000000e-01 5.274442538593482332e-01 5.360205831903944729e-01 5.403087478559176482e-01 5.428816466552315312e-01 5.471698113207547065e-01 5.488850771869639988e-01 5.514579759862778818e-01
6.210268948655256471e-01 7.457212713936430815e-01 7.640586797066014624e-01 7.713936430317848147e-01 7.762836185819070867e-01 7.799511002444987628e-01 7.860635696821516305e-01 7.872860635696821152e-01 7.921760391198043871e-01 7.921760391198043871e-01
5.954545454545454586e-01 7.568181818181818343e-01 7.852272727272727737e-01 7.909090909090908950e-01 7.965909090909091272e-01 8.022727272727272485e-01 8.034090909090909616e-01 8.068181818181817677e-01 8.125000000000000000e-01 8.125000000000000000e-01
6.054852320675105926e-01 7.521097046413501852e-01 7.795358649789029259e-01 7.869198312236287407e-01 7.995780590717299630e-01 8.037974683544303334e-01 8.069620253164556667e-01 8.101265822784810000e-01 8.132911392405063333e-01 8.143459915611814814e-01
4.823066841415465378e-01 6.487549148099607255e-01 6.906946264744430186e-01 7.064220183486238369e-01 7.155963302752293975e-01 7.169069462647443824e-01 7.221494102228047662e-01 7.234600262123197512e-01 7.260812581913499431e-01 7.260812581913499431e-01
5.871313672922251481e-01 7.104557640750670533e-01 7.211796246648793929e-01 7.265415549597855627e-01 7.305630026809651900e-01 7.359249329758713598e-01 7.372654155495979023e-01 7.426273458445040720e-01 7.426273458445040720e-01 7.439678284182306145e-01
3.277153558052434655e-03 4.681647940074906700e-02 2.771535580524344677e-01 4.784644194756554336e-01 5.454119850187265639e-01 5.674157303370787053e-01 5.749063670411984628e-01 5.777153558052434690e-01 5.819288389513108672e-01 5.856741573033708015e-01
6.571318129107073594e-03 1.321994588326246556e-01 4.433706996521066812e-01 6.064940085040587681e-01 6.420564360262852599e-01 6.590645535369153984e-01 6.660224197912639754e-01 6.695013529184383749e-01 6.752995747970622631e-01 6.799381522999613514e-01
2.528548123980424098e-02 6.443719412724306650e-02 8.075040783034258263e-02 9.706362153344208488e-02 1.003262642740619937e-01 1.027732463295269183e-01 1.044045676998368727e-01 1.084828711256117517e-01 1.084828711256117517e-01 1.092985318107667220e-01
1.174989509022240919e-02 1.464540495174150303e-01 4.309693663449433720e-01 5.497272345782626690e-01 5.824590851867393893e-01 5.992446496013428270e-01 6.038606798153587363e-01 6.088963491397397787e-01 6.147712966848509764e-01 6.185480486781368414e-01
2.090770015298317255e-02 1.861295257521672630e-01 3.921468638449770450e-01 4.829168791432942309e-01 5.012748597654258509e-01 5.140234574196838047e-01 5.191228964813870972e-01 5.232024477307496424e-01 5.277919428862825058e-01 5.318714941356450510e-01
2.097560975609756018e-01 3.853658536585365946e-01 4.731707317073170493e-01 5.365853658536585691e-01 5.707317073170731225e-01 5.999999999999999778e-01 6.097560975609755962e-01 6.195121951219512146e-01 6.439024390243902607e-01 6.634146341463414975e-01
1.138211382113821085e-01 2.520325203252032353e-01 3.008130081300813274e-01 3.089430894308943243e-01 3.170731707317073211e-01 3.170731707317073211e-01 3.252032520325203180e-01 3.333333333333333148e-01 3.414634146341463672e-01 3.577235772357723609e-01
4.672897196261682068e-02 1.121495327102803724e-01 1.495327102803738206e-01 1.495327102803738206e-01 1.495327102803738206e-01 1.495327102803738206e-01 1.495327102803738206e-01 1.495327102803738206e-01 1.495327102803738206e-01 1.495327102803738206e-01
1.111111111111111154e-02 3.333333333333333287e-02 4.444444444444444614e-02 4.444444444444444614e-02 4.444444444444444614e-02 4.444444444444444614e-02 5.555555555555555247e-02 5.555555555555555247e-02 5.555555555555555247e-02 5.555555555555555247e-02
1.190476190476190410e-02 2.380952380952380820e-02 3.571428571428571230e-02 7.142857142857142461e-02 7.142857142857142461e-02 7.142857142857142461e-02 7.142857142857142461e-02 7.142857142857142461e-02 7.142857142857142461e-02 7.142857142857142461e-02
1.652574942352036738e-02 1.199077632590315190e-01 3.973866256725595569e-01 5.799385088393543830e-01 6.022290545734050315e-01 6.126056879323596993e-01 6.199077632590315190e-01 6.264411990776326267e-01 6.318216756341276108e-01 6.372021521906225949e-01
7.759014148790506667e-03 1.551802829758101299e-01 4.071200365130077659e-01 5.253308991328160538e-01 5.381104518484710608e-01 5.476951163852121773e-01 5.522592423550890528e-01 5.540848927430397364e-01 5.600182565038794857e-01 5.613874942948425817e-01
3.103662321539416707e-03 7.510862818125388363e-02 2.942271880819367080e-01 3.631284916201117374e-01 3.699565487274984465e-01 3.755431409062693904e-01 3.817504655493482169e-01 3.867163252638112780e-01 3.929236499068901045e-01 3.960273122284295733e-01
8.034610630407910958e-03 1.038318912237330000e-01 3.454882571075401643e-01 4.190358467243510687e-01 4.276885043263288222e-01 4.338689740420271779e-01 4.369592088998763835e-01 4.425216316440049313e-01 4.456118665018541369e-01 4.505562422744128770e-01
2.967309304274937110e-01 6.121821737915619233e-01 7.306510198379435606e-01 7.549594858899133509e-01 7.675328303995530010e-01 7.742386141380274145e-01 7.787091366303436901e-01 7.845766974015088158e-01 7.884884045822855292e-01 7.918412964515227914e-01
2.707317073170731891e-01 5.512195121951219967e-01 6.560975609756097837e-01 6.829268292682927344e-01 6.975609756097560510e-01 7.219512195121950970e-01 7.292682926829268109e-01 7.365853658536585247e-01 7.414634146341463339e-01 7.463414634146341431e-01
2.500000000000000000e-01 5.394736842105263275e-01 6.131578947368421240e-01 6.552631578947368807e-01 6.736842105263157743e-01 6.842105263157894912e-01 6.947368421052632081e-01 7.026315789473683848e-01 7.052631578947368141e-01 7.157894736842105310e-01
4.870129870129870364e-02 1.753246753246753276e-01 3.409090909090908839e-01 4.480519480519480346e-01 4.870129870129870087e-01 5.097402597402597157e-01 5.194805194805194315e-01 5.259740259740259827e-01 5.259740259740259827e-01 5.324675324675324228e-01
4.065040650406503975e-02 1.869918699186991773e-01 3.495934959349593640e-01 4.186991869918699205e-01 4.268292682926829174e-01 4.308943089430894435e-01 4.349593495934959142e-01 4.430894308943089666e-01 4.430894308943089666e-01 4.430894308943089666e-01
6.752411575562701496e-02 2.572347266881028771e-01 4.437299035369774991e-01 4.887459807073954998e-01 4.983922829581993730e-01 5.016077170418006270e-01 5.048231511254018811e-01 5.112540192926045002e-01 5.144694533762057542e-01 5.144694533762057542e-01
7.005141388174807027e-01 8.701799485861182459e-01 8.907455012853470189e-01 8.984575835475578920e-01 9.023136246786632730e-01 9.087403598971722785e-01 9.087403598971722785e-01 9.100257069408740351e-01 9.100257069408740351e-01 9.113110539845757918e-01
5.007704160246533309e-01 7.488443759630200036e-01 7.966101694915254106e-01 8.058551617873651596e-01 8.104776579352850341e-01 8.135593220338983578e-01 8.151001540832049086e-01 8.166409861325115704e-01 8.197226502311247831e-01 8.243451463790446576e-01
2.595281306715063740e-01 6.261343012704174704e-01 7.114337568058076711e-01 7.241379310344827624e-01 7.295825771324864206e-01 7.368421052631578538e-01 7.422867513611615120e-01 7.441016333938293981e-01 7.441016333938293981e-01 7.495462794918330562e-01
1.839530332681017510e-01 5.596868884540117106e-01 7.025440313111546153e-01 7.064579256360078441e-01 7.103718199608610728e-01 7.201565557729940892e-01 7.240704500978473179e-01 7.279843444227005467e-01 7.338551859099804453e-01 7.358121330724070042e-01
1.720430107526881858e-01 5.311827956989246813e-01 6.258064516129032695e-01 6.387096774193548043e-01 6.408602150537634490e-01 6.494623655913978055e-01 6.516129032258064502e-01 6.537634408602150948e-01 6.602150537634408067e-01 6.602150537634408067e-01
4.114285714285714074e-02 1.291428571428571426e-01 1.874285714285714166e-01 2.320000000000000118e-01 2.457142857142857184e-01 2.685714285714285721e-01 2.857142857142856984e-01 2.948571428571428732e-01 3.005714285714285450e-01 3.039999999999999925e-01
0.000000000000000000e+00 0.000000000000000000e+00 0.000000000000000000e+00 1.233045622688039474e-03 4.932182490752157894e-03 8.631319358816275447e-03 1.233045622688039474e-02 1.356350184956843334e-02 2.959309494451294736e-02 5.548705302096177544e-02
0.000000000000000000e+00 0.000000000000000000e+00 1.069518716577540132e-03 1.069518716577540132e-03 1.069518716577540132e-03 1.069518716577540132e-03 3.208556149732620395e-03 8.556149732620321052e-03 2.245989304812834320e-02 7.486631016042780140e-02
0.000000000000000000e+00 1.833740831295843643e-02 6.601466992665036559e-02 1.356968215158924074e-01 1.454767726161369235e-01 1.650366748166259279e-01 1.723716381418092802e-01 1.735941320293398482e-01 1.784841075794620924e-01 1.833740831295843643e-01
3.631961259079903321e-03 9.685230024213075523e-03 5.447941888619854678e-02 1.622276029055690072e-01 1.864406779661016977e-01 2.058111380145278557e-01 2.167070217917675679e-01 2.215496368038741004e-01 2.300242130750605463e-01 2.360774818401936981e-01
4.365904365904366147e-01 6.153846153846154188e-01 6.715176715176714994e-01 6.964656964656964488e-01 7.027027027027027417e-01 7.130977130977130818e-01 7.214137214137213983e-01 7.214137214137213983e-01 7.234927234927235329e-01 7.255717255717255565e-01
4.977272727272727404e-01 6.613636363636363757e-01 7.068181818181817899e-01 7.181818181818181435e-01 7.227272727272727737e-01 7.249999999999999778e-01 7.272727272727272929e-01 7.295454545454544970e-01 7.295454545454544970e-01 7.295454545454544970e-01
4.722222222222222099e-01 6.289682539682539542e-01 6.944444444444444198e-01 7.063492063492063933e-01 7.162698412698412787e-01 7.182539682539682557e-01 7.261904761904761640e-01 7.281746031746031411e-01 7.281746031746031411e-01 7.281746031746031411e-01
5.230460921843687050e-01 6.953907815631262812e-01 7.414829659318636912e-01 7.575150300601202202e-01 7.715430861723446831e-01 7.755511022044088154e-01 7.795591182364729477e-01 7.875751503006012122e-01 7.875751503006012122e-01 7.935871743486974106e-01
4.842105263157894801e-01 6.336842105263157388e-01 6.800000000000000488e-01 6.989473684210526505e-01 7.094736842105263674e-01 7.178947368421052522e-01 7.242105263157895267e-01 7.326315789473684115e-01 7.368421052631578538e-01 7.410526315789474072e-01
1.152737752161383210e-02 2.881844380403458111e-02 3.458213256484150150e-02 4.034582132564841495e-02 4.034582132564841495e-02 4.034582132564841495e-02 4.034582132564841495e-02 4.034582132564841495e-02 4.034582132564841495e-02 4.034582132564841495e-02
1.079136690647482071e-02 1.079136690647482071e-02 1.079136690647482071e-02 1.079136690647482071e-02 1.079136690647482071e-02 1.079136690647482071e-02 1.079136690647482071e-02 1.079136690647482071e-02 1.079136690647482071e-02 1.079136690647482071e-02
0.000000000000000000e+00 8.797653958944282385e-03 8.797653958944282385e-03 8.797653958944282385e-03 8.797653958944282385e-03 8.797653958944282385e-03 8.797653958944282385e-03 8.797653958944282385e-03 8.797653958944282385e-03 8.797653958944282385e-03
7.220216606498195203e-03 1.083032490974729194e-02 1.444043321299639041e-02 2.527075812274368061e-02 2.527075812274368061e-02 2.527075812274368061e-02 2.888086642599278081e-02 2.888086642599278081e-02 2.888086642599278081e-02 2.888086642599278081e-02
8.368200836820082963e-03 2.092050209205020828e-02 2.510460251046025063e-02 3.347280334728033185e-02 3.347280334728033185e-02 3.347280334728033185e-02 3.347280334728033185e-02 3.347280334728033185e-02 3.347280334728033185e-02 3.347280334728033185e-02
2.132796780684104720e-01 4.446680080482897646e-01 5.291750503018108898e-01 5.613682092555332126e-01 5.835010060362173512e-01 5.875251509054325583e-01 5.935613682092555354e-01 6.036217303822937197e-01 6.217303822937625402e-01 6.277665995975855173e-01
2.052238805970149349e-01 4.123134328358208922e-01 5.074626865671642006e-01 5.522388059701492935e-01 5.690298507462686617e-01 5.839552238805970630e-01 5.895522388059701857e-01 5.970149253731342753e-01 6.007462686567164312e-01 6.063432835820895539e-01
1.281512605042016695e-01 3.025210084033613245e-01 3.739495798319327768e-01 4.033613445378151363e-01 4.201680672268907624e-01 4.243697478991596550e-01 4.327731092436974958e-01 4.474789915966386755e-01 4.558823529411764608e-01 4.579831932773109071e-01
8.564231738035264774e-02 2.191435768261964789e-01 2.846347607052896467e-01 3.198992443324937263e-01 3.350125944584382842e-01 3.375314861460957383e-01 3.375314861460957383e-01 3.400503778337531369e-01 3.400503778337531369e-01 3.425692695214105910e-01
1.221590909090909116e-01 2.272727272727272652e-01 3.011363636363636465e-01 3.238636363636363535e-01 3.267045454545454697e-01 3.267045454545454697e-01 3.267045454545454697e-01 3.295454545454545303e-01 3.323863636363636465e-01 3.352272727272727071e-01
3.253449527959331733e-01 6.056644880174292256e-01 6.761074800290486353e-01 6.957153231663035786e-01 7.051561365286855843e-01 7.080610021786492014e-01 7.131445170660857258e-01 7.145969498910675899e-01 7.167755991285402750e-01 7.196804647785040032e-01
4.931442080378250492e-01 7.721040189125295550e-01 8.293144208037824816e-01 8.397163120567375794e-01 8.430260047281323832e-01 8.463356973995271870e-01 8.486997635933806183e-01 8.496453900709219909e-01 8.505910165484633634e-01 8.505910165484633634e-01
4.901041666666666741e-01 7.479166666666666741e-01 7.901041666666667185e-01 8.015624999999999556e-01 8.062500000000000222e-01 8.078125000000000444e-01 8.104166666666666741e-01 8.104166666666666741e-01 8.109374999999999778e-01 8.114583333333332815e-01
2.163120567375886594e-01 5.044326241134752253e-01 6.223404255319149314e-01 6.427304964539006793e-01 6.542553191489361986e-01 6.613475177304964925e-01 6.657801418439716068e-01 6.693262411347518093e-01 6.702127659574468321e-01 6.710992907801418550e-01
4.923486360612109453e-02 2.548236859614105287e-01 5.415834996673319912e-01 6.833000665335994261e-01 7.045908183632734190e-01 7.132401862940784820e-01 7.212242182302062155e-01 7.218895542248835451e-01 7.245508982035928636e-01 7.265469061876247414e-01
4.164926931106471830e-01 6.283924843423799311e-01 6.844119693806541838e-01 7.105080027835768419e-01 7.192066805845511723e-01 7.251217814892136904e-01 7.289491997216422936e-01 7.362560890744607178e-01 7.386917188587335259e-01 7.414752957550452273e-01
2.479391249207355818e-01 3.969562460367787038e-01 4.514901712111604182e-01 4.755865567533291149e-01 4.838300570703867876e-01 4.927076727964489478e-01 4.977805960684844599e-01 5.047558655675332684e-01 5.098287888395688361e-01 5.117311350665820768e-01
1.161616161616161602e-01 1.909090909090909172e-01 2.171717171717171824e-01 2.303030303030303150e-01 2.363636363636363591e-01 2.393939393939393812e-01 2.424242424242424310e-01 2.454545454545454530e-01 2.464646464646464696e-01 2.464646464646464696e-01
3.109203624225083673e-01 5.102527420123986746e-01 5.698617072007630124e-01 5.960896518836432678e-01 6.046733428707677938e-01 6.108726752503575996e-01 6.165951359084406169e-01 6.194563662374821256e-01 6.213638531235097240e-01 6.232713400095374334e-01
1.705639614855570807e-01 3.136176066024759512e-01 3.810178817056396050e-01 4.037138927097661534e-01 4.202200825309491128e-01 4.236588720770289029e-01 4.277854195323246289e-01 4.291609353507565561e-01 4.332874828060522820e-01 4.374140302613480080e-01
1.221001221001221000e-03 2.808302808302808387e-02 2.747252747252747485e-01 4.822954822954823029e-01 5.744810744810744385e-01 5.909645909645909745e-01 5.952380952380952328e-01 6.013431013431013161e-01 6.080586080586080078e-01 6.159951159951160271e-01
1.808318264014466487e-03 9.041591320072333085e-03 1.271850512356841600e-01 3.954189270644966614e-01 5.250150693188667672e-01 5.635925256178421217e-01 5.762507534659433439e-01 5.798673899939722487e-01 5.858951175406871270e-01 5.901145268233876084e-01
7.627765064836003429e-04 3.813882532418001389e-03 3.890160183066361521e-02 2.410373760488176975e-01 3.966437833714721584e-01 4.607170099160945997e-01 4.713958810068649696e-01 4.797864225781846015e-01 4.866514111365369821e-01 4.935163996948894183e-01
1.151271753681392257e-01 3.788487282463186001e-01 4.852744310575635711e-01 5.093708165997322679e-01 5.174029451137884816e-01 5.200803212851405899e-01 5.227576974564925871e-01 5.281124497991968036e-01 5.321285140562248550e-01 5.334672021419009091e-01
4.954582989265069945e-03 9.000825763831543647e-02 2.543352601156069204e-01 3.435177539223782106e-01 3.674649050371593950e-01 3.757225433526011349e-01 3.856317093311312783e-01 3.864574731626754800e-01 3.930635838150289274e-01 3.988439306358381731e-01
4.239290989660265963e-01 6.883308714918758842e-01 7.754800590841949282e-01 7.976366322008862086e-01 7.991137370753323976e-01 8.005908419497784756e-01 8.020679468242245536e-01 8.050221565731167095e-01 8.050221565731167095e-01 8.050221565731167095e-01
3.956834532374100544e-01 6.791366906474820553e-01 7.625899280575539896e-01 7.827338129496402841e-01 7.870503597122302519e-01 7.942446043165467540e-01 7.942446043165467540e-01 8.000000000000000444e-01 8.014388489208632560e-01 8.014388489208632560e-01
8.830548926014319955e-02 3.389021479713603680e-01 4.821002386634845038e-01 5.202863961813842808e-01 5.322195704057278709e-01 5.346062052505966555e-01 5.393794749403341138e-01 5.393794749403341138e-01 5.417661097852028984e-01 5.417661097852028984e-01
8.460236886632825637e-02 4.280879864636210064e-01 6.649746192893400965e-01 7.038917089678511374e-01 7.174280879864636251e-01 7.191201353637901583e-01 7.275803722504230464e-01 7.309644670050761128e-01 7.343485617597292903e-01 7.360406091370558235e-01
6.315789473684210384e-03 1.136842105263157904e-01 2.947368421052631304e-01 4.505263157894736636e-01 4.673684210526315996e-01 4.694736842105263208e-01 4.736842105263157632e-01 4.736842105263157632e-01 4.757894736842105399e-01 4.821052631578947589e-01
3.984891406987724483e-01 6.959395656279508957e-01 7.875354107648725455e-01 8.007554296506137481e-01 8.073654390934844605e-01 8.130311614730878489e-01 8.196411709159584502e-01 8.196411709159584502e-01 8.215297450424928760e-01 8.215297450424928760e-01
2.774274905422446369e-01 5.800756620428751953e-01 6.796973518284993299e-01 7.049180327868852514e-01 7.187894073139974305e-01 7.238335435056746370e-01 7.276166456494325141e-01 7.288776796973518435e-01 7.301387137452711729e-01 7.351828499369482683e-01
1.471471471471471337e-01 4.279279279279279424e-01 5.960960960960961508e-01 6.321321321321321518e-01 6.426426426426425920e-01 6.501501501501500968e-01 6.591591591591591248e-01 6.651651651651652175e-01 6.711711711711711992e-01 6.726726726726727223e-01
1.088435374149659823e-01 3.724489795918367596e-01 5.051020408163264808e-01 5.289115646258503167e-01 5.357142857142856984e-01 5.408163265306122902e-01 5.476190476190476719e-01 5.527210884353741527e-01 5.544217687074829426e-01 5.595238095238095344e-01
8.880308880308880604e-02 2.895752895752895517e-01 4.054054054054054279e-01 4.362934362934363097e-01 4.440154440154440163e-01 4.459459459459459429e-01 4.555984555984555762e-01 4.652509652509652649e-01 4.691119691119691182e-01 4.749034749034748981e-01
4.275862068965517460e-01 6.750000000000000444e-01 7.534482758620689724e-01 7.818965517241379670e-01 7.870689655172413701e-01 7.939655172413793149e-01 8.017241379310344751e-01 8.077586206896552046e-01 8.077586206896552046e-01 8.077586206896552046e-01
4.157608695652174058e-01 6.585144927536231707e-01 7.318840579710145233e-01 7.563405797101449002e-01 7.681159420289854767e-01 7.771739130434782705e-01 7.844202898550725056e-01 7.880434782608695121e-01 7.907608695652174058e-01 7.925724637681159646e-01
4.124872057318321183e-01 6.427840327533265175e-01 7.277379733879222323e-01 7.482088024564994555e-01 7.563971340839303892e-01 7.615148413510747227e-01 7.656090071647901896e-01 7.707267144319345231e-01 7.717502558853633898e-01 7.727737973387922565e-01
3.939393939393939226e-01 5.941558441558441039e-01 6.720779220779220520e-01 6.969696969696970168e-01 7.045454545454545858e-01 7.067099567099567325e-01 7.142857142857143016e-01 7.207792207792207417e-01 7.240259740259740173e-01 7.261904761904761640e-01
3.272283272283272315e-01 5.335775335775335693e-01 5.982905982905982745e-01 6.336996336996336687e-01 6.483516483516483797e-01 6.520146520146520297e-01 6.568986568986568964e-01 6.581196581196581130e-01 6.605616605616605463e-01 6.654456654456654130e-01
1.763942931258106472e-01 4.098573281452658756e-01 5.175097276264591928e-01 5.499351491569390848e-01 5.667963683527885710e-01 5.745784695201037184e-01 5.823605706874189769e-01 5.836575875486381682e-01 5.875486381322957419e-01 5.901426718547341244e-01
8.747300215982721505e-02 4.298056155507559151e-01 6.425485961123109657e-01 6.825053995680345764e-01 6.976241900647948135e-01 7.019438444924406273e-01 7.073434125269978390e-01 7.095032397408207459e-01 7.149028077753779575e-01 7.149028077753779575e-01
9.581497797356827717e-02 4.966960352422907232e-01 6.971365638766520156e-01 7.312775330396475981e-01 7.378854625550660407e-01 7.444933920704845942e-01 7.455947136563876310e-01 7.455947136563876310e-01 7.466960352422907787e-01 7.511013215859030367e-01
5.038759689922480550e-02 2.248062015503876077e-01 3.449612403100775215e-01 3.798449612403100861e-01 3.875968992248062239e-01 3.875968992248062239e-01 3.914728682170542373e-01 3.934108527131782718e-01 3.934108527131782718e-01 3.953488372093023062e-01
5.449189985272459569e-02 3.166421207658320913e-01 5.567010309278350721e-01 5.994108983799705248e-01 6.097201767304860631e-01 6.141384388807069605e-01 6.215022091310751229e-01 6.259204712812960203e-01 6.273932253313696528e-01 6.318114874815905502e-01
1.652574942352036738e-02 1.199077632590315190e-01 3.973866256725595569e-01 5.799385088393543830e-01 6.022290545734050315e-01 6.126056879323596993e-01 6.199077632590315190e-01 6.264411990776326267e-01 6.318216756341276108e-01 6.372021521906225949e-01
7.759014148790506667e-03 1.551802829758101299e-01 4.071200365130077659e-01 5.253308991328160538e-01 5.381104518484710608e-01 5.476951163852121773e-01 5.522592423550890528e-01 5.540848927430397364e-01 5.600182565038794857e-01 5.613874942948425817e-01
3.103662321539416707e-03 7.510862818125388363e-02 2.942271880819367080e-01 3.631284916201117374e-01 3.699565487274984465e-01 3.755431409062693904e-01 3.817504655493482169e-01 3.867163252638112780e-01 3.929236499068901045e-01 3.960273122284295733e-01
8.034610630407910958e-03 1.038318912237330000e-01 3.454882571075401643e-01 4.190358467243510687e-01 4.276885043263288222e-01 4.338689740420271779e-01 4.369592088998763835e-01 4.425216316440049313e-01 4.456118665018541369e-01 4.505562422744128770e-01
2.967309304274937110e-01 6.121821737915619233e-01 7.306510198379435606e-01 7.549594858899133509e-01 7.675328303995530010e-01 7.742386141380274145e-01 7.787091366303436901e-01 7.845766974015088158e-01 7.884884045822855292e-01 7.918412964515227914e-01
2.509410288582183002e-03 5.018820577164366005e-03 1.882057716436637274e-02 8.657465495608532291e-02 1.204516938519447911e-01 1.229611041405269806e-01 1.229611041405269806e-01 1.229611041405269806e-01 1.229611041405269806e-01 1.242158092848180684e-01
0.000000000000000000e+00 6.376195536663123963e-03 3.613177470775770506e-02 1.211477151965993648e-01 1.657810839532412317e-01 1.891604675876726871e-01 1.976620616365568628e-01 2.008501594048884287e-01 2.082890541976620546e-01 2.093517534537725766e-01
0.000000000000000000e+00 0.000000000000000000e+00 1.020408163265306041e-02 9.863945578231292366e-02 1.473922902494330944e-01 1.643990929705215487e-01 1.678004535147392395e-01 1.689342403628117939e-01 1.700680272108843483e-01 1.723356009070294848e-01
8.510638297872340349e-04 3.404255319148936140e-03 4.851063829787233966e-02 2.578723404255319207e-01 3.863829787234042690e-01 4.195744680851064001e-01 4.229787234042552968e-01 4.263829787234042490e-01 4.297872340425532012e-01 4.306382978723404253e-01
0.000000000000000000e+00 0.000000000000000000e+00 0.000000000000000000e+00 3.579952267303102790e-03 4.534606205250596433e-02 9.665871121718376535e-02 1.300715990453460702e-01 1.408114558472553790e-01 1.408114558472553790e-01 1.443914081145584727e-01
5.519480519480519654e-01 8.090909090909090828e-01 8.857142857142856762e-01 9.051948051948052187e-01 9.103896103896104153e-01 9.194805194805194537e-01 9.246753246753246502e-01 9.285714285714286031e-01 9.298701298701298468e-01 9.298701298701298468e-01
4.749999999999999778e-01 7.279411764705882026e-01 8.117647058823529438e-01 8.573529411764705399e-01 8.735294117647058876e-01 8.764705882352941124e-01 8.779411764705882248e-01 8.779411764705882248e-01 8.794117647058823373e-01 8.926470588235294601e-01
3.849287169042769907e-01 6.680244399185335524e-01 7.657841140529531021e-01 7.942973523421588133e-01 8.024439918533604610e-01 8.065173116089613403e-01 8.105906313645621086e-01 8.146639511201629880e-01 8.146639511201629880e-01 8.207739307535641959e-01
2.108262108262108359e-01 5.156695156695156879e-01 6.068376068376067911e-01 6.438746438746438816e-01 6.524216524216523982e-01 6.581196581196581130e-01 6.581196581196581130e-01 6.609686609686609149e-01 6.609686609686609149e-01 6.609686609686609149e-01
1.010101010101010083e-01 3.383838383838383979e-01 4.292929292929292817e-01 4.696969696969697239e-01 4.696969696969697239e-01 4.696969696969697239e-01 4.696969696969697239e-01 4.696969696969697239e-01 4.797979797979797789e-01 4.797979797979797789e-01
8.928571428571428770e-02 2.928571428571428714e-01 3.642857142857142683e-01 4.000000000000000222e-01 4.142857142857143127e-01 4.249999999999999889e-01 4.285714285714285476e-01 4.285714285714285476e-01 4.285714285714285476e-01 4.321428571428571619e-01
0.000000000000000000e+00 0.000000000000000000e+00 0.000000000000000000e+00 7.142857142857142461e-02 2.180451127819548751e-01 3.195488721804511378e-01 3.345864661654135430e-01 3.458646616541353191e-01 3.496240601503759482e-01 3.571428571428571508e-01
2.804597701149425526e-01 5.701149425287356243e-01 6.850574712643677788e-01 7.034482758620689280e-01 7.195402298850575029e-01 7.356321839080459668e-01 7.402298850574712263e-01 7.402298850574712263e-01 7.425287356321839116e-01 7.471264367816091712e-01
4.693140794223826795e-02 2.743682310469314212e-01 3.754512635379061436e-01 4.115523465703971318e-01 4.115523465703971318e-01 4.115523465703971318e-01 4.115523465703971318e-01 4.151624548736462250e-01 4.151624548736462250e-01 4.151624548736462250e-01
5.602240896358543464e-03 1.008403361344537841e-01 2.997198879551820627e-01 4.789915966386554813e-01 5.042016806722688926e-01 5.154061624649859397e-01 5.154061624649859397e-01 5.210084033613445742e-01 5.210084033613445742e-01 5.266106442577030977e-01
5.383141762452107182e-01 7.720306513409961324e-01 8.461047254150702024e-01 8.665389527458492447e-01 8.761174968071520075e-01 8.825031928480204790e-01 8.863346104725414731e-01 8.888888888888888395e-01 8.895274584929757644e-01 8.908045977011493921e-01
3.191919191919191934e-01 5.393939393939394256e-01 6.030303030303030276e-01 6.353535353535353369e-01 6.494949494949494584e-01 6.575757575757575912e-01 6.616161616161616577e-01 6.636363636363636909e-01 6.646464646464645964e-01 6.656565656565656131e-01
3.056092843326885800e-01 5.580270793036750110e-01 6.286266924564797298e-01 6.624758220502900974e-01 6.711798839458413823e-01 6.885880077369439523e-01 6.943907156673113645e-01 6.992263056092843376e-01 7.011605415860735491e-01 7.040618955512571997e-01
1.001697792869269965e-01 1.765704584040747038e-01 2.190152801358234425e-01 2.444821731748726690e-01 2.529711375212224111e-01 2.614601018675721811e-01 2.665534804753820208e-01 2.699490662139218955e-01 2.699490662139218955e-01 2.750424448217317352e-01
8.052434456928839190e-02 1.535580524344569153e-01 1.797752808988763995e-01 2.022471910112359494e-01 2.059925093632958837e-01 2.134831460674157244e-01 2.191011235955056258e-01 2.303370786516854007e-01 2.303370786516854007e-01 2.322097378277153679e-01
1.298701298701298579e-01 2.824675324675324783e-01 3.441558441558441594e-01 3.636363636363636465e-01 3.733766233766233622e-01 3.733766233766233622e-01 3.733766233766233622e-01 3.798701298701298579e-01 3.798701298701298579e-01 3.831168831168831335e-01
1.022364217252396124e-01 2.619808306709265344e-01 3.194888178913737886e-01 3.354632587859425197e-01 3.482428115015974712e-01 3.546325878594249192e-01 3.546325878594249192e-01 3.546325878594249192e-01 3.578274760383386432e-01 3.578274760383386432e-01
1.044776119402985037e-01 2.507462686567163979e-01 3.164179104477611859e-01 3.373134328358208811e-01 3.402985074626865836e-01 3.462686567164179330e-01 3.522388059701492269e-01 3.522388059701492269e-01 3.582089552238805763e-01 3.582089552238805763e-01
3.537117903930130924e-01 6.128093158660844475e-01 7.016011644832605976e-01 7.321688500727802085e-01 7.423580786026200418e-01 7.554585152838427797e-01 7.583697234352255734e-01 7.598253275109170257e-01 7.627365356622998194e-01 7.627365356622998194e-01
1.163522012578616371e-01 2.421383647798742156e-01 3.270440251572326873e-01 3.616352201257861387e-01 3.773584905660377631e-01 3.836477987421383906e-01 3.899371069182390181e-01 3.899371069182390181e-01 3.930817610062893319e-01 3.993710691823899595e-01
4.652665589660743284e-01 7.140549273021001841e-01 7.714054927302099740e-01 7.819063004846527054e-01 7.867528271405492823e-01 7.915993537964458593e-01 7.932148626817447923e-01 7.980613893376413692e-01 8.012924071082391242e-01 8.053311793214862346e-01
3.010204081632653073e-01 5.438775510204081343e-01 6.255102040816326037e-01 6.438775510204081121e-01 6.500000000000000222e-01 6.602040816326530948e-01 6.693877551020408490e-01 6.734693877551020114e-01 6.775510204081632848e-01 6.785714285714286031e-01
1.844532279314888001e-01 3.214756258234519049e-01 3.702239789196311026e-01 4.005270092226613787e-01 4.123847167325428442e-01 4.216073781291172495e-01 4.268774703557312034e-01 4.281949934123847057e-01 4.347826086956521618e-01 4.387351778656126688e-01
1.768901569186875911e-01 3.109843081312410606e-01 4.037089871611982961e-01 4.365192582025677615e-01 4.550641940085591863e-01 4.636233951497860106e-01 4.693295292439372268e-01 4.778887303851640511e-01 4.878744650499286517e-01 4.935805991440798679e-01
1.668984700973574486e-01 3.268428372739916599e-01 4.075104311543810698e-01 4.450625869262865297e-01 4.575799721835883127e-01 4.700973574408901512e-01 4.826147426981919342e-01 4.923504867872044444e-01 4.923504867872044444e-01 5.006954102920723182e-01
4.290909090909090784e-01 6.695454545454545547e-01 7.377272727272726760e-01 7.554545454545454897e-01 7.604545454545454941e-01 7.677272727272727026e-01 7.700000000000000178e-01 7.718181818181818477e-01 7.763636363636363669e-01 7.809090909090908861e-01
2.838332114118507499e-01 4.732991953182150713e-01 5.384052670080468062e-01 5.691294806144843177e-01 5.786393562545720792e-01 5.859546452084857249e-01 5.896122896854425477e-01 5.954645208485734864e-01 6.071689831748353638e-01 6.137527432333577115e-01
1.302998965873836679e-01 2.409513960703205671e-01 2.740434332988624377e-01 2.864529472595656601e-01 2.957600827300930768e-01 2.998965873836608176e-01 3.050672182006204936e-01 3.081695966907962991e-01 3.112719751809721047e-01 3.164426059979317252e-01
1.969260326609029721e-01 3.333333333333333148e-01 4.082612872238232660e-01 4.245917387127761677e-01 4.303554274735830742e-01 4.332372718539865275e-01 4.390009606147934895e-01 4.418828049951969428e-01 4.428434197886647605e-01 4.447646493756003960e-01
1.027624309392265178e-01 1.867403314917127077e-01 2.419889502762430922e-01 2.685082872928176712e-01 2.740331491712706957e-01 2.817679558011049745e-01 2.872928176795579991e-01 2.906077348066298249e-01 2.928176795580110237e-01 2.939226519337016508e-01
2.767639902676399255e-01 6.642335766423357324e-01 8.047445255474452441e-01 8.327250608272506183e-01 8.375912408759124128e-01 8.406326034063260622e-01 8.406326034063260622e-01 8.412408759124088142e-01 8.412408759124088142e-01 8.412408759124088142e-01
1.073170731707317055e-01 3.878048780487804992e-01 5.304878048780488076e-01 5.768292682926828840e-01 5.804878048780487410e-01 5.853658536585365502e-01 5.853658536585365502e-01 5.853658536585365502e-01 5.853658536585365502e-01 5.865853658536585025e-01
5.835962145110409893e-02 2.208201892744479367e-01 3.170347003154574406e-01 3.517350157728706406e-01 3.627760252365930804e-01 3.706624605678233708e-01 3.706624605678233708e-01 3.706624605678233708e-01 3.706624605678233708e-01 3.722397476340694178e-01
2.691511387163561184e-02 1.138716356107660477e-01 1.532091097308488636e-01 1.594202898550724501e-01 1.635610766045548781e-01 1.656314699792960643e-01 1.677018633540372783e-01 1.697722567287784645e-01 1.697722567287784645e-01 1.697722567287784645e-01
5.964214711729622087e-03 2.783300198807157205e-02 4.970178926441352202e-02 4.970178926441352202e-02 5.168986083499006040e-02 5.168986083499006040e-02 5.367793240556659878e-02 5.367793240556659878e-02 5.367793240556659878e-02 5.367793240556659878e-02
