2.227074235807860181e-01 5.458515283842795274e-01 6.681222707423580820e-01 7.139737991266376094e-01 7.183406113537117443e-01 7.270742358078602363e-01 7.314410480349344823e-01 7.358078602620087283e-01 7.467248908296942878e-01 7.510917030567685337e-01
2.684563758389261687e-02 8.053691275167784713e-02 1.208053691275167846e-01 1.744966442953020114e-01 1.879194630872483285e-01 2.080536912751677903e-01 2.281879194630872520e-01 2.348993288590603967e-01 2.416107382550335692e-01 2.684563758389261756e-01
0.000000000000000000e+00 8.928571428571428076e-03 5.357142857142856845e-02 6.250000000000000000e-02 6.250000000000000000e-02 7.142857142857142461e-02 7.142857142857142461e-02 7.142857142857142461e-02 7.142857142857142461e-02 7.142857142857142461e-02
2.400000000000000050e-02 6.400000000000000133e-02 8.000000000000000167e-02 9.600000000000000200e-02 9.600000000000000200e-02 1.120000000000000023e-01 1.120000000000000023e-01 1.120000000000000023e-01 1.120000000000000023e-01 1.199999999999999956e-01
1.204819277108433798e-02 6.024096385542168641e-02 8.433734939759035543e-02 1.204819277108433728e-01 1.204819277108433728e-01 1.204819277108433728e-01 1.325301204819277212e-01 1.325301204819277212e-01 1.325301204819277212e-01 1.325301204819277212e-01
4.218436873747494764e-01 6.663326653306613778e-01 7.264529058116232507e-01 7.354709418837674928e-01 7.434869739478957573e-01 7.464929859719439120e-01 7.545090180360721765e-01 7.605210420841683749e-01 7.665330661322645733e-01 7.685370741482966395e-01
4.219409282700422037e-01 6.540084388185654074e-01 7.158931082981715432e-01 7.243319268635723951e-01 7.327707454289732469e-01 7.440225035161743827e-01 7.496483825597749506e-01 7.566807313642757160e-01 7.594936708860760000e-01 7.665260196905766543e-01
6.872852233676975814e-03 4.467353951890034452e-02 1.099656357388316130e-01 2.646048109965635775e-01 4.054982817869415834e-01 4.914089347079037551e-01 5.085910652920961894e-01 5.154639175257731409e-01 5.223367697594502035e-01 5.292096219931271550e-01
1.423948220064724934e-01 3.236245954692556492e-01 3.948220064724918821e-01 4.207119741100323607e-01 4.336569579288026000e-01 4.466019417475728392e-01 4.498381877022653574e-01 4.563106796116505048e-01 4.660194174757281704e-01 4.724919093851132623e-01
1.639344262295081844e-01 4.023845007451564704e-01 5.469448584202682984e-01 6.333830104321908072e-01 6.467958271236959877e-01 6.676602086438152561e-01 6.766020864381520061e-01 6.795827123695976635e-01 6.900149031296571867e-01 6.959761549925483903e-01
5.347222222222222099e-01 7.847222222222222099e-01 8.472222222222222099e-01 8.611111111111111605e-01 8.611111111111111605e-01 8.611111111111111605e-01 8.611111111111111605e-01 8.680555555555555802e-01 8.680555555555555802e-01 8.680555555555555802e-01
5.045871559633027248e-01 6.880733944954128267e-01 7.614678899082568675e-01 7.981651376146788879e-01 7.981651376146788879e-01 7.981651376146788879e-01 7.981651376146788879e-01 7.981651376146788879e-01 7.981651376146788879e-01 7.981651376146788879e-01
3.730158730158730229e-01 6.111111111111111605e-01 6.825396825396825573e-01 7.222222222222222099e-01 7.222222222222222099e-01 7.222222222222222099e-01 7.301587301587301182e-01 7.301587301587301182e-01 7.301587301587301182e-01 7.301587301587301182e-01
3.301886792452830011e-01 6.792452830188678847e-01 7.452830188679244738e-01 7.735849056603774088e-01 7.735849056603774088e-01 7.735849056603774088e-01 7.735849056603774088e-01 7.830188679245283501e-01 7.830188679245283501e-01 7.830188679245283501e-01
4.404761904761904656e-01 6.666666666666666297e-01 6.904761904761904656e-01 7.261904761904761640e-01 7.261904761904761640e-01 7.261904761904761640e-01 7.261904761904761640e-01 7.380952380952381375e-01 7.380952380952381375e-01 7.380952380952381375e-01
5.341463414634146645e-01 6.951219512195121464e-01 7.146341463414633832e-01 7.170731707317072878e-01 7.219512195121950970e-01 7.268292682926829062e-01 7.317073170731707155e-01 7.341463414634146201e-01 7.365853658536585247e-01 7.439024390243902385e-01
6.496710526315789824e-01 8.190789473684210176e-01 8.470394736842105088e-01 8.536184210526315264e-01 8.552631578947368363e-01 8.601973684210526550e-01 8.601973684210526550e-01 8.618421052631578538e-01 8.717105263157894912e-01 8.733552631578946901e-01
6.256000000000000449e-01 8.175999999999999934e-01 8.399999999999999689e-01 8.431999999999999496e-01 8.447999999999999954e-01 8.479999999999999760e-01 8.496000000000000218e-01 8.496000000000000218e-01 8.511999999999999567e-01 8.511999999999999567e-01
6.701183431952663083e-01 8.461538461538461453e-01 8.698224852071005930e-01 8.742603550295857673e-01 8.757396449704142327e-01 8.786982248520710526e-01 8.846153846153845812e-01 8.846153846153845812e-01 8.860946745562130467e-01 8.875739644970414011e-01
5.664451827242524828e-01 7.159468438538205692e-01 7.242524916943521296e-01 7.292358803986710436e-01 7.292358803986710436e-01 7.292358803986710436e-01 7.375415282392026040e-01 7.408637873754152503e-01 7.425249169435216290e-01 7.441860465116278966e-01
3.465909090909091161e-01 5.880681818181817677e-01 6.556818181818181435e-01 6.903409090909090606e-01 6.999999999999999556e-01 7.085227272727272485e-01 7.159090909090909394e-01 7.215909090909090606e-01 7.318181818181818121e-01 7.375000000000000444e-01
2.328244274809160297e-01 4.475190839694656586e-01 5.477099236641221891e-01 5.916030534351145453e-01 6.087786259541985157e-01 6.173664122137404453e-01 6.192748091603053062e-01 6.269083969465648609e-01 6.316793893129770687e-01 6.374045801526717625e-01
2.192139737991266324e-01 4.034934497816594079e-01 5.048034934497817039e-01 5.406113537117903656e-01 5.668122270742358415e-01 5.834061135371179097e-01 5.921397379912664016e-01 5.982532751091702572e-01 6.078602620087336650e-01 6.200873362445414871e-01
6.639004149377593367e-02 1.390041493775933668e-01 1.950207468879668060e-01 2.344398340248962653e-01 2.468879668049792642e-01 2.634854771784232441e-01 2.780082987551867335e-01 2.946058091286307135e-01 3.070539419087137123e-01 3.070539419087137123e-01
5.696202531645569445e-02 1.371308016877637037e-01 1.940928270042193982e-01 2.236286919831223519e-01 2.426160337552742685e-01 2.552742616033755185e-01 2.637130801687763704e-01 2.742616033755274074e-01 2.827004219409282593e-01 2.869198312236286852e-01
1.789236404621019905e-01 4.818258664412510828e-01 6.421527190757959636e-01 6.849816849816849906e-01 7.038602423217807935e-01 7.187940264863341699e-01 7.306283460129614493e-01 7.396449704142011861e-01 7.464074387151310441e-01 7.520428289659059073e-01
2.055382215288611425e-01 4.547581903276131099e-01 5.666926677067082307e-01 6.006240249609984261e-01 6.146645865834633460e-01 6.251950078003120082e-01 6.329953198127925562e-01 6.388455538221529117e-01 6.462558502340093325e-01 6.532761310452418479e-01
1.739935215178158301e-01 3.817677001388246061e-01 4.683017121702915397e-01 4.937528921795464876e-01 5.043961129106895314e-01 5.173530772790374543e-01 5.266080518278575262e-01 5.330865340120314322e-01 5.391022674687644400e-01 5.465062471078204753e-01
8.231292517006802423e-02 1.870748299319728025e-01 2.435374149659863818e-01 2.578231292517007001e-01 2.659863945578231359e-01 2.727891156462585176e-01 2.748299319727890988e-01 2.789115646258503167e-01 2.816326530612244805e-01 2.843537414965986443e-01
2.378121284185493595e-02 5.350772889417360068e-02 7.015457788347205514e-02 7.491082045184303817e-02 7.609988109393578393e-02 7.728894173602854356e-02 7.847800237812128932e-02 7.966706302021403507e-02 8.085612366230678083e-02 8.085612366230678083e-02
1.490082244799225963e-01 4.354136429608127523e-01 5.757135945815191613e-01 6.008708272859216715e-01 6.090953072085147912e-01 6.182873730043541016e-01 6.211901306240928955e-01 6.260280599903241816e-01 6.332849540396709997e-01 6.366715045960329444e-01
2.469135802469135752e-03 4.938271604938271504e-03 1.810699588477366132e-02 3.023319615912208325e-01 6.320987654320987525e-01 7.316872427983539540e-01 7.363511659807956411e-01 7.421124828532236206e-01 7.495198902606310387e-01 7.610425240054869978e-01
3.023431594860166369e-03 1.360544217687074779e-02 8.465608465608465139e-02 2.517006802721088454e-01 3.537414965986394599e-01 3.726379440665155141e-01 3.756613756613756405e-01 3.877551020408163129e-01 3.922902494331065859e-01 4.021164021164020941e-01
3.421052631578947508e-03 5.526315789473683869e-03 9.210526315789472826e-03 9.105263157894737114e-02 4.278947368421052722e-01 7.334210526315789735e-01 7.536842105263157343e-01 7.602631578947368629e-01 7.700000000000000178e-01 7.794736842105263186e-01
2.026342451874366905e-03 3.039513677811550140e-03 1.013171225937183409e-02 1.317122593718338397e-01 4.138804457953393912e-01 6.155015197568388663e-01 6.291793313069908855e-01 6.337386018237082252e-01 6.428571428571429047e-01 6.484295845997973817e-01
1.344537815126050362e-01 2.563025210084033390e-01 3.067226890756302726e-01 3.319327731092436840e-01 3.403361344537815247e-01 3.529411764705882582e-01 3.697478991596638842e-01 3.865546218487395103e-01 3.907563025210084029e-01 3.907563025210084029e-01
2.493573264781490939e-01 4.344473007712082446e-01 5.167095115681233919e-01 5.475578406169665513e-01 5.706940874035989486e-01 5.861182519280205838e-01 6.015424164524421080e-01 6.041131105398457324e-01 6.118251928020566055e-01 6.195372750642673676e-01
1.258992805755395628e-01 3.597122302158273222e-01 4.604316546762590168e-01 4.784172661870503829e-01 4.964028776978417490e-01 5.251798561151078681e-01 5.251798561151078681e-01 5.359712230215827322e-01 5.359712230215827322e-01 5.359712230215827322e-01
1.173184357541899453e-01 2.569832402234636937e-01 3.016759776536312998e-01 3.184357541899441313e-01 3.240223463687150751e-01 3.407821229050279066e-01 3.519553072625698498e-01 3.575418994413407936e-01 3.687150837988826813e-01 3.743016759776536251e-01
1.538461538461538547e-01 2.472527472527472625e-01 2.912087912087912289e-01 3.021978021978021789e-01 3.241758241758241899e-01 3.351648351648351398e-01 3.516483516483516758e-01 3.571428571428571508e-01 3.736263736263736313e-01 4.010989010989011172e-01
5.619546247818498763e-01 7.678883071553228579e-01 8.176265270506107852e-01 8.368237347294938955e-01 8.438045375218150568e-01 8.481675392670157132e-01 8.516579406631762383e-01 8.551483420593368745e-01 8.586387434554973996e-01 8.603839441535776622e-01
5.923282783229260051e-01 7.885816235504014005e-01 8.305084745762711940e-01 8.465655664585192142e-01 8.519179304192685542e-01 8.599464763603924533e-01 8.626226583407671233e-01 8.652988403211417934e-01 8.661909009812667204e-01 8.688670829616413904e-01
5.750682438580527744e-01 7.779799818016378543e-01 8.243858052775250300e-01 8.425841674249318070e-01 8.507734303912647400e-01 8.562329390354868064e-01 8.589626933575977841e-01 8.607825295723384729e-01 8.616924476797088728e-01 8.616924476797088728e-01
5.617977528089888040e-01 7.231869254341164455e-01 7.701736465781409136e-01 7.824310520939734559e-01 7.926455566905005190e-01 7.987742594484167347e-01 7.997957099080694743e-01 8.018386108273748425e-01 8.038815117466803217e-01 8.079673135852910582e-01
4.662756598240468953e-01 6.275659824046920798e-01 6.759530791788855852e-01 6.876832844574780612e-01 6.964809384164223349e-01 7.052785923753666086e-01 7.096774193548387455e-01 7.140762463343108823e-01 7.155425219941349280e-01 7.170087976539589736e-01
6.769195189639223287e-01 9.021739130434782705e-01 9.366327474560591781e-01 9.451896392229417465e-01 9.488899167437557791e-01 9.512025901942645634e-01 9.535152636447733476e-01 9.542090656799260273e-01 9.549028677150785960e-01 9.551341350601295632e-01
6.756505576208178265e-01 8.940520446096654750e-01 9.314591078066914998e-01 9.384293680297397522e-01 9.407527881040892437e-01 9.437732342007435493e-01 9.440055762081784874e-01 9.444702602230483635e-01 9.447026022304833015e-01 9.458643122676579917e-01
5.374461979913917054e-01 8.008608321377331807e-01 8.625538020086083169e-01 8.849354375896699709e-01 8.898134863701577801e-01 8.941176470588235725e-01 8.972740315638449982e-01 8.975609756097561176e-01 8.978479196556671260e-01 8.981348637015782455e-01
2.173560421735604153e-01 4.785077047850770371e-01 6.139497161394971148e-01 6.772100567721005548e-01 6.918085969180859385e-01 7.112733171127331167e-01 7.185725871857259195e-01 7.185725871857259195e-01 7.218167072181670418e-01 7.234387672343877140e-01
1.377708978328173461e-01 3.297213622291021440e-01 4.597523219814241280e-01 5.232198142414861142e-01 5.402476780185758720e-01 5.603715170278638080e-01 5.681114551083591424e-01 5.743034055727553877e-01 5.743034055727553877e-01 5.743034055727553877e-01
1.449999999999999900e-01 2.800000000000000266e-01 3.300000000000000155e-01 3.549999999999999822e-01 3.549999999999999822e-01 3.599999999999999867e-01 3.699999999999999956e-01 3.699999999999999956e-01 3.699999999999999956e-01 3.800000000000000044e-01
2.040229885057471271e-01 4.396551724137930939e-01 4.827586206896551935e-01 5.143678160919540332e-01 5.258620689655172376e-01 5.316091954022988952e-01 5.373563218390804419e-01 5.402298850574712707e-01 5.431034482758620996e-01 5.431034482758620996e-01
2.754590984974958356e-01 5.392320534223705719e-01 6.761268781302169906e-01 7.262103505843071627e-01 7.378964941569282621e-01 7.545909849749582454e-01 7.579298831385642421e-01 7.629382303839732371e-01 7.712854757929883398e-01 7.796327212020033315e-01
2.693133047210300446e-01 5.665236051502146042e-01 7.135193133047210701e-01 7.639484978540772575e-01 7.875536480686695651e-01 8.004291845493561874e-01 8.036480686695278708e-01 8.133047210300429208e-01 8.208154506437768116e-01 8.283261802575107025e-01
8.910891089108910479e-02 2.574257425742574323e-01 3.564356435643564192e-01 3.960396039603960583e-01 4.009900990099010132e-01 4.108910891089108675e-01 4.108910891089108675e-01 4.108910891089108675e-01 4.158415841584158223e-01 4.207920792079207772e-01
2.203011712214166251e-01 4.690462911321807149e-01 5.861684327941996120e-01 6.274400446179587698e-01 6.447295036252091993e-01 6.575571667596207259e-01 6.631344116006692158e-01 6.681539319576129676e-01 6.759620747350808534e-01 6.832124930284440012e-01
2.332402234636871408e-01 4.965083798882681809e-01 6.208100558659217505e-01 6.536312849162011496e-01 6.710893854748603005e-01 6.850558659217876878e-01 6.892458100558659373e-01 6.920391061452514370e-01 6.955307262569832005e-01 6.990223463687150751e-01
2.519913106444605089e-01 4.822592324402606989e-01 5.908761766835626261e-01 6.292541636495293522e-01 6.451846488052136452e-01 6.603910209992759350e-01 6.669080376538739641e-01 6.748732802317161106e-01 6.792179580014482410e-01 6.813902968863142506e-01
2.120559741657696562e-01 4.596340150699677052e-01 5.898815931108719601e-01 6.189451022604951502e-01 6.275565123789020872e-01 6.340150699677071788e-01 6.404736275565123815e-01 6.404736275565123815e-01 6.458557588805167171e-01 6.480086114101184513e-01
0.000000000000000000e+00 0.000000000000000000e+00 1.075268817204301161e-02 1.075268817204301161e-02 1.075268817204301161e-02 1.075268817204301161e-02 1.075268817204301161e-02 1.075268817204301161e-02 1.075268817204301161e-02 1.075268817204301161e-02
1.340018231540565097e-01 3.422971741112124100e-01 4.343664539653600554e-01 4.589790337283500277e-01 4.662716499544211635e-01 4.717411121239744598e-01 4.772105742935278117e-01 4.831358249772105817e-01 4.863263445761166759e-01 4.917958067456700277e-01
2.397442727757059105e-02 2.594565796483750408e-01 4.549813532232285795e-01 5.215769845498134938e-01 5.290356952583910033e-01 5.359616409163558970e-01 5.380927011188065823e-01 5.439531166755461333e-01 5.466169419286094344e-01 5.508790623335109160e-01
6.818181818181817851e-03 1.284090909090909172e-01 3.624999999999999889e-01 4.994318181818181990e-01 5.204545454545455030e-01 5.250000000000000222e-01 5.289772727272726849e-01 5.346590909090909172e-01 5.380681818181818343e-01 5.443181818181818121e-01
0.000000000000000000e+00 2.750809061488673074e-02 1.779935275080906099e-01 4.886731391585760753e-01 5.350593311758360393e-01 5.442286947141316000e-01 5.474649406688241182e-01 5.533980582524271608e-01 5.566343042071197900e-01 5.593311758360302033e-01
4.444444444444444657e-04 1.288888888888888896e-02 9.066666666666667318e-02 4.831111111111111023e-01 5.813333333333333686e-01 5.968888888888889133e-01 6.039999999999999813e-01 6.088888888888889239e-01 6.142222222222222250e-01 6.168888888888889310e-01
4.460256855258590836e-01 6.653939604304061062e-01 7.171121138493579128e-01 7.289135716765011708e-01 7.375911141964595075e-01 7.438389448108295721e-01 7.507809788267962858e-01 7.545990975355779673e-01 7.587643179451579734e-01 7.622353349531412192e-01
3.690685413005272142e-02 1.159929701230228427e-01 1.564147627416520303e-01 1.687170474516695995e-01 1.704745166959578118e-01 1.757469244288225041e-01 1.757469244288225041e-01 1.792618629173989564e-01 1.810193321616871687e-01 1.880492091388400733e-01
4.320000000000000229e-02 1.232000000000000040e-01 1.487999999999999878e-01 1.663999999999999924e-01 1.759999999999999898e-01 1.776000000000000079e-01 1.839999999999999969e-01 1.839999999999999969e-01 1.855999999999999872e-01 1.872000000000000053e-01
5.752961082910321156e-02 1.252115059221658167e-01 1.624365482233502411e-01 1.675126903553299518e-01 1.776649746192893453e-01 1.793570219966159063e-01 1.861252115059221779e-01 1.861252115059221779e-01 1.878172588832487389e-01 1.878172588832487389e-01
2.328094302554027384e-01 4.361493123772102187e-01 5.098231827111984193e-01 5.294695481335952580e-01 5.324165029469548616e-01 5.353634577603143541e-01 5.412573673870334501e-01 5.451866404715127734e-01 5.481335952848722659e-01 5.481335952848722659e-01
4.770642201834862650e-01 8.373088685015290800e-01 8.691131498470947570e-01 8.727828746177369590e-01 8.776758409785933024e-01 8.831804281345565499e-01 8.874617737003057671e-01 8.899082568807339388e-01 8.972477064220183429e-01 9.027522935779817015e-01
4.025487256371814149e-01 7.593703148425786642e-01 8.050974512743628297e-01 8.133433283358321164e-01 8.193403298350824260e-01 8.245877061469265579e-01 8.275862068965517127e-01 8.358320839580209993e-01 8.463268365817091521e-01 8.500749625187405956e-01
3.240279162512462729e-01 6.101694915254237683e-01 6.520438683948155401e-01 6.630109670987038850e-01 6.709870388833499844e-01 6.809571286141575808e-01 6.889332003988035691e-01 6.959122632103689199e-01 7.038883349950149082e-01 7.108673978065802590e-01
2.149410222804718218e-01 5.176933158584534622e-01 5.832241153342070383e-01 5.923984272608125989e-01 6.028833551769331445e-01 6.094364351245085132e-01 6.173001310615989778e-01 6.212319790301441547e-01 6.304062909567497153e-01 6.369593709043250840e-01
2.785145888594164343e-01 4.164456233421750531e-01 4.535809018567639184e-01 4.641909814323607608e-01 4.694960212201591543e-01 4.748010610079575478e-01 4.801061007957559412e-01 4.880636604774535869e-01 4.907161803713527837e-01 4.986737400530503739e-01
4.226475279106858274e-01 6.762360446570973016e-01 7.591706539074960514e-01 7.862838915470494738e-01 7.926634768740031811e-01 7.974481658692185171e-01 8.006379585326953707e-01 8.054226475279107067e-01 8.118022328548644140e-01 8.245614035087719396e-01
3.151862464183380896e-01 4.871060171919771031e-01 5.873925501432665230e-01 6.017191977077364085e-01 6.045845272206303855e-01 6.103151862464183397e-01 6.160458452722062939e-01 6.189111747851002709e-01 6.217765042979942480e-01 6.217765042979942480e-01
1.822033898305084609e-01 2.330508474576271083e-01 2.881355932203389925e-01 3.135593220338983023e-01 3.220338983050847204e-01 3.220338983050847204e-01 3.220338983050847204e-01 3.262711864406779849e-01 3.305084745762711940e-01 3.305084745762711940e-01
2.046511627906976716e-01 2.651162790697674243e-01 3.023255813953488191e-01 3.395348837209302140e-01 3.395348837209302140e-01 3.395348837209302140e-01 3.395348837209302140e-01 3.395348837209302140e-01 3.441860465116279300e-01 3.488372093023255904e-01
2.485207100591715901e-01 3.136094674556212936e-01 3.313609467455621571e-01 3.372781065088757413e-01 3.431952662721893255e-01 3.491124260355029651e-01 3.550295857988165493e-01 3.550295857988165493e-01 3.609467455621301890e-01 3.609467455621301890e-01
5.234899328859060619e-01 7.382550335570470246e-01 7.897091722595078744e-01 8.076062639821028899e-01 8.120805369127517270e-01 8.120805369127517270e-01 8.120805369127517270e-01 8.120805369127517270e-01 8.165548098434004531e-01 8.187919463087248717e-01
4.603658536585366057e-01 6.310975609756097615e-01 6.615853658536585691e-01 6.615853658536585691e-01 6.646341463414634498e-01 6.646341463414634498e-01 6.646341463414634498e-01 6.646341463414634498e-01 6.646341463414634498e-01 6.676829268292683306e-01
5.050000000000000044e-01 6.949999999999999512e-01 7.199999999999999734e-01 7.199999999999999734e-01 7.349999999999999867e-01 7.349999999999999867e-01 7.349999999999999867e-01 7.399999999999999911e-01 7.449999999999999956e-01 7.449999999999999956e-01
2.544642857142856984e-01 3.973214285714285476e-01 4.285714285714285476e-01 4.508928571428571508e-01 4.553571428571428492e-01 4.553571428571428492e-01 4.598214285714285476e-01 4.598214285714285476e-01 4.598214285714285476e-01 4.687500000000000000e-01
2.401746724890829743e-01 3.973799126637554413e-01 4.366812227074235997e-01 4.497816593886462821e-01 4.541484716157205281e-01 4.541484716157205281e-01 4.541484716157205281e-01 4.541484716157205281e-01 4.541484716157205281e-01 4.585152838427947741e-01
6.292134831460673983e-01 8.853932584269662565e-01 9.348314606741573440e-01 9.393258426966292207e-01 9.483146067415730851e-01 9.505617977528090234e-01 9.528089887640449618e-01 9.550561797752809001e-01 9.550561797752809001e-01 9.550561797752809001e-01
5.558312655086848908e-01 8.114143920595533466e-01 8.957816377171216038e-01 9.131513647642679476e-01 9.181141439205955379e-01 9.230769230769231282e-01 9.230769230769231282e-01 9.230769230769231282e-01 9.230769230769231282e-01 9.280397022332506074e-01
5.219512195121951414e-01 7.609756097560975707e-01 8.390243902439024071e-01 8.634146341463414531e-01 8.780487804878048808e-01 8.780487804878048808e-01 8.780487804878048808e-01 8.780487804878048808e-01 8.829268292682926900e-01 8.902439024390244038e-01
4.629629629629629650e-01 7.407407407407406996e-01 8.465608465608465139e-01 8.756613756613756960e-01 8.756613756613756960e-01 8.862433862433862775e-01 8.862433862433862775e-01 8.915343915343915127e-01 8.915343915343915127e-01 8.968253968253968589e-01
4.889975550122249159e-01 7.677261613691931386e-01 8.655256723716381329e-01 8.899755501222493814e-01 8.997555012224939253e-01 9.046454767726160862e-01 9.070904645476772776e-01 9.070904645476772776e-01 9.095354523227383581e-01 9.144254278728606300e-01
5.449735449735449988e-01 7.486772486772487190e-01 8.148148148148147696e-01 8.293650793650794162e-01 8.333333333333333703e-01 8.399470899470899976e-01 8.439153439153439518e-01 8.465608465608465139e-01 8.478835978835979059e-01 8.518518518518518601e-01
4.765957446808510856e-01 7.177304964539007459e-01 7.971631205673759268e-01 8.127659574468084624e-01 8.241134751773049327e-01 8.269503546099290503e-01 8.312056737588652267e-01 8.368794326241134618e-01 8.382978723404255206e-01 8.425531914893616969e-01
4.188034188034188143e-01 6.803418803418803673e-01 7.572649572649572391e-01 8.000000000000000444e-01 8.051282051282051544e-01 8.102564102564102644e-01 8.222222222222221877e-01 8.273504273504272977e-01 8.324786324786325187e-01 8.358974358974359253e-01
3.980099502487562391e-01 6.285240464344942213e-01 7.131011608623548659e-01 7.495854063018242419e-01 7.611940298507462455e-01 7.678275290215588189e-01 7.744610281923715034e-01 7.794361525704809335e-01 7.844112769485903636e-01 7.993366500829187649e-01
4.504504504504504570e-01 6.696696696696696760e-01 7.567567567567567988e-01 7.717717717717718084e-01 7.852852852852852950e-01 7.942942942942943230e-01 8.048048048048047631e-01 8.093093093093093326e-01 8.153153153153153143e-01 8.213213213213212960e-01
2.989864864864865135e-01 5.608108108108108558e-01 6.317567567567567988e-01 6.520270270270269730e-01 6.554054054054053724e-01 6.638513513513513153e-01 6.655405405405405705e-01 6.739864864864865135e-01 6.773648648648649129e-01 6.790540540540540571e-01
2.596401028277635081e-01 5.475578406169665513e-01 6.529562982005141514e-01 6.786632390745501731e-01 6.928020565552699406e-01 6.992287917737789460e-01 7.017994858611825704e-01 7.082262210796914648e-01 7.159383033419023379e-01 7.172236503856040946e-01
1.883408071748878809e-01 4.708520179372197578e-01 5.934230194319880525e-01 6.322869955156951161e-01 6.502242152466367608e-01 6.576980568011958628e-01 6.591928251121076388e-01 6.651718983557548537e-01 6.681614349775785167e-01 6.711509715994020686e-01
1.213114754098360698e-01 3.950819672131147264e-01 5.672131147540984131e-01 6.114754098360655199e-01 6.196721311475409388e-01 6.295081967213115304e-01 6.360655737704917767e-01 6.377049180327868383e-01 6.409836065573770725e-01 6.459016393442622572e-01
9.724770642201835402e-02 3.284403669724770825e-01 4.807339449541284671e-01 5.211009174311926895e-01 5.394495412844036997e-01 5.614678899082569119e-01 5.688073394495413160e-01 5.761467889908257201e-01 5.816513761467889676e-01 5.889908256880733717e-01
6.926546391752577136e-01 8.595360824742268591e-01 8.795103092783504994e-01 8.865979381443298557e-01 8.898195876288659267e-01 8.917525773195876804e-01 8.923969072164948946e-01 8.930412371134021088e-01 8.949742268041237514e-01 8.988402061855670366e-01
7.110471392587262018e-01 8.938467074487225217e-01 9.190356243252968405e-01 9.265922993882691472e-01 9.316300827635840553e-01 9.323497661029147565e-01 9.341489744512414539e-01 9.359481827995681513e-01 9.395465994962216572e-01 9.417056495142137607e-01
7.275008963786303573e-01 9.006812477590534494e-01 9.236285406955898614e-01 9.318752240946576171e-01 9.365363929723915515e-01 9.411975618501254859e-01 9.429903191107924521e-01 9.455001792757260493e-01 9.465758336321261623e-01 9.498027967013266126e-01
6.973995271867612367e-01 8.802206461780930358e-01 9.007092198581559961e-01 9.097714736012608716e-01 9.156816390858943944e-01 9.188337273443656361e-01 9.231678486997635380e-01 9.263199369582347797e-01 9.290780141843971718e-01 9.322301024428684135e-01
5.848830233953209445e-01 7.504499100179964355e-01 7.786442711457708388e-01 7.852429514097180041e-01 7.924415116976604168e-01 7.954409118176364313e-01 8.044391121775644748e-01 8.080383923215357367e-01 8.146370725854829020e-01 8.170365926814636692e-01
2.492559523809523836e-01 5.096726190476190688e-01 6.034226190476190688e-01 6.369047619047618625e-01 6.488095238095238360e-01 6.547619047619047672e-01 6.592261904761904656e-01 6.629464285714286031e-01 6.644345238095238360e-01 6.703869047619047672e-01
2.115009746588693840e-01 4.541910331384015342e-01 5.506822612085769952e-01 5.828460038986355007e-01 5.945419103313840381e-01 6.023391812865497297e-01 6.072124756335283147e-01 6.101364522417154213e-01 6.130604288499025278e-01 6.150097465886940062e-01
1.607361963190183929e-01 3.680981595092024383e-01 4.368098159509202216e-01 4.687116564417178055e-01 4.736196319018404766e-01 4.846625766871165419e-01 4.871165644171779330e-01 4.883435582822086007e-01 4.895705521472392685e-01 4.920245398773006040e-01
1.263482280431433014e-01 3.097072419106317587e-01 3.929121725731894998e-01 4.114021571648690534e-01 4.175654853620955342e-01 4.221879815100154087e-01 4.252696456086286769e-01 4.252696456086286769e-01 4.298921417565485514e-01 4.314329738058551578e-01
8.204334365325077760e-02 2.445820433436532437e-01 3.204334365325077205e-01 3.390092879256965674e-01 3.513931888544891691e-01 3.560371517027863808e-01 3.591331269349845035e-01 3.637770897832817152e-01 3.668730650154798933e-01 3.715170278637771051e-01
4.279279279279279286e-02 2.229729729729729715e-01 4.436936936936937137e-01 5.202702702702702853e-01 5.270270270270269730e-01 5.450450450450450290e-01 5.495495495495495986e-01 5.585585585585585155e-01 5.630630630630630851e-01 5.675675675675675436e-01
1.114130434782608647e-01 2.880434782608695676e-01 3.695652173913043237e-01 3.940217391304347561e-01 4.076086956521738913e-01 4.103260869565217295e-01 4.211956521739130266e-01 4.266304347826087029e-01 4.293478260869565410e-01 4.347826086956521618e-01
1.418439716312056703e-02 6.382978723404254817e-02 1.489361702127659504e-01 2.198581560283688063e-01 2.907801418439716068e-01 3.049645390070921946e-01 3.191489361702127825e-01 3.333333333333333148e-01 3.404255319148936088e-01 3.475177304964539027e-01
1.025641025641025640e-02 6.153846153846154188e-02 1.282051282051281937e-01 1.692307692307692402e-01 1.948717948717948734e-01 2.102564102564102588e-01 2.153846153846153966e-01 2.153846153846153966e-01 2.307692307692307820e-01 2.410256410256410298e-01
1.920289855072463692e-01 3.478260869565217295e-01 4.094202898550724501e-01 4.239130434782608647e-01 4.275362318840579823e-01 4.347826086956521618e-01 4.420289855072463969e-01 4.492753623188405765e-01 4.492753623188405765e-01 4.565217391304347561e-01
5.165562913907284504e-01 7.321559970566593467e-01 7.740986019131714801e-01 7.829286239882266019e-01 7.873436350257542182e-01 7.924944812362031410e-01 7.983811626195732591e-01 8.035320088300220709e-01 8.094186902133921890e-01 8.145695364238411118e-01
2.006802721088435382e-01 3.843537414965986221e-01 4.455782312925170019e-01 4.795918367346938549e-01 4.914965986394557729e-01 5.017006802721087899e-01 5.051020408163264808e-01 5.102040816326530726e-01 5.238095238095238360e-01 5.289115646258503167e-01
1.079136690647481966e-01 2.410071942446043169e-01 2.553956834532374320e-01 2.661870503597122406e-01 2.769784172661870492e-01 2.769784172661870492e-01 2.769784172661870492e-01 2.877697841726618577e-01 2.877697841726618577e-01 2.949640287769784153e-01
1.756007393715341980e-01 3.068391866913123822e-01 3.752310536044362044e-01 4.066543438077633854e-01 4.232902033271718767e-01 4.306839186691312493e-01 4.362292051756007649e-01 4.528650646950092562e-01 4.602587800369685733e-01 4.676524953789278904e-01
1.018518518518518462e-01 1.620370370370370350e-01 1.805555555555555525e-01 1.944444444444444475e-01 2.129629629629629650e-01 2.129629629629629650e-01 2.129629629629629650e-01 2.175925925925925875e-01 2.222222222222222099e-01 2.222222222222222099e-01
5.167707610455701817e-01 7.543372657876474818e-01 8.080037011334720853e-01 8.218829516539439828e-01 8.299791811242193118e-01 8.364561647004394862e-01 8.422391857506361657e-01 8.480222068008327341e-01 8.519546611149664272e-01 8.565810779551237264e-01
4.380924170616113944e-01 6.934241706161137220e-01 7.571090047393365108e-01 7.704383886255924407e-01 7.790284360189573265e-01 7.873222748815166261e-01 7.905805687203791843e-01 7.953199052132701175e-01 7.988744075829383728e-01 8.027251184834123254e-01
3.775616533518582618e-01 6.415422021535255315e-01 7.117054532823897661e-01 7.297672803056617363e-01 7.381035081625564320e-01 7.453977075373393602e-01 7.523445640847516991e-01 7.589440778047933378e-01 7.610281347690169840e-01 7.645015630427232090e-01
3.003952569169960340e-01 5.678524374176547873e-01 6.425120772946859571e-01 6.587615283267457267e-01 6.679841897233201875e-01 6.750109793588054963e-01 6.785243741765480951e-01 6.833552920509442519e-01 6.916996047430830075e-01 6.952129995608256063e-01
2.251497005988024047e-01 4.754491017964072030e-01 5.634730538922155807e-01 5.832335329341317154e-01 5.922155688622754433e-01 6.011976047904191711e-01 6.053892215568862367e-01 6.107784431137724956e-01 6.137724550898203679e-01 6.185628742514970302e-01
3.579234972677595716e-01 6.461748633879781378e-01 8.155737704918032405e-01 8.729508196721311730e-01 8.797814207650273000e-01 8.879781420765027189e-01 8.893442622950820109e-01 8.948087431693989569e-01 8.961748633879781378e-01 9.016393442622950838e-01
1.556534508076358181e-01 5.403817914831130498e-01 7.797356828193832134e-01 8.575624082232011780e-01 8.722466960352422971e-01 8.781204111600587892e-01 8.883994126284875392e-01 8.913362701908957852e-01 8.986784140969162893e-01 9.030837004405286583e-01
1.238447319778188532e-01 4.380776340110905664e-01 7.116451016635859661e-01 8.133086876155267708e-01 8.243992606284658020e-01 8.373382624768946902e-01 8.447319778188540074e-01 8.502772643253234675e-01 8.502772643253234675e-01 8.576709796672827846e-01
1.158192090395480239e-01 4.180790960451977178e-01 6.384180790960451990e-01 7.316384180790960201e-01 7.372881355932203729e-01 7.514124293785310327e-01 7.570621468926553854e-01 7.683615819209039799e-01 7.853107344632768161e-01 7.853107344632768161e-01
3.271028037383177239e-02 7.943925233644859307e-02 2.196261682242990620e-01 3.411214953271027861e-01 3.598130841121495171e-01 3.831775700934579310e-01 4.205607476635513930e-01 4.392523364485981241e-01 4.672897196261682207e-01 4.953271028037383172e-01
3.508771929824561209e-02 1.169590643274853736e-01 2.339181286549707472e-01 3.391812865497075835e-01 3.918128654970760016e-01 4.444444444444444198e-01 4.678362573099414945e-01 4.736842105263157632e-01 4.795321637426900319e-01 4.912280701754385692e-01
4.983388704318936907e-02 2.624584717607973405e-01 4.252491694352159568e-01 5.116279069767442067e-01 5.647840531561462152e-01 5.913621262458471639e-01 6.079734219269102846e-01 6.146179401993355773e-01 6.212624584717607590e-01 6.279069767441860517e-01
1.724137931034482735e-02 5.172413793103448204e-02 1.321839080459770166e-01 2.183908045977011603e-01 2.701149425287356354e-01 2.931034482758620441e-01 2.988505747126437018e-01 3.390804597701149170e-01 3.390804597701149170e-01 3.448275862068965747e-01
0.000000000000000000e+00 5.940594059405940319e-02 1.683168316831683275e-01 2.673267326732673421e-01 2.920792079207920611e-01 3.415841584158416100e-01 3.613861386138613740e-01 3.663366336633663289e-01 3.861386138613861485e-01 3.960396039603960583e-01
2.888086642599278081e-02 1.696750902527075777e-01 3.574007220216606773e-01 5.306859205776173205e-01 5.848375451263537750e-01 6.281588447653430052e-01 6.534296028880866025e-01 6.534296028880866025e-01 6.642599277978339378e-01 6.787003610108303109e-01
9.369369369369369427e-02 3.369369369369369371e-01 5.315315315315315425e-01 6.072072072072072224e-01 6.252252252252252784e-01 6.252252252252252784e-01 6.270270270270270618e-01 6.270270270270270618e-01 6.306306306306306286e-01 6.324324324324324120e-01
1.398601398601398600e-02 1.223776223776223832e-01 2.972027972027971865e-01 4.160839160839160944e-01 4.405594405594405738e-01 4.475524475524475521e-01 4.580419580419580194e-01 4.580419580419580194e-01 4.580419580419580194e-01 4.685314685314685423e-01
4.859611231101512024e-02 3.228941684665226908e-01 5.626349892008639664e-01 6.360691144708423561e-01 6.544276457883368980e-01 6.565874730021598049e-01 6.587473002159827118e-01 6.609071274298056187e-01 6.609071274298056187e-01 6.641468682505399235e-01
3.830369357045143586e-02 3.310533515731874377e-01 6.593707250341996895e-01 7.592339261285909746e-01 7.715458276333789778e-01 7.797537619699042022e-01 7.811217510259917951e-01 7.811217510259917951e-01 7.811217510259917951e-01 7.852257181942544628e-01
3.731343283582089221e-02 3.041044776119403159e-01 6.417910447761193682e-01 7.891791044776119701e-01 8.041044776119402604e-01 8.059701492537313383e-01 8.078358208955224162e-01 8.097014925373133831e-01 8.115671641791044610e-01 8.171641791044775838e-01
1.596169193934557145e-03 8.778930566640063757e-03 4.110135674381484167e-02 1.320830007980846044e-01 4.309656823623304045e-01 7.909018355945730550e-01 8.324022346368714631e-01 8.383878691141261053e-01 8.423782920989625334e-01 8.443735035913806364e-01
2.705627705627705517e-03 2.759740259740259619e-02 8.170995670995670479e-02 3.961038961038961248e-01 7.467532467532467244e-01 7.970779220779220520e-01 8.041125541125541121e-01 8.095238095238095344e-01 8.122294372294371900e-01 8.192640692640692501e-01
6.464124111182934515e-04 1.098901098901098987e-02 6.399482870071104834e-02 2.087912087912087988e-01 4.053005817711700098e-01 6.664511958629605326e-01 7.672915319974143999e-01 7.744020685197156029e-01 7.776341305753070587e-01 7.802197802197802234e-01
0.000000000000000000e+00 0.000000000000000000e+00 0.000000000000000000e+00 0.000000000000000000e+00 2.915451895043731732e-03 2.040816326530612082e-02 2.128279883381924142e-01 4.227405247813411093e-01 4.504373177842565523e-01 4.606413994169096249e-01
4.566210045662100203e-03 5.783866057838660257e-02 2.359208523592085105e-01 3.835616438356164171e-01 4.140030441400304184e-01 4.383561643835616195e-01 4.429223744292237197e-01 4.444444444444444198e-01 4.459665144596651198e-01 4.474885844748858199e-01
4.985994397759103691e-01 7.619047619047618625e-01 8.599439775910364681e-01 8.781512605042016695e-01 8.977591036414566128e-01 9.033613445378151363e-01 9.061624649859943981e-01 9.089635854341736598e-01 9.173669467787114451e-01 9.229691876750700796e-01
3.465160075329566935e-01 6.214689265536723628e-01 7.269303201506591705e-01 7.608286252354048429e-01 7.777777777777777901e-01 7.871939736346516003e-01 7.947269303201506263e-01 7.966101694915254106e-01 8.116760828625235735e-01 8.192090395480225995e-01
1.016949152542372947e-01 2.485875706214689396e-01 3.163841807909604786e-01 3.389830508474576121e-01 3.389830508474576121e-01 3.446327683615819093e-01 3.502824858757062065e-01 3.615819209039548010e-01 3.728813559322033955e-01 3.954802259887005844e-01
3.501945525291828565e-01 5.797665369649805944e-01 6.809338521400778443e-01 7.237354085603112663e-01 7.334630350194552006e-01 7.509727626459143934e-01 7.607003891050583277e-01 7.607003891050583277e-01 7.645914396887159015e-01 7.743190661478599468e-01
3.188405797101449002e-01 5.289855072463768293e-01 6.618357487922705840e-01 7.077294685990338508e-01 7.246376811594202882e-01 7.367149758454106800e-01 7.487922705314009608e-01 7.560386473429951959e-01 7.657004830917873983e-01 7.729468599033816334e-01
4.411116012351125049e-01 6.934274371415968252e-01 7.737097485663873009e-01 7.979708866343184770e-01 8.085575650639611478e-01 8.169386854874283177e-01 8.244375827084252650e-01 8.288486987207763779e-01 8.314953683281870456e-01 8.363475959417732142e-01
2.854715378079863974e-01 5.233644859813083583e-01 6.219201359388275563e-01 6.508071367884451508e-01 6.627017841971113432e-01 6.703483432455394908e-01 6.779949022939677494e-01 6.822429906542055722e-01 6.839422259983007901e-01 6.847918436703482881e-01
1.670061099796333881e-01 3.177189409368635364e-01 4.134419551934827020e-01 4.460285132382891815e-01 4.541751527494908292e-01 4.623217922606924768e-01 4.643584521384928609e-01 4.765784114052953324e-01 4.806517311608961562e-01 4.826883910386965404e-01
7.234042553191488700e-02 1.531914893617021267e-01 1.872340425531914820e-01 2.021276595744680715e-01 2.127659574468085124e-01 2.191489361702127769e-01 2.255319148936170137e-01 2.255319148936170137e-01 2.255319148936170137e-01 2.255319148936170137e-01
2.809694793536804402e-01 5.161579892280071524e-01 5.951526032315977988e-01 6.355475763016158464e-01 6.499102333931777720e-01 6.570915619389586793e-01 6.660682226211849244e-01 6.714542190305206049e-01 6.777378815080790098e-01 6.840215439856373036e-01
6.481715006305169835e-01 7.831021437578814526e-01 8.070617906683480447e-01 8.171500630517023467e-01 8.209331651954602238e-01 8.247162673392182120e-01 8.297604035308953074e-01 8.335435056746531846e-01 8.398486759142497204e-01 8.398486759142497204e-01
6.291079812206572530e-01 8.051643192488262546e-01 8.427230046948356312e-01 8.474178403755868727e-01 8.556338028169013787e-01 8.626760563380281299e-01 8.661971830985915055e-01 8.697183098591548811e-01 8.744131455399061226e-01 8.767605633802817433e-01
6.256800870511425305e-01 7.769314472252448756e-01 8.117519042437432164e-01 8.204570184983678294e-01 8.367791077257888954e-01 8.422198041349292508e-01 8.465723612622415573e-01 8.509249183895538637e-01 8.563656147986942191e-01 8.596300326441784767e-01
5.013368983957219305e-01 6.844919786096256287e-01 7.326203208556150148e-01 7.540106951871657914e-01 7.687165775401069157e-01 7.713903743315507766e-01 7.780748663101604290e-01 7.780748663101604290e-01 7.794117647058823595e-01 7.820855614973262204e-01
6.445427728613569718e-01 7.772861356932153631e-01 7.890855457227138325e-01 7.949852507374631783e-01 8.023598820058996939e-01 8.067846607669616477e-01 8.112094395280236014e-01 8.171091445427728361e-01 8.185840707964602281e-01 8.200589970501475090e-01
3.780718336483932050e-03 5.671077504725897944e-02 3.034026465028355490e-01 5.340264650283553793e-01 6.181474480151228912e-01 6.479206049149338620e-01 6.625708884688090716e-01 6.715500945179584402e-01 6.791115311909262653e-01 6.890359168241966259e-01
7.589447054571738654e-03 1.395012649078424261e-01 4.553668232743042776e-01 6.382363570654138174e-01 6.834116371521503641e-01 7.116010119262738964e-01 7.253342970726418537e-01 7.347307553306831052e-01 7.452114203108058943e-01 7.528008673653776572e-01
5.845181674565561036e-02 1.406003159557661919e-01 1.753554502369668311e-01 2.037914691943127909e-01 2.116903633491311332e-01 2.180094786729857848e-01 2.243285939968404363e-01 2.338072669826224415e-01 2.353870458135861043e-01 2.385466034755134301e-01
1.412999596285829593e-02 1.606782398062172046e-01 4.561970125151392774e-01 5.890189745660072695e-01 6.346386758175212028e-01 6.596689543802987110e-01 6.689543802987485410e-01 6.794509487283003635e-01 6.879289463060153098e-01 6.984255147355672433e-01
2.626050420168067265e-02 2.221638655462184753e-01 4.569327731092436840e-01 5.709033613445377853e-01 5.976890756302520868e-01 6.155462184873949916e-01 6.250000000000000000e-01 6.349789915966386200e-01 6.428571428571429047e-01 6.528361344537815247e-01
2.153110047846890085e-01 3.971291866028708317e-01 4.832535885167464351e-01 5.454545454545454142e-01 5.837320574162679909e-01 6.172248803827751207e-01 6.315789473684210176e-01 6.459330143540670255e-01 6.746411483253588193e-01 6.985645933014353881e-01
1.250000000000000000e-01 2.946428571428571508e-01 3.571428571428571508e-01 3.660714285714285476e-01 3.928571428571428492e-01 3.928571428571428492e-01 4.107142857142856984e-01 4.196428571428571508e-01 4.375000000000000000e-01 4.553571428571428492e-01
6.741573033707864981e-02 1.460674157303370746e-01 1.910112359550561745e-01 2.022471910112359494e-01 2.022471910112359494e-01 2.022471910112359494e-01 2.022471910112359494e-01 2.022471910112359494e-01 2.134831460674157244e-01 2.134831460674157244e-01
1.234567901234567833e-02 4.938271604938271331e-02 6.172839506172839164e-02 6.172839506172839164e-02 6.172839506172839164e-02 6.172839506172839164e-02 7.407407407407406996e-02 7.407407407407406996e-02 7.407407407407406996e-02 7.407407407407406996e-02
1.886792452830188607e-02 3.773584905660377214e-02 5.660377358490566169e-02 5.660377358490566169e-02 5.660377358490566169e-02 5.660377358490566169e-02 5.660377358490566169e-02 5.660377358490566169e-02 5.660377358490566169e-02 5.660377358490566169e-02
2.010338885697874819e-02 1.481906950028719083e-01 5.106260769672601452e-01 7.438253877082137144e-01 7.685238368753589677e-01 7.823090178058587085e-01 7.909247558874210604e-01 7.995404939689833013e-01 8.047099368179206902e-01 8.127512923607121964e-01
1.167315175097276281e-02 2.046692607003890996e-01 5.252918287937743402e-01 6.684824902723734974e-01 6.894941634241245065e-01 7.042801556420233977e-01 7.112840466926070304e-01 7.182879377431906631e-01 7.268482490272373253e-01 7.315175097276264138e-01
3.921568627450980338e-03 1.254901960784313708e-01 5.215686274509804266e-01 6.352941176470587870e-01 6.444444444444444864e-01 6.522875816993464193e-01 6.640522875816993187e-01 6.705882352941175961e-01 6.823529411764706065e-01 6.836601307189542620e-01
1.002227171492204964e-02 1.380846325167037758e-01 4.866369710467706167e-01 5.779510022271714398e-01 5.879732739420935328e-01 5.979955456570156258e-01 6.013363028953229161e-01 6.057906458797327476e-01 6.091314031180400379e-01 6.135857461024498694e-01
3.524518388791593737e-01 7.075306479859895248e-01 8.428196147110332825e-01 8.712784588441331302e-01 8.826619964973729804e-01 8.887915936952714979e-01 8.936077057793344602e-01 9.010507880910683109e-01 9.045534150612959401e-01 9.063047285464097547e-01
2.595936794582393015e-01 5.620767494356658789e-01 6.794582392776523649e-01 7.155756207674943692e-01 7.313769751693002252e-01 7.652370203160271389e-01 7.832957110609480855e-01 8.013544018058690321e-01 8.148984198645597976e-01 8.306997742663656537e-01
2.475728155339805836e-01 5.315533980582524132e-01 6.189320388349514035e-01 6.747572815533980917e-01 7.087378640776699212e-01 7.451456310679611672e-01 7.669902912621359148e-01 7.791262135922329968e-01 7.888349514563106624e-01 8.058252427184465772e-01
5.405405405405405705e-02 2.128378378378378288e-01 4.121621621621621712e-01 5.540540540540540571e-01 5.912162162162162282e-01 6.385135135135134865e-01 6.486486486486486847e-01 6.587837837837837718e-01 6.655405405405405705e-01 6.891891891891891442e-01
5.000000000000000278e-02 2.454545454545454530e-01 4.363636363636363424e-01 5.227272727272727071e-01 5.454545454545454142e-01 5.681818181818182323e-01 5.909090909090909394e-01 6.045454545454544970e-01 6.090909090909091272e-01 6.181818181818181657e-01
7.801418439716312214e-02 2.978723404255319007e-01 5.106382978723403854e-01 5.780141843971631221e-01 5.992907801418440039e-01 6.134751773049645918e-01 6.205673758865247747e-01 6.418439716312056564e-01 6.595744680851063357e-01 6.666666666666666297e-01
7.129870129870129469e-01 8.870129870129870309e-01 9.077922077922078170e-01 9.168831168831168554e-01 9.207792207792208083e-01 9.311688311688312014e-01 9.311688311688312014e-01 9.337662337662337997e-01 9.350649350649350433e-01 9.402597402597402398e-01
5.223880597014924909e-01 7.860696517412935069e-01 8.374792703150911732e-01 8.507462686567164312e-01 8.590381426202321480e-01 8.640132669983415781e-01 8.656716417910447214e-01 8.689883913764511192e-01 8.723051409618574059e-01 8.756218905472636926e-01
2.875264270613107631e-01 6.871035940803382758e-01 7.864693446088795170e-01 8.033826638477801207e-01 8.118393234672304226e-01 8.202959830866807245e-01 8.287526427061310264e-01 8.308668076109936296e-01 8.350951374207188360e-01 8.414376321353065347e-01
2.085201793721973007e-01 6.053811659192824823e-01 7.623318385650224016e-01 7.735426008968609990e-01 7.757847533632287185e-01 7.825112107623318769e-01 7.869955156950673159e-01 7.937219730941703633e-01 7.982062780269058022e-01 7.982062780269058022e-01
2.181818181818181712e-01 6.272727272727273151e-01 7.484848484848485306e-01 7.606060606060606188e-01 7.666666666666667185e-01 7.757575757575757569e-01 7.818181818181818565e-01 7.848484848484847953e-01 7.878787878787878451e-01 7.878787878787878451e-01
5.409153952843272911e-02 1.789181692094313492e-01 2.607489597780859869e-01 3.176144244105409409e-01 3.342579750346740819e-01 3.633841886269070787e-01 3.855755894590846000e-01 3.980582524271844558e-01 4.063800277392510263e-01 4.091539528432732165e-01
0.000000000000000000e+00 0.000000000000000000e+00 0.000000000000000000e+00 1.912045889101338363e-03 5.736137667304015524e-03 1.338432122370936984e-02 1.720841300191204570e-02 1.912045889101338450e-02 4.397705544933078192e-02 8.221797323135755786e-02
0.000000000000000000e+00 0.000000000000000000e+00 0.000000000000000000e+00 0.000000000000000000e+00 0.000000000000000000e+00 0.000000000000000000e+00 5.524861878453038444e-03 1.243093922651933650e-02 2.624309392265193261e-02 1.035911602209944743e-01
0.000000000000000000e+00 2.496099843993759837e-02 1.014040561622464864e-01 2.012480499219968799e-01 2.152886115444617721e-01 2.418096723868954634e-01 2.542901716068642903e-01 2.574102964118564763e-01 2.667706708268330895e-01 2.745709828393135821e-01
7.812500000000000000e-03 2.500000000000000139e-02 8.749999999999999445e-02 2.234375000000000111e-01 2.609374999999999889e-01 2.828125000000000222e-01 3.031249999999999778e-01 3.093750000000000111e-01 3.187499999999999778e-01 3.296875000000000222e-01
4.516129032258064391e-01 6.408602150537634490e-01 7.032258064516129226e-01 7.311827956989247479e-01 7.376344086021505708e-01 7.462365591397849274e-01 7.591397849462365732e-01 7.612903225806451069e-01 7.720430107526882191e-01 7.784946236559139310e-01
5.067873303167420573e-01 6.832579185520362142e-01 7.330316742081447456e-01 7.488687782805429904e-01 7.556561085972850478e-01 7.647058823529411242e-01 7.669683257918552544e-01 7.737556561085973117e-01 7.850678733031674073e-01 7.873303167420814264e-01
4.947807933194154351e-01 6.701461377870563396e-01 7.369519832985386154e-01 7.599164926931106789e-01 7.724425887265136126e-01 7.766179540709812201e-01 7.870563674321503500e-01 7.891440501043841538e-01 7.891440501043841538e-01 7.912317327766179575e-01
5.115830115830115599e-01 6.833976833976833642e-01 7.316602316602316414e-01 7.490347490347489812e-01 7.644787644787645053e-01 7.683397683397683586e-01 7.722007722007722119e-01 7.799227799227799185e-01 7.857142857142856984e-01 7.915057915057914784e-01
4.861995753715498969e-01 6.390658174097664235e-01 6.900212314225052657e-01 7.154989384288746868e-01 7.303609341825901824e-01 7.409766454352441079e-01 7.494692144373672482e-01 7.664543524416136400e-01 7.728237791932059952e-01 7.770700636942675654e-01
6.818181818181817677e-02 1.136363636363636326e-01 1.363636363636363535e-01 2.045454545454545581e-01 2.045454545454545581e-01 2.045454545454545581e-01 2.045454545454545581e-01 2.045454545454545581e-01 2.045454545454545581e-01 2.045454545454545581e-01
2.564102564102564014e-02 2.564102564102564014e-02 2.564102564102564014e-02 2.564102564102564014e-02 2.564102564102564014e-02 2.564102564102564014e-02 2.564102564102564014e-02 2.564102564102564014e-02 2.564102564102564014e-02 2.564102564102564014e-02
2.325581395348837177e-02 4.651162790697674354e-02 4.651162790697674354e-02 6.976744186046511531e-02 6.976744186046511531e-02 6.976744186046511531e-02 6.976744186046511531e-02 6.976744186046511531e-02 6.976744186046511531e-02 9.302325581395348708e-02
4.081632653061224164e-02 4.081632653061224164e-02 4.081632653061224164e-02 4.081632653061224164e-02 4.081632653061224164e-02 4.081632653061224164e-02 4.081632653061224164e-02 4.081632653061224164e-02 4.081632653061224164e-02 4.081632653061224164e-02
1.818181818181818094e-02 1.818181818181818094e-02 1.818181818181818094e-02 1.818181818181818094e-02 1.818181818181818094e-02 1.818181818181818094e-02 1.818181818181818094e-02 1.818181818181818094e-02 1.818181818181818094e-02 1.818181818181818094e-02
2.014652014652014711e-01 4.340659340659340781e-01 5.347985347985347859e-01 5.860805860805861078e-01 6.263736263736263687e-01 6.410256410256410797e-01 6.611721611721611547e-01 6.794871794871795156e-01 7.032967032967033516e-01 7.234432234432234265e-01
2.000000000000000111e-01 4.131147540983606814e-01 5.278688524590163800e-01 5.934426229508196204e-01 6.262295081967212962e-01 6.557377049180327377e-01 6.803278688524589946e-01 6.967213114754098324e-01 7.131147540983606703e-01 7.229508196721311508e-01
1.496259351620947697e-01 3.665835411471321525e-01 4.763092269326683059e-01 5.311720698254364104e-01 5.586034912718204071e-01 5.810473815461346669e-01 5.935162094763092311e-01 6.134663341645885115e-01 6.259351620947630757e-01 6.309226932668329235e-01
1.309090909090909194e-01 3.272727272727272707e-01 4.181818181818181546e-01 4.872727272727272463e-01 5.054545454545454897e-01 5.127272727272726982e-01 5.127272727272726982e-01 5.200000000000000178e-01 5.236363636363636775e-01 5.272727272727272263e-01
2.429378531073446423e-01 4.124293785310734206e-01 5.480225988700564432e-01 5.762711864406779849e-01 5.932203389830508211e-01 5.988700564971751739e-01 6.045197740112994156e-01 6.158192090395480101e-01 6.214689265536723628e-01 6.271186440677966045e-01
3.488543976348854603e-01 6.600147819660014958e-01 7.383592017738359603e-01 7.649667405764967176e-01 7.790096082779010001e-01 7.856614929785661339e-01 7.923133776792313787e-01 7.982261640798226088e-01 8.041389504804139499e-01 8.093126385809312762e-01
4.855305466237941903e-01 7.615985300872760710e-01 8.213137344970142806e-01 8.369315571887918637e-01 8.456591639871382515e-01 8.511713367018832743e-01 8.566835094166284081e-01 8.608176389526871475e-01 8.626550298576022291e-01 8.644924207625171997e-01
4.956387891226269882e-01 7.547460236018470603e-01 8.019497178040020380e-01 8.204207285787583626e-01 8.291431503335043862e-01 8.353001539250898277e-01 8.409440738840431306e-01 8.414571575166752693e-01 8.424833247819394355e-01 8.445356593124678790e-01
2.284710017574692331e-01 5.448154657293496905e-01 6.783831282952548225e-01 7.082601054481546532e-01 7.249560632688928363e-01 7.337434094903338977e-01 7.381370826010544839e-01 7.460456942003514946e-01 7.469244288224956563e-01 7.504393673110720808e-01
5.470313542361574660e-02 2.721814543028685529e-01 5.730486991327551349e-01 7.271514342895263328e-01 7.565043362241494762e-01 7.678452301534356428e-01 7.791861240827218094e-01 7.818545697131420447e-01 7.885256837891927439e-01 7.905270180120079759e-01
4.345949535192563107e-01 6.669986719787516227e-01 7.307436918990704022e-01 7.639442231075697087e-01 7.792164674634793897e-01 7.908366533864541470e-01 7.981407702523239944e-01 8.154050464807437448e-01 8.243691899070385576e-01 8.300132802124834397e-01
3.009009009009008806e-01 4.948948948948949100e-01 5.765765765765765716e-01 6.162162162162162504e-01 6.360360360360360898e-01 6.522522522522522515e-01 6.672672672672672611e-01 6.840840840840840542e-01 6.942942942942943452e-01 7.015015015015014788e-01
1.733333333333333393e-01 3.066666666666666430e-01 3.693333333333333468e-01 4.013333333333333197e-01 4.173333333333333339e-01 4.346666666666666456e-01 4.400000000000000022e-01 4.466666666666666563e-01 4.506666666666666599e-01 4.560000000000000164e-01
3.526932084309133408e-01 5.911007025761123579e-01 6.749414519906322685e-01 7.119437939110070390e-01 7.259953161592506143e-01 7.367681498829039555e-01 7.480093676814988379e-01 7.578454332552693185e-01 7.606557377049180113e-01 7.690866510538642009e-01
2.151898734177215278e-01 4.029535864978903148e-01 5.077355836849507531e-01 5.534458509142053950e-01 5.794655414908579383e-01 5.907172995780590741e-01 5.998593530239100247e-01 6.090014064697608642e-01 6.139240506329114444e-01 6.258790436005625679e-01
2.414001207000603545e-03 3.319251659625829798e-02 3.071816535908267753e-01 5.365117682558840917e-01 6.433313216656608713e-01 6.680748340374169647e-01 6.759203379601689265e-01 6.843693421846710478e-01 6.952323476161738069e-01 7.036813518406759282e-01
2.995805871779508647e-03 1.258238466147393667e-02 1.455961653684841317e-01 4.361893349310964618e-01 5.835829838226482824e-01 6.303175554224086374e-01 6.494907130017975039e-01 6.584781306171360038e-01 6.674655482324745037e-01 6.740563211503894925e-01
7.776049766718506982e-04 3.888024883359253708e-03 4.976671850699844468e-02 2.853810264385692186e-01 4.642301710730948883e-01 5.505443234836703281e-01 5.660964230171072753e-01 5.754276827371694880e-01 5.940902021772939134e-01 6.026438569206843399e-01
1.320132013201320009e-01 4.112211221122112348e-01 5.412541254125412538e-01 5.689768976897690012e-01 5.815181518151815165e-01 5.861386138613861041e-01 5.933993399339934083e-01 5.986798679867987305e-01 6.072607260726072820e-01 6.112211221122112459e-01
1.071080817916260884e-02 1.265822784810126667e-01 3.398247322297955342e-01 4.488802336903602863e-01 4.878286270691333804e-01 5.024342745861732906e-01 5.189873417721518889e-01 5.248296007789678974e-01 5.326192794547225384e-01 5.404089581304770684e-01
4.607843137254901689e-01 7.647058823529411242e-01 8.529411764705882026e-01 8.725490196078431460e-01 8.745098039215686292e-01 8.764705882352941124e-01 8.803921568627450789e-01 8.823529411764705621e-01 8.823529411764705621e-01 8.823529411764705621e-01
4.467213114754098324e-01 7.459016393442623460e-01 8.319672131147540783e-01 8.422131147540983243e-01 8.463114754098360892e-01 8.565573770491803351e-01 8.586065573770491621e-01 8.586065573770491621e-01 8.586065573770491621e-01 8.586065573770491621e-01
1.062271062271062244e-01 3.553113553113553258e-01 5.201465201465201860e-01 5.494505494505494969e-01 5.604395604395604469e-01 5.641025641025640969e-01 5.677655677655677469e-01 5.677655677655677469e-01 5.750915750915750468e-01 5.750915750915750468e-01
1.040189125295508249e-01 5.248226950354609732e-01 8.132387706855791487e-01 8.486997635933806183e-01 8.628841607565012062e-01 8.676122931442080688e-01 8.676122931442080688e-01 8.699763593380615001e-01 8.723404255319149314e-01 8.747044917257683627e-01
9.523809523809524669e-03 1.809523809523809479e-01 4.952380952380952550e-01 7.476190476190476275e-01 7.714285714285714635e-01 7.761904761904762085e-01 7.857142857142856984e-01 7.857142857142856984e-01 7.857142857142856984e-01 7.904761904761904434e-01
3.960749330954504988e-01 7.020517395182872544e-01 7.966101694915254106e-01 8.162355040142729168e-01 8.296164139161462669e-01 8.421052631578946901e-01 8.537020517395182972e-01 8.608385370205173803e-01 8.652988403211417934e-01 8.715432649420160605e-01
2.959805115712545454e-01 6.199756394640681956e-01 7.210718635809987287e-01 7.612667478684530531e-01 7.795371498172959379e-01 7.917174177831912685e-01 8.002436053593179333e-01 8.087697929354445980e-01 8.160779537149817076e-01 8.306942752740560376e-01
1.522762951334379888e-01 4.474097331240188269e-01 6.405023547880690504e-01 6.750392464678178772e-01 6.891679748822605589e-01 7.001569858712716199e-01 7.221350078492935198e-01 7.315541601255887150e-01 7.441130298273155308e-01 7.535321821036107259e-01
1.371428571428571497e-01 4.419047619047619113e-01 5.961904761904761596e-01 6.361904761904761951e-01 6.533333333333333215e-01 6.628571428571428115e-01 6.742857142857142660e-01 6.800000000000000488e-01 6.819047619047619024e-01 6.895238095238095388e-01
1.106382978723404187e-01 3.297872340425531679e-01 4.638297872340425565e-01 5.106382978723403854e-01 5.212765957446808818e-01 5.361702127659574435e-01 5.531914893617021489e-01 5.702127659574468543e-01 5.723404255319148870e-01 5.851063829787234161e-01
4.345594525235244032e-01 7.040205303678357396e-01 7.938408896492729072e-01 8.272027373823781504e-01 8.349016253207870442e-01 8.477331052181351634e-01 8.605645851154832826e-01 8.699743370402053255e-01 8.725406330196748828e-01 8.768177929854577002e-01
4.433363553943789892e-01 7.035358114233907223e-01 7.869446962828648973e-01 8.141432456935630002e-01 8.277425203989120517e-01 8.413417951042611032e-01 8.513145965548504224e-01 8.585675430643698869e-01 8.640072529465094853e-01 8.658204895738893514e-01
4.264413518886679966e-01 6.729622266401590336e-01 7.783300198807157066e-01 8.041749502982107334e-01 8.170974155069582467e-01 8.270377733598409664e-01 8.359840954274353475e-01 8.459244532803180672e-01 8.499005964214711994e-01 8.528827037773359931e-01
4.210526315789473450e-01 6.403508771929824483e-01 7.313596491228070429e-01 7.642543859649122417e-01 7.774122807017543879e-01 7.861842105263158187e-01 7.949561403508771384e-01 8.048245614035087758e-01 8.103070175438596978e-01 8.190789473684210176e-01
3.461538461538461453e-01 5.781637717121588249e-01 6.526054590570720126e-01 6.972704714640198809e-01 7.133995037220843827e-01 7.196029776674938150e-01 7.307692307692307265e-01 7.332506203473945217e-01 7.382133995037221119e-01 7.468982630272953394e-01
1.709090909090908994e-01 3.987878787878788023e-01 5.030303030303030498e-01 5.393939393939394256e-01 5.612121212121211622e-01 5.757575757575758013e-01 5.903030303030303294e-01 5.927272727272727693e-01 6.012121212121211977e-01 6.060606060606060774e-01
8.858057630736393406e-02 4.407684098185699062e-01 6.606189967982923905e-01 7.043756670224119443e-01 7.235859124866595993e-01 7.310565635005336071e-01 7.417289220917823167e-01 7.502668089647812621e-01 7.566702241195304435e-01 7.620064034151547983e-01
1.024546424759871927e-01 5.122732123799359494e-01 7.203842049092848976e-01 7.609391675560298607e-01 7.694770544290288061e-01 7.790821771611525781e-01 7.865528281750266970e-01 7.908217716115261142e-01 7.982924226254002331e-01 8.057630736392742410e-01
8.683473389355741978e-02 3.501400560224089409e-01 5.518207282913165646e-01 6.106442577030812835e-01 6.246498599439775923e-01 6.302521008403361158e-01 6.358543417366946393e-01 6.386554621848739011e-01 6.414565826330532738e-01 6.498599439775910591e-01
5.588235294117647328e-02 3.367647058823529660e-01 5.926470588235294157e-01 6.426470588235294601e-01 6.647058823529411464e-01 6.779411764705882693e-01 6.911764705882352811e-01 6.985294117647058432e-01 6.999999999999999556e-01 7.088235294117647411e-01
2.010338885697874819e-02 1.481906950028719083e-01 5.106260769672601452e-01 7.438253877082137144e-01 7.685238368753589677e-01 7.823090178058587085e-01 7.909247558874210604e-01 7.995404939689833013e-01 8.047099368179206902e-01 8.127512923607121964e-01
1.167315175097276281e-02 2.046692607003890996e-01 5.252918287937743402e-01 6.684824902723734974e-01 6.894941634241245065e-01 7.042801556420233977e-01 7.112840466926070304e-01 7.182879377431906631e-01 7.268482490272373253e-01 7.315175097276264138e-01
3.921568627450980338e-03 1.254901960784313708e-01 5.215686274509804266e-01 6.352941176470587870e-01 6.444444444444444864e-01 6.522875816993464193e-01 6.640522875816993187e-01 6.705882352941175961e-01 6.823529411764706065e-01 6.836601307189542620e-01
1.002227171492204964e-02 1.380846325167037758e-01 4.866369710467706167e-01 5.779510022271714398e-01 5.879732739420935328e-01 5.979955456570156258e-01 6.013363028953229161e-01 6.057906458797327476e-01 6.091314031180400379e-01 6.135857461024498694e-01
3.524518388791593737e-01 7.075306479859895248e-01 8.428196147110332825e-01 8.712784588441331302e-01 8.826619964973729804e-01 8.887915936952714979e-01 8.936077057793344602e-01 9.010507880910683109e-01 9.045534150612959401e-01 9.063047285464097547e-01
2.087682672233820251e-03 8.350730688935281004e-03 3.131524008350730637e-02 1.482254697286012612e-01 2.045929018789144072e-01 2.087682672233820425e-01 2.108559498956158740e-01 2.108559498956158740e-01 2.108559498956158740e-01 2.150313152400835093e-01
0.000000000000000000e+00 9.943181818181818024e-03 5.255681818181818371e-02 1.761363636363636465e-01 2.457386363636363535e-01 2.883522727272727071e-01 3.082386363636363535e-01 3.167613636363636465e-01 3.252840909090908839e-01 3.309659090909091161e-01
0.000000000000000000e+00 1.533742331288343594e-03 1.993865030674846564e-02 1.395705521472392630e-01 2.177914110429447769e-01 2.484662576687116653e-01 2.576687116564417290e-01 2.607361963190183984e-01 2.653374233128834581e-01 2.699386503067484622e-01
1.189060642092746624e-03 8.323424494649227234e-03 7.015457788347205514e-02 3.531510107015457534e-01 5.184304399524375384e-01 5.648038049940546923e-01 5.683709869203329434e-01 5.731272294887038710e-01 5.766944114149821221e-01 5.790725326991676969e-01
0.000000000000000000e+00 0.000000000000000000e+00 0.000000000000000000e+00 2.688172043010752903e-03 8.064516129032257841e-02 1.827956989247311870e-01 2.446236559139784994e-01 2.553763440860215006e-01 2.580645161290322509e-01 2.661290322580645018e-01
5.546875000000000000e-01 8.164062500000000000e-01 8.971354166666666297e-01 9.179687500000000000e-01 9.257812500000000000e-01 9.335937500000000000e-01 9.401041666666666297e-01 9.440104166666666297e-01 9.453125000000000000e-01 9.453125000000000000e-01
4.827067669172932507e-01 7.398496240601504237e-01 8.315789473684210842e-01 8.721804511278195005e-01 8.887218045112782461e-01 8.932330827067669343e-01 8.962406015037593932e-01 8.962406015037593932e-01 8.992481203007518520e-01 9.112781954887217983e-01
4.028776978417266119e-01 7.122302158273381423e-01 8.225419664268585063e-01 8.489208633093525691e-01 8.585131894484412385e-01 8.609112709832134058e-01 8.681055155875300189e-01 8.705035971223021862e-01 8.752997601918465209e-01 8.848920863309353013e-01
2.709923664122137477e-01 5.954198473282442672e-01 6.870229007633588125e-01 7.290076335877863078e-01 7.442748091603053062e-01 7.557251908396946938e-01 7.557251908396946938e-01 7.595419847328244156e-01 7.595419847328244156e-01 7.595419847328244156e-01
1.493506493506493449e-01 4.740259740259740173e-01 6.038961038961039307e-01 6.428571428571429047e-01 6.493506493506493449e-01 6.493506493506493449e-01 6.493506493506493449e-01 6.558441558441558961e-01 6.688311688311687764e-01 6.688311688311687764e-01
1.140684410646387870e-01 3.384030418250950634e-01 4.410646387832699578e-01 4.942965779467680676e-01 5.133079847908744719e-01 5.361216730038023126e-01 5.513307984790875027e-01 5.513307984790875027e-01 5.513307984790875027e-01 5.627376425855513675e-01
0.000000000000000000e+00 5.988023952095808747e-03 5.988023952095808747e-03 1.137724550898203540e-01 3.233532934131736480e-01 4.910179640718562721e-01 5.209580838323353280e-01 5.329341317365269282e-01 5.389221556886227837e-01 5.508982035928143839e-01
2.993492407809110745e-01 5.965292841648589528e-01 7.245119305856833058e-01 7.505422993492407713e-01 7.744034707158351516e-01 7.982646420824295319e-01 8.047722342733188983e-01 8.091106290672450685e-01 8.134490238611713497e-01 8.177874186550976310e-01
6.153846153846154188e-02 3.384615384615384803e-01 4.961538461538461675e-01 5.461538461538461009e-01 5.576923076923077094e-01 5.653846153846153744e-01 5.692307692307692069e-01 5.730769230769230393e-01 5.807692307692308153e-01 5.923076923076923128e-01
9.933774834437086518e-03 1.324503311258278249e-01 3.841059602649006810e-01 6.357615894039735371e-01 6.721854304635761501e-01 6.920529801324503127e-01 6.953642384105960250e-01 7.019867549668874496e-01 7.019867549668874496e-01 7.119205298013244754e-01
5.185185185185184897e-01 7.510625379477838814e-01 8.287795992714025450e-01 8.512446873102610390e-01 8.670309653916211667e-01 8.773527625986642375e-01 8.816029143897996523e-01 8.864602307225257771e-01 8.876745598057073083e-01 8.907103825136611919e-01
3.507157464212679043e-01 5.950920245398773067e-01 6.748466257668711554e-01 7.116564417177914104e-01 7.290388548057259444e-01 7.423312883435583265e-01 7.535787321063395217e-01 7.617586912065439364e-01 7.678936605316973862e-01 7.709611451942740556e-01
3.326996197718631310e-01 5.979087452471483211e-01 6.758555133079847677e-01 7.224334600760455860e-01 7.319391634980988437e-01 7.547528517110265733e-01 7.642585551330798310e-01 7.718631178707224816e-01 7.766159695817490549e-01 7.851711026615969535e-01
1.428571428571428492e-01 2.510204081632653184e-01 3.285714285714285698e-01 3.734693877551020225e-01 3.836734693877550950e-01 3.959183673469387488e-01 4.122448979591836760e-01 4.204081632653061118e-01 4.224489795918367485e-01 4.306122448979591844e-01
1.152993348115299299e-01 2.416851441241685272e-01 2.727272727272727071e-01 3.170731707317073211e-01 3.237250554323725105e-01 3.392461197339246004e-01 3.503325942350332678e-01 3.658536585365853577e-01 3.658536585365853577e-01 3.725055432372505471e-01
1.528239202657807327e-01 3.455149501661129441e-01 4.252491694352159568e-01 4.584717607973421982e-01 4.717607973421926726e-01 4.850498338870432025e-01 4.883720930232557933e-01 4.983388704318936768e-01 5.083056478405315604e-01 5.116279069767442067e-01
1.350482315112540299e-01 3.183279742765273146e-01 4.147909967845659351e-01 4.565916398713826263e-01 4.694533762057878090e-01 4.823151125401929362e-01 4.919614147909968094e-01 4.983922829581993730e-01 5.048231511254018811e-01 5.112540192926045002e-01
1.546762589928057652e-01 3.633093525179856287e-01 4.748201438848920763e-01 5.000000000000000000e-01 5.071942446043165020e-01 5.287769784172662302e-01 5.359712230215827322e-01 5.431654676258992342e-01 5.503597122302158473e-01 5.539568345323740983e-01
3.674074074074074048e-01 6.444444444444444864e-01 7.496296296296296457e-01 7.940740740740740433e-01 8.103703703703704075e-01 8.281481481481481888e-01 8.325925925925925508e-01 8.370370370370370239e-01 8.429629629629629139e-01 8.488888888888889150e-01
1.433447098976109169e-01 2.935153583617747253e-01 3.822525597269624820e-01 4.334470989761092241e-01 4.573378839590443445e-01 4.709897610921501832e-01 4.846416382252559663e-01 4.880546075085324120e-01 5.051194539249146409e-01 5.187713310580204240e-01
4.594168636721828181e-01 7.092198581560283932e-01 7.698975571315996858e-01 7.880220646178093258e-01 7.959022852639874301e-01 8.022064617809299136e-01 8.077226162332544757e-01 8.163908589440503905e-01 8.234830575256106844e-01 8.337273443656422200e-01
2.972420837589376807e-01 5.383043922369764589e-01 6.292134831460673983e-01 6.547497446373851115e-01 6.659856996935649143e-01 6.782431052093973456e-01 6.915219611848825165e-01 6.976506639427987322e-01 7.048008171603676875e-01 7.088866189989785349e-01
2.272000000000000131e-01 4.112000000000000099e-01 4.752000000000000113e-01 5.231999999999999984e-01 5.472000000000000197e-01 5.632000000000000339e-01 5.695999999999999952e-01 5.807999999999999829e-01 5.887999999999999901e-01 5.984000000000000430e-01
1.917241379310344884e-01 3.462068965517241526e-01 4.551724137931034697e-01 4.965517241379310276e-01 5.268965517241379626e-01 5.420689655172413746e-01 5.544827586206896308e-01 5.668965517241378871e-01 5.834482758620689324e-01 5.958620689655171887e-01
1.798365122615803724e-01 3.882833787465940212e-01 5.095367847411443885e-01 5.599455040871934575e-01 5.803814713896457977e-01 5.967302452316076700e-01 6.130790190735694312e-01 6.321525885558583191e-01 6.376021798365122395e-01 6.444141689373297233e-01
4.498254799301919515e-01 7.129144851657940318e-01 7.901396160558463722e-01 8.158813263525305226e-01 8.232984293193716940e-01 8.324607329842932391e-01 8.376963350785340268e-01 8.407504363001745418e-01 8.494764397905759656e-01 8.560209424083770058e-01
3.161073825503355472e-01 5.255033557046979720e-01 6.154362416107382883e-01 6.557046979865771563e-01 6.791946308724832182e-01 6.926174496644295075e-01 7.040268456375838868e-01 7.147651006711409627e-01 7.302013422818791621e-01 7.422818791946308448e-01
2.089171974522293085e-01 3.936305732484076669e-01 4.535031847133758065e-01 4.828025477707006408e-01 5.019108280254777066e-01 5.146496815286624171e-01 5.248407643312101856e-01 5.388535031847133672e-01 5.477707006369426646e-01 5.592356687898089040e-01
2.532019704433497442e-01 4.541871921182266125e-01 5.556650246305419039e-01 5.921182266009852313e-01 6.078817733990147243e-01 6.147783251231526691e-01 6.246305418719211300e-01 6.295566502463054714e-01 6.354679802955665036e-01 6.394088669950739323e-01
1.432506887052341638e-01 2.782369146005509442e-01 3.663911845730027372e-01 4.049586776859503967e-01 4.159779614325068708e-01 4.283746556473829181e-01 4.352617079889807283e-01 4.407713498622589654e-01 4.531680440771350127e-01 4.559228650137741035e-01
2.916174734356552500e-01 6.906729634002360951e-01 8.394332939787485515e-01 8.707201889020070862e-01 8.766233766233766378e-01 8.789846517119244140e-01 8.801652892561983021e-01 8.807556080283353017e-01 8.813459268004723013e-01 8.819362455726091898e-01
1.529605263157894635e-01 5.197368421052631637e-01 7.039473684210526550e-01 7.615131578947368363e-01 7.697368421052631637e-01 7.763157894736841813e-01 7.779605263157894912e-01 7.779605263157894912e-01 7.779605263157894912e-01 7.812500000000000000e-01
1.085271317829457349e-01 3.359173126614987126e-01 4.961240310077519311e-01 5.555555555555555802e-01 5.736434108527131981e-01 5.839793281653746782e-01 5.839793281653746782e-01 5.839793281653746782e-01 5.839793281653746782e-01 5.891472868217054737e-01
4.191616766467065602e-02 1.976047904191616800e-01 2.814371257485029920e-01 2.994011976047903922e-01 3.113772455089820479e-01 3.173652694610778480e-01 3.233532934131736480e-01 3.293413173652694481e-01 3.293413173652694481e-01 3.293413173652694481e-01
1.449275362318840597e-02 3.381642512077294438e-02 6.763285024154588876e-02 6.763285024154588876e-02 6.763285024154588876e-02 6.763285024154588876e-02 6.763285024154588876e-02 6.763285024154588876e-02 6.763285024154588876e-02 6.763285024154588876e-02
