1.590909090909090884e-01 4.090909090909091161e-01 4.545454545454545303e-01 5.454545454545454142e-01 5.681818181818182323e-01 6.136363636363636465e-01 6.363636363636363535e-01 6.590909090909090606e-01 7.045454545454545858e-01 7.500000000000000000e-01
0.000000000000000000e+00 0.000000000000000000e+00 1.000000000000000056e-01 1.000000000000000056e-01 1.499999999999999944e-01 1.499999999999999944e-01 2.000000000000000111e-01 2.000000000000000111e-01 2.000000000000000111e-01 2.000000000000000111e-01
0.000000000000000000e+00 0.000000000000000000e+00 0.000000000000000000e+00 0.000000000000000000e+00 8.064516129032257841e-03 8.064516129032257841e-03 1.209677419354838676e-02 1.209677419354838676e-02 1.209677419354838676e-02 1.209677419354838676e-02
0.000000000000000000e+00 3.267973856209150426e-03 3.267973856209150426e-03 3.267973856209150426e-03 3.267973856209150426e-03 3.267973856209150426e-03 3.267973856209150426e-03 6.535947712418300852e-03 6.535947712418300852e-03 9.803921568627450844e-03
7.142857142857142461e-02 7.142857142857142461e-02 7.142857142857142461e-02 1.428571428571428492e-01 2.857142857142856984e-01 3.571428571428571508e-01 4.285714285714285476e-01 4.285714285714285476e-01 4.285714285714285476e-01 4.285714285714285476e-01
1.161290322580645212e-01 1.806451612903225701e-01 1.806451612903225701e-01 2.000000000000000111e-01 2.322580645161290425e-01 2.580645161290322509e-01 2.838709677419354871e-01 3.161290322580644907e-01 3.290322580645161366e-01 3.419354838709677269e-01
6.349206349206348854e-02 9.523809523809523281e-02 9.523809523809523281e-02 1.111111111111111049e-01 1.269841269841269771e-01 1.904761904761904656e-01 1.904761904761904656e-01 2.063492063492063378e-01 2.063492063492063378e-01 2.539682539682539542e-01
0.000000000000000000e+00 0.000000000000000000e+00 0.000000000000000000e+00 0.000000000000000000e+00 0.000000000000000000e+00 0.000000000000000000e+00 0.000000000000000000e+00 0.000000000000000000e+00 0.000000000000000000e+00 0.000000000000000000e+00
1.428571428571428492e-01 1.428571428571428492e-01 1.428571428571428492e-01 1.428571428571428492e-01 1.428571428571428492e-01 2.857142857142856984e-01 2.857142857142856984e-01 2.857142857142856984e-01 2.857142857142856984e-01 4.285714285714285476e-01
5.000000000000000278e-02 1.499999999999999944e-01 2.083333333333333426e-01 2.916666666666666852e-01 3.583333333333333370e-01 4.249999999999999889e-01 4.583333333333333148e-01 5.083333333333333037e-01 5.500000000000000444e-01 6.083333333333332815e-01
2.647058823529411797e-01 4.117647058823529216e-01 4.411764705882352811e-01 4.411764705882352811e-01 4.705882352941176405e-01 4.705882352941176405e-01 5.294117647058823595e-01 5.588235294117647189e-01 5.588235294117647189e-01 5.882352941176470784e-01
2.999999999999999889e-01 5.000000000000000000e-01 5.000000000000000000e-01 5.000000000000000000e-01 5.999999999999999778e-01 5.999999999999999778e-01 5.999999999999999778e-01 6.500000000000000222e-01 6.500000000000000222e-01 6.500000000000000222e-01
3.333333333333333148e-01 6.666666666666666297e-01 6.666666666666666297e-01 6.666666666666666297e-01 6.666666666666666297e-01 8.333333333333333703e-01 8.333333333333333703e-01 8.333333333333333703e-01 8.333333333333333703e-01 8.333333333333333703e-01
3.333333333333333148e-01 5.000000000000000000e-01 5.000000000000000000e-01 5.000000000000000000e-01 5.000000000000000000e-01 5.000000000000000000e-01 5.000000000000000000e-01 5.000000000000000000e-01 5.000000000000000000e-01 5.000000000000000000e-01
0.000000000000000000e+00 0.000000000000000000e+00 0.000000000000000000e+00 0.000000000000000000e+00 0.000000000000000000e+00 0.000000000000000000e+00 0.000000000000000000e+00 1.666666666666666574e-01 1.666666666666666574e-01 1.666666666666666574e-01
1.578947368421052544e-01 2.105263157894736725e-01 2.631578947368420907e-01 3.684210526315789269e-01 3.684210526315789269e-01 4.736842105263157632e-01 4.736842105263157632e-01 4.736842105263157632e-01 6.315789473684210176e-01 6.315789473684210176e-01
0.000000000000000000e+00 0.000000000000000000e+00 0.000000000000000000e+00 1.666666666666666574e-01 1.666666666666666574e-01 1.666666666666666574e-01 1.666666666666666574e-01 1.666666666666666574e-01 2.500000000000000000e-01 2.500000000000000000e-01
5.000000000000000278e-02 1.749999999999999889e-01 2.000000000000000111e-01 2.000000000000000111e-01 2.500000000000000000e-01 2.500000000000000000e-01 2.500000000000000000e-01 2.750000000000000222e-01 3.250000000000000111e-01 3.250000000000000111e-01
2.857142857142856984e-01 3.571428571428571508e-01 4.285714285714285476e-01 5.000000000000000000e-01 5.238095238095238360e-01 5.476190476190476719e-01 5.952380952380952328e-01 6.190476190476190688e-01 6.666666666666666297e-01 6.904761904761904656e-01
2.857142857142856984e-01 4.285714285714285476e-01 5.714285714285713969e-01 5.714285714285713969e-01 5.714285714285713969e-01 5.714285714285713969e-01 7.142857142857143016e-01 7.142857142857143016e-01 7.142857142857143016e-01 7.142857142857143016e-01
1.780303030303030387e-01 3.143939393939393923e-01 3.636363636363636465e-01 3.939393939393939226e-01 4.356060606060606077e-01 4.848484848484848619e-01 5.492424242424241987e-01 5.946969696969697239e-01 6.553030303030302761e-01 7.234848484848485084e-01
3.529411764705882304e-02 1.882352941176470562e-01 2.588235294117647300e-01 3.529411764705882582e-01 4.352941176470588314e-01 5.294117647058823595e-01 5.764705882352940680e-01 7.058823529411765163e-01 7.294117647058823151e-01 7.647058823529411242e-01
6.081081081081081419e-02 1.216216216216216284e-01 1.689189189189189144e-01 2.432432432432432567e-01 3.108108108108108003e-01 3.243243243243243423e-01 3.783783783783783994e-01 4.527027027027026862e-01 5.135135135135134865e-01 5.743243243243243423e-01
0.000000000000000000e+00 0.000000000000000000e+00 0.000000000000000000e+00 6.060606060606060774e-02 1.212121212121212155e-01 1.515151515151515194e-01 1.818181818181818232e-01 2.424242424242424310e-01 2.424242424242424310e-01 2.424242424242424310e-01
0.000000000000000000e+00 1.219512195121951262e-02 2.439024390243902524e-02 2.439024390243902524e-02 3.658536585365853439e-02 8.536585365853659180e-02 1.341463414634146423e-01 1.341463414634146423e-01 1.341463414634146423e-01 1.341463414634146423e-01
3.862660944206008917e-02 1.030042918454935619e-01 1.545064377682403567e-01 2.188841201716738294e-01 2.875536480686695096e-01 3.562231759656652175e-01 4.334763948497853958e-01 4.849785407725321629e-01 5.407725321888412484e-01 5.793991416309013376e-01
1.111111111111111154e-02 7.777777777777777901e-02 1.333333333333333315e-01 2.000000000000000111e-01 2.666666666666666630e-01 3.111111111111111160e-01 4.222222222222222210e-01 5.000000000000000000e-01 6.222222222222222321e-01 6.555555555555555580e-01
9.271523178807947879e-03 1.854304635761589576e-02 2.649006622516556289e-02 4.370860927152318137e-02 6.622516556291391243e-02 9.933774834437085477e-02 1.178807947019867575e-01 1.483443708609271661e-01 1.748344370860927255e-01 2.013245033112582849e-01
6.849315068493150305e-03 2.397260273972602607e-02 4.109589041095890183e-02 5.821917808219177759e-02 7.534246575342465335e-02 8.561643835616437881e-02 8.904109589041095396e-02 1.095890410958904049e-01 1.267123287671232945e-01 1.541095890410958957e-01
0.000000000000000000e+00 0.000000000000000000e+00 0.000000000000000000e+00 0.000000000000000000e+00 0.000000000000000000e+00 0.000000000000000000e+00 0.000000000000000000e+00 0.000000000000000000e+00 0.000000000000000000e+00 0.000000000000000000e+00
9.174311926605505096e-03 2.752293577981651529e-02 4.587155963302752548e-02 6.422018348623853568e-02 8.256880733944954587e-02 8.256880733944954587e-02 1.009174311926605561e-01 1.192660550458715663e-01 1.284403669724770714e-01 1.376146788990825764e-01
0.000000000000000000e+00 1.970443349753694603e-02 2.955665024630541732e-02 1.330049261083743883e-01 2.167487684729064168e-01 2.857142857142856984e-01 3.201970443349753670e-01 3.793103448275861878e-01 4.187192118226600868e-01 4.630541871921182162e-01
0.000000000000000000e+00 0.000000000000000000e+00 2.380952380952380820e-02 7.142857142857142461e-02 1.190476190476190410e-01 1.190476190476190410e-01 1.190476190476190410e-01 1.666666666666666574e-01 1.904761904761904656e-01 1.904761904761904656e-01
6.172839506172839164e-03 2.469135802469135665e-02 3.086419753086419582e-02 6.172839506172839164e-02 1.728395061728394966e-01 2.839506172839506015e-01 3.271604938271605034e-01 3.765432098765432167e-01 4.259259259259259300e-01 4.629629629629629650e-01
0.000000000000000000e+00 0.000000000000000000e+00 2.631578947368420907e-02 1.052631578947368363e-01 1.842105263157894635e-01 2.105263157894736725e-01 2.631578947368420907e-01 2.631578947368420907e-01 2.894736842105263275e-01 3.157894736842105088e-01
4.716981132075472039e-02 8.490566037735848559e-02 1.509433962264150886e-01 2.075471698113207641e-01 2.641509433962264120e-01 3.207547169811320598e-01 3.301886792452830011e-01 3.584905660377358250e-01 3.773584905660377631e-01 3.867924528301887044e-01
1.428571428571428527e-02 4.285714285714285754e-02 1.000000000000000056e-01 1.142857142857142821e-01 1.285714285714285587e-01 1.714285714285714302e-01 2.428571428571428548e-01 2.857142857142856984e-01 2.999999999999999889e-01 3.142857142857142794e-01
2.272727272727272790e-02 6.818181818181817677e-02 9.090909090909091161e-02 1.136363636363636326e-01 1.363636363636363535e-01 1.818181818181818232e-01 1.818181818181818232e-01 1.818181818181818232e-01 2.272727272727272652e-01 2.272727272727272652e-01
0.000000000000000000e+00 0.000000000000000000e+00 0.000000000000000000e+00 0.000000000000000000e+00 0.000000000000000000e+00 0.000000000000000000e+00 0.000000000000000000e+00 0.000000000000000000e+00 0.000000000000000000e+00 0.000000000000000000e+00
0.000000000000000000e+00 0.000000000000000000e+00 4.000000000000000083e-02 1.199999999999999956e-01 2.000000000000000111e-01 2.399999999999999911e-01 2.399999999999999911e-01 2.399999999999999911e-01 2.399999999999999911e-01 2.399999999999999911e-01
1.777777777777777846e-01 2.666666666666666630e-01 2.666666666666666630e-01 3.333333333333333148e-01 3.777777777777777679e-01 4.444444444444444198e-01 4.888888888888888729e-01 5.111111111111110716e-01 5.333333333333333259e-01 5.555555555555555802e-01
1.000000000000000056e-01 1.166666666666666685e-01 1.499999999999999944e-01 1.833333333333333204e-01 2.000000000000000111e-01 2.500000000000000000e-01 2.833333333333333259e-01 3.166666666666666519e-01 3.333333333333333148e-01 3.499999999999999778e-01
1.095890410958904049e-01 3.150684931506849140e-01 3.424657534246575152e-01 3.561643835616438158e-01 3.972602739726027177e-01 4.794520547945205213e-01 5.068493150684931781e-01 5.479452054794520244e-01 5.479452054794520244e-01 5.753424657534246256e-01
1.911764705882352811e-01 2.941176470588235392e-01 3.235294117647058987e-01 3.382352941176470784e-01 3.823529411764705621e-01 3.823529411764705621e-01 3.823529411764705621e-01 4.705882352941176405e-01 4.852941176470588203e-01 5.000000000000000000e-01
1.886792452830188607e-02 1.886792452830188607e-02 1.886792452830188607e-02 5.660377358490566169e-02 1.320754716981132060e-01 1.698113207547169712e-01 1.698113207547169712e-01 2.264150943396226467e-01 2.452830188679245293e-01 2.452830188679245293e-01
4.511494252873562982e-01 6.178160919540229834e-01 6.494252873563218786e-01 6.637931034482759118e-01 6.781609195402298340e-01 7.011494252873563537e-01 7.097701149425287293e-01 7.212643678160919336e-01 7.471264367816091712e-01 7.614942528735632044e-01
3.855421686746988152e-01 5.060240963855421326e-01 5.461847389558233123e-01 5.662650602409639022e-01 5.742971887550201160e-01 5.863453815261043811e-01 5.863453815261043811e-01 5.863453815261043811e-01 6.024096385542169196e-01 6.064257028112449710e-01
2.380952380952380820e-01 5.238095238095238360e-01 5.238095238095238360e-01 5.238095238095238360e-01 5.714285714285713969e-01 5.714285714285713969e-01 5.714285714285713969e-01 5.714285714285713969e-01 5.714285714285713969e-01 5.714285714285713969e-01
0.000000000000000000e+00 0.000000000000000000e+00 0.000000000000000000e+00 0.000000000000000000e+00 0.000000000000000000e+00 0.000000000000000000e+00 0.000000000000000000e+00 0.000000000000000000e+00 0.000000000000000000e+00 0.000000000000000000e+00
0.000000000000000000e+00 0.000000000000000000e+00 0.000000000000000000e+00 0.000000000000000000e+00 0.000000000000000000e+00 0.000000000000000000e+00 0.000000000000000000e+00 0.000000000000000000e+00 0.000000000000000000e+00 0.000000000000000000e+00
0.000000000000000000e+00 0.000000000000000000e+00 0.000000000000000000e+00 0.000000000000000000e+00 0.000000000000000000e+00 0.000000000000000000e+00 8.403361344537814762e-03 8.403361344537814762e-03 8.403361344537814762e-03 8.403361344537814762e-03
0.000000000000000000e+00 0.000000000000000000e+00 9.090909090909091161e-02 9.090909090909091161e-02 9.090909090909091161e-02 9.090909090909091161e-02 9.090909090909091161e-02 9.090909090909091161e-02 9.090909090909091161e-02 9.090909090909091161e-02
3.333333333333333148e-01 3.333333333333333148e-01 3.333333333333333148e-01 3.333333333333333148e-01 3.333333333333333148e-01 5.555555555555555802e-01 5.555555555555555802e-01 5.555555555555555802e-01 5.555555555555555802e-01 5.555555555555555802e-01
9.090909090909091161e-02 9.090909090909091161e-02 9.090909090909091161e-02 9.090909090909091161e-02 2.727272727272727071e-01 3.636363636363636465e-01 4.545454545454545303e-01 4.545454545454545303e-01 4.545454545454545303e-01 4.545454545454545303e-01
2.000000000000000111e-01 2.000000000000000111e-01 2.000000000000000111e-01 2.000000000000000111e-01 2.000000000000000111e-01 2.000000000000000111e-01 2.000000000000000111e-01 2.000000000000000111e-01 4.000000000000000222e-01 5.999999999999999778e-01
5.084745762711864736e-02 1.186440677966101725e-01 1.186440677966101725e-01 1.694915254237288060e-01 2.372881355932203451e-01 2.542372881355932090e-01 2.711864406779661008e-01 2.881355932203389925e-01 3.050847457627118842e-01 3.389830508474576121e-01
0.000000000000000000e+00 0.000000000000000000e+00 2.439024390243902524e-02 4.878048780487805047e-02 9.756097560975610095e-02 1.219512195121951192e-01 1.707317073170731836e-01 1.707317073170731836e-01 1.707317073170731836e-01 2.195121951219512202e-01
2.040816326530612082e-02 2.040816326530612082e-02 4.081632653061224164e-02 8.163265306122448328e-02 1.020408163265306145e-01 1.428571428571428492e-01 1.428571428571428492e-01 1.836734693877551117e-01 2.244897959183673464e-01 3.265306122448979331e-01
0.000000000000000000e+00 0.000000000000000000e+00 0.000000000000000000e+00 0.000000000000000000e+00 4.000000000000000222e-01 4.000000000000000222e-01 4.000000000000000222e-01 4.000000000000000222e-01 4.000000000000000222e-01 4.000000000000000222e-01
0.000000000000000000e+00 0.000000000000000000e+00 0.000000000000000000e+00 0.000000000000000000e+00 0.000000000000000000e+00 0.000000000000000000e+00 0.000000000000000000e+00 0.000000000000000000e+00 0.000000000000000000e+00 0.000000000000000000e+00
0.000000000000000000e+00 0.000000000000000000e+00 0.000000000000000000e+00 0.000000000000000000e+00 0.000000000000000000e+00 0.000000000000000000e+00 0.000000000000000000e+00 0.000000000000000000e+00 0.000000000000000000e+00 0.000000000000000000e+00
0.000000000000000000e+00 0.000000000000000000e+00 0.000000000000000000e+00 0.000000000000000000e+00 0.000000000000000000e+00 0.000000000000000000e+00 0.000000000000000000e+00 0.000000000000000000e+00 0.000000000000000000e+00 0.000000000000000000e+00
0.000000000000000000e+00 0.000000000000000000e+00 0.000000000000000000e+00 0.000000000000000000e+00 0.000000000000000000e+00 0.000000000000000000e+00 0.000000000000000000e+00 0.000000000000000000e+00 0.000000000000000000e+00 0.000000000000000000e+00
0.000000000000000000e+00 0.000000000000000000e+00 0.000000000000000000e+00 0.000000000000000000e+00 0.000000000000000000e+00 0.000000000000000000e+00 0.000000000000000000e+00 0.000000000000000000e+00 0.000000000000000000e+00 0.000000000000000000e+00
0.000000000000000000e+00 0.000000000000000000e+00 0.000000000000000000e+00 0.000000000000000000e+00 0.000000000000000000e+00 0.000000000000000000e+00 0.000000000000000000e+00 0.000000000000000000e+00 0.000000000000000000e+00 0.000000000000000000e+00
1.095890410958904049e-01 1.506849315068493067e-01 2.328767123287671104e-01 2.465753424657534110e-01 3.013698630136986134e-01 3.835616438356164171e-01 4.109589041095890183e-01 4.657534246575342207e-01 4.657534246575342207e-01 4.794520547945205213e-01
0.000000000000000000e+00 0.000000000000000000e+00 0.000000000000000000e+00 0.000000000000000000e+00 0.000000000000000000e+00 0.000000000000000000e+00 0.000000000000000000e+00 0.000000000000000000e+00 0.000000000000000000e+00 0.000000000000000000e+00
0.000000000000000000e+00 0.000000000000000000e+00 0.000000000000000000e+00 0.000000000000000000e+00 0.000000000000000000e+00 0.000000000000000000e+00 0.000000000000000000e+00 0.000000000000000000e+00 0.000000000000000000e+00 0.000000000000000000e+00
0.000000000000000000e+00 0.000000000000000000e+00 0.000000000000000000e+00 0.000000000000000000e+00 0.000000000000000000e+00 0.000000000000000000e+00 0.000000000000000000e+00 0.000000000000000000e+00 0.000000000000000000e+00 0.000000000000000000e+00
0.000000000000000000e+00 0.000000000000000000e+00 0.000000000000000000e+00 0.000000000000000000e+00 0.000000000000000000e+00 0.000000000000000000e+00 0.000000000000000000e+00 0.000000000000000000e+00 0.000000000000000000e+00 0.000000000000000000e+00
3.333333333333333148e-01 6.168582375478927071e-01 6.666666666666666297e-01 6.781609195402298340e-01 7.394636015325670719e-01 7.777777777777777901e-01 8.275862068965517127e-01 8.467432950191571273e-01 8.735632183908046411e-01 9.118773946360153593e-01
2.123893805309734484e-01 3.893805309734513220e-01 4.778761061946902866e-01 5.132743362831858613e-01 5.840707964601770108e-01 6.548672566371681603e-01 7.079646017699114946e-01 7.522123893805309214e-01 7.699115044247787365e-01 8.053097345132743667e-01
1.204819277108433728e-01 3.012048192771084598e-01 3.734939759036144391e-01 3.855421686746988152e-01 4.819277108433734913e-01 5.180722891566265087e-01 6.024096385542169196e-01 6.385542168674698260e-01 6.626506024096385783e-01 6.867469879518072196e-01
2.898550724637681195e-02 1.594202898550724501e-01 1.739130434782608647e-01 2.173913043478260809e-01 2.463768115942029102e-01 2.608695652173912971e-01 2.608695652173912971e-01 3.188405797101449002e-01 3.333333333333333148e-01 3.333333333333333148e-01
0.000000000000000000e+00 0.000000000000000000e+00 4.761904761904761640e-02 4.761904761904761640e-02 9.523809523809523281e-02 1.904761904761904656e-01 1.904761904761904656e-01 1.904761904761904656e-01 1.904761904761904656e-01 1.904761904761904656e-01
2.377049180327868716e-01 3.606557377049180446e-01 3.770491803278688270e-01 4.426229508196721230e-01 5.327868852459016757e-01 6.065573770491803351e-01 6.393442622950820109e-01 6.639344262295081567e-01 6.967213114754098324e-01 7.049180327868852514e-01
6.666666666666666574e-02 1.333333333333333315e-01 2.000000000000000111e-01 2.000000000000000111e-01 2.000000000000000111e-01 2.666666666666666630e-01 2.666666666666666630e-01 2.666666666666666630e-01 3.333333333333333148e-01 4.000000000000000222e-01
0.000000000000000000e+00 0.000000000000000000e+00 0.000000000000000000e+00 0.000000000000000000e+00 0.000000000000000000e+00 1.666666666666666574e-01 1.666666666666666574e-01 1.666666666666666574e-01 1.666666666666666574e-01 1.666666666666666574e-01
1.666666666666666574e-01 1.666666666666666574e-01 1.666666666666666574e-01 1.666666666666666574e-01 1.666666666666666574e-01 1.666666666666666574e-01 1.666666666666666574e-01 1.666666666666666574e-01 1.666666666666666574e-01 1.666666666666666574e-01
0.000000000000000000e+00 0.000000000000000000e+00 0.000000000000000000e+00 0.000000000000000000e+00 0.000000000000000000e+00 0.000000000000000000e+00 0.000000000000000000e+00 0.000000000000000000e+00 0.000000000000000000e+00 0.000000000000000000e+00
1.076923076923076983e-01 1.846153846153846256e-01 2.000000000000000111e-01 2.153846153846153966e-01 2.153846153846153966e-01 2.461538461538461675e-01 2.461538461538461675e-01 2.923076923076923239e-01 2.923076923076923239e-01 3.538461538461538658e-01
1.960784313725490169e-02 5.882352941176470507e-02 5.882352941176470507e-02 5.882352941176470507e-02 5.882352941176470507e-02 6.862745098039216285e-02 8.823529411764706454e-02 1.274509803921568540e-01 1.470588235294117696e-01 1.862745098039215730e-01
0.000000000000000000e+00 7.142857142857142461e-02 2.142857142857142738e-01 2.142857142857142738e-01 2.142857142857142738e-01 2.142857142857142738e-01 2.142857142857142738e-01 2.142857142857142738e-01 2.142857142857142738e-01 2.142857142857142738e-01
1.666666666666666644e-02 1.666666666666666644e-02 1.666666666666666644e-02 1.666666666666666644e-02 1.666666666666666644e-02 3.333333333333333287e-02 6.666666666666666574e-02 6.666666666666666574e-02 1.166666666666666685e-01 1.166666666666666685e-01
1.000000000000000000e+00 1.000000000000000000e+00 1.000000000000000000e+00 1.000000000000000000e+00 1.000000000000000000e+00 1.000000000000000000e+00 1.000000000000000000e+00 1.000000000000000000e+00 1.000000000000000000e+00 1.000000000000000000e+00
5.147928994082839882e-01 7.692307692307692735e-01 8.106508875739645292e-01 8.224852071005916976e-01 8.343195266272189770e-01 8.520710059171597850e-01 8.579881656804734247e-01 8.698224852071005930e-01 8.934911242603550408e-01 9.171597633136094885e-01
4.134615384615384359e-01 6.153846153846154188e-01 7.019230769230768718e-01 7.211538461538461453e-01 7.403846153846154188e-01 7.692307692307692735e-01 7.788461538461538547e-01 7.788461538461538547e-01 7.980769230769231282e-01 8.365384615384615641e-01
4.062500000000000000e-01 5.833333333333333703e-01 6.562500000000000000e-01 6.770833333333333703e-01 6.979166666666666297e-01 7.187500000000000000e-01 7.395833333333333703e-01 7.500000000000000000e-01 8.020833333333333703e-01 8.229166666666666297e-01
3.125000000000000000e-01 5.625000000000000000e-01 6.041666666666666297e-01 6.875000000000000000e-01 6.875000000000000000e-01 7.083333333333333703e-01 7.083333333333333703e-01 7.708333333333333703e-01 7.708333333333333703e-01 7.916666666666666297e-01
3.593750000000000000e-01 6.250000000000000000e-01 6.718750000000000000e-01 6.875000000000000000e-01 7.187500000000000000e-01 7.656250000000000000e-01 7.812500000000000000e-01 7.968750000000000000e-01 8.437500000000000000e-01 8.593750000000000000e-01
2.913043478260869401e-01 4.478260869565217628e-01 5.130434782608696009e-01 5.739130434782608869e-01 6.173913043478260754e-01 6.739130434782608647e-01 7.434782608695652550e-01 7.826086956521739468e-01 8.217391304347826386e-01 8.391304347826087362e-01
2.459016393442622905e-01 3.729508196721311730e-01 4.221311475409836311e-01 4.467213114754098324e-01 5.491803278688525136e-01 5.983606557377049162e-01 6.639344262295081567e-01 7.172131147540983243e-01 7.663934426229508379e-01 8.032786885245901676e-01
1.578947368421052544e-01 2.456140350877192846e-01 2.982456140350877027e-01 3.859649122807017330e-01 4.561403508771929571e-01 4.912280701754385692e-01 5.526315789473684736e-01 6.315789473684210176e-01 6.666666666666666297e-01 7.017543859649122417e-01
1.407407407407407496e-01 2.666666666666666630e-01 3.481481481481481510e-01 4.222222222222222210e-01 4.814814814814814548e-01 5.555555555555555802e-01 6.296296296296296502e-01 6.666666666666666297e-01 6.888888888888888840e-01 7.703703703703703720e-01
1.694915254237288060e-01 2.288135593220338992e-01 2.838983050847457834e-01 3.262711864406779849e-01 4.110169491525423879e-01 4.745762711864406902e-01 5.381355932203389925e-01 5.635593220338983578e-01 6.525423728813559698e-01 7.033898305084745894e-01
1.304347826086956486e-01 2.608695652173912971e-01 3.043478260869565410e-01 3.043478260869565410e-01 3.478260869565217295e-01 3.913043478260869734e-01 4.347826086956521618e-01 4.782608695652174058e-01 5.652173913043477826e-01 5.869565217391304879e-01
1.111111111111111049e-01 2.222222222222222099e-01 3.055555555555555802e-01 3.055555555555555802e-01 3.055555555555555802e-01 3.333333333333333148e-01 3.611111111111111049e-01 3.611111111111111049e-01 4.444444444444444198e-01 4.444444444444444198e-01
2.564102564102564014e-02 2.564102564102564014e-02 2.564102564102564014e-02 5.128205128205128027e-02 1.282051282051281937e-01 2.307692307692307820e-01 2.564102564102563875e-01 2.564102564102563875e-01 3.076923076923077094e-01 3.076923076923077094e-01
0.000000000000000000e+00 2.173913043478260809e-02 1.304347826086956486e-01 1.521739130434782705e-01 1.739130434782608647e-01 1.739130434782608647e-01 1.956521739130434867e-01 2.173913043478260809e-01 2.608695652173912971e-01 3.260869565217391353e-01
0.000000000000000000e+00 0.000000000000000000e+00 0.000000000000000000e+00 4.761904761904761640e-02 4.761904761904761640e-02 1.904761904761904656e-01 1.904761904761904656e-01 2.857142857142856984e-01 3.809523809523809312e-01 4.285714285714285476e-01
1.794871794871794879e-01 2.307692307692307820e-01 2.307692307692307820e-01 2.307692307692307820e-01 2.307692307692307820e-01 2.820512820512820484e-01 2.820512820512820484e-01 3.076923076923077094e-01 3.076923076923077094e-01 3.333333333333333148e-01
3.499999999999999778e-01 5.000000000000000000e-01 5.999999999999999778e-01 5.999999999999999778e-01 6.500000000000000222e-01 6.500000000000000222e-01 6.500000000000000222e-01 6.500000000000000222e-01 6.999999999999999556e-01 6.999999999999999556e-01
3.333333333333333148e-01 4.814814814814814548e-01 4.814814814814814548e-01 5.185185185185184897e-01 5.185185185185184897e-01 5.185185185185184897e-01 5.555555555555555802e-01 6.296296296296296502e-01 6.296296296296296502e-01 6.666666666666666297e-01
2.156862745098039325e-01 4.705882352941176405e-01 5.294117647058823595e-01 5.490196078431373028e-01 5.882352941176470784e-01 6.470588235294117974e-01 6.862745098039215730e-01 6.862745098039215730e-01 7.058823529411765163e-01 7.647058823529411242e-01
9.459459459459459985e-02 1.351351351351351426e-01 1.486486486486486569e-01 1.891891891891891997e-01 2.567567567567567433e-01 3.378378378378378288e-01 3.648648648648648574e-01 4.459459459459459429e-01 4.459459459459459429e-01 5.000000000000000000e-01
0.000000000000000000e+00 1.000000000000000056e-01 1.000000000000000056e-01 1.000000000000000056e-01 2.500000000000000000e-01 2.500000000000000000e-01 2.500000000000000000e-01 2.500000000000000000e-01 2.999999999999999889e-01 2.999999999999999889e-01
3.333333333333333148e-01 3.333333333333333148e-01 3.333333333333333148e-01 3.333333333333333148e-01 3.333333333333333148e-01 3.333333333333333148e-01 3.333333333333333148e-01 3.333333333333333148e-01 3.333333333333333148e-01 3.333333333333333148e-01
0.000000000000000000e+00 0.000000000000000000e+00 0.000000000000000000e+00 0.000000000000000000e+00 0.000000000000000000e+00 0.000000000000000000e+00 0.000000000000000000e+00 0.000000000000000000e+00 0.000000000000000000e+00 0.000000000000000000e+00
0.000000000000000000e+00 0.000000000000000000e+00 0.000000000000000000e+00 0.000000000000000000e+00 0.000000000000000000e+00 0.000000000000000000e+00 0.000000000000000000e+00 0.000000000000000000e+00 0.000000000000000000e+00 0.000000000000000000e+00
0.000000000000000000e+00 0.000000000000000000e+00 0.000000000000000000e+00 0.000000000000000000e+00 0.000000000000000000e+00 0.000000000000000000e+00 0.000000000000000000e+00 0.000000000000000000e+00 0.000000000000000000e+00 0.000000000000000000e+00
0.000000000000000000e+00 0.000000000000000000e+00 3.636363636363636187e-02 7.272727272727272374e-02 9.090909090909091161e-02 1.090909090909090856e-01 1.454545454545454475e-01 2.181818181818181712e-01 2.181818181818181712e-01 2.363636363636363591e-01
0.000000000000000000e+00 0.000000000000000000e+00 0.000000000000000000e+00 0.000000000000000000e+00 0.000000000000000000e+00 0.000000000000000000e+00 0.000000000000000000e+00 0.000000000000000000e+00 0.000000000000000000e+00 0.000000000000000000e+00
0.000000000000000000e+00 0.000000000000000000e+00 0.000000000000000000e+00 0.000000000000000000e+00 0.000000000000000000e+00 0.000000000000000000e+00 0.000000000000000000e+00 0.000000000000000000e+00 0.000000000000000000e+00 0.000000000000000000e+00
0.000000000000000000e+00 0.000000000000000000e+00 0.000000000000000000e+00 0.000000000000000000e+00 0.000000000000000000e+00 4.651162790697674354e-02 4.651162790697674354e-02 4.651162790697674354e-02 4.651162790697674354e-02 4.651162790697674354e-02
0.000000000000000000e+00 0.000000000000000000e+00 0.000000000000000000e+00 0.000000000000000000e+00 0.000000000000000000e+00 0.000000000000000000e+00 0.000000000000000000e+00 0.000000000000000000e+00 1.111111111111111049e-01 1.111111111111111049e-01
2.808219178082191902e-01 4.452054794520547976e-01 4.726027397260273988e-01 5.171232876712328341e-01 6.061643835616438158e-01 6.952054794520547976e-01 7.500000000000000000e-01 8.219178082191780366e-01 8.493150684931506378e-01 8.664383561643835829e-01
3.448275862068965469e-02 1.724137931034482873e-01 2.068965517241379282e-01 2.241379310344827624e-01 2.586206896551724310e-01 3.620689655172413812e-01 4.310344827586206629e-01 5.000000000000000000e-01 5.172413793103448620e-01 5.517241379310344751e-01
0.000000000000000000e+00 0.000000000000000000e+00 0.000000000000000000e+00 0.000000000000000000e+00 0.000000000000000000e+00 0.000000000000000000e+00 0.000000000000000000e+00 0.000000000000000000e+00 0.000000000000000000e+00 0.000000000000000000e+00
6.060606060606060774e-02 1.515151515151515194e-01 2.121212121212121271e-01 2.424242424242424310e-01 2.424242424242424310e-01 3.030303030303030387e-01 3.939393939393939226e-01 4.545454545454545303e-01 4.545454545454545303e-01 4.545454545454545303e-01
0.000000000000000000e+00 0.000000000000000000e+00 0.000000000000000000e+00 0.000000000000000000e+00 0.000000000000000000e+00 0.000000000000000000e+00 0.000000000000000000e+00 0.000000000000000000e+00 0.000000000000000000e+00 0.000000000000000000e+00
1.743119266055045968e-01 2.981651376146788879e-01 3.532110091743119185e-01 3.807339449541284337e-01 4.449541284403669694e-01 5.045871559633027248e-01 6.009174311926605005e-01 6.513761467889908063e-01 6.880733944954128267e-01 7.339449541284404077e-01
8.870967741935484319e-02 1.532258064516129059e-01 2.177419354838709686e-01 2.419354838709677491e-01 2.741935483870967527e-01 3.548387096774193727e-01 4.435483870967741882e-01 5.241935483870967527e-01 5.725806451612903691e-01 6.451612903225806273e-01
7.291666666666667129e-02 2.187500000000000000e-01 2.812500000000000000e-01 3.645833333333333148e-01 3.750000000000000000e-01 4.062500000000000000e-01 4.583333333333333148e-01 4.791666666666666852e-01 5.208333333333333703e-01 5.520833333333333703e-01
1.052631578947368397e-02 3.157894736842105365e-02 7.368421052631578261e-02 1.052631578947368363e-01 1.789473684210526327e-01 2.631578947368420907e-01 3.368421052631578871e-01 3.473684210526316041e-01 3.789473684210526438e-01 4.526315789473684403e-01
4.761904761904761640e-02 9.523809523809523281e-02 1.190476190476190410e-01 2.142857142857142738e-01 2.380952380952380820e-01 2.380952380952380820e-01 3.333333333333333148e-01 3.571428571428571508e-01 4.761904761904761640e-01 5.000000000000000000e-01
1.785714285714285754e-01 3.392857142857143016e-01 4.553571428571428492e-01 5.178571428571429047e-01 5.357142857142856984e-01 5.714285714285713969e-01 6.339285714285713969e-01 6.964285714285713969e-01 7.053571428571429047e-01 7.142857142857143016e-01
5.555555555555555247e-02 1.851851851851851749e-01 2.777777777777777901e-01 3.703703703703703498e-01 3.888888888888888951e-01 4.444444444444444198e-01 4.629629629629629650e-01 5.000000000000000000e-01 5.370370370370370905e-01 5.370370370370370905e-01
0.000000000000000000e+00 6.250000000000000000e-02 1.250000000000000000e-01 1.875000000000000000e-01 1.875000000000000000e-01 3.125000000000000000e-01 4.375000000000000000e-01 4.375000000000000000e-01 5.000000000000000000e-01 5.000000000000000000e-01
1.875000000000000000e-01 1.875000000000000000e-01 1.875000000000000000e-01 1.875000000000000000e-01 1.875000000000000000e-01 1.875000000000000000e-01 2.500000000000000000e-01 2.500000000000000000e-01 3.125000000000000000e-01 3.125000000000000000e-01
0.000000000000000000e+00 0.000000000000000000e+00 0.000000000000000000e+00 0.000000000000000000e+00 0.000000000000000000e+00 0.000000000000000000e+00 0.000000000000000000e+00 0.000000000000000000e+00 1.000000000000000000e+00 1.000000000000000000e+00
6.250000000000000000e-02 6.250000000000000000e-02 1.875000000000000000e-01 4.375000000000000000e-01 4.375000000000000000e-01 5.000000000000000000e-01 5.625000000000000000e-01 6.250000000000000000e-01 6.875000000000000000e-01 6.875000000000000000e-01
0.000000000000000000e+00 5.000000000000000000e-01 6.250000000000000000e-01 7.500000000000000000e-01 7.500000000000000000e-01 7.500000000000000000e-01 7.500000000000000000e-01 7.500000000000000000e-01 7.500000000000000000e-01 7.500000000000000000e-01
0.000000000000000000e+00 0.000000000000000000e+00 3.333333333333333287e-02 1.333333333333333315e-01 1.666666666666666574e-01 2.333333333333333370e-01 2.666666666666666630e-01 3.333333333333333148e-01 3.333333333333333148e-01 3.333333333333333148e-01
0.000000000000000000e+00 0.000000000000000000e+00 1.111111111111111049e-01 1.111111111111111049e-01 1.111111111111111049e-01 1.111111111111111049e-01 2.222222222222222099e-01 2.222222222222222099e-01 2.222222222222222099e-01 2.222222222222222099e-01
2.222222222222222099e-01 2.222222222222222099e-01 2.777777777777777901e-01 2.777777777777777901e-01 2.777777777777777901e-01 2.777777777777777901e-01 2.777777777777777901e-01 5.000000000000000000e-01 5.555555555555555802e-01 5.555555555555555802e-01
0.000000000000000000e+00 5.000000000000000000e-01 5.000000000000000000e-01 1.000000000000000000e+00 1.000000000000000000e+00 1.000000000000000000e+00 1.000000000000000000e+00 1.000000000000000000e+00 1.000000000000000000e+00 1.000000000000000000e+00
0.000000000000000000e+00 0.000000000000000000e+00 0.000000000000000000e+00 0.000000000000000000e+00 0.000000000000000000e+00 0.000000000000000000e+00 0.000000000000000000e+00 0.000000000000000000e+00 0.000000000000000000e+00 0.000000000000000000e+00
0.000000000000000000e+00 7.142857142857142461e-02 1.428571428571428492e-01 2.142857142857142738e-01 2.142857142857142738e-01 4.285714285714285476e-01 5.714285714285713969e-01 5.714285714285713969e-01 5.714285714285713969e-01 5.714285714285713969e-01
0.000000000000000000e+00 2.000000000000000111e-01 4.000000000000000222e-01 5.999999999999999778e-01 5.999999999999999778e-01 8.000000000000000444e-01 8.000000000000000444e-01 8.000000000000000444e-01 8.000000000000000444e-01 8.000000000000000444e-01
0.000000000000000000e+00 1.428571428571428492e-01 2.857142857142856984e-01 2.857142857142856984e-01 2.857142857142856984e-01 2.857142857142856984e-01 2.857142857142856984e-01 4.285714285714285476e-01 4.285714285714285476e-01 4.285714285714285476e-01
0.000000000000000000e+00 0.000000000000000000e+00 4.273504273504273587e-02 1.196581196581196632e-01 2.905982905982906206e-01 4.188034188034188143e-01 4.957264957264957417e-01 5.470085470085470636e-01 6.324786324786324521e-01 6.923076923076922906e-01
0.000000000000000000e+00 0.000000000000000000e+00 0.000000000000000000e+00 2.500000000000000000e-01 2.500000000000000000e-01 3.750000000000000000e-01 3.750000000000000000e-01 3.750000000000000000e-01 5.000000000000000000e-01 6.250000000000000000e-01
0.000000000000000000e+00 0.000000000000000000e+00 0.000000000000000000e+00 0.000000000000000000e+00 0.000000000000000000e+00 0.000000000000000000e+00 0.000000000000000000e+00 0.000000000000000000e+00 0.000000000000000000e+00 0.000000000000000000e+00
0.000000000000000000e+00 0.000000000000000000e+00 0.000000000000000000e+00 0.000000000000000000e+00 0.000000000000000000e+00 0.000000000000000000e+00 0.000000000000000000e+00 0.000000000000000000e+00 0.000000000000000000e+00 0.000000000000000000e+00
0.000000000000000000e+00 0.000000000000000000e+00 0.000000000000000000e+00 0.000000000000000000e+00 0.000000000000000000e+00 0.000000000000000000e+00 0.000000000000000000e+00 0.000000000000000000e+00 0.000000000000000000e+00 0.000000000000000000e+00
2.704918032786885473e-01 4.590163934426229608e-01 5.000000000000000000e-01 5.655737704918032405e-01 5.983606557377049162e-01 6.721311475409835756e-01 7.049180327868852514e-01 7.295081967213115082e-01 7.704918032786884918e-01 7.950819672131147486e-01
1.600000000000000033e-01 2.999999999999999889e-01 3.200000000000000067e-01 3.599999999999999867e-01 4.199999999999999845e-01 4.799999999999999822e-01 5.400000000000000355e-01 5.600000000000000533e-01 6.400000000000000133e-01 6.999999999999999556e-01
0.000000000000000000e+00 1.666666666666666574e-01 1.666666666666666574e-01 1.666666666666666574e-01 1.666666666666666574e-01 1.666666666666666574e-01 1.666666666666666574e-01 1.666666666666666574e-01 1.666666666666666574e-01 1.666666666666666574e-01
0.000000000000000000e+00 7.894736842105262720e-02 1.052631578947368363e-01 1.578947368421052544e-01 1.578947368421052544e-01 2.368421052631578816e-01 3.157894736842105088e-01 3.157894736842105088e-01 4.210526315789473450e-01 4.473684210526315819e-01
0.000000000000000000e+00 4.347826086956521618e-02 1.304347826086956486e-01 2.608695652173912971e-01 2.608695652173912971e-01 3.043478260869565410e-01 3.043478260869565410e-01 3.043478260869565410e-01 3.043478260869565410e-01 3.043478260869565410e-01
2.278719397363465071e-01 4.011299435028248817e-01 4.726930320150659059e-01 5.065913370998116338e-01 5.612052730696798220e-01 6.421845574387947675e-01 6.967984934086629556e-01 7.438794726930320067e-01 7.909604519774011688e-01 8.192090395480225995e-01
7.619047619047619735e-02 1.714285714285714302e-01 2.761904761904762085e-01 2.761904761904762085e-01 3.428571428571428603e-01 4.190476190476190577e-01 4.571428571428571286e-01 4.666666666666666741e-01 5.428571428571428159e-01 5.904761904761904878e-01
0.000000000000000000e+00 1.785714285714285615e-02 3.571428571428571230e-02 5.357142857142856845e-02 7.142857142857142461e-02 1.785714285714285754e-01 2.500000000000000000e-01 2.678571428571428492e-01 3.035714285714285476e-01 3.392857142857143016e-01
0.000000000000000000e+00 0.000000000000000000e+00 2.702702702702702853e-02 2.702702702702702853e-02 5.405405405405405705e-02 5.405405405405405705e-02 1.081081081081081141e-01 1.081081081081081141e-01 1.621621621621621712e-01 2.162162162162162282e-01
1.190476190476190410e-01 2.976190476190476164e-01 3.452380952380952328e-01 3.928571428571428492e-01 4.642857142857143016e-01 5.119047619047618625e-01 6.190476190476190688e-01 6.666666666666666297e-01 6.785714285714286031e-01 7.023809523809523281e-01
2.037037037037036924e-01 3.148148148148148251e-01 3.518518518518518601e-01 3.703703703703703498e-01 3.703703703703703498e-01 3.888888888888888951e-01 4.074074074074073848e-01 4.629629629629629650e-01 4.814814814814814548e-01 4.814814814814814548e-01
9.090909090909091161e-02 1.818181818181818232e-01 2.727272727272727071e-01 3.636363636363636465e-01 4.090909090909091161e-01 4.090909090909091161e-01 4.090909090909091161e-01 5.909090909090909394e-01 6.363636363636363535e-01 6.363636363636363535e-01
2.452830188679245293e-01 3.962264150943396457e-01 4.150943396226415283e-01 4.339622641509434109e-01 5.283018867924528239e-01 5.849056603773584717e-01 5.849056603773584717e-01 6.226415094339622369e-01 6.226415094339622369e-01 6.226415094339622369e-01
1.176470588235294101e-01 1.470588235294117696e-01 1.617647058823529493e-01 1.764705882352941291e-01 1.911764705882352811e-01 2.205882352941176405e-01 2.352941176470588203e-01 2.352941176470588203e-01 2.352941176470588203e-01 2.500000000000000000e-01
0.000000000000000000e+00 0.000000000000000000e+00 0.000000000000000000e+00 8.333333333333332871e-02 8.333333333333332871e-02 1.666666666666666574e-01 1.666666666666666574e-01 1.666666666666666574e-01 2.500000000000000000e-01 2.500000000000000000e-01
0.000000000000000000e+00 2.752293577981651529e-02 9.633027522935780351e-02 1.697247706422018443e-01 2.247706422018348749e-01 2.614678899082568675e-01 3.302752293577981835e-01 3.486238532110091937e-01 4.128440366972477293e-01 4.449541284403669694e-01
7.772020725388600892e-03 6.994818652849740803e-02 1.994818652849740803e-01 2.901554404145077481e-01 3.523316062176165553e-01 4.145077720207253624e-01 4.792746113989637124e-01 5.336787564766839465e-01 5.880829015544041249e-01 6.269430051813471572e-01
1.960784313725490169e-02 1.960784313725490169e-02 2.941176470588235253e-02 4.901960784313725422e-02 5.882352941176470507e-02 5.882352941176470507e-02 5.882352941176470507e-02 6.862745098039216285e-02 6.862745098039216285e-02 6.862745098039216285e-02
1.533742331288343551e-02 8.895705521472392630e-02 1.779141104294478526e-01 2.300613496932515378e-01 2.914110429447852590e-01 3.374233128834355777e-01 3.834355828220858964e-01 4.263803680981594901e-01 5.000000000000000000e-01 5.337423312883435855e-01
0.000000000000000000e+00 6.535947712418301025e-02 9.803921568627450844e-02 1.307189542483660205e-01 1.503267973856209083e-01 1.960784313725490169e-01 2.222222222222222099e-01 2.810457516339869288e-01 3.071895424836601496e-01 3.267973856209150374e-01
8.163265306122448328e-02 2.244897959183673464e-01 3.061224489795918435e-01 3.673469387755102233e-01 4.897959183673469274e-01 5.102040816326530726e-01 5.714285714285713969e-01 6.122448979591836871e-01 6.734693877551020114e-01 6.734693877551020114e-01
4.000000000000000083e-02 1.199999999999999956e-01 1.199999999999999956e-01 1.199999999999999956e-01 1.199999999999999956e-01 1.199999999999999956e-01 1.199999999999999956e-01 2.000000000000000111e-01 2.000000000000000111e-01 2.000000000000000111e-01
0.000000000000000000e+00 0.000000000000000000e+00 0.000000000000000000e+00 0.000000000000000000e+00 0.000000000000000000e+00 1.333333333333333315e-01 1.333333333333333315e-01 1.333333333333333315e-01 1.333333333333333315e-01 1.333333333333333315e-01
0.000000000000000000e+00 3.448275862068965469e-02 3.448275862068965469e-02 3.448275862068965469e-02 3.448275862068965469e-02 3.448275862068965469e-02 6.896551724137930939e-02 6.896551724137930939e-02 1.034482758620689641e-01 1.034482758620689641e-01
0.000000000000000000e+00 1.428571428571428492e-01 1.428571428571428492e-01 1.428571428571428492e-01 1.428571428571428492e-01 1.428571428571428492e-01 1.428571428571428492e-01 1.428571428571428492e-01 1.428571428571428492e-01 1.428571428571428492e-01
0.000000000000000000e+00 0.000000000000000000e+00 6.666666666666666297e-01 6.666666666666666297e-01 6.666666666666666297e-01 6.666666666666666297e-01 6.666666666666666297e-01 6.666666666666666297e-01 6.666666666666666297e-01 6.666666666666666297e-01
0.000000000000000000e+00 0.000000000000000000e+00 2.857142857142856984e-01 2.857142857142856984e-01 2.857142857142856984e-01 5.714285714285713969e-01 5.714285714285713969e-01 5.714285714285713969e-01 5.714285714285713969e-01 5.714285714285713969e-01
0.000000000000000000e+00 0.000000000000000000e+00 0.000000000000000000e+00 0.000000000000000000e+00 0.000000000000000000e+00 0.000000000000000000e+00 0.000000000000000000e+00 0.000000000000000000e+00 0.000000000000000000e+00 0.000000000000000000e+00
0.000000000000000000e+00 0.000000000000000000e+00 1.333333333333333315e-01 1.333333333333333315e-01 1.333333333333333315e-01 1.333333333333333315e-01 1.333333333333333315e-01 1.333333333333333315e-01 1.333333333333333315e-01 1.333333333333333315e-01
0.000000000000000000e+00 0.000000000000000000e+00 5.000000000000000000e-01 5.000000000000000000e-01 5.000000000000000000e-01 5.000000000000000000e-01 5.000000000000000000e-01 5.000000000000000000e-01 5.000000000000000000e-01 5.000000000000000000e-01
1.020408163265306145e-01 2.244897959183673464e-01 2.993197278911564618e-01 3.333333333333333148e-01 3.877551020408163129e-01 4.625850340136054561e-01 5.170068027210884543e-01 5.850340136054421603e-01 6.122448979591836871e-01 6.666666666666666297e-01
7.518796992481202590e-02 1.654135338345864570e-01 2.330827067669172803e-01 2.857142857142856984e-01 3.233082706766917114e-01 4.060150375939849399e-01 4.661654135338345606e-01 5.037593984962406291e-01 5.639097744360902498e-01 5.864661654135338020e-01
0.000000000000000000e+00 2.040816326530612082e-02 8.163265306122448328e-02 1.632653061224489666e-01 2.653061224489796088e-01 3.265306122448979331e-01 3.469387755102040782e-01 3.673469387755102233e-01 3.673469387755102233e-01 3.673469387755102233e-01
0.000000000000000000e+00 3.448275862068965469e-02 1.034482758620689641e-01 1.379310344827586188e-01 1.379310344827586188e-01 1.379310344827586188e-01 1.379310344827586188e-01 1.379310344827586188e-01 2.413793103448275967e-01 2.413793103448275967e-01
0.000000000000000000e+00 3.225806451612903136e-02 9.677419354838709409e-02 1.935483870967741882e-01 2.903225806451613100e-01 2.903225806451613100e-01 3.225806451612903136e-01 3.225806451612903136e-01 3.870967741935483764e-01 4.838709677419354982e-01
4.225352112676056260e-01 5.352112676056337559e-01 6.197183098591548811e-01 6.338028169014084945e-01 6.338028169014084945e-01 6.478873239436619969e-01 6.619718309859154992e-01 6.619718309859154992e-01 6.760563380281690016e-01 7.042253521126760063e-01
7.142857142857142461e-02 7.142857142857142461e-02 7.142857142857142461e-02 7.142857142857142461e-02 7.142857142857142461e-02 2.857142857142856984e-01 2.857142857142856984e-01 2.857142857142856984e-01 2.857142857142856984e-01 3.571428571428571508e-01
1.250000000000000000e-01 2.500000000000000000e-01 2.500000000000000000e-01 2.500000000000000000e-01 2.500000000000000000e-01 2.500000000000000000e-01 2.500000000000000000e-01 3.750000000000000000e-01 3.750000000000000000e-01 6.250000000000000000e-01
7.692307692307692735e-02 7.692307692307692735e-02 7.692307692307692735e-02 7.692307692307692735e-02 7.692307692307692735e-02 7.692307692307692735e-02 7.692307692307692735e-02 1.538461538461538547e-01 1.538461538461538547e-01 1.538461538461538547e-01
0.000000000000000000e+00 0.000000000000000000e+00 0.000000000000000000e+00 0.000000000000000000e+00 0.000000000000000000e+00 0.000000000000000000e+00 0.000000000000000000e+00 0.000000000000000000e+00 0.000000000000000000e+00 0.000000000000000000e+00
0.000000000000000000e+00 0.000000000000000000e+00 0.000000000000000000e+00 3.333333333333333148e-01 3.333333333333333148e-01 3.333333333333333148e-01 5.000000000000000000e-01 5.000000000000000000e-01 8.333333333333333703e-01 8.333333333333333703e-01
0.000000000000000000e+00 0.000000000000000000e+00 0.000000000000000000e+00 0.000000000000000000e+00 0.000000000000000000e+00 0.000000000000000000e+00 0.000000000000000000e+00 2.500000000000000000e-01 6.250000000000000000e-01 6.250000000000000000e-01
0.000000000000000000e+00 0.000000000000000000e+00 0.000000000000000000e+00 0.000000000000000000e+00 9.090909090909091161e-02 1.818181818181818232e-01 1.818181818181818232e-01 1.818181818181818232e-01 1.818181818181818232e-01 1.818181818181818232e-01
0.000000000000000000e+00 0.000000000000000000e+00 5.000000000000000000e-01 5.000000000000000000e-01 5.000000000000000000e-01 5.000000000000000000e-01 5.000000000000000000e-01 5.000000000000000000e-01 5.000000000000000000e-01 5.000000000000000000e-01
0.000000000000000000e+00 0.000000000000000000e+00 0.000000000000000000e+00 0.000000000000000000e+00 0.000000000000000000e+00 1.666666666666666574e-01 3.333333333333333148e-01 5.000000000000000000e-01 5.000000000000000000e-01 6.666666666666666297e-01
1.666666666666666574e-01 2.543859649122807154e-01 2.982456140350877027e-01 3.070175438596491335e-01 3.596491228070175517e-01 3.947368421052631637e-01 5.175438596491228616e-01 5.526315789473684736e-01 5.701754385964912242e-01 6.052631578947368363e-01
3.448275862068965469e-02 1.034482758620689641e-01 1.379310344827586188e-01 2.413793103448275967e-01 3.448275862068965747e-01 3.448275862068965747e-01 3.793103448275861878e-01 4.137931034482758563e-01 4.137931034482758563e-01 4.137931034482758563e-01
4.000000000000000083e-02 1.199999999999999956e-01 2.000000000000000111e-01 2.800000000000000266e-01 3.200000000000000067e-01 4.400000000000000022e-01 4.799999999999999822e-01 4.799999999999999822e-01 4.799999999999999822e-01 4.799999999999999822e-01
0.000000000000000000e+00 7.692307692307692735e-02 1.538461538461538547e-01 2.051282051282051211e-01 2.564102564102563875e-01 2.820512820512820484e-01 2.820512820512820484e-01 2.820512820512820484e-01 3.846153846153846367e-01 3.846153846153846367e-01
2.272727272727272790e-02 1.590909090909090884e-01 2.500000000000000000e-01 2.954545454545454697e-01 3.409090909090908839e-01 4.318181818181818232e-01 4.772727272727272929e-01 5.681818181818182323e-01 6.136363636363636465e-01 6.363636363636363535e-01
0.000000000000000000e+00 0.000000000000000000e+00 0.000000000000000000e+00 0.000000000000000000e+00 0.000000000000000000e+00 0.000000000000000000e+00 0.000000000000000000e+00 0.000000000000000000e+00 0.000000000000000000e+00 0.000000000000000000e+00
0.000000000000000000e+00 0.000000000000000000e+00 0.000000000000000000e+00 0.000000000000000000e+00 0.000000000000000000e+00 0.000000000000000000e+00 0.000000000000000000e+00 0.000000000000000000e+00 0.000000000000000000e+00 0.000000000000000000e+00
0.000000000000000000e+00 0.000000000000000000e+00 0.000000000000000000e+00 0.000000000000000000e+00 0.000000000000000000e+00 0.000000000000000000e+00 0.000000000000000000e+00 0.000000000000000000e+00 0.000000000000000000e+00 0.000000000000000000e+00
0.000000000000000000e+00 0.000000000000000000e+00 0.000000000000000000e+00 0.000000000000000000e+00 0.000000000000000000e+00 0.000000000000000000e+00 0.000000000000000000e+00 0.000000000000000000e+00 0.000000000000000000e+00 0.000000000000000000e+00
0.000000000000000000e+00 0.000000000000000000e+00 0.000000000000000000e+00 0.000000000000000000e+00 0.000000000000000000e+00 0.000000000000000000e+00 0.000000000000000000e+00 0.000000000000000000e+00 0.000000000000000000e+00 0.000000000000000000e+00
3.980099502487562113e-02 1.542288557213930267e-01 2.487562189054726425e-01 2.935323383084577076e-01 3.532338308457711462e-01 4.179104477611940149e-01 5.024875621890547706e-01 5.771144278606965550e-01 6.417910447761193682e-01 7.313432835820895539e-01
6.403940886699507895e-02 1.379310344827586188e-01 2.660098522167487767e-01 3.399014778325122887e-01 4.285714285714285476e-01 5.123152709359606316e-01 5.862068965517240882e-01 6.305418719211822731e-01 6.699507389162561166e-01 7.438423645320196842e-01
0.000000000000000000e+00 1.818181818181818232e-01 1.818181818181818232e-01 1.818181818181818232e-01 3.636363636363636465e-01 3.636363636363636465e-01 3.636363636363636465e-01 3.636363636363636465e-01 3.636363636363636465e-01 4.545454545454545303e-01
0.000000000000000000e+00 3.571428571428571230e-02 1.071428571428571369e-01 1.785714285714285754e-01 2.142857142857142738e-01 2.500000000000000000e-01 2.500000000000000000e-01 2.857142857142856984e-01 3.214285714285714524e-01 3.214285714285714524e-01
0.000000000000000000e+00 0.000000000000000000e+00 0.000000000000000000e+00 0.000000000000000000e+00 0.000000000000000000e+00 0.000000000000000000e+00 0.000000000000000000e+00 0.000000000000000000e+00 1.111111111111111049e-01 2.222222222222222099e-01
0.000000000000000000e+00 1.578947368421052544e-01 1.578947368421052544e-01 1.842105263157894635e-01 2.368421052631578816e-01 3.157894736842105088e-01 3.684210526315789269e-01 4.736842105263157632e-01 4.736842105263157632e-01 4.736842105263157632e-01
2.679856115107913661e-01 4.082733812949640440e-01 4.496402877697841527e-01 4.892086330935251914e-01 5.413669064748201087e-01 5.989208633093525691e-01 6.456834532374100544e-01 6.798561151079136611e-01 7.284172661870503829e-01 7.625899280575539896e-01
2.508474576271186307e-01 3.762711864406779738e-01 4.033898305084746005e-01 4.338983050847457501e-01 4.949152542372881602e-01 5.423728813559322015e-01 5.728813559322033511e-01 6.135593220338982912e-01 6.677966101694915446e-01 6.881355932203390147e-01
1.851851851851851749e-02 1.018518518518518462e-01 1.111111111111111049e-01 1.574074074074074125e-01 2.314814814814814825e-01 3.240740740740740700e-01 3.611111111111111049e-01 3.981481481481481399e-01 4.629629629629629650e-01 5.092592592592593004e-01
0.000000000000000000e+00 3.448275862068965469e-02 9.359605911330048933e-02 1.625615763546797987e-01 2.118226600985221586e-01 2.758620689655172376e-01 3.349753694581280583e-01 3.793103448275861878e-01 4.334975369458128336e-01 4.532019704433497553e-01
3.009605122732123550e-01 4.845250800426894600e-01 5.410885805763073764e-01 5.923159018143009380e-01 6.424759871931696731e-01 7.235859124866595993e-01 7.822838847385271688e-01 8.409818569903948493e-01 8.708644610458911028e-01 8.943436499466381751e-01
1.336898395721925203e-01 2.513368983957219305e-01 3.288770053475935651e-01 3.770053475935828957e-01 4.144385026737967825e-01 4.759358288770053624e-01 5.213903743315507766e-01 5.828877005347593565e-01 6.390374331550802145e-01 6.791443850267380178e-01
7.692307692307692735e-02 1.634615384615384637e-01 2.211538461538461453e-01 2.788461538461538547e-01 3.461538461538461453e-01 4.230769230769230727e-01 4.615384615384615641e-01 5.192307692307692735e-01 5.576923076923077094e-01 6.250000000000000000e-01
1.391304347826086973e-01 2.666666666666666630e-01 3.420289855072463636e-01 4.000000000000000222e-01 4.550724637681159424e-01 5.101449275362318625e-01 5.739130434782608869e-01 6.289855072463768071e-01 6.869565217391304657e-01 7.478260869565217517e-01
3.448275862068965469e-02 7.586206896551724033e-02 1.241379310344827569e-01 1.793103448275862044e-01 2.482758620689655138e-01 3.241379310344827402e-01 3.862068965517241326e-01 4.344827586206896353e-01 5.448275862068965303e-01 6.137931034482758674e-01
0.000000000000000000e+00 3.809523809523809867e-02 9.523809523809523281e-02 1.904761904761904656e-01 2.666666666666666630e-01 3.619047619047618958e-01 4.000000000000000222e-01 4.571428571428571286e-01 5.142857142857142350e-01 5.904761904761904878e-01
1.428571428571428527e-02 2.857142857142857054e-02 5.714285714285714107e-02 1.499999999999999944e-01 2.428571428571428548e-01 2.714285714285714080e-01 3.357142857142856873e-01 3.928571428571428492e-01 4.357142857142857206e-01 4.500000000000000111e-01
0.000000000000000000e+00 1.785714285714285615e-02 8.928571428571428770e-02 1.607142857142857262e-01 2.142857142857142738e-01 2.857142857142856984e-01 3.214285714285714524e-01 3.571428571428571508e-01 4.285714285714285476e-01 4.285714285714285476e-01
2.484472049689440826e-02 8.695652173913043237e-02 1.118012422360248476e-01 1.428571428571428492e-01 1.677018633540372783e-01 2.484472049689440964e-01 3.167701863354037140e-01 3.478260869565217295e-01 4.223602484472049889e-01 4.782608695652174058e-01
0.000000000000000000e+00 0.000000000000000000e+00 6.818181818181817677e-02 9.090909090909091161e-02 1.363636363636363535e-01 2.045454545454545581e-01 2.272727272727272652e-01 2.727272727272727071e-01 2.727272727272727071e-01 3.181818181818181768e-01
0.000000000000000000e+00 3.333333333333333148e-01 3.333333333333333148e-01 3.333333333333333148e-01 3.333333333333333148e-01 3.333333333333333148e-01 3.333333333333333148e-01 3.333333333333333148e-01 3.333333333333333148e-01 3.333333333333333148e-01
0.000000000000000000e+00 0.000000000000000000e+00 0.000000000000000000e+00 0.000000000000000000e+00 0.000000000000000000e+00 0.000000000000000000e+00 0.000000000000000000e+00 0.000000000000000000e+00 0.000000000000000000e+00 0.000000000000000000e+00
0.000000000000000000e+00 2.631578947368420907e-02 2.631578947368420907e-02 2.631578947368420907e-02 5.263157894736841813e-02 1.052631578947368363e-01 1.052631578947368363e-01 1.052631578947368363e-01 1.578947368421052544e-01 1.578947368421052544e-01
0.000000000000000000e+00 0.000000000000000000e+00 0.000000000000000000e+00 0.000000000000000000e+00 0.000000000000000000e+00 0.000000000000000000e+00 0.000000000000000000e+00 0.000000000000000000e+00 1.000000000000000000e+00 1.000000000000000000e+00
0.000000000000000000e+00 0.000000000000000000e+00 0.000000000000000000e+00 0.000000000000000000e+00 0.000000000000000000e+00 0.000000000000000000e+00 0.000000000000000000e+00 0.000000000000000000e+00 0.000000000000000000e+00 0.000000000000000000e+00
1.839622641509433831e-01 3.584905660377358250e-01 3.820754716981132337e-01 4.056603773584905870e-01 4.528301886792452935e-01 5.518867924528302327e-01 6.226415094339622369e-01 6.509433962264150608e-01 7.216981132075471761e-01 7.547169811320755262e-01
1.368421052631579038e-01 3.368421052631578871e-01 3.789473684210526438e-01 4.210526315789473450e-01 5.157894736842105754e-01 5.263157894736841813e-01 6.315789473684210176e-01 7.052631578947368141e-01 7.473684210526315708e-01 7.789473684210526105e-01
3.703703703703703498e-02 2.962962962962962798e-01 3.333333333333333148e-01 4.444444444444444198e-01 4.814814814814814548e-01 5.185185185185184897e-01 6.666666666666666297e-01 7.037037037037037202e-01 7.037037037037037202e-01 7.037037037037037202e-01
2.739726027397260122e-02 9.589041095890410427e-02 1.643835616438356073e-01 1.917808219178082085e-01 1.917808219178082085e-01 2.465753424657534110e-01 3.013698630136986134e-01 3.424657534246575152e-01 4.383561643835616195e-01 4.657534246575342207e-01
0.000000000000000000e+00 1.000000000000000056e-01 1.400000000000000133e-01 1.400000000000000133e-01 2.000000000000000111e-01 2.000000000000000111e-01 2.200000000000000011e-01 2.800000000000000266e-01 3.599999999999999867e-01 3.800000000000000044e-01
1.799999999999999933e-01 3.800000000000000044e-01 5.200000000000000178e-01 5.600000000000000533e-01 5.799999999999999600e-01 6.400000000000000133e-01 7.399999999999999911e-01 7.600000000000000089e-01 8.800000000000000044e-01 8.800000000000000044e-01
1.735537190082644676e-01 3.305785123966942241e-01 3.966942148760330689e-01 4.380165289256198191e-01 4.628099173553719137e-01 5.123966942148759918e-01 5.454545454545454142e-01 5.867768595041322754e-01 6.280991735537190257e-01 6.363636363636363535e-01
1.250000000000000000e-01 2.250000000000000056e-01 3.125000000000000000e-01 3.250000000000000111e-01 3.250000000000000111e-01 3.875000000000000111e-01 4.375000000000000000e-01 4.500000000000000111e-01 4.874999999999999889e-01 5.374999999999999778e-01
6.666666666666666574e-02 1.066666666666666735e-01 1.466666666666666674e-01 1.466666666666666674e-01 1.600000000000000033e-01 1.600000000000000033e-01 1.866666666666666752e-01 1.866666666666666752e-01 2.666666666666666630e-01 2.800000000000000266e-01
3.389830508474576259e-02 1.525423728813559421e-01 1.864406779661016977e-01 2.203389830508474534e-01 2.711864406779661008e-01 3.220338983050847204e-01 3.559322033898305038e-01 3.559322033898305038e-01 4.237288135593220151e-01 4.576271186440677985e-01
5.347593582887700397e-02 1.283422459893048262e-01 1.764705882352941291e-01 2.219251336898395710e-01 2.727272727272727071e-01 3.556149732620320636e-01 4.171122994652406435e-01 4.518716577540106694e-01 4.759358288770053624e-01 5.053475935828877219e-01
6.115107913669064893e-02 3.021582733812949728e-01 4.352517985611510931e-01 4.820143884892086339e-01 5.323741007194244812e-01 6.079136690647481966e-01 6.654676258992805460e-01 6.942446043165467762e-01 7.517985611510791255e-01 8.021582733812949728e-01
0.000000000000000000e+00 5.999999999999999778e-02 2.200000000000000011e-01 3.200000000000000067e-01 3.599999999999999867e-01 5.000000000000000000e-01 5.799999999999999600e-01 5.999999999999999778e-01 6.199999999999999956e-01 6.600000000000000311e-01
0.000000000000000000e+00 1.250000000000000000e-01 1.250000000000000000e-01 1.875000000000000000e-01 1.875000000000000000e-01 2.500000000000000000e-01 2.500000000000000000e-01 2.500000000000000000e-01 2.500000000000000000e-01 2.500000000000000000e-01
0.000000000000000000e+00 8.695652173913043237e-02 1.304347826086956486e-01 1.304347826086956486e-01 1.304347826086956486e-01 1.304347826086956486e-01 1.304347826086956486e-01 1.304347826086956486e-01 1.304347826086956486e-01 1.304347826086956486e-01
0.000000000000000000e+00 0.000000000000000000e+00 6.666666666666666297e-01 6.666666666666666297e-01 6.666666666666666297e-01 6.666666666666666297e-01 6.666666666666666297e-01 6.666666666666666297e-01 6.666666666666666297e-01 6.666666666666666297e-01
0.000000000000000000e+00 0.000000000000000000e+00 2.857142857142856984e-01 2.857142857142856984e-01 2.857142857142856984e-01 5.714285714285713969e-01 5.714285714285713969e-01 5.714285714285713969e-01 5.714285714285713969e-01 5.714285714285713969e-01
0.000000000000000000e+00 0.000000000000000000e+00 0.000000000000000000e+00 0.000000000000000000e+00 0.000000000000000000e+00 0.000000000000000000e+00 0.000000000000000000e+00 0.000000000000000000e+00 0.000000000000000000e+00 0.000000000000000000e+00
0.000000000000000000e+00 0.000000000000000000e+00 1.333333333333333315e-01 1.333333333333333315e-01 1.333333333333333315e-01 1.333333333333333315e-01 1.333333333333333315e-01 1.333333333333333315e-01 1.333333333333333315e-01 1.333333333333333315e-01
0.000000000000000000e+00 0.000000000000000000e+00 5.000000000000000000e-01 5.000000000000000000e-01 5.000000000000000000e-01 5.000000000000000000e-01 5.000000000000000000e-01 5.000000000000000000e-01 5.000000000000000000e-01 5.000000000000000000e-01
0.000000000000000000e+00 0.000000000000000000e+00 0.000000000000000000e+00 0.000000000000000000e+00 0.000000000000000000e+00 0.000000000000000000e+00 0.000000000000000000e+00 0.000000000000000000e+00 0.000000000000000000e+00 0.000000000000000000e+00
0.000000000000000000e+00 2.777777777777777624e-02 2.777777777777777624e-02 3.703703703703703498e-02 1.018518518518518462e-01 1.203703703703703637e-01 1.388888888888888951e-01 2.037037037037036924e-01 2.500000000000000000e-01 2.777777777777777901e-01
0.000000000000000000e+00 0.000000000000000000e+00 0.000000000000000000e+00 0.000000000000000000e+00 0.000000000000000000e+00 0.000000000000000000e+00 0.000000000000000000e+00 1.351351351351351426e-02 5.405405405405405705e-02 5.405405405405405705e-02
0.000000000000000000e+00 0.000000000000000000e+00 0.000000000000000000e+00 0.000000000000000000e+00 0.000000000000000000e+00 0.000000000000000000e+00 0.000000000000000000e+00 0.000000000000000000e+00 0.000000000000000000e+00 0.000000000000000000e+00
0.000000000000000000e+00 0.000000000000000000e+00 0.000000000000000000e+00 0.000000000000000000e+00 0.000000000000000000e+00 0.000000000000000000e+00 0.000000000000000000e+00 0.000000000000000000e+00 0.000000000000000000e+00 0.000000000000000000e+00
2.370370370370370461e-01 3.407407407407407329e-01 4.074074074074073848e-01 4.666666666666666741e-01 4.962962962962962910e-01 5.333333333333333259e-01 5.777777777777777235e-01 6.592592592592592116e-01 6.740740740740740478e-01 7.111111111111111382e-01
1.666666666666666574e-01 3.333333333333333148e-01 3.333333333333333148e-01 4.666666666666666741e-01 5.000000000000000000e-01 5.333333333333333259e-01 5.333333333333333259e-01 5.333333333333333259e-01 5.666666666666666519e-01 5.999999999999999778e-01
0.000000000000000000e+00 1.818181818181818094e-02 1.818181818181818094e-02 3.636363636363636187e-02 3.636363636363636187e-02 3.636363636363636187e-02 3.636363636363636187e-02 3.636363636363636187e-02 3.636363636363636187e-02 3.636363636363636187e-02
0.000000000000000000e+00 0.000000000000000000e+00 0.000000000000000000e+00 0.000000000000000000e+00 0.000000000000000000e+00 0.000000000000000000e+00 0.000000000000000000e+00 0.000000000000000000e+00 0.000000000000000000e+00 0.000000000000000000e+00
0.000000000000000000e+00 0.000000000000000000e+00 0.000000000000000000e+00 0.000000000000000000e+00 0.000000000000000000e+00 0.000000000000000000e+00 0.000000000000000000e+00 0.000000000000000000e+00 0.000000000000000000e+00 0.000000000000000000e+00
3.225806451612903136e-02 9.677419354838709409e-02 1.451612903225806550e-01 1.774193548387096864e-01 2.258064516129032195e-01 2.258064516129032195e-01 2.903225806451613100e-01 3.548387096774193727e-01 4.516129032258064391e-01 5.483870967741935054e-01
0.000000000000000000e+00 0.000000000000000000e+00 0.000000000000000000e+00 1.176470588235294101e-01 4.117647058823529216e-01 4.117647058823529216e-01 4.117647058823529216e-01 4.117647058823529216e-01 4.117647058823529216e-01 4.117647058823529216e-01
1.428571428571428492e-01 2.410714285714285754e-01 3.660714285714285476e-01 4.196428571428571508e-01 5.178571428571429047e-01 6.160714285714286031e-01 6.607142857142856984e-01 6.964285714285713969e-01 7.321428571428570953e-01 8.214285714285713969e-01
0.000000000000000000e+00 1.212121212121212155e-01 1.818181818181818232e-01 1.818181818181818232e-01 2.424242424242424310e-01 3.333333333333333148e-01 3.939393939393939226e-01 4.848484848484848619e-01 4.848484848484848619e-01 6.060606060606060774e-01
0.000000000000000000e+00 0.000000000000000000e+00 5.882352941176470507e-02 3.529411764705882582e-01 3.529411764705882582e-01 4.705882352941176405e-01 5.882352941176470784e-01 5.882352941176470784e-01 5.882352941176470784e-01 5.882352941176470784e-01
3.141762452107279557e-01 5.019157088122605526e-01 5.632183908045976795e-01 6.091954022988506079e-01 6.781609195402298340e-01 7.241379310344827624e-01 7.662835249042145858e-01 8.007662835249041988e-01 8.352490421455939229e-01 8.467432950191571273e-01
5.405405405405405705e-02 1.621621621621621712e-01 2.702702702702702853e-01 2.972972972972973138e-01 3.648648648648648574e-01 3.918918918918918859e-01 4.594594594594594850e-01 5.000000000000000000e-01 5.000000000000000000e-01 5.000000000000000000e-01
1.452991452991453103e-01 2.649572649572649596e-01 2.991452991452991372e-01 3.504273504273504036e-01 3.846153846153846367e-01 4.102564102564102422e-01 4.529914529914529919e-01 4.615384615384615641e-01 5.042735042735042583e-01 5.726495726495726135e-01
0.000000000000000000e+00 2.325581395348837177e-02 2.325581395348837177e-02 2.325581395348837177e-01 2.790697674418604612e-01 3.720930232558139483e-01 3.953488372093023062e-01 3.953488372093023062e-01 4.186046511627907196e-01 4.186046511627907196e-01
0.000000000000000000e+00 1.000000000000000056e-01 1.400000000000000133e-01 2.200000000000000011e-01 2.399999999999999911e-01 3.200000000000000067e-01 3.599999999999999867e-01 4.600000000000000200e-01 5.000000000000000000e-01 5.200000000000000178e-01
5.645161290322580488e-02 1.048387096774193589e-01 1.129032258064516098e-01 1.854838709677419373e-01 2.096774193548387177e-01 3.145161290322580627e-01 3.467741935483871218e-01 4.112903225806451846e-01 4.193548387096774355e-01 4.596774193548386900e-01
3.846153846153846367e-02 7.692307692307692735e-02 1.025641025641025605e-01 1.410256410256410242e-01 1.666666666666666574e-01 2.179487179487179516e-01 2.307692307692307820e-01 2.307692307692307820e-01 2.948717948717948789e-01 3.461538461538461453e-01
0.000000000000000000e+00 1.562500000000000000e-02 9.375000000000000000e-02 9.375000000000000000e-02 1.093750000000000000e-01 2.500000000000000000e-01 2.968750000000000000e-01 2.968750000000000000e-01 3.281250000000000000e-01 3.437500000000000000e-01
1.170212765957446832e-01 1.755319148936170248e-01 2.446808510638297796e-01 3.191489361702127825e-01 3.670212765957446832e-01 4.148936170212765839e-01 4.893617021276595591e-01 5.372340425531915153e-01 5.851063829787234161e-01 6.329787234042553168e-01
3.370786516853932491e-02 3.370786516853932491e-02 7.865168539325842478e-02 1.011235955056179747e-01 1.123595505617977497e-01 1.348314606741572996e-01 2.134831460674157244e-01 2.359550561797752743e-01 2.696629213483145993e-01 2.808988764044944020e-01
3.610223642172524228e-01 5.175718849840255098e-01 5.623003194888178680e-01 6.006389776357827781e-01 6.293929712460063497e-01 6.613418530351438118e-01 6.773162939297124874e-01 6.996805111821086109e-01 7.252396166134185140e-01 7.444089456869009691e-01
1.794871794871794879e-01 3.076923076923077094e-01 3.333333333333333148e-01 3.699633699633699813e-01 3.772893772893772812e-01 3.956043956043955867e-01 4.322344322344322531e-01 4.688644688644688641e-01 5.018315018315018250e-01 5.457875457875457359e-01
8.275862068965517127e-02 1.862068965517241492e-01 2.344827586206896519e-01 2.689655172413792927e-01 2.758620689655172376e-01 3.172413793103448509e-01 3.310344827586206851e-01 3.724137931034482984e-01 3.931034482758620774e-01 4.206896551724138011e-01
1.267605633802816878e-01 1.971830985915492829e-01 2.112676056338028130e-01 2.605633802816901268e-01 2.816901408450704358e-01 3.169014084507042472e-01 3.521126760563380031e-01 3.732394366197183122e-01 4.014084507042253724e-01 4.366197183098591283e-01
8.474576271186440302e-02 1.751412429378531033e-01 1.977401129943502922e-01 2.542372881355932090e-01 2.598870056497175063e-01 2.655367231638418035e-01 2.881355932203389925e-01 3.333333333333333148e-01 3.615819209039548010e-01 4.124293785310734206e-01
3.488108720271800856e-01 5.707814269535673724e-01 6.489241223103058287e-01 6.953567383918459743e-01 7.429218573046432184e-01 8.165345413363533922e-01 8.539071347678369728e-01 8.754246885617213980e-01 9.014722536806342168e-01 9.218573046432616547e-01
1.844660194174757295e-01 3.082524271844659935e-01 3.956310679611650394e-01 4.733009708737864196e-01 5.412621359223300788e-01 6.310679611650485965e-01 6.990291262135922556e-01 7.330097087378640852e-01 7.912621359223300788e-01 8.398058252427184067e-01
6.097560975609755962e-02 1.097560975609756101e-01 1.219512195121951192e-01 1.951219512195122019e-01 3.536585365853658347e-01 4.390243902439024404e-01 5.243902439024390461e-01 5.609756097560976151e-01 5.609756097560976151e-01 6.707317073170732113e-01
1.666666666666666574e-01 2.222222222222222099e-01 2.708333333333333148e-01 2.986111111111111049e-01 3.402777777777777901e-01 4.097222222222222099e-01 4.513888888888888951e-01 5.208333333333333703e-01 5.347222222222222099e-01 6.041666666666666297e-01
7.070707070707070441e-02 1.010101010101010083e-01 1.818181818181818232e-01 2.323232323232323204e-01 3.030303030303030387e-01 3.939393939393939226e-01 4.242424242424242542e-01 5.050505050505050830e-01 5.555555555555555802e-01 6.060606060606060774e-01
2.272727272727272790e-02 1.818181818181818232e-01 2.727272727272727071e-01 2.727272727272727071e-01 3.863636363636363535e-01 4.090909090909091161e-01 4.318181818181818232e-01 4.545454545454545303e-01 5.227272727272727071e-01 5.454545454545454142e-01
0.000000000000000000e+00 0.000000000000000000e+00 0.000000000000000000e+00 0.000000000000000000e+00 0.000000000000000000e+00 0.000000000000000000e+00 0.000000000000000000e+00 0.000000000000000000e+00 0.000000000000000000e+00 0.000000000000000000e+00
0.000000000000000000e+00 0.000000000000000000e+00 0.000000000000000000e+00 0.000000000000000000e+00 0.000000000000000000e+00 0.000000000000000000e+00 0.000000000000000000e+00 0.000000000000000000e+00 0.000000000000000000e+00 1.250000000000000000e-01
0.000000000000000000e+00 0.000000000000000000e+00 0.000000000000000000e+00 0.000000000000000000e+00 0.000000000000000000e+00 0.000000000000000000e+00 1.000000000000000000e+00 1.000000000000000000e+00 1.000000000000000000e+00 1.000000000000000000e+00
0.000000000000000000e+00 0.000000000000000000e+00 0.000000000000000000e+00 0.000000000000000000e+00 0.000000000000000000e+00 0.000000000000000000e+00 0.000000000000000000e+00 0.000000000000000000e+00 0.000000000000000000e+00 0.000000000000000000e+00
