2.544378698224852298e-01 5.739644970414201630e-01 6.863905325443786509e-01 7.218934911242603780e-01 7.337278106508875464e-01 7.633136094674556338e-01 7.692307692307692735e-01 7.810650887573964418e-01 8.047337278106508895e-01 8.343195266272189770e-01
3.125000000000000000e-02 6.250000000000000000e-02 9.375000000000000000e-02 1.250000000000000000e-01 1.875000000000000000e-01 1.875000000000000000e-01 2.187500000000000000e-01 2.187500000000000000e-01 2.187500000000000000e-01 2.500000000000000000e-01
0.000000000000000000e+00 6.024096385542168988e-03 6.024096385542168988e-03 6.024096385542168988e-03 1.204819277108433798e-02 1.204819277108433798e-02 1.204819277108433798e-02 1.204819277108433798e-02 1.204819277108433798e-02 1.204819277108433798e-02
0.000000000000000000e+00 7.518796992481202590e-03 7.518796992481202590e-03 7.518796992481202590e-03 7.518796992481202590e-03 7.518796992481202590e-03 7.518796992481202590e-03 7.518796992481202590e-03 7.518796992481202590e-03 7.518796992481202590e-03
0.000000000000000000e+00 0.000000000000000000e+00 0.000000000000000000e+00 0.000000000000000000e+00 2.500000000000000000e-01 2.500000000000000000e-01 2.500000000000000000e-01 2.500000000000000000e-01 2.500000000000000000e-01 2.500000000000000000e-01
3.421828908554572224e-01 5.486725663716813806e-01 5.929203539823009184e-01 5.988200589970501531e-01 6.135693215339232953e-01 6.253687315634218757e-01 6.430678466076695798e-01 6.548672566371681603e-01 6.755162241887905372e-01 6.843657817109144448e-01
2.826086956521738913e-01 4.021739130434782705e-01 4.021739130434782705e-01 4.021739130434782705e-01 4.456521739130434590e-01 4.782608695652174058e-01 4.891304347826087029e-01 5.000000000000000000e-01 5.000000000000000000e-01 5.326086956521739468e-01
0.000000000000000000e+00 7.692307692307692735e-02 1.538461538461538547e-01 1.538461538461538547e-01 2.307692307692307820e-01 3.076923076923077094e-01 3.076923076923077094e-01 3.076923076923077094e-01 3.076923076923077094e-01 3.076923076923077094e-01
8.108108108108108558e-02 1.891891891891891997e-01 2.702702702702702853e-01 2.702702702702702853e-01 2.972972972972973138e-01 3.513513513513513709e-01 3.513513513513513709e-01 3.783783783783783994e-01 4.054054054054054279e-01 4.054054054054054279e-01
1.702127659574468044e-01 3.652482269503546375e-01 5.212765957446808818e-01 6.170212765957446832e-01 6.524822695035461528e-01 6.914893617021277139e-01 6.985815602836878968e-01 7.163120567375886871e-01 7.304964539007092750e-01 7.588652482269503396e-01
4.558823529411764608e-01 6.764705882352941568e-01 7.500000000000000000e-01 7.647058823529411242e-01 7.794117647058823595e-01 7.941176470588234837e-01 8.088235294117647189e-01 8.088235294117647189e-01 8.382352941176470784e-01 8.529411764705882026e-01
4.857142857142857095e-01 6.857142857142857206e-01 7.428571428571428825e-01 7.714285714285714635e-01 8.285714285714286254e-01 8.285714285714286254e-01 8.285714285714286254e-01 8.285714285714286254e-01 8.857142857142856762e-01 8.857142857142856762e-01
4.324324324324324564e-01 7.297297297297297147e-01 7.837837837837837718e-01 7.837837837837837718e-01 7.837837837837837718e-01 8.108108108108108558e-01 8.378378378378378288e-01 8.378378378378378288e-01 8.918918918918918859e-01 8.918918918918918859e-01
2.333333333333333370e-01 5.333333333333333259e-01 6.333333333333333037e-01 6.333333333333333037e-01 6.333333333333333037e-01 6.999999999999999556e-01 6.999999999999999556e-01 6.999999999999999556e-01 6.999999999999999556e-01 6.999999999999999556e-01
3.684210526315789269e-01 4.736842105263157632e-01 4.736842105263157632e-01 4.736842105263157632e-01 4.736842105263157632e-01 5.263157894736841813e-01 5.263157894736841813e-01 5.263157894736841813e-01 5.263157894736841813e-01 5.263157894736841813e-01
6.297709923664122078e-01 8.053435114503816328e-01 8.282442748091602969e-01 8.396946564885495734e-01 8.396946564885495734e-01 8.435114503816794063e-01 8.473282442748091281e-01 8.473282442748091281e-01 8.549618320610686828e-01 8.702290076335877922e-01
6.538461538461538547e-01 7.857142857142856984e-01 8.131868131868131844e-01 8.296703296703297204e-01 8.296703296703297204e-01 8.406593406593406703e-01 8.516483516483516203e-01 8.516483516483516203e-01 8.626373626373626813e-01 8.626373626373626813e-01
5.944881889763780070e-01 8.031496062992126150e-01 8.307086614173228023e-01 8.346456692913385433e-01 8.346456692913385433e-01 8.425196850393700254e-01 8.622047244094488416e-01 8.622047244094488416e-01 8.622047244094488416e-01 8.622047244094488416e-01
6.401028277634961405e-01 8.277634961439588324e-01 8.560411311053984784e-01 8.688946015424164893e-01 8.714652956298200026e-01 8.766066838046272514e-01 8.894601542416452622e-01 8.946015424164523999e-01 9.048843187660667864e-01 9.074550128534704108e-01
6.690140845070422504e-01 8.274647887323943740e-01 8.450704225352112520e-01 8.556338028169013787e-01 8.591549295774647543e-01 8.661971830985915055e-01 8.838028169014084945e-01 8.908450704225352457e-01 8.943661971830986213e-01 9.049295774647887480e-01
3.824267782426778450e-01 6.485355648535564566e-01 7.255230125523012275e-01 7.623430962343096251e-01 7.790794979079498361e-01 7.966527196652719578e-01 8.117154811715481255e-01 8.209205020920502527e-01 8.351464435146443988e-01 8.510460251046024771e-01
2.326043737574552683e-01 4.711729622266401796e-01 5.805168986083498739e-01 6.322067594433399274e-01 6.520874751491053667e-01 6.838966202783299808e-01 7.077534791252485524e-01 7.276341948310138807e-01 7.634194831013916271e-01 7.773359840954274791e-01
2.164179104477611804e-01 3.910447761194029703e-01 4.985074626865671488e-01 5.537313432835820892e-01 5.940298507462686839e-01 6.358208955223880743e-01 6.626865671641790634e-01 6.865671641791044610e-01 7.223880597014925575e-01 7.477611940298507509e-01
3.333333333333333287e-02 1.055555555555555552e-01 1.833333333333333204e-01 2.166666666666666741e-01 2.444444444444444364e-01 2.555555555555555358e-01 2.944444444444444531e-01 3.444444444444444420e-01 4.000000000000000222e-01 4.277777777777777568e-01
5.747126436781609116e-02 1.091954022988505801e-01 2.011494252873563260e-01 2.413793103448275967e-01 2.586206896551724310e-01 2.758620689655172376e-01 2.988505747126437018e-01 3.103448275862069061e-01 3.563218390804597790e-01 3.678160919540229834e-01
1.490003772161448414e-01 3.975858166729536181e-01 5.303658996605055131e-01 5.797812146359864194e-01 6.125990192380234012e-01 6.461712561297623392e-01 6.695586571105243134e-01 6.967182195397962907e-01 7.193511882308563088e-01 7.427385892116182831e-01
1.665062560153994231e-01 3.734359961501443892e-01 4.677574590952839340e-01 5.139557266602502450e-01 5.495668912415784257e-01 5.688161693936477636e-01 5.909528392685274856e-01 6.159769008662174805e-01 6.419634263715110478e-01 6.631376323387873084e-01
9.433962264150944077e-02 2.093441150044923760e-01 2.686433063791554554e-01 2.920035938903863260e-01 3.189577717879604757e-01 3.387241689128481781e-01 3.557951482479784211e-01 3.845462713387241549e-01 4.052111410601976771e-01 4.267744833782569636e-01
2.368866328257191248e-02 5.245346869712352172e-02 7.275803722504230187e-02 8.291032148900169541e-02 9.306260575296108895e-02 1.099830795262267402e-01 1.201353637901861199e-01 1.336717428087986492e-01 1.455160744500846037e-01 1.624365482233502411e-01
0.000000000000000000e+00 0.000000000000000000e+00 0.000000000000000000e+00 0.000000000000000000e+00 0.000000000000000000e+00 0.000000000000000000e+00 0.000000000000000000e+00 0.000000000000000000e+00 6.849315068493150305e-03 6.849315068493150305e-03
1.246376811594202966e-01 3.681159420289855100e-01 4.608695652173913082e-01 4.956521739130435034e-01 4.985507246376811863e-01 5.072463768115942351e-01 5.130434782608696009e-01 5.246376811594203327e-01 5.420289855072464302e-01 5.507246376811594235e-01
3.091190108191653723e-03 6.182380216383307446e-03 2.060793405461102540e-02 2.972694487377640638e-01 6.151468315301390488e-01 7.078825347758886943e-01 7.212776919113859098e-01 7.393096342091705075e-01 7.547655847501287818e-01 7.697063369397217913e-01
0.000000000000000000e+00 4.048582995951417046e-03 6.072874493927125222e-02 1.902834008097165908e-01 2.955465587044534548e-01 3.481781376518218729e-01 3.643724696356275272e-01 3.684210526315789269e-01 3.886639676113360364e-01 4.008097165991902910e-01
3.567787971457696185e-03 8.154943934760449167e-03 1.630988786952089833e-02 1.009174311926605561e-01 4.260958205912334096e-01 7.079510703363914859e-01 7.420998980632008690e-01 7.568807339449541427e-01 7.757390417940877025e-01 7.981651376146788879e-01
9.118541033434649987e-03 1.519756838905775113e-02 2.735562310030395169e-02 1.398176291793312986e-01 3.981762917933130974e-01 5.349544072948327900e-01 5.592705167173251946e-01 5.805471124620060763e-01 5.957446808510638014e-01 6.048632218844984809e-01
4.787234042553191460e-02 1.063829787234042562e-01 1.595744680851063912e-01 1.702127659574468044e-01 2.021276595744680715e-01 2.553191489361701927e-01 2.819148936170212671e-01 2.978723404255319007e-01 3.297872340425531679e-01 3.510638297872340496e-01
7.692307692307692735e-02 1.692307692307692402e-01 2.461538461538461675e-01 2.923076923076923239e-01 3.307692307692307598e-01 3.384615384615384803e-01 3.615384615384615308e-01 3.769230769230769162e-01 3.923076923076923017e-01 4.307692307692307931e-01
2.439024390243902524e-02 1.219512195121951192e-01 1.463414634146341375e-01 1.463414634146341375e-01 1.707317073170731836e-01 2.195121951219512202e-01 2.195121951219512202e-01 2.195121951219512202e-01 2.439024390243902385e-01 2.560975609756097615e-01
2.127659574468085055e-02 1.063829787234042562e-01 1.276595744680850963e-01 1.702127659574468044e-01 1.702127659574468044e-01 1.914893617021276584e-01 1.914893617021276584e-01 1.914893617021276584e-01 1.914893617021276584e-01 1.914893617021276584e-01
1.851851851851851749e-02 3.703703703703703498e-02 5.555555555555555247e-02 9.259259259259258745e-02 9.259259259259258745e-02 1.111111111111111049e-01 1.296296296296296224e-01 1.481481481481481399e-01 1.666666666666666574e-01 1.666666666666666574e-01
6.040061633281972320e-01 7.996918335901386232e-01 8.366718027734977303e-01 8.567026194144837792e-01 8.674884437596301900e-01 8.751926040061632772e-01 8.813559322033898136e-01 8.875192604006163499e-01 8.952234206471494371e-01 8.952234206471494371e-01
6.019261637239164964e-01 8.121990369181379954e-01 8.410914927768859961e-01 8.555377207062599965e-01 8.699839486356339968e-01 8.812199036918137995e-01 8.844301765650079972e-01 8.908507223113965034e-01 8.956661316211877999e-01 9.052969502407705038e-01
6.161073825503355916e-01 8.040268456375838646e-01 8.429530201342282369e-01 8.496644295302013816e-01 8.671140939597314912e-01 8.805369127516778915e-01 8.859060402684564295e-01 8.912751677852348564e-01 8.926174496644295742e-01 9.020134228187919323e-01
6.637010676156583910e-01 8.380782918149466409e-01 8.736654804270462815e-01 8.790035587188611554e-01 8.896797153024911253e-01 8.950177935943059992e-01 9.039145907473309371e-01 9.110320284697508431e-01 9.163701067615658280e-01 9.252669039145907659e-01
3.169642857142856984e-01 4.196428571428571508e-01 4.598214285714285476e-01 4.776785714285714524e-01 4.955357142857143016e-01 5.178571428571429047e-01 5.223214285714286031e-01 5.357142857142856984e-01 5.625000000000000000e-01 5.758928571428570953e-01
6.573085846867748883e-01 8.709976798143851395e-01 9.032482598607888269e-01 9.111368909512761460e-01 9.155452436194895238e-01 9.187935034802784395e-01 9.211136890951275857e-01 9.234338747099768430e-01 9.262180974477958184e-01 9.287703016241298792e-01
6.712820512820513175e-01 8.828205128205127705e-01 9.182051282051282293e-01 9.253846153846153610e-01 9.284615384615384492e-01 9.317948717948717485e-01 9.323076923076922817e-01 9.348717948717948367e-01 9.366666666666666474e-01 9.382051282051282470e-01
5.649606299212598381e-01 8.080708661417322913e-01 8.681102362204724532e-01 8.976377952755905110e-01 9.025590551181101873e-01 9.104330708661417804e-01 9.124015748031496509e-01 9.133858267716535861e-01 9.133858267716535861e-01 9.173228346456693272e-01
2.857142857142856984e-01 3.333333333333333148e-01 3.333333333333333148e-01 3.809523809523809312e-01 3.809523809523809312e-01 4.761904761904761640e-01 4.761904761904761640e-01 4.761904761904761640e-01 4.761904761904761640e-01 4.761904761904761640e-01
0.000000000000000000e+00 0.000000000000000000e+00 0.000000000000000000e+00 0.000000000000000000e+00 0.000000000000000000e+00 0.000000000000000000e+00 0.000000000000000000e+00 0.000000000000000000e+00 0.000000000000000000e+00 0.000000000000000000e+00
4.166666666666666435e-02 6.250000000000000000e-02 6.250000000000000000e-02 6.250000000000000000e-02 8.333333333333332871e-02 8.333333333333332871e-02 1.041666666666666713e-01 1.041666666666666713e-01 1.041666666666666713e-01 1.041666666666666713e-01
5.263157894736841813e-02 4.210526315789473450e-01 5.263157894736841813e-01 5.263157894736841813e-01 5.789473684210526550e-01 5.789473684210526550e-01 5.789473684210526550e-01 5.789473684210526550e-01 5.789473684210526550e-01 5.789473684210526550e-01
1.578947368421052544e-01 4.035087719298245390e-01 4.912280701754385692e-01 5.438596491228070429e-01 5.438596491228070429e-01 6.140350877192982670e-01 6.491228070175438791e-01 6.666666666666666297e-01 6.666666666666666297e-01 7.192982456140351033e-01
2.087912087912087988e-01 5.054945054945054750e-01 5.934065934065934078e-01 6.593406593406593297e-01 7.142857142857143016e-01 7.692307692307692735e-01 7.802197802197802234e-01 7.802197802197802234e-01 8.241758241758241343e-01 8.241758241758241343e-01
0.000000000000000000e+00 3.333333333333333148e-01 3.333333333333333148e-01 6.666666666666666297e-01 8.333333333333333703e-01 8.333333333333333703e-01 8.333333333333333703e-01 8.333333333333333703e-01 8.333333333333333703e-01 8.333333333333333703e-01
2.117962466487935680e-01 4.423592493297587303e-01 5.361930294906166461e-01 5.817694369973190893e-01 6.032171581769436575e-01 6.166219839142090819e-01 6.246648793565683366e-01 6.380697050938337611e-01 6.568364611260053554e-01 6.675603217158176950e-01
2.020202020202020166e-01 3.636363636363636465e-01 4.949494949494949725e-01 5.252525252525253041e-01 5.353535353535353591e-01 5.757575757575758013e-01 5.757575757575758013e-01 5.858585858585858563e-01 5.858585858585858563e-01 6.060606060606060774e-01
2.366412213740458070e-01 3.893129770992366234e-01 4.580152671755725047e-01 4.885496183206106680e-01 5.267175572519083859e-01 5.572519083969466047e-01 5.648854961832061594e-01 5.801526717557251578e-01 5.801526717557251578e-01 5.954198473282442672e-01
0.000000000000000000e+00 2.999999999999999889e-01 5.999999999999999778e-01 5.999999999999999778e-01 5.999999999999999778e-01 5.999999999999999778e-01 6.999999999999999556e-01 6.999999999999999556e-01 6.999999999999999556e-01 6.999999999999999556e-01
0.000000000000000000e+00 0.000000000000000000e+00 0.000000000000000000e+00 0.000000000000000000e+00 0.000000000000000000e+00 0.000000000000000000e+00 0.000000000000000000e+00 0.000000000000000000e+00 0.000000000000000000e+00 0.000000000000000000e+00
0.000000000000000000e+00 0.000000000000000000e+00 0.000000000000000000e+00 0.000000000000000000e+00 0.000000000000000000e+00 0.000000000000000000e+00 0.000000000000000000e+00 0.000000000000000000e+00 0.000000000000000000e+00 0.000000000000000000e+00
0.000000000000000000e+00 0.000000000000000000e+00 0.000000000000000000e+00 0.000000000000000000e+00 0.000000000000000000e+00 0.000000000000000000e+00 0.000000000000000000e+00 0.000000000000000000e+00 0.000000000000000000e+00 0.000000000000000000e+00
0.000000000000000000e+00 0.000000000000000000e+00 0.000000000000000000e+00 5.000000000000000000e-01 5.000000000000000000e-01 5.000000000000000000e-01 5.000000000000000000e-01 5.000000000000000000e-01 5.000000000000000000e-01 5.000000000000000000e-01
0.000000000000000000e+00 0.000000000000000000e+00 0.000000000000000000e+00 6.666666666666666297e-01 6.666666666666666297e-01 6.666666666666666297e-01 6.666666666666666297e-01 1.000000000000000000e+00 1.000000000000000000e+00 1.000000000000000000e+00
0.000000000000000000e+00 0.000000000000000000e+00 0.000000000000000000e+00 0.000000000000000000e+00 1.428571428571428492e-01 1.428571428571428492e-01 1.428571428571428492e-01 1.428571428571428492e-01 1.428571428571428492e-01 1.428571428571428492e-01
4.204851752021563360e-01 6.226415094339622369e-01 6.805929919137466699e-01 6.994609164420485525e-01 7.142857142857143016e-01 7.358490566037735325e-01 7.506738544474393926e-01 7.641509433962264675e-01 7.762803234501347571e-01 7.870619946091643726e-01
0.000000000000000000e+00 1.428571428571428492e-01 1.428571428571428492e-01 1.428571428571428492e-01 1.428571428571428492e-01 1.428571428571428492e-01 1.428571428571428492e-01 1.428571428571428492e-01 1.428571428571428492e-01 1.428571428571428492e-01
7.692307692307692735e-02 7.692307692307692735e-02 7.692307692307692735e-02 7.692307692307692735e-02 7.692307692307692735e-02 7.692307692307692735e-02 7.692307692307692735e-02 7.692307692307692735e-02 1.538461538461538547e-01 1.538461538461538547e-01
0.000000000000000000e+00 9.090909090909091161e-02 9.090909090909091161e-02 9.090909090909091161e-02 9.090909090909091161e-02 9.090909090909091161e-02 9.090909090909091161e-02 9.090909090909091161e-02 9.090909090909091161e-02 1.818181818181818232e-01
5.882352941176470507e-02 2.941176470588235392e-01 3.529411764705882582e-01 4.705882352941176405e-01 4.705882352941176405e-01 5.294117647058823595e-01 5.882352941176470784e-01 5.882352941176470784e-01 5.882352941176470784e-01 5.882352941176470784e-01
4.710375556970082811e-01 8.179503500954805606e-01 8.516868236791852453e-01 8.567791215786123571e-01 8.663271801400381777e-01 8.809675366008911102e-01 8.898790579248886390e-01 8.987905792488860568e-01 9.096117122851686831e-01 9.223424570337365180e-01
3.790087463556851555e-01 7.298347910592808407e-01 7.823129251700680076e-01 7.959183673469387710e-01 8.066083576287658152e-01 8.182701652089406918e-01 8.318756073858114553e-01 8.503401360544217136e-01 8.649173955296404204e-01 8.804664723032069595e-01
3.240418118466898978e-01 6.341463414634146423e-01 6.864111498257839949e-01 7.055749128919860391e-01 7.264808362369338246e-01 7.421602787456446082e-01 7.560975609756097615e-01 7.735191637630661754e-01 7.857142857142856984e-01 8.013937282229964820e-01
2.303370786516854007e-01 5.449438202247190999e-01 6.207865168539326017e-01 6.404494382022472010e-01 6.685393258426965968e-01 6.910112359550562022e-01 7.078651685393257953e-01 7.219101123595506042e-01 7.275280898876403946e-01 7.500000000000000000e-01
2.727272727272727071e-01 4.772727272727272929e-01 5.000000000000000000e-01 5.681818181818182323e-01 5.681818181818182323e-01 5.681818181818182323e-01 5.909090909090909394e-01 5.909090909090909394e-01 6.136363636363636465e-01 6.136363636363636465e-01
3.668763102725366987e-01 5.786163522012578442e-01 6.436058700209643657e-01 6.771488469601677496e-01 7.148846960167715148e-01 7.379454926624737787e-01 7.547169811320755262e-01 7.672955974842767812e-01 7.798742138364780363e-01 8.029350104821803003e-01
3.174603174603174427e-01 5.238095238095238360e-01 6.349206349206348854e-01 6.507936507936508130e-01 6.666666666666666297e-01 7.301587301587301182e-01 7.301587301587301182e-01 7.301587301587301182e-01 7.619047619047618625e-01 7.619047619047618625e-01
2.352941176470588203e-01 2.941176470588235392e-01 2.941176470588235392e-01 3.529411764705882582e-01 3.529411764705882582e-01 3.529411764705882582e-01 3.529411764705882582e-01 4.117647058823529216e-01 4.117647058823529216e-01 4.117647058823529216e-01
2.352941176470588203e-01 2.549019607843137081e-01 2.549019607843137081e-01 2.745098039215686514e-01 2.745098039215686514e-01 2.745098039215686514e-01 3.137254901960784270e-01 3.333333333333333148e-01 3.725490196078431460e-01 3.725490196078431460e-01
4.285714285714285476e-01 4.285714285714285476e-01 4.285714285714285476e-01 4.285714285714285476e-01 4.285714285714285476e-01 4.285714285714285476e-01 4.285714285714285476e-01 4.285714285714285476e-01 4.285714285714285476e-01 4.285714285714285476e-01
4.150943396226415283e-01 5.849056603773584717e-01 6.132075471698112956e-01 6.415094339622641195e-01 6.415094339622641195e-01 6.509433962264150608e-01 6.509433962264150608e-01 6.792452830188678847e-01 6.933962264150943522e-01 7.358490566037735325e-01
2.459016393442622905e-01 3.688524590163934636e-01 4.016393442622950838e-01 4.098360655737705027e-01 4.098360655737705027e-01 4.180327868852459217e-01 4.180327868852459217e-01 4.262295081967212851e-01 4.508196721311475419e-01 4.590163934426229608e-01
6.666666666666666574e-02 2.333333333333333370e-01 2.333333333333333370e-01 2.333333333333333370e-01 2.999999999999999889e-01 2.999999999999999889e-01 2.999999999999999889e-01 2.999999999999999889e-01 2.999999999999999889e-01 3.333333333333333148e-01
4.878048780487805047e-02 4.878048780487805047e-02 4.878048780487805047e-02 7.317073170731706877e-02 7.317073170731706877e-02 9.756097560975610095e-02 9.756097560975610095e-02 9.756097560975610095e-02 1.219512195121951192e-01 1.219512195121951192e-01
1.250000000000000000e-01 1.250000000000000000e-01 1.875000000000000000e-01 1.875000000000000000e-01 1.875000000000000000e-01 1.875000000000000000e-01 1.875000000000000000e-01 1.875000000000000000e-01 1.875000000000000000e-01 1.875000000000000000e-01
6.261682242990653791e-01 8.808411214953271173e-01 9.299065420560748141e-01 9.369158878504673105e-01 9.415887850467289377e-01 9.509345794392523032e-01 9.532710280373831724e-01 9.579439252336449107e-01 9.696261682242990343e-01 9.719626168224299034e-01
5.573770491803278215e-01 7.950819672131147486e-01 8.770491803278688270e-01 9.016393442622950838e-01 9.071038251366120297e-01 9.207650273224043946e-01 9.234972677595628676e-01 9.316939890710382866e-01 9.344262295081967595e-01 9.426229508196721785e-01
5.454545454545454142e-01 7.787878787878788067e-01 8.545454545454544970e-01 8.818181818181818343e-01 8.939393939393939226e-01 9.000000000000000222e-01 9.030303030303030720e-01 9.060606060606060108e-01 9.121212121212121104e-01 9.212121212121212599e-01
4.923664122137404453e-01 7.786259541984732468e-01 8.778625954198473469e-01 9.083969465648854547e-01 9.122137404580152875e-01 9.236641221374045641e-01 9.274809160305343969e-01 9.389312977099236734e-01 9.465648854961832281e-01 9.465648854961832281e-01
5.123456790123457338e-01 7.777777777777777901e-01 8.703703703703703498e-01 8.919753086419752730e-01 9.012345679012345734e-01 9.104938271604938738e-01 9.228395061728394966e-01 9.259259259259259300e-01 9.320987654320987970e-01 9.351851851851852304e-01
5.202593192868719685e-01 7.163695299837925523e-01 7.698541329011344692e-01 7.990275526742300904e-01 8.184764991896272823e-01 8.427876823338735779e-01 8.622366288492706587e-01 8.768233387358185249e-01 8.881685575364667296e-01 8.946515397082658305e-01
4.133790737564322360e-01 6.295025728987992952e-01 7.032590051457976443e-01 7.358490566037735325e-01 7.735849056603774088e-01 7.993138936535163497e-01 8.250428816466551796e-01 8.387650085763292962e-01 8.610634648370497635e-01 8.747855917667238801e-01
3.443113772455089761e-01 5.778443113772454565e-01 6.437125748502994238e-01 6.946107784431138077e-01 7.125748502994011524e-01 7.245508982035928636e-01 7.455089820359281916e-01 7.694610778443113919e-01 7.994011976047904477e-01 8.173652694610777925e-01
3.836317135549872082e-01 5.549872122762148363e-01 6.214833759590793205e-01 6.700767263427109821e-01 7.084398976982096974e-01 7.442455242966752316e-01 7.698209718670077084e-01 7.851662404092071279e-01 8.209718670076726621e-01 8.465473145780051389e-01
3.964843750000000000e-01 5.800781250000000000e-01 6.621093750000000000e-01 6.972656250000000000e-01 7.324218750000000000e-01 7.519531250000000000e-01 7.929687500000000000e-01 8.046875000000000000e-01 8.281250000000000000e-01 8.496093750000000000e-01
3.348416289592759942e-01 6.153846153846154188e-01 6.832579185520362142e-01 6.968325791855203288e-01 7.058823529411765163e-01 7.239819004524886692e-01 7.375565610859728949e-01 7.601809954751130860e-01 7.873303167420814264e-01 7.873303167420814264e-01
1.961538461538461509e-01 4.000000000000000222e-01 4.692307692307692291e-01 5.153846153846153300e-01 5.384615384615384359e-01 5.461538461538461009e-01 5.653846153846153744e-01 5.884615384615384803e-01 6.153846153846154188e-01 6.269230769230769162e-01
1.748251748251748172e-01 3.426573426573426562e-01 4.195804195804195835e-01 4.545454545454545303e-01 4.755244755244755206e-01 4.755244755244755206e-01 4.965034965034965109e-01 5.034965034965035446e-01 5.524475524475523924e-01 5.594405594405594817e-01
1.009174311926605561e-01 2.385321100917431325e-01 4.036697247706422242e-01 4.587155963302752548e-01 4.770642201834862650e-01 5.045871559633027248e-01 5.229357798165137350e-01 5.412844036697247452e-01 5.504587155963303058e-01 5.596330275229357554e-01
5.600000000000000117e-02 2.479999999999999982e-01 3.679999999999999938e-01 4.079999999999999738e-01 4.319999999999999951e-01 4.480000000000000093e-01 4.719999999999999751e-01 4.959999999999999964e-01 5.200000000000000178e-01 5.200000000000000178e-01
6.534954407294832901e-01 7.720364741641337902e-01 7.902735562310030382e-01 8.145896656534954428e-01 8.358662613981763245e-01 8.480243161094225268e-01 8.510638297872340496e-01 8.541033434650455725e-01 8.662613981762917748e-01 8.723404255319149314e-01
6.683501683501683610e-01 8.484848484848485084e-01 8.872053872053872192e-01 9.006734006734006259e-01 9.175084175084174953e-01 9.208754208754208470e-01 9.276094276094276614e-01 9.326599326599326334e-01 9.393939393939394478e-01 9.461279461279461511e-01
6.718750000000000000e-01 8.421874999999999778e-01 8.765625000000000222e-01 8.937500000000000444e-01 9.078125000000000222e-01 9.156250000000000222e-01 9.171875000000000444e-01 9.296875000000000000e-01 9.343749999999999556e-01 9.437499999999999778e-01
6.382608695652174369e-01 8.226086956521738713e-01 8.539130434782609136e-01 8.713043478260870112e-01 8.747826086956521641e-01 8.852173913043478448e-01 8.973913043478261020e-01 9.008695652173912549e-01 9.060869565217390953e-01 9.113043478260869357e-01
5.469798657718121238e-01 6.812080536912751283e-01 7.181208053691274795e-01 7.416107382550335414e-01 7.516778523489933139e-01 7.718120805369127480e-01 7.919463087248321820e-01 8.154362416107382439e-01 8.221476510067113885e-01 8.422818791946308226e-01
1.825396825396825295e-01 4.523809523809523836e-01 5.396825396825396526e-01 5.873015873015873245e-01 6.111111111111111605e-01 6.190476190476190688e-01 6.349206349206348854e-01 6.428571428571429047e-01 6.666666666666666297e-01 6.746031746031746490e-01
2.099999999999999922e-01 4.400000000000000022e-01 4.799999999999999822e-01 5.200000000000000178e-01 5.600000000000000533e-01 5.799999999999999600e-01 5.799999999999999600e-01 5.799999999999999600e-01 6.199999999999999956e-01 6.199999999999999956e-01
6.060606060606060774e-02 2.121212121212121271e-01 3.636363636363636465e-01 3.636363636363636465e-01 3.939393939393939226e-01 4.545454545454545303e-01 4.545454545454545303e-01 4.545454545454545303e-01 4.848484848484848619e-01 4.848484848484848619e-01
1.111111111111111049e-01 1.111111111111111049e-01 3.333333333333333148e-01 3.333333333333333148e-01 3.333333333333333148e-01 3.333333333333333148e-01 3.333333333333333148e-01 3.333333333333333148e-01 3.333333333333333148e-01 3.888888888888888951e-01
9.523809523809523281e-02 3.095238095238095344e-01 3.095238095238095344e-01 3.571428571428571508e-01 3.809523809523809312e-01 3.809523809523809312e-01 3.809523809523809312e-01 3.809523809523809312e-01 4.047619047619047672e-01 4.047619047619047672e-01
0.000000000000000000e+00 1.467889908256880815e-01 3.027522935779816682e-01 3.944954128440367191e-01 4.128440366972477293e-01 4.954128440366972752e-01 5.229357798165137350e-01 5.504587155963303058e-01 5.779816513761467656e-01 5.779816513761467656e-01
0.000000000000000000e+00 1.153846153846153910e-01 1.538461538461538547e-01 1.923076923076923184e-01 1.923076923076923184e-01 1.923076923076923184e-01 1.923076923076923184e-01 1.923076923076923184e-01 1.923076923076923184e-01 1.923076923076923184e-01
0.000000000000000000e+00 0.000000000000000000e+00 0.000000000000000000e+00 9.090909090909091161e-02 2.727272727272727071e-01 2.727272727272727071e-01 2.727272727272727071e-01 2.727272727272727071e-01 3.636363636363636465e-01 3.636363636363636465e-01
0.000000000000000000e+00 0.000000000000000000e+00 0.000000000000000000e+00 0.000000000000000000e+00 0.000000000000000000e+00 5.882352941176470507e-02 5.882352941176470507e-02 5.882352941176470507e-02 5.882352941176470507e-02 5.882352941176470507e-02
0.000000000000000000e+00 5.555555555555555247e-02 1.111111111111111049e-01 1.666666666666666574e-01 1.666666666666666574e-01 1.666666666666666574e-01 1.666666666666666574e-01 1.666666666666666574e-01 2.222222222222222099e-01 2.222222222222222099e-01
5.312500000000000000e-01 7.526041666666666297e-01 8.012152777777777901e-01 8.151041666666666297e-01 8.359375000000000000e-01 8.559027777777777901e-01 8.793402777777777901e-01 8.940972222222222099e-01 9.105902777777777901e-01 9.262152777777777901e-01
1.742738589211618172e-01 3.485477178423236344e-01 4.315352697095435897e-01 4.730290456431535118e-01 5.186721991701245260e-01 5.518672199170124859e-01 5.975103734439833891e-01 6.141078838174274246e-01 6.265560165975103679e-01 6.431535269709544034e-01
2.000000000000000111e-01 2.000000000000000111e-01 2.000000000000000111e-01 2.000000000000000111e-01 2.000000000000000111e-01 2.000000000000000111e-01 2.000000000000000111e-01 2.000000000000000111e-01 2.000000000000000111e-01 2.000000000000000111e-01
1.063829787234042562e-01 2.446808510638297796e-01 3.191489361702127825e-01 3.829787234042553168e-01 4.361702127659574657e-01 4.946808510638298073e-01 5.106382978723403854e-01 5.478723404255319007e-01 5.904255319148936643e-01 6.117021276595744350e-01
1.000000000000000056e-01 1.000000000000000056e-01 1.000000000000000056e-01 1.000000000000000056e-01 2.000000000000000111e-01 2.000000000000000111e-01 2.000000000000000111e-01 2.000000000000000111e-01 2.000000000000000111e-01 2.000000000000000111e-01
4.927374301675977453e-01 7.069832402234637048e-01 7.536312849162011274e-01 7.703910614525140144e-01 7.843575418994412907e-01 8.025139664804469275e-01 8.148044692737430594e-01 8.276536312849162025e-01 8.413407821229049732e-01 8.550279329608938550e-01
4.115448504983388878e-01 6.478405315614618187e-01 7.126245847176079229e-01 7.263289036544851029e-01 7.470930232558139483e-01 7.641196013289036637e-01 7.794850498338870004e-01 7.873754152823920771e-01 8.027408637873754138e-01 8.156146179401992935e-01
3.612453032742887760e-01 5.942028985507246119e-01 6.623725174449812680e-01 6.881374127750938818e-01 7.037037037037037202e-01 7.181964573268920793e-01 7.332259796027912335e-01 7.498658078368223290e-01 7.654320987654320563e-01 7.793880837359098424e-01
2.572687224669603645e-01 4.740088105726872336e-01 5.409691629955947212e-01 5.577092511013216347e-01 5.823788546255506127e-01 6.026431718061674436e-01 6.140969162995594255e-01 6.211453744493392604e-01 6.449339207048457867e-01 6.687224669603524241e-01
1.479166666666666685e-01 3.041666666666666408e-01 3.791666666666666519e-01 4.041666666666666741e-01 4.249999999999999889e-01 4.520833333333333370e-01 4.645833333333333481e-01 4.749999999999999778e-01 4.979166666666666741e-01 5.208333333333333703e-01
3.796992481203007586e-01 6.654135338345864570e-01 8.101503759398496207e-01 8.759398496240601295e-01 8.872180451127819056e-01 8.966165413533834228e-01 9.003759398496240518e-01 9.116541353383458279e-01 9.285714285714286031e-01 9.379699248120301203e-01
1.385681293302540307e-01 4.549653579676674608e-01 7.297921478060046541e-01 8.198614318706697324e-01 8.383371824480368995e-01 8.568129330254041776e-01 8.706697459584296084e-01 8.775981524249422128e-01 8.891454965357967755e-01 9.076212471131639425e-01
1.406250000000000000e-01 4.375000000000000000e-01 6.250000000000000000e-01 7.395833333333333703e-01 7.708333333333333703e-01 8.125000000000000000e-01 8.333333333333333703e-01 8.541666666666666297e-01 8.645833333333333703e-01 8.697916666666666297e-01
1.494252873563218509e-01 4.482758620689655249e-01 7.011494252873563537e-01 7.701149425287355799e-01 7.701149425287355799e-01 7.701149425287355799e-01 7.816091954022988952e-01 8.045977011494253039e-01 8.045977011494253039e-01 8.275862068965517127e-01
0.000000000000000000e+00 8.108108108108108558e-02 2.162162162162162282e-01 4.324324324324324564e-01 4.324324324324324564e-01 4.594594594594594850e-01 4.864864864864865135e-01 4.864864864864865135e-01 5.405405405405405705e-01 5.945945945945946276e-01
4.347826086956521618e-02 1.086956521739130405e-01 2.391304347826087029e-01 3.695652173913043237e-01 4.347826086956521618e-01 5.434782608695651884e-01 6.086956521739130821e-01 6.521739130434782705e-01 6.956521739130434590e-01 6.956521739130434590e-01
3.636363636363636187e-02 2.545454545454545192e-01 4.727272727272727182e-01 5.090909090909090384e-01 5.090909090909090384e-01 5.272727272727272263e-01 5.272727272727272263e-01 5.272727272727272263e-01 5.272727272727272263e-01 5.454545454545454142e-01
4.477611940298507204e-02 8.955223880597014408e-02 1.791044776119402882e-01 2.835820895522387919e-01 3.134328358208955390e-01 3.731343283582089776e-01 3.880597014925373234e-01 4.477611940298507620e-01 4.477611940298507620e-01 4.626865671641791078e-01
0.000000000000000000e+00 1.230769230769230838e-01 2.000000000000000111e-01 2.769230769230769384e-01 2.769230769230769384e-01 3.076923076923077094e-01 3.230769230769230949e-01 3.230769230769230949e-01 3.384615384615384803e-01 3.692307692307692513e-01
3.246753246753246447e-02 1.038961038961039030e-01 1.948051948051948146e-01 3.246753246753246724e-01 3.701298701298701421e-01 4.025974025974026205e-01 4.155844155844156118e-01 4.285714285714285476e-01 4.415584415584415390e-01 4.480519480519480346e-01
9.448818897637795144e-02 3.149606299212598381e-01 4.881889763779527769e-01 6.377952755905511584e-01 6.692913385826771977e-01 6.771653543307086798e-01 6.771653543307086798e-01 6.850393700787401619e-01 6.929133858267716439e-01 7.165354330708660902e-01
0.000000000000000000e+00 1.250000000000000000e-01 1.250000000000000000e-01 1.250000000000000000e-01 1.250000000000000000e-01 3.750000000000000000e-01 6.250000000000000000e-01 6.250000000000000000e-01 6.250000000000000000e-01 6.250000000000000000e-01
3.405572755417956426e-02 3.312693498452012331e-01 5.975232198142415019e-01 7.089783281733745834e-01 7.275541795665634304e-01 7.337461300309597867e-01 7.337461300309597867e-01 7.368421052631578538e-01 7.399380804953560320e-01 7.430340557275542102e-01
3.821656050955413858e-02 3.789808917197452498e-01 7.356687898089171451e-01 8.439490445859872958e-01 8.598726114649681840e-01 8.789808917197452498e-01 8.821656050955414274e-01 8.853503184713376051e-01 8.949044585987261380e-01 9.012738853503184933e-01
4.629629629629629373e-02 3.333333333333333148e-01 6.203703703703703498e-01 8.240740740740740700e-01 8.611111111111111605e-01 8.611111111111111605e-01 8.703703703703703498e-01 8.981481481481481399e-01 9.074074074074074403e-01 9.074074074074074403e-01
9.765625000000000000e-04 1.025390625000000000e-02 3.955078125000000000e-02 1.289062500000000000e-01 4.394531250000000000e-01 7.968750000000000000e-01 8.349609375000000000e-01 8.442382812500000000e-01 8.535156250000000000e-01 8.637695312500000000e-01
1.730103806228373755e-03 2.249134948096885925e-02 6.574394463667819488e-02 4.134948096885813218e-01 7.266435986159169858e-01 7.733564013840830142e-01 7.820069204152249043e-01 7.906574394463667943e-01 7.941176470588234837e-01 8.079584775086505744e-01
8.403361344537814762e-03 2.521008403361344602e-02 4.201680672268907901e-02 1.008403361344537841e-01 2.184873949579831942e-01 5.294117647058823595e-01 7.058823529411765163e-01 7.058823529411765163e-01 7.058823529411765163e-01 7.058823529411765163e-01
0.000000000000000000e+00 0.000000000000000000e+00 0.000000000000000000e+00 0.000000000000000000e+00 1.538461538461538547e-02 1.538461538461538547e-02 7.692307692307692735e-02 1.846153846153846256e-01 2.000000000000000111e-01 2.153846153846153966e-01
0.000000000000000000e+00 2.347417840375586734e-02 1.924882629107981247e-01 2.769953051643192499e-01 3.427230046948356867e-01 3.568075117370891891e-01 3.802816901408450634e-01 3.990610328638497517e-01 4.131455399061033096e-01 4.272300469483568119e-01
4.671755725190839814e-01 7.145038167938930762e-01 8.030534351145037775e-01 8.274809160305343081e-01 8.503816793893129722e-01 8.656488549618320816e-01 8.702290076335877922e-01 8.778625954198473469e-01 8.946564885496183228e-01 9.083969465648854547e-01
2.672672672672672944e-01 5.135135135135134865e-01 6.186186186186186653e-01 6.606606606606606480e-01 6.936936936936937137e-01 7.297297297297297147e-01 7.447447447447447244e-01 7.537537537537537524e-01 7.927927927927927998e-01 8.108108108108108558e-01
0.000000000000000000e+00 1.666666666666666574e-01 1.666666666666666574e-01 1.666666666666666574e-01 1.666666666666666574e-01 1.666666666666666574e-01 2.222222222222222099e-01 2.222222222222222099e-01 2.222222222222222099e-01 2.222222222222222099e-01
3.374485596707819113e-01 5.637860082304526621e-01 6.625514403292180887e-01 7.119341563786008020e-01 7.242798353909465359e-01 7.489711934156378925e-01 7.530864197530864335e-01 7.695473251028807082e-01 7.983539094650206058e-01 8.230452674897119625e-01
2.965517241379310165e-01 4.896551724137930828e-01 6.275862068965517571e-01 6.758620689655172598e-01 6.827586206896552046e-01 6.965517241379309832e-01 7.034482758620689280e-01 7.172413793103448176e-01 7.172413793103448176e-01 7.448275862068965969e-01
4.318067438349270093e-01 6.914947156517362581e-01 7.730246602918973142e-01 7.951685958731756765e-01 8.193256165072974051e-01 8.409662808253648425e-01 8.585807750377453251e-01 8.761952692501258078e-01 8.897835933568193356e-01 9.053850025163563409e-01
2.919020715630885054e-01 5.065913370998116338e-01 5.969868173258003896e-01 6.384180790960451990e-01 6.610169491525423879e-01 6.911487758945386028e-01 7.175141242937853603e-01 7.325800376647834122e-01 7.570621468926553854e-01 7.740112994350282216e-01
1.128205128205128221e-01 2.256410256410256443e-01 2.871794871794871584e-01 2.974358974358974339e-01 3.230769230769230949e-01 3.641025641025640858e-01 3.641025641025640858e-01 3.846153846153846367e-01 4.000000000000000222e-01 4.102564102564102422e-01
5.586592178770949380e-02 1.005586592178770999e-01 1.731843575418994530e-01 2.011173184357541999e-01 2.122905027932960875e-01 2.346368715083798906e-01 2.569832402234636937e-01 2.681564245810055813e-01 2.793296089385474690e-01 3.016759776536312998e-01
2.246835443037974722e-01 4.256329113924050556e-01 5.063291139240506666e-01 5.537974683544303334e-01 5.981012658227847778e-01 6.202531645569620000e-01 6.424050632911392222e-01 6.629746835443037778e-01 6.867088607594936667e-01 7.056962025316455556e-01
6.532399299474606069e-01 7.985989492119088817e-01 8.143607705779334349e-01 8.248686514886164334e-01 8.336252189141856173e-01 8.423817863397548011e-01 8.528896672504377996e-01 8.616462346760069835e-01 8.774080560420315367e-01 8.809106830122591658e-01
6.320754716981131782e-01 7.905660377358491031e-01 8.169811320754717388e-01 8.264150943396226801e-01 8.339622641509434331e-01 8.452830188679245627e-01 8.528301886792453157e-01 8.622641509433962570e-01 8.716981132075471983e-01 8.754716981132075748e-01
6.244665718349928785e-01 7.709815078236130770e-01 8.108108108108108558e-01 8.264580369843528285e-01 8.421052631578946901e-01 8.563300142247510793e-01 8.634423897581792184e-01 8.748221906116643298e-01 8.790896159317211911e-01 8.890469416785206080e-01
4.192872117400419096e-01 5.681341719077568353e-01 6.058700209643606005e-01 6.247379454926624831e-01 6.394129979035639844e-01 6.582809224318658670e-01 6.729559748427672572e-01 6.897274633123690046e-01 6.981132075471697673e-01 7.106918238993710224e-01
6.948356807511737454e-01 8.169014084507042472e-01 8.169014084507042472e-01 8.262910798122066192e-01 8.309859154929577496e-01 8.450704225352112520e-01 8.450704225352112520e-01 8.450704225352112520e-01 8.497652582159624934e-01 8.497652582159624934e-01
2.123142250530785525e-03 4.670912951167727895e-02 2.452229299363057335e-01 4.585987261146496907e-01 5.498938428874734496e-01 6.019108280254776844e-01 6.358811040339702458e-01 6.634819532908704520e-01 6.847133757961783029e-01 7.091295116772823315e-01
1.039089559623948555e-02 1.227115289460663089e-01 3.760514596734290116e-01 5.254824344383968171e-01 5.759524987629885961e-01 6.214745175655616016e-01 6.481939633844631121e-01 6.739238000989609123e-01 7.011380504700642780e-01 7.288471053933696098e-01
2.232142857142857192e-02 5.357142857142856845e-02 6.696428571428571230e-02 8.035714285714286309e-02 8.928571428571428770e-02 9.375000000000000000e-02 1.026785714285714246e-01 1.071428571428571369e-01 1.116071428571428631e-01 1.160714285714285754e-01
1.210287443267776125e-02 1.331316187594553668e-01 3.464447806354009063e-01 4.621785173978820160e-01 5.151285930408472380e-01 5.574886535552193711e-01 5.862329803328290012e-01 6.172465960665658447e-01 6.406959152798790136e-01 6.603630862329803453e-01
9.900990099009901110e-03 1.749174917491749248e-01 3.597359735973597594e-01 4.499449944994499684e-01 4.851485148514851353e-01 5.181518151815182049e-01 5.533553355335533164e-01 5.841584158415841221e-01 6.061606160616062056e-01 6.292629262926292544e-01
1.849315068493150582e-01 3.356164383561643927e-01 4.109589041095890183e-01 4.794520547945205213e-01 5.342465753424657793e-01 5.684931506849315586e-01 5.958904109589041598e-01 6.232876712328767610e-01 6.712328767123287854e-01 6.986301369863013866e-01
4.166666666666666435e-02 1.250000000000000000e-01 1.458333333333333426e-01 1.666666666666666574e-01 2.083333333333333426e-01 2.083333333333333426e-01 2.500000000000000000e-01 2.916666666666666852e-01 3.333333333333333148e-01 3.541666666666666852e-01
3.225806451612903136e-02 3.225806451612903136e-02 6.451612903225806273e-02 9.677419354838709409e-02 9.677419354838709409e-02 9.677419354838709409e-02 9.677419354838709409e-02 9.677419354838709409e-02 9.677419354838709409e-02 9.677419354838709409e-02
0.000000000000000000e+00 0.000000000000000000e+00 2.702702702702702853e-02 5.405405405405405705e-02 8.108108108108108558e-02 8.108108108108108558e-02 1.351351351351351426e-01 1.351351351351351426e-01 1.621621621621621712e-01 1.891891891891891997e-01
9.090909090909091161e-02 9.090909090909091161e-02 1.818181818181818232e-01 1.818181818181818232e-01 1.818181818181818232e-01 1.818181818181818232e-01 2.727272727272727071e-01 3.636363636363636465e-01 3.636363636363636465e-01 3.636363636363636465e-01
0.000000000000000000e+00 9.090909090909091161e-02 4.545454545454545303e-01 5.000000000000000000e-01 5.000000000000000000e-01 5.454545454545454142e-01 5.454545454545454142e-01 5.454545454545454142e-01 5.909090909090909394e-01 5.909090909090909394e-01
0.000000000000000000e+00 0.000000000000000000e+00 2.666666666666666630e-01 3.333333333333333148e-01 3.333333333333333148e-01 3.333333333333333148e-01 3.333333333333333148e-01 3.333333333333333148e-01 3.333333333333333148e-01 3.333333333333333148e-01
0.000000000000000000e+00 0.000000000000000000e+00 0.000000000000000000e+00 0.000000000000000000e+00 0.000000000000000000e+00 0.000000000000000000e+00 0.000000000000000000e+00 0.000000000000000000e+00 0.000000000000000000e+00 0.000000000000000000e+00
0.000000000000000000e+00 9.090909090909091161e-02 3.636363636363636465e-01 3.636363636363636465e-01 3.636363636363636465e-01 3.636363636363636465e-01 3.636363636363636465e-01 3.636363636363636465e-01 3.636363636363636465e-01 3.636363636363636465e-01
2.000000000000000111e-01 4.000000000000000222e-01 8.000000000000000444e-01 8.000000000000000444e-01 8.000000000000000444e-01 8.000000000000000444e-01 8.000000000000000444e-01 8.000000000000000444e-01 8.000000000000000444e-01 8.000000000000000444e-01
1.764705882352941291e-01 4.498269896193771711e-01 5.432525951557093391e-01 5.986159169550172576e-01 6.262975778546713279e-01 6.851211072664359358e-01 7.231833910034601853e-01 7.647058823529411242e-01 7.750865051903114145e-01 7.958477508650518839e-01
1.863799283154121966e-01 4.157706093189963981e-01 4.838709677419354982e-01 5.483870967741935054e-01 5.770609318996415826e-01 6.164874551971326611e-01 6.487455197132616647e-01 6.666666666666666297e-01 7.025089605734766707e-01 7.240143369175626731e-01
4.716981132075472039e-02 1.981132075471698228e-01 3.584905660377358250e-01 5.094339622641509413e-01 5.849056603773584717e-01 6.603773584905660021e-01 7.169811320754716499e-01 7.264150943396225912e-01 7.641509433962264675e-01 7.830188679245283501e-01
5.128205128205128027e-02 2.307692307692307820e-01 3.846153846153846367e-01 4.102564102564102422e-01 4.102564102564102422e-01 4.615384615384615641e-01 4.871794871794871695e-01 4.871794871794871695e-01 5.128205128205127750e-01 5.641025641025640969e-01
2.083333333333333218e-02 1.979166666666666574e-01 3.229166666666666852e-01 4.062500000000000000e-01 4.375000000000000000e-01 4.791666666666666852e-01 5.000000000000000000e-01 5.416666666666666297e-01 5.833333333333333703e-01 6.145833333333333703e-01
7.019748653500897939e-01 8.545780969479354061e-01 8.797127468581688037e-01 8.904847396768401646e-01 8.958707360861759561e-01 9.138240574506283354e-01 9.174147217235189000e-01 9.210053859964093537e-01 9.263913824057450341e-01 9.335727109515260524e-01
5.290697674418605168e-01 7.209302325581394832e-01 7.674418604651163101e-01 7.790697674418605168e-01 7.906976744186046124e-01 8.139534883720930258e-01 8.313953488372093359e-01 8.372093023255814392e-01 8.430232558139535426e-01 8.662790697674418450e-01
3.333333333333333148e-01 6.904761904761904656e-01 7.619047619047618625e-01 7.976190476190476719e-01 8.333333333333333703e-01 8.333333333333333703e-01 8.333333333333333703e-01 8.452380952380952328e-01 8.452380952380952328e-01 8.809523809523809312e-01
2.374999999999999889e-01 5.749999999999999556e-01 6.875000000000000000e-01 7.249999999999999778e-01 7.624999999999999556e-01 7.624999999999999556e-01 7.624999999999999556e-01 7.624999999999999556e-01 7.624999999999999556e-01 7.750000000000000222e-01
3.888888888888888951e-01 6.666666666666666297e-01 7.777777777777777901e-01 7.777777777777777901e-01 7.777777777777777901e-01 7.777777777777777901e-01 7.777777777777777901e-01 7.777777777777777901e-01 7.777777777777777901e-01 7.777777777777777901e-01
6.521739130434782428e-02 1.630434782608695676e-01 2.826086956521738913e-01 3.478260869565217295e-01 4.021739130434782705e-01 4.565217391304347561e-01 4.565217391304347561e-01 4.782608695652174058e-01 5.000000000000000000e-01 5.108695652173913526e-01
0.000000000000000000e+00 0.000000000000000000e+00 0.000000000000000000e+00 0.000000000000000000e+00 9.900990099009901110e-03 1.980198019801980222e-02 1.980198019801980222e-02 2.970297029702970160e-02 4.950495049504950729e-02 9.900990099009901457e-02
0.000000000000000000e+00 0.000000000000000000e+00 0.000000000000000000e+00 0.000000000000000000e+00 0.000000000000000000e+00 2.962962962962963076e-02 3.703703703703703498e-02 3.703703703703703498e-02 6.666666666666666574e-02 1.629629629629629761e-01
5.847953216374268681e-03 4.678362573099414945e-02 9.356725146198829890e-02 2.280701754385964786e-01 2.573099415204678220e-01 2.865497076023391654e-01 3.391812865497075835e-01 3.567251461988303896e-01 3.801169590643274643e-01 3.976608187134502703e-01
1.075268817204301161e-02 3.763440860215053890e-02 1.075268817204301092e-01 2.634408602150537515e-01 3.494623655913978721e-01 4.139784946236559349e-01 4.516129032258064391e-01 4.892473118279569988e-01 5.107526881720430012e-01 5.161290322580645018e-01
4.516971279373367953e-01 6.161879895561357401e-01 6.605744125326370453e-01 6.866840731070495973e-01 6.945169712793733963e-01 7.206266318537859483e-01 7.467362924281983894e-01 7.519582245430809220e-01 7.702349869451696751e-01 7.832898172323760067e-01
4.557823129251700744e-01 6.326530612244898322e-01 6.598639455782312480e-01 6.802721088435373931e-01 7.006802721088435382e-01 7.074829931972789199e-01 7.074829931972789199e-01 7.142857142857143016e-01 7.414965986394558284e-01 7.619047619047618625e-01
4.465408805031446660e-01 5.911949685534590992e-01 6.352201257861634920e-01 6.729559748427672572e-01 6.792452830188678847e-01 7.106918238993710224e-01 7.169811320754716499e-01 7.358490566037735325e-01 7.421383647798741601e-01 7.547169811320755262e-01
5.107142857142856762e-01 6.607142857142856984e-01 7.035714285714286254e-01 7.178571428571428603e-01 7.428571428571428825e-01 7.500000000000000000e-01 7.500000000000000000e-01 7.642857142857142350e-01 7.714285714285714635e-01 7.821428571428571397e-01
5.415282392026578018e-01 7.043189368770763625e-01 7.541528239202658357e-01 7.906976744186046124e-01 8.039867109634551978e-01 8.239202657807308539e-01 8.372093023255814392e-01 8.504983388704319136e-01 8.637873754152823880e-01 8.704318936877076807e-01
0.000000000000000000e+00 0.000000000000000000e+00 0.000000000000000000e+00 0.000000000000000000e+00 0.000000000000000000e+00 0.000000000000000000e+00 0.000000000000000000e+00 0.000000000000000000e+00 0.000000000000000000e+00 0.000000000000000000e+00
0.000000000000000000e+00 0.000000000000000000e+00 0.000000000000000000e+00 0.000000000000000000e+00 0.000000000000000000e+00 0.000000000000000000e+00 0.000000000000000000e+00 0.000000000000000000e+00 0.000000000000000000e+00 0.000000000000000000e+00
0.000000000000000000e+00 0.000000000000000000e+00 0.000000000000000000e+00 0.000000000000000000e+00 0.000000000000000000e+00 0.000000000000000000e+00 0.000000000000000000e+00 0.000000000000000000e+00 0.000000000000000000e+00 0.000000000000000000e+00
0.000000000000000000e+00 0.000000000000000000e+00 0.000000000000000000e+00 0.000000000000000000e+00 0.000000000000000000e+00 0.000000000000000000e+00 0.000000000000000000e+00 0.000000000000000000e+00 0.000000000000000000e+00 0.000000000000000000e+00
0.000000000000000000e+00 0.000000000000000000e+00 0.000000000000000000e+00 0.000000000000000000e+00 0.000000000000000000e+00 0.000000000000000000e+00 0.000000000000000000e+00 0.000000000000000000e+00 0.000000000000000000e+00 0.000000000000000000e+00
1.761252446183952935e-01 3.972602739726027177e-01 4.814090019569471357e-01 5.420743639921722368e-01 6.027397260273972268e-01 6.457925636007827430e-01 6.810176125244618017e-01 7.162426614481408604e-01 7.553816046966731479e-01 7.984344422700586641e-01
2.008196721311475419e-01 4.139344262295082122e-01 5.491803278688525136e-01 6.086065573770491621e-01 6.557377049180327377e-01 6.967213114754098324e-01 7.315573770491803351e-01 7.581967213114754189e-01 7.827868852459016757e-01 8.155737704918032405e-01
8.000000000000000167e-02 3.066666666666666430e-01 3.866666666666666585e-01 4.266666666666666941e-01 4.666666666666666741e-01 5.333333333333333259e-01 5.333333333333333259e-01 5.733333333333333615e-01 5.866666666666666696e-01 5.866666666666666696e-01
4.411764705882353227e-02 1.176470588235294101e-01 1.470588235294117696e-01 1.764705882352941291e-01 2.205882352941176405e-01 2.500000000000000000e-01 2.500000000000000000e-01 2.500000000000000000e-01 2.500000000000000000e-01 2.500000000000000000e-01
4.347826086956521618e-02 8.695652173913043237e-02 1.304347826086956486e-01 1.304347826086956486e-01 1.304347826086956486e-01 1.304347826086956486e-01 1.739130434782608647e-01 3.478260869565217295e-01 3.478260869565217295e-01 3.913043478260869734e-01
3.442622950819672067e-01 5.901639344262294973e-01 6.491803278688524914e-01 6.901639344262294751e-01 7.131147540983606703e-01 7.393442622950819887e-01 7.573770491803278881e-01 7.754098360655737876e-01 7.836065573770492065e-01 8.049180327868852292e-01
4.538348803126526776e-01 7.103077674645823514e-01 7.664875427454811430e-01 7.874938935026868370e-01 8.041035661944309076e-01 8.221787982413287788e-01 8.392769907181241162e-01 8.544211040547141645e-01 8.651685393258427004e-01 8.768930141670737699e-01
4.843654199877375777e-01 7.222562844880441313e-01 7.651747394236664279e-01 7.841814837522992354e-01 8.001226241569588948e-01 8.215818516247700432e-01 8.332311465358676061e-01 8.399754751686082654e-01 8.534641324340894730e-01 8.608215818516247175e-01
1.676646706586826241e-01 3.832335329341317598e-01 4.850299401197604721e-01 5.149700598802394724e-01 5.389221556886227837e-01 5.658682634730538563e-01 5.748502994011975842e-01 5.988023952095807845e-01 6.317365269461078237e-01 6.497005988023951684e-01
4.840613931523022467e-02 2.432113341204250323e-01 4.982290436835891123e-01 6.316410861865406901e-01 6.765053128689492157e-01 7.060212514757969737e-01 7.331759149940968445e-01 7.461629279811098359e-01 7.650531286894923788e-01 7.863046044864226980e-01
4.250883392226148527e-01 6.533568904593639592e-01 7.240282685512366978e-01 7.650176678445229639e-01 7.915194346289752270e-01 8.215547703180211547e-01 8.431095406360423761e-01 8.689045936395759506e-01 8.893992932862190282e-01 9.084805653710247286e-01
2.944630872483221529e-01 4.807046979865771674e-01 5.578859060402684422e-01 6.107382550335570537e-01 6.442953020134227771e-01 6.761744966442952975e-01 7.021812080536913303e-01 7.298657718120805660e-01 7.567114093959731447e-01 7.810402684563758635e-01
1.721854304635761501e-01 2.947019867549668937e-01 3.245033112582781376e-01 3.774834437086092565e-01 3.940397350993377623e-01 4.205298013245032940e-01 4.470198675496688812e-01 4.701986754966887561e-01 5.033112582781457123e-01 5.231788079470198749e-01
3.301282051282051211e-01 5.743589743589743168e-01 6.673076923076922684e-01 7.115384615384615641e-01 7.320512820512820040e-01 7.602564102564102200e-01 7.775641025641025772e-01 7.967948717948717396e-01 8.134615384615384581e-01 8.314102564102564541e-01
1.950819672131147431e-01 3.721311475409835867e-01 4.967213114754098213e-01 5.540983606557376984e-01 6.032786885245902120e-01 6.377049180327868383e-01 6.639344262295081567e-01 6.852459016393442903e-01 7.049180327868852514e-01 7.327868852459016313e-01
3.220611916264090168e-03 3.703703703703703498e-02 3.083735909822866161e-01 5.305958132045088815e-01 6.376811594202898004e-01 6.835748792270531782e-01 7.053140096618357724e-01 7.246376811594202882e-01 7.512077294685990392e-01 7.657004830917873983e-01
4.280821917808218940e-03 1.712328767123287576e-02 1.481164383561643927e-01 4.400684931506849140e-01 5.881849315068493622e-01 6.455479452054794232e-01 6.686643835616438158e-01 6.849315068493150305e-01 7.071917808219178037e-01 7.234589041095890183e-01
5.263157894736841987e-03 9.210526315789472826e-03 6.447368421052632192e-02 2.802631578947368252e-01 4.697368421052631748e-01 5.578947368421052211e-01 5.736842105263157965e-01 5.934210526315789602e-01 6.184210526315789824e-01 6.447368421052631637e-01
1.356932153392330365e-01 4.051130776794493737e-01 5.299901671583087115e-01 5.673549655850540496e-01 5.929203539823009184e-01 6.214355948869223489e-01 6.420845624385447259e-01 6.696165191740413025e-01 6.971484759095378791e-01 7.138643067846607293e-01
1.084598698481561811e-02 1.041214750542299311e-01 2.993492407809110745e-01 4.121475054229934987e-01 4.381778741865509641e-01 4.642082429501084850e-01 4.880694143167028098e-01 4.989154013015184574e-01 5.292841648590022041e-01 5.422993492407809368e-01
2.857142857142856984e-01 7.857142857142856984e-01 8.214285714285713969e-01 8.571428571428570953e-01 8.571428571428570953e-01 8.571428571428570953e-01 8.571428571428570953e-01 8.571428571428570953e-01 8.571428571428570953e-01 8.571428571428570953e-01
2.500000000000000000e-01 6.250000000000000000e-01 8.750000000000000000e-01 8.750000000000000000e-01 8.750000000000000000e-01 8.750000000000000000e-01 8.750000000000000000e-01 8.750000000000000000e-01 8.750000000000000000e-01 8.750000000000000000e-01
7.692307692307692735e-02 1.538461538461538547e-01 1.923076923076923184e-01 1.923076923076923184e-01 2.307692307692307820e-01 3.076923076923077094e-01 3.076923076923077094e-01 3.076923076923077094e-01 3.461538461538461453e-01 3.461538461538461453e-01
2.142857142857142738e-01 4.107142857142856984e-01 6.964285714285713969e-01 7.678571428571429047e-01 8.035714285714286031e-01 8.035714285714286031e-01 8.035714285714286031e-01 8.035714285714286031e-01 8.214285714285713969e-01 8.392857142857143016e-01
0.000000000000000000e+00 7.142857142857142461e-02 2.142857142857142738e-01 2.142857142857142738e-01 2.142857142857142738e-01 2.142857142857142738e-01 2.142857142857142738e-01 2.142857142857142738e-01 2.142857142857142738e-01 2.142857142857142738e-01
3.806646525679758253e-01 6.570996978851963988e-01 7.265861027190332333e-01 7.537764350453172169e-01 7.854984894259818828e-01 8.262839879154078027e-01 8.459214501510573525e-01 8.700906344410875848e-01 8.927492447129908859e-01 9.063444108761329332e-01
2.307692307692307820e-01 5.150501672240802575e-01 6.020066889632107454e-01 6.588628762541806072e-01 7.056856187290969640e-01 7.324414715719063107e-01 7.558528428093646001e-01 7.826086956521739468e-01 7.959866220735786202e-01 8.093645484949832936e-01
8.653846153846153633e-02 4.038461538461538547e-01 5.096153846153845812e-01 5.384615384615384359e-01 5.769230769230768718e-01 6.442307692307692735e-01 6.730769230769231282e-01 6.923076923076922906e-01 7.307692307692307265e-01 7.403846153846154188e-01
1.009174311926605561e-01 3.211009174311926784e-01 4.128440366972477293e-01 4.587155963302752548e-01 4.862385321100917701e-01 5.045871559633027248e-01 5.596330275229357554e-01 5.779816513761467656e-01 6.330275229357797961e-01 6.697247706422018165e-01
6.722689075630251809e-02 2.268907563025210072e-01 3.445378151260504174e-01 3.613445378151260434e-01 4.033613445378151363e-01 4.201680672268907624e-01 4.537815126050420145e-01 4.873949579831932666e-01 5.126050420168066779e-01 5.378151260504201447e-01
4.086757990867579959e-01 6.529680365296803846e-01 7.465753424657534110e-01 7.899543378995433907e-01 8.036529680365296358e-01 8.242009132420091699e-01 8.561643835616438158e-01 8.675799086757990386e-01 8.744292237442922167e-01 8.835616438356164171e-01
4.166666666666666852e-01 6.594827586206896131e-01 7.413793103448276245e-01 7.729885057471264087e-01 7.887931034482759118e-01 8.002873563218391162e-01 8.175287356321838672e-01 8.318965517241379004e-01 8.376436781609195581e-01 8.419540229885057459e-01
3.301662707838479704e-01 5.581947743467933210e-01 6.532066508313538744e-01 6.769596199524940960e-01 6.888361045130640958e-01 7.125890736342043175e-01 7.387173396674584502e-01 7.600950118764845387e-01 7.767220902612826938e-01 7.909738717339667158e-01
2.857142857142856984e-01 4.902597402597402843e-01 5.714285714285713969e-01 6.168831168831169220e-01 6.331168831168830780e-01 6.493506493506493449e-01 6.753246753246753276e-01 7.012987012987013102e-01 7.175324675324675772e-01 7.402597402597402843e-01
3.369863013698630172e-01 5.479452054794520244e-01 6.246575342465753300e-01 6.712328767123287854e-01 6.958904109589041376e-01 7.095890410958903827e-01 7.205479452054794898e-01 7.369863013698629839e-01 7.589041095890410871e-01 7.671232876712328341e-01
1.659693165969316486e-01 3.905160390516039248e-01 4.951185495118549662e-01 5.425383542538354531e-01 5.718270571827057669e-01 6.108786610878661483e-01 6.513249651324964917e-01 6.708507670850767379e-01 7.029288702928869759e-01 7.210599721059972600e-01
8.352144469525960013e-02 4.142212189616252815e-01 6.365688487584649780e-01 6.783295711060948197e-01 7.110609480812640770e-01 7.460496613995485360e-01 7.742663656884876122e-01 7.923250564334085588e-01 8.103837471783296165e-01 8.261851015801354725e-01
1.117117117117117087e-01 4.882882882882882969e-01 7.153153153153153365e-01 7.441441441441440929e-01 7.657657657657657158e-01 7.891891891891892330e-01 8.018018018018018278e-01 8.090090090090089614e-01 8.180180180180179894e-01 8.342342342342342620e-01
1.142857142857142821e-01 2.857142857142856984e-01 5.000000000000000000e-01 5.428571428571428159e-01 5.999999999999999778e-01 6.571428571428571397e-01 6.571428571428571397e-01 6.857142857142857206e-01 6.999999999999999556e-01 6.999999999999999556e-01
7.096774193548387177e-02 3.419354838709677269e-01 6.322580645161289814e-01 6.774193548387096309e-01 7.161290322580645684e-01 7.354838709677419262e-01 7.612903225806451069e-01 7.741935483870967527e-01 7.806451612903225756e-01 7.935483870967742215e-01
0.000000000000000000e+00 9.090909090909091161e-02 4.545454545454545303e-01 5.000000000000000000e-01 5.000000000000000000e-01 5.454545454545454142e-01 5.454545454545454142e-01 5.454545454545454142e-01 5.909090909090909394e-01 5.909090909090909394e-01
0.000000000000000000e+00 0.000000000000000000e+00 2.666666666666666630e-01 3.333333333333333148e-01 3.333333333333333148e-01 3.333333333333333148e-01 3.333333333333333148e-01 3.333333333333333148e-01 3.333333333333333148e-01 3.333333333333333148e-01
0.000000000000000000e+00 0.000000000000000000e+00 0.000000000000000000e+00 0.000000000000000000e+00 0.000000000000000000e+00 0.000000000000000000e+00 0.000000000000000000e+00 0.000000000000000000e+00 0.000000000000000000e+00 0.000000000000000000e+00
0.000000000000000000e+00 9.090909090909091161e-02 3.636363636363636465e-01 3.636363636363636465e-01 3.636363636363636465e-01 3.636363636363636465e-01 3.636363636363636465e-01 3.636363636363636465e-01 3.636363636363636465e-01 3.636363636363636465e-01
2.000000000000000111e-01 4.000000000000000222e-01 8.000000000000000444e-01 8.000000000000000444e-01 8.000000000000000444e-01 8.000000000000000444e-01 8.000000000000000444e-01 8.000000000000000444e-01 8.000000000000000444e-01 8.000000000000000444e-01
0.000000000000000000e+00 0.000000000000000000e+00 0.000000000000000000e+00 0.000000000000000000e+00 0.000000000000000000e+00 0.000000000000000000e+00 0.000000000000000000e+00 0.000000000000000000e+00 0.000000000000000000e+00 0.000000000000000000e+00
0.000000000000000000e+00 1.403508771929824588e-02 6.666666666666666574e-02 1.438596491228070207e-01 2.421052631578947401e-01 3.192982456140350811e-01 3.403508771929824595e-01 3.543859649122806932e-01 3.894736842105263053e-01 4.105263157894736836e-01
0.000000000000000000e+00 0.000000000000000000e+00 8.097165991902834092e-03 5.263157894736841813e-02 7.287449392712549989e-02 8.097165991902834092e-02 9.311740890688259553e-02 1.012145748987854227e-01 1.052631578947368363e-01 1.093117408906882637e-01
0.000000000000000000e+00 0.000000000000000000e+00 2.702702702702702853e-02 2.702702702702702853e-01 4.054054054054054279e-01 4.324324324324324564e-01 4.324324324324324564e-01 4.324324324324324564e-01 4.324324324324324564e-01 4.324324324324324564e-01
0.000000000000000000e+00 0.000000000000000000e+00 0.000000000000000000e+00 0.000000000000000000e+00 0.000000000000000000e+00 0.000000000000000000e+00 0.000000000000000000e+00 0.000000000000000000e+00 8.333333333333332871e-02 8.333333333333332871e-02
4.944029850746268773e-01 7.388059701492537545e-01 8.208955223880597396e-01 8.488805970149253532e-01 8.656716417910447214e-01 8.880597014925373234e-01 9.067164179104477695e-01 9.197761194029850929e-01 9.197761194029850929e-01 9.235074626865671377e-01
2.830188679245282946e-01 4.654088050314465486e-01 5.471698113207547065e-01 5.911949685534590992e-01 6.037735849056603543e-01 6.163522012578616094e-01 6.163522012578616094e-01 6.163522012578616094e-01 6.163522012578616094e-01 6.540880503144653746e-01
1.923076923076923184e-01 3.076923076923077094e-01 3.076923076923077094e-01 3.846153846153846367e-01 3.846153846153846367e-01 3.846153846153846367e-01 4.230769230769230727e-01 4.230769230769230727e-01 4.230769230769230727e-01 5.000000000000000000e-01
0.000000000000000000e+00 5.555555555555555247e-02 1.111111111111111049e-01 1.111111111111111049e-01 1.111111111111111049e-01 1.388888888888888951e-01 1.388888888888888951e-01 1.388888888888888951e-01 1.388888888888888951e-01 1.388888888888888951e-01
0.000000000000000000e+00 0.000000000000000000e+00 0.000000000000000000e+00 0.000000000000000000e+00 0.000000000000000000e+00 0.000000000000000000e+00 8.333333333333332871e-02 8.333333333333332871e-02 8.333333333333332871e-02 8.333333333333332871e-02
1.045751633986928136e-01 3.071895424836601496e-01 4.313725490196078649e-01 5.032679738562091387e-01 5.359477124183006369e-01 5.751633986928104125e-01 6.143790849673202992e-01 6.470588235294117974e-01 6.928104575163398504e-01 7.058823529411765163e-01
0.000000000000000000e+00 0.000000000000000000e+00 0.000000000000000000e+00 1.190476190476190410e-01 2.380952380952380820e-01 3.333333333333333148e-01 3.571428571428571508e-01 3.809523809523809312e-01 3.809523809523809312e-01 4.523809523809523836e-01
2.776349614395887122e-01 5.758354755784061974e-01 7.017994858611825704e-01 7.403598971722364919e-01 7.789203084832905244e-01 8.226221079691516946e-01 8.508997429305912297e-01 8.663239074550128649e-01 8.843187660668380135e-01 9.048843187660667864e-01
7.142857142857142461e-02 2.346938775510204189e-01 4.489795918367346927e-01 4.795918367346938549e-01 5.204081632653061451e-01 5.816326530612244694e-01 5.816326530612244694e-01 5.816326530612244694e-01 6.122448979591836871e-01 6.224489795918367596e-01
2.061855670103092744e-02 7.216494845360824084e-02 2.886597938144329634e-01 5.670103092783504994e-01 5.979381443298968923e-01 6.082474226804123196e-01 6.494845360824742508e-01 6.804123711340206437e-01 7.010309278350514983e-01 7.319587628865978912e-01
4.973958333333333148e-01 7.122395833333333703e-01 7.819010416666666297e-01 8.079427083333333703e-01 8.378906250000000000e-01 8.606770833333333703e-01 8.743489583333333703e-01 8.906250000000000000e-01 9.010416666666666297e-01 9.160156250000000000e-01
3.513011152416357086e-01 5.910780669144981569e-01 6.710037174721189546e-01 7.100371747211895457e-01 7.397769516728625039e-01 7.583643122676579917e-01 7.769516728624534796e-01 7.899628252788104543e-01 8.029739776951673180e-01 8.159851301115241817e-01
2.894736842105263275e-01 5.216718266253870251e-01 5.851393188854489003e-01 6.284829721362229504e-01 6.424148606811145301e-01 6.764705882352941568e-01 6.888544891640866474e-01 7.136222910216718507e-01 7.337461300309597867e-01 7.600619195046439680e-01
1.195652173913043514e-01 2.445652173913043514e-01 3.043478260869565410e-01 3.804347826086956763e-01 3.913043478260869734e-01 4.347826086956521618e-01 4.673913043478261087e-01 4.891304347826087029e-01 5.271739130434782705e-01 5.543478260869565410e-01
8.609271523178807506e-02 1.721854304635761501e-01 2.119205298013245031e-01 2.582781456953642252e-01 2.847682119205298124e-01 3.112582781456953440e-01 3.576158940397350938e-01 3.973509933774834191e-01 4.105960264900662127e-01 4.238410596026490063e-01
1.069182389937106958e-01 2.012578616352201366e-01 2.955974842767295496e-01 3.836477987421383906e-01 4.088050314465409008e-01 4.528301886792452935e-01 4.779874213836478036e-01 4.842767295597484312e-01 5.345911949685534514e-01 5.534591194968553340e-01
1.290322580645161255e-01 2.258064516129032195e-01 2.822580645161290591e-01 3.467741935483871218e-01 4.354838709677419373e-01 4.677419354838709409e-01 4.838709677419354982e-01 5.080645161290322509e-01 5.645161290322581182e-01 6.048387096774193727e-01
6.862745098039216285e-02 1.764705882352941291e-01 2.450980392156862642e-01 2.647058823529411797e-01 3.137254901960784270e-01 3.627450980392156743e-01 3.823529411764705621e-01 4.019607843137255054e-01 4.607843137254901689e-01 5.000000000000000000e-01
3.333333333333333148e-01 5.178571428571429047e-01 6.190476190476190688e-01 6.726190476190476719e-01 7.083333333333333703e-01 7.380952380952381375e-01 7.500000000000000000e-01 7.648809523809523281e-01 7.976190476190476719e-01 8.154761904761904656e-01
5.952380952380952051e-02 1.309523809523809590e-01 2.023809523809523836e-01 2.500000000000000000e-01 2.976190476190476164e-01 3.333333333333333148e-01 3.809523809523809312e-01 3.928571428571428492e-01 4.642857142857143016e-01 4.761904761904761640e-01
4.620557156580211156e-01 7.108549471661863572e-01 7.742555235350624399e-01 7.905859750240153971e-01 8.069164265129683544e-01 8.251681075888568362e-01 8.395773294908741580e-01 8.501440922190202087e-01 8.635926993275696573e-01 8.780019212295869790e-01
2.892561983471074183e-01 5.358126721763085687e-01 6.157024793388429229e-01 6.542699724517906379e-01 6.776859504132231038e-01 6.955922865013773881e-01 7.038567493112947160e-01 7.203856749311294827e-01 7.424242424242424310e-01 7.589531680440770867e-01
2.246153846153846056e-01 3.784615384615384603e-01 4.246153846153846168e-01 4.861538461538461586e-01 5.076923076923076650e-01 5.323076923076922595e-01 5.384615384615384359e-01 5.569230769230769651e-01 5.661538461538461187e-01 5.846153846153846478e-01
2.021978021978022011e-01 3.538461538461538658e-01 4.461538461538461786e-01 5.032967032967032850e-01 5.472527472527473069e-01 5.714285714285713969e-01 5.934065934065934078e-01 6.109890109890110388e-01 6.417582417582418097e-01 6.681318681318680897e-01
1.559633027522935866e-01 3.555045871559632809e-01 4.610091743119266172e-01 5.298165137614678777e-01 5.642201834862384802e-01 5.802752293577981835e-01 6.077981651376146432e-01 6.422018348623853568e-01 6.582568807339449490e-01 6.788990825688073771e-01
4.489342806394316376e-01 7.118117229129662382e-01 7.921847246891652317e-01 8.259325044404973726e-01 8.481349911190053659e-01 8.769982238010657349e-01 8.956483126110124093e-01 9.067495559502664060e-01 9.240674955595026274e-01 9.373889875666074900e-01
3.135451505016722540e-01 5.125418060200669368e-01 6.061872909698996503e-01 6.546822742474915913e-01 6.981605351170568907e-01 7.232441471571906533e-01 7.591973244147157684e-01 7.851170568561872676e-01 8.093645484949832936e-01 8.344481605351170561e-01
1.720779220779220797e-01 3.344155844155843882e-01 3.928571428571428492e-01 4.155844155844156118e-01 4.545454545454545303e-01 4.967532467532467799e-01 5.324675324675324228e-01 5.487012987012986898e-01 5.681818181818182323e-01 6.038961038961039307e-01
2.790262172284644349e-01 4.756554307116104829e-01 5.842696629213482984e-01 6.292134831460673983e-01 6.535580524344569708e-01 6.816479400749063666e-01 7.041198501872659721e-01 7.247191011235954994e-01 7.378277153558052692e-01 7.565543071161048294e-01
1.423487544483985900e-01 2.918149466192170860e-01 4.128113879003558750e-01 4.875444839857651091e-01 5.302491103202846556e-01 5.800711743772242190e-01 6.156583629893238596e-01 6.476868327402135472e-01 6.903914590747330937e-01 7.117437722419929225e-01
2.872628726287262957e-01 6.558265582655826709e-01 7.818428184281842608e-01 8.102981029810297775e-01 8.170731707317072656e-01 8.279132791327913354e-01 8.360433604336043878e-01 8.441734417344173291e-01 8.468834688346883466e-01 8.550135501355013989e-01
1.666666666666666574e-01 5.000000000000000000e-01 7.500000000000000000e-01 8.333333333333333703e-01 8.333333333333333703e-01 8.333333333333333703e-01 8.333333333333333703e-01 8.333333333333333703e-01 9.166666666666666297e-01 1.000000000000000000e+00
0.000000000000000000e+00 3.333333333333333148e-01 5.000000000000000000e-01 8.333333333333333703e-01 8.333333333333333703e-01 8.333333333333333703e-01 8.333333333333333703e-01 8.333333333333333703e-01 8.333333333333333703e-01 1.000000000000000000e+00
0.000000000000000000e+00 0.000000000000000000e+00 0.000000000000000000e+00 0.000000000000000000e+00 0.000000000000000000e+00 0.000000000000000000e+00 0.000000000000000000e+00 0.000000000000000000e+00 0.000000000000000000e+00 0.000000000000000000e+00
0.000000000000000000e+00 0.000000000000000000e+00 0.000000000000000000e+00 0.000000000000000000e+00 0.000000000000000000e+00 0.000000000000000000e+00 0.000000000000000000e+00 0.000000000000000000e+00 0.000000000000000000e+00 0.000000000000000000e+00
