2.159329140461215824e-01 5.303983228511530701e-01 6.457023060796646119e-01 6.834381551362683771e-01 6.876310272536687584e-01 6.918238993710691398e-01 6.960167714884696322e-01 6.981132075471697673e-01 7.044025157232703949e-01 7.064989517819706411e-01
9.345794392523363789e-03 4.205607476635513792e-02 7.009345794392522755e-02 1.214953271028037379e-01 1.261682242990654068e-01 1.355140186915887723e-01 1.495327102803738206e-01 1.542056074766355034e-01 1.588785046728971861e-01 1.728971962616822344e-01
5.181347150259067551e-03 2.590673575129533515e-02 5.699481865284974219e-02 6.735751295336787903e-02 6.735751295336787903e-02 7.253886010362693704e-02 7.253886010362693704e-02 7.253886010362693704e-02 7.253886010362693704e-02 7.253886010362693704e-02
1.515151515151515194e-02 3.409090909090908839e-02 3.787878787878787984e-02 4.545454545454545581e-02 4.545454545454545581e-02 5.303030303030303177e-02 5.303030303030303177e-02 5.303030303030303177e-02 5.303030303030303177e-02 5.303030303030303177e-02
1.183431952662721866e-02 3.550295857988165771e-02 4.733727810650887463e-02 6.508875739644970349e-02 6.508875739644970349e-02 6.508875739644970349e-02 7.100591715976331542e-02 7.100591715976331542e-02 7.100591715976331542e-02 7.100591715976331542e-02
4.332988624612202910e-01 6.763185108583247285e-01 7.321613236814891179e-01 7.414684591520165347e-01 7.456049638055842754e-01 7.466390899689762106e-01 7.487073422957600810e-01 7.528438469493278218e-01 7.559462254395036274e-01 7.580144777662874978e-01
4.178674351585014435e-01 6.585014409221902065e-01 7.161383285302593826e-01 7.233429394812680435e-01 7.262247838616714413e-01 7.291066282420749500e-01 7.305475504322767044e-01 7.334293948126801022e-01 7.377521613832852543e-01 7.391930835734870087e-01
2.816901408450704376e-03 3.380281690140844730e-02 8.450704225352112520e-02 2.084507042253521125e-01 3.183098591549295975e-01 3.859154929577464643e-01 3.971830985915493217e-01 4.000000000000000222e-01 4.000000000000000222e-01 4.140845070422535246e-01
1.033519553072625718e-01 2.374301675977653625e-01 2.877094972067039125e-01 3.072625698324022436e-01 3.128491620111731875e-01 3.184357541899441313e-01 3.212290502793296310e-01 3.240223463687150751e-01 3.268156424581005748e-01 3.268156424581005748e-01
1.491628614916286066e-01 3.592085235920852160e-01 4.916286149162861219e-01 5.662100456621004252e-01 5.722983257229832255e-01 5.875190258751902261e-01 5.890410958904109817e-01 5.920852359208523819e-01 5.996955859969558267e-01 6.027397260273972268e-01
5.238095238095238360e-01 7.619047619047618625e-01 8.163265306122449161e-01 8.299319727891156795e-01 8.299319727891156795e-01 8.299319727891156795e-01 8.299319727891156795e-01 8.367346938775510612e-01 8.367346938775510612e-01 8.367346938775510612e-01
4.251968503937008093e-01 5.748031496062991907e-01 6.535433070866141225e-01 6.850393700787401619e-01 6.850393700787401619e-01 6.850393700787401619e-01 6.850393700787401619e-01 6.850393700787401619e-01 6.850393700787401619e-01 6.850393700787401619e-01
3.432835820895522305e-01 5.746268656716417844e-01 6.417910447761193682e-01 6.791044776119402604e-01 6.791044776119402604e-01 6.791044776119402604e-01 6.865671641791044610e-01 6.865671641791044610e-01 6.865671641791044610e-01 6.865671641791044610e-01
3.166666666666666519e-01 6.250000000000000000e-01 6.833333333333333481e-01 7.083333333333333703e-01 7.083333333333333703e-01 7.083333333333333703e-01 7.083333333333333703e-01 7.083333333333333703e-01 7.083333333333333703e-01 7.083333333333333703e-01
4.175824175824175977e-01 6.373626373626373187e-01 6.703296703296702796e-01 7.142857142857143016e-01 7.142857142857143016e-01 7.142857142857143016e-01 7.142857142857143016e-01 7.142857142857143016e-01 7.142857142857143016e-01 7.142857142857143016e-01
4.880174291938997877e-01 6.339869281045751315e-01 6.514161220043572786e-01 6.535947712418300748e-01 6.557734204793028709e-01 6.579520697167755561e-01 6.644880174291939445e-01 6.666666666666666297e-01 6.666666666666666297e-01 6.732026143790850181e-01
6.275430359937401725e-01 7.871674491392801620e-01 8.122065727699530058e-01 8.184663536776213277e-01 8.184663536776213277e-01 8.215962441314553777e-01 8.231611893583724582e-01 8.247261345852895387e-01 8.309859154929577496e-01 8.325508607198748301e-01
5.969230769230768896e-01 7.815384615384615152e-01 8.015384615384615330e-01 8.046153846153846212e-01 8.046153846153846212e-01 8.076923076923077094e-01 8.092307692307691980e-01 8.092307692307691980e-01 8.107692307692307976e-01 8.107692307692307976e-01
6.370056497175141663e-01 8.050847457627118287e-01 8.276836158192090176e-01 8.305084745762711940e-01 8.319209039548022266e-01 8.333333333333333703e-01 8.389830508474576121e-01 8.418079096045197884e-01 8.446327683615819648e-01 8.460451977401129975e-01
5.418641390205370945e-01 6.808846761453396512e-01 6.887835703001580212e-01 6.935229067930489544e-01 6.935229067930489544e-01 6.935229067930489544e-01 6.998420221169036060e-01 7.030015797788309317e-01 7.030015797788309317e-01 7.030015797788309317e-01
3.246247915508616022e-01 5.441912173429682698e-01 6.036687048360199759e-01 6.309060589216231030e-01 6.381322957198443113e-01 6.414674819344080570e-01 6.481378543635353262e-01 6.514730405780989608e-01 6.586992773763201692e-01 6.620344635908838038e-01
1.976149914821124232e-01 3.781942078364565751e-01 4.608177172061329041e-01 4.931856899488926693e-01 5.042589437819420262e-01 5.110732538330493568e-01 5.127768313458261895e-01 5.153321976149914940e-01 5.187393526405451594e-01 5.229982964224871855e-01
1.853061224489795933e-01 3.395918367346938971e-01 4.097959183673469119e-01 4.375510204081632382e-01 4.546938775510204200e-01 4.661224489795918191e-01 4.710204081632652917e-01 4.734693877551020558e-01 4.808163265306122369e-01 4.914285714285714368e-01
5.025996533795493854e-02 1.039861351819757335e-01 1.421143847487001677e-01 1.629116117850953338e-01 1.681109185441941045e-01 1.750433275563258173e-01 1.854419410745233865e-01 1.854419410745233865e-01 1.941074523396880414e-01 1.941074523396880414e-01
3.832116788321168060e-02 9.306569343065693167e-02 1.277372262773722733e-01 1.386861313868613110e-01 1.496350364963503765e-01 1.569343065693430683e-01 1.605839416058394142e-01 1.642335766423357601e-01 1.678832116788321061e-01 1.733576642335766527e-01
1.715801886792452935e-01 4.572523584905660576e-01 6.043632075471697673e-01 6.376768867924528239e-01 6.512382075471697673e-01 6.612617924528302327e-01 6.692216981132075304e-01 6.762971698113207086e-01 6.804245283018868218e-01 6.839622641509434109e-01
1.885931558935361185e-01 4.098859315589353791e-01 5.030418250950570158e-01 5.285171102661596620e-01 5.372623574144487213e-01 5.463878326996197687e-01 5.513307984790875027e-01 5.558935361216730264e-01 5.600760456273764509e-01 5.642585551330798754e-01
1.550111358574610132e-01 3.340757238307349719e-01 4.044543429844097981e-01 4.267260579064587889e-01 4.356347438752783963e-01 4.432071269487750653e-01 4.463251670378619029e-01 4.494432071269487960e-01 4.521158129175946727e-01 4.552338530066815103e-01
6.428172163219675328e-02 1.436556735606484003e-01 1.861375069871436527e-01 1.950810508664058140e-01 1.978759083286752429e-01 2.023476802683063236e-01 2.045835662381218500e-01 2.068194522079374043e-01 2.084963666852990560e-01 2.112912241475684849e-01
1.734104046242774394e-02 3.715937241948802372e-02 4.789430222956234801e-02 4.954582989265070292e-02 5.037159372419487691e-02 5.202312138728323876e-02 5.284888521882741275e-02 5.284888521882741275e-02 5.284888521882741275e-02 5.367464905037159367e-02
1.375707444492816622e-01 3.918154114061819793e-01 5.119721375707444455e-01 5.306922072268175361e-01 5.359164127122333365e-01 5.415759686547670926e-01 5.446234218545928929e-01 5.476708750544188042e-01 5.524597300827165380e-01 5.550718328254244938e-01
3.023639362286970663e-03 5.222649807586586361e-03 1.759208356239692211e-02 2.932930181418361704e-01 6.203958218801539637e-01 7.168774051676745085e-01 7.212754260582737720e-01 7.264980758658603488e-01 7.319956019791094004e-01 7.410665200659702911e-01
3.048780487804878155e-03 1.036585365853658590e-02 6.646341463414634498e-02 1.981707317073170826e-01 2.884146341463414420e-01 3.024390243902438935e-01 3.054878048780487743e-01 3.158536585365853688e-01 3.201219512195122019e-01 3.231707317073170826e-01
3.422854133754607564e-03 4.739336492890995622e-03 8.162190626645603186e-03 8.873091100579252877e-02 4.241706161137440700e-01 7.280147446024223257e-01 7.469720905739862804e-01 7.530279094260137196e-01 7.598736176935229070e-01 7.669826224328594177e-01
2.194907813871817444e-03 2.633889376646180759e-03 7.462686567164178962e-03 1.136962247585601438e-01 3.656716417910447769e-01 5.430201931518876535e-01 5.557506584723441723e-01 5.601404741000878262e-01 5.667251975417032517e-01 5.706760316066725736e-01
9.964412811387900193e-02 1.992882562277580039e-01 2.384341637010676251e-01 2.526690391459074925e-01 2.633451957295373513e-01 2.633451957295373513e-01 2.740213523131672657e-01 2.740213523131672657e-01 2.775800711743772187e-01 2.775800711743772187e-01
2.487922705314009608e-01 4.396135265700483186e-01 5.048309178743961567e-01 5.193236714975845159e-01 5.314009661835749077e-01 5.458937198067632668e-01 5.555555555555555802e-01 5.603864734299517369e-01 5.700483091787439394e-01 5.724637681159420177e-01
1.264044943820224753e-01 3.258426966292135019e-01 4.129213483146067509e-01 4.297752808988763995e-01 4.410112359550562022e-01 4.634831460674157522e-01 4.691011235955055980e-01 4.691011235955055980e-01 4.691011235955055980e-01 4.691011235955055980e-01
7.984790874524715087e-02 1.863117870722433567e-01 2.281368821292775739e-01 2.395437262357414387e-01 2.395437262357414387e-01 2.471482889733840338e-01 2.509505703422053036e-01 2.547528517110266288e-01 2.661596958174904937e-01 2.699619771863117634e-01
1.115241635687732324e-01 1.895910780669144979e-01 2.230483271375464649e-01 2.379182156133828885e-01 2.527881040892193121e-01 2.676579925650557357e-01 2.713754646840148554e-01 2.713754646840148554e-01 2.750929368029739752e-01 2.936802973977695186e-01
5.562390158172232368e-01 7.557117750439367176e-01 8.031634446397187821e-01 8.198594024604569652e-01 8.260105448154657637e-01 8.304042179261862389e-01 8.321616871704745622e-01 8.339191564147627744e-01 8.374340949033391990e-01 8.383128295254832496e-01
5.860838537020517380e-01 7.707404103479036372e-01 8.099910793933987607e-01 8.260481712756467809e-01 8.331846565566458640e-01 8.394290811775200201e-01 8.403211418376449471e-01 8.421052631578946901e-01 8.421052631578946901e-01 8.438893844781445441e-01
5.692307692307692069e-01 7.628959276018099089e-01 8.072398190045249056e-01 8.208144796380090202e-01 8.271493212669682737e-01 8.307692307692308153e-01 8.325791855203620306e-01 8.334841628959276383e-01 8.352941176470588536e-01 8.352941176470588536e-01
5.540816326530612068e-01 7.112244897959183465e-01 7.540816326530612734e-01 7.673469387755101900e-01 7.765306122448979442e-01 7.806122448979592177e-01 7.806122448979592177e-01 7.816326530612245360e-01 7.816326530612245360e-01 7.857142857142856984e-01
4.346666666666666456e-01 5.853333333333333721e-01 6.293333333333333002e-01 6.360000000000000098e-01 6.440000000000000169e-01 6.533333333333333215e-01 6.586666666666666226e-01 6.613333333333333286e-01 6.613333333333333286e-01 6.626666666666666261e-01
6.725643382352941568e-01 8.940716911764705621e-01 9.280790441176470784e-01 9.354319852941176405e-01 9.379595588235294379e-01 9.400275735294117974e-01 9.411764705882352811e-01 9.414062500000000000e-01 9.418658088235294379e-01 9.420955882352941568e-01
6.726176675168096253e-01 8.891722698817527970e-01 9.265012752144679009e-01 9.327614189659170219e-01 9.341525620217945303e-01 9.367029909575701474e-01 9.369348481335497691e-01 9.373985624855089016e-01 9.378622768374681451e-01 9.390215627173661428e-01
5.401863715783342679e-01 8.046010483401281332e-01 8.637157833430402221e-01 8.849737914967967800e-01 8.893418753640069951e-01 8.934187536400698404e-01 8.960396039603960583e-01 8.966220151426906870e-01 8.969132207338380569e-01 8.972044263249854268e-01
1.990521327014218023e-01 4.281200631911532550e-01 5.521327014218009310e-01 6.097946287519747655e-01 6.248025276461295352e-01 6.406003159557661641e-01 6.453396524486572083e-01 6.453396524486572083e-01 6.469194312796208157e-01 6.469194312796208157e-01
1.093750000000000000e-01 2.680288461538461453e-01 3.701923076923077094e-01 4.230769230769230727e-01 4.350961538461538547e-01 4.435096153846153633e-01 4.483173076923077094e-01 4.519230769230769273e-01 4.519230769230769273e-01 4.531250000000000000e-01
1.404358353510895829e-01 2.808716707021791659e-01 3.244552058111380144e-01 3.559322033898305038e-01 3.583535108958837978e-01 3.631961259079903304e-01 3.728813559322033955e-01 3.777239709443099280e-01 3.777239709443099280e-01 3.825665859564164606e-01
1.778202676864244769e-01 3.709369024856596364e-01 4.244741873804971366e-01 4.474187380497132160e-01 4.608030592734225772e-01 4.722753346080306169e-01 4.760994263862332598e-01 4.780114722753345813e-01 4.818355640535372797e-01 4.837476099426386011e-01
2.553191489361701927e-01 4.907801418439716179e-01 5.999999999999999778e-01 6.382978723404255650e-01 6.482269503546099765e-01 6.609929078014183945e-01 6.666666666666666297e-01 6.695035460992907472e-01 6.723404255319148648e-01 6.808510638297872175e-01
2.554890219560878029e-01 5.528942115768462617e-01 6.866267465069860743e-01 7.345309381237524748e-01 7.544910179640718084e-01 7.644710578842315307e-01 7.674650698602794030e-01 7.744510978043912530e-01 7.804391217564869976e-01 7.864271457085828532e-01
7.371007371007370912e-02 2.481572481572481559e-01 3.341523341523341406e-01 3.685503685503685456e-01 3.759213759213759221e-01 3.857493857493857758e-01 3.906633906633906750e-01 3.931203931203930968e-01 3.955773955773955741e-01 4.029484029484029506e-01
1.976202793585100925e-01 4.242110708742886649e-01 5.292291774443869112e-01 5.669943093636834464e-01 5.783755819968959822e-01 5.902741852043456028e-01 5.944128297982410603e-01 5.980341438178996549e-01 6.016554578375582496e-01 6.057941024314537071e-01
2.009080590238365438e-01 4.284903518728717109e-01 5.408626560726447208e-01 5.652667423382520262e-01 5.800227014755958699e-01 5.908059023836549351e-01 5.953461975028376818e-01 5.970488081725312535e-01 6.004540295119182858e-01 6.044267877412031753e-01
2.218881539386650670e-01 4.131088394467829494e-01 5.009019843656042914e-01 5.285628382441370787e-01 5.441972339146121662e-01 5.550210463018641072e-01 5.598316295850871427e-01 5.652435357787132242e-01 5.706554419723391947e-01 5.742633794347564713e-01
1.628592483419307180e-01 3.588798820928518762e-01 4.495210022107590242e-01 4.716285924834193177e-01 4.789977892409727489e-01 4.848931466470154938e-01 4.878408253500368663e-01 4.885777450257922094e-01 4.893146647015475525e-01 4.922623434045689250e-01
0.000000000000000000e+00 0.000000000000000000e+00 1.915708812260536300e-03 1.915708812260536300e-03 1.915708812260536300e-03 1.915708812260536300e-03 1.915708812260536300e-03 1.915708812260536300e-03 1.915708812260536300e-03 1.915708812260536300e-03
1.187739463601532597e-01 2.981539533263671271e-01 3.747823058167885635e-01 3.918495297805642541e-01 3.963775687913618784e-01 4.029954719609892266e-01 4.082201323580633701e-01 4.137931034482758563e-01 4.155346569139672375e-01 4.183211424590734806e-01
2.088245200404176619e-02 2.199393735264398853e-01 3.799259009767598783e-01 4.311215897608622338e-01 4.371842371168743746e-01 4.429100707308858409e-01 4.469518356348938792e-01 4.543617379589087180e-01 4.577298753789154628e-01 4.631188952509262546e-01
5.199870003249919097e-03 1.101722456938576539e-01 3.217419564510887176e-01 4.423139421514462044e-01 4.608384790380240514e-01 4.663633409164770760e-01 4.709132271693207694e-01 4.774130646733831806e-01 4.826129346766330763e-01 4.884627884302892298e-01
3.249918752031199435e-04 2.242443938901527573e-02 1.524211894702632297e-01 4.215144621384465662e-01 4.634384140396490270e-01 4.725381865453363583e-01 4.783880402989925118e-01 4.832629184270393341e-01 4.878128046798830275e-01 4.917127071823204632e-01
2.783189535207347557e-04 1.001948232674645077e-02 7.932090175340940352e-02 4.216532145839131385e-01 4.993042026161981783e-01 5.104369607570276024e-01 5.165599777344836996e-01 5.198998051767325101e-01 5.251878652936264880e-01 5.285276927358752985e-01
4.267768595041322444e-01 6.357024793388429407e-01 6.833057851239668912e-01 6.945454545454545769e-01 7.021487603305784919e-01 7.067768595041322710e-01 7.117355371900826455e-01 7.150413223140495989e-01 7.193388429752065605e-01 7.213223140495867991e-01
3.125000000000000000e-02 9.143518518518518878e-02 1.180555555555555525e-01 1.296296296296296224e-01 1.342592592592592726e-01 1.377314814814814825e-01 1.377314814814814825e-01 1.400462962962963076e-01 1.400462962962963076e-01 1.435185185185185175e-01
2.786709539121114826e-02 8.896034297963557880e-02 1.114683815648445930e-01 1.211146838156484523e-01 1.275455519828510298e-01 1.296891747052518751e-01 1.329046087888531569e-01 1.329046087888531569e-01 1.339764201500535934e-01 1.350482315112540299e-01
4.040404040404040747e-02 9.090909090909091161e-02 1.141414141414141409e-01 1.212121212121212155e-01 1.252525252525252542e-01 1.252525252525252542e-01 1.282828282828282762e-01 1.303030303030303094e-01 1.323232323232323149e-01 1.323232323232323149e-01
1.904109589041095840e-01 3.541095890410959068e-01 4.150684931506849473e-01 4.335616438356164615e-01 4.376712328767123350e-01 4.410958904109589240e-01 4.465753424657534221e-01 4.479452054794520466e-01 4.500000000000000111e-01 4.520547945205479201e-01
4.771039603960395836e-01 8.391089108910890770e-01 8.700495049504950451e-01 8.737623762376237613e-01 8.787128712871287162e-01 8.824257425742574323e-01 8.861386138613861485e-01 8.886138613861386260e-01 8.941831683168316447e-01 8.991336633663365996e-01
4.013554216867469826e-01 7.590361445783132543e-01 8.042168674698795261e-01 8.117469879518072196e-01 8.155120481927711218e-01 8.200301204819276935e-01 8.230421686746988152e-01 8.305722891566265087e-01 8.381024096385542022e-01 8.411144578313253239e-01
3.113300492610837633e-01 5.921182266009852313e-01 6.325123152709359875e-01 6.403940886699507340e-01 6.453201970443349644e-01 6.532019704433497109e-01 6.591133004926108541e-01 6.630541871921181718e-01 6.679802955665025133e-01 6.748768472906403471e-01
2.027707808564231662e-01 4.874055415617128406e-01 5.465994962216624842e-01 5.541561712846347909e-01 5.642317380352644962e-01 5.717884130982368029e-01 5.768261964735516001e-01 5.806045340050377535e-01 5.881612090680100602e-01 5.906801007556674588e-01
2.440604751619870338e-01 3.585313174946004322e-01 3.909287257019438688e-01 4.038876889848811991e-01 4.060475161987041059e-01 4.103671706263499197e-01 4.190064794816414917e-01 4.233261339092872499e-01 4.233261339092872499e-01 4.276457883369330637e-01
4.257425742574257321e-01 6.749174917491749248e-01 7.590759075907590470e-01 7.854785478547854360e-01 7.904290429042903909e-01 7.953795379537953458e-01 7.986798679867986861e-01 8.036303630363036410e-01 8.085808580858085959e-01 8.151815181518151654e-01
2.773722627737226221e-01 4.330900243309002695e-01 5.206812652068126823e-01 5.352798053527980660e-01 5.425790754257907578e-01 5.523114355231143469e-01 5.547445255474452441e-01 5.571776155717761414e-01 5.571776155717761414e-01 5.571776155717761414e-01
1.563636363636363713e-01 1.927272727272727193e-01 2.436363636363636231e-01 2.618181818181818388e-01 2.654545454545454430e-01 2.654545454545454430e-01 2.654545454545454430e-01 2.690909090909091028e-01 2.727272727272727071e-01 2.727272727272727071e-01
1.554770318021201359e-01 1.978798586572438067e-01 2.261484098939929299e-01 2.473498233215547792e-01 2.508833922261484162e-01 2.579505300353356900e-01 2.579505300353356900e-01 2.579505300353356900e-01 2.579505300353356900e-01 2.614840989399293547e-01
1.971830985915492829e-01 2.535211267605633756e-01 2.629107981220657475e-01 2.676056338028168780e-01 2.723004694835680639e-01 2.723004694835680639e-01 2.769953051643192499e-01 2.769953051643192499e-01 2.816901408450704358e-01 2.816901408450704358e-01
5.119825708061002123e-01 7.167755991285402750e-01 7.647058823529411242e-01 7.755991285403049940e-01 7.777777777777777901e-01 7.799564270152505863e-01 7.799564270152505863e-01 7.799564270152505863e-01 7.821350762527232714e-01 7.843137254901960675e-01
4.483775811209439466e-01 6.135693215339232953e-01 6.430678466076695798e-01 6.430678466076695798e-01 6.460176991150442527e-01 6.460176991150442527e-01 6.489675516224189256e-01 6.489675516224189256e-01 6.489675516224189256e-01 6.489675516224189256e-01
4.119999999999999774e-01 5.759999999999999565e-01 5.999999999999999778e-01 5.999999999999999778e-01 6.039999999999999813e-01 6.079999999999999849e-01 6.079999999999999849e-01 6.119999999999999885e-01 6.119999999999999885e-01 6.119999999999999885e-01
2.471042471042471100e-01 3.861003861003861060e-01 4.208494208494208411e-01 4.401544401544401630e-01 4.440154440154440163e-01 4.440154440154440163e-01 4.440154440154440163e-01 4.440154440154440163e-01 4.440154440154440163e-01 4.478764478764478696e-01
2.267206477732793546e-01 3.805668016194331815e-01 4.372469635627530549e-01 4.453441295546558543e-01 4.493927125506073095e-01 4.493927125506073095e-01 4.493927125506073095e-01 4.493927125506073095e-01 4.493927125506073095e-01 4.493927125506073095e-01
6.030701754385965341e-01 8.508771929824561209e-01 8.947368421052631637e-01 8.991228070175438791e-01 9.057017543859648967e-01 9.078947368421053099e-01 9.100877192982456121e-01 9.122807017543859143e-01 9.122807017543859143e-01 9.122807017543859143e-01
5.522388059701492935e-01 8.034825870646765678e-01 8.805970149253731227e-01 8.980099502487561836e-01 9.029850746268657247e-01 9.054726368159203842e-01 9.054726368159203842e-01 9.054726368159203842e-01 9.054726368159203842e-01 9.104477611940298143e-01
5.060827250608272987e-01 7.420924574209245561e-01 8.175182481751824826e-01 8.369829683698296607e-01 8.491484184914841471e-01 8.491484184914841471e-01 8.491484184914841471e-01 8.491484184914841471e-01 8.515815085158150444e-01 8.588807785888077362e-01
4.512820512820512886e-01 7.179487179487179516e-01 8.128205128205128194e-01 8.410256410256410353e-01 8.410256410256410353e-01 8.487179487179487003e-01 8.487179487179487003e-01 8.538461538461538103e-01 8.538461538461538103e-01 8.589743589743589203e-01
4.710144927536231707e-01 7.318840579710145233e-01 8.285024154589372136e-01 8.526570048309178862e-01 8.623188405797101996e-01 8.671497584541062453e-01 8.695652173913043237e-01 8.695652173913043237e-01 8.719806763285024021e-01 8.768115942028985588e-01
5.406125166444740726e-01 7.430093209054593473e-01 8.109187749667110534e-01 8.202396804260985164e-01 8.242343541944074925e-01 8.282290279627163576e-01 8.322237017310253337e-01 8.362183754993341989e-01 8.375499334221038206e-01 8.375499334221038206e-01
4.647887323943661886e-01 6.999999999999999556e-01 7.788732394366196798e-01 7.901408450704224817e-01 7.985915492957746942e-01 7.985915492957746942e-01 8.014084507042253946e-01 8.056338028169014454e-01 8.056338028169014454e-01 8.070422535211267956e-01
3.983471074380165455e-01 6.446280991735536814e-01 7.173553719008264329e-01 7.520661157024793875e-01 7.570247933884297620e-01 7.603305785123967153e-01 7.636363636363636687e-01 7.669421487603306220e-01 7.702479338842975753e-01 7.735537190082644177e-01
4.010067114093959773e-01 6.291946308724831738e-01 7.130872483221476488e-01 7.416107382550335414e-01 7.500000000000000000e-01 7.617449664429529754e-01 7.651006711409396033e-01 7.684563758389261201e-01 7.734899328859060619e-01 7.835570469798657234e-01
4.535603715170278827e-01 6.718266253869968896e-01 7.476780185758513664e-01 7.631578947368421462e-01 7.708978328173374805e-01 7.801857585139319040e-01 7.863777089783281493e-01 7.894736842105263275e-01 7.925696594427245056e-01 7.972136222910216619e-01
2.795216741405082139e-01 5.216741405082212513e-01 5.844544095665171746e-01 6.008968609865470434e-01 6.038863976083707064e-01 6.083707025411061453e-01 6.098654708520179213e-01 6.158445440956651362e-01 6.203288490284005752e-01 6.203288490284005752e-01
2.532981530343008103e-01 5.488126649076516816e-01 6.543535620052770563e-01 6.741424802110818071e-01 6.846965699208443779e-01 6.873350923482849373e-01 6.886543535620053280e-01 6.912928759894458874e-01 6.965699208443272283e-01 6.965699208443272283e-01
1.705069124423963245e-01 4.408602150537634379e-01 5.468509984639017274e-01 5.791090629800307310e-01 5.929339477726573993e-01 5.990783410138248444e-01 6.006144393241167334e-01 6.052227342549922895e-01 6.067588325652841785e-01 6.113671274961597346e-01
1.239804241435562837e-01 3.817292006525285220e-01 5.497553017944535325e-01 5.758564437194126917e-01 5.840130505709625330e-01 5.954323001631320889e-01 6.019575856443719619e-01 6.019575856443719619e-01 6.035889070146819302e-01 6.068515497553017557e-01
7.773851590106006793e-02 3.003533568904593887e-01 4.328621908127208706e-01 4.734982332155476814e-01 4.840989399293286199e-01 5.000000000000000000e-01 5.035335689045936647e-01 5.070671378091873294e-01 5.106007067137808830e-01 5.141342756183745477e-01
6.772406847935549257e-01 8.408862034239678040e-01 8.559919436052366715e-01 8.595166163141993998e-01 8.615307150050351970e-01 8.630412890231621281e-01 8.635448136958711052e-01 8.650553877139980363e-01 8.670694864048338335e-01 8.690835850956697417e-01
6.968750000000000222e-01 8.732638888888888395e-01 8.972222222222222543e-01 9.041666666666666741e-01 9.076388888888888840e-01 9.086805555555556024e-01 9.100694444444444864e-01 9.114583333333333703e-01 9.142361111111111382e-01 9.159722222222221877e-01
7.107523187907935913e-01 8.801099278598419895e-01 9.020954998282376680e-01 9.093095156303675486e-01 9.120577121264170639e-01 9.144623840604603204e-01 9.172105805565098358e-01 9.199587770525592401e-01 9.206458261765716466e-01 9.227069735486087554e-01
6.915292353823088156e-01 8.669415292353822577e-01 8.871814092953522746e-01 8.954272863568215612e-01 8.980509745127436272e-01 8.991754122938531157e-01 9.006746626686656931e-01 9.032983508245877591e-01 9.032983508245877591e-01 9.066716641679160027e-01
5.357518401682439535e-01 6.924290220820189523e-01 7.160883280757097680e-01 7.213459516298632579e-01 7.260778128286015098e-01 7.276550998948475568e-01 7.323869610935856977e-01 7.360672975814931407e-01 7.386961093585698857e-01 7.402733964248159326e-01
2.281588447653429552e-01 4.685920577617328497e-01 5.472924187725631828e-01 5.768953068592057587e-01 5.862815884476534345e-01 5.913357400722021318e-01 5.956678700361011103e-01 5.978339350180504885e-01 5.985559566787003183e-01 6.021660649819494671e-01
1.796610169491525411e-01 3.779661016949152352e-01 4.576271186440677985e-01 4.813559322033898469e-01 4.949152542372881602e-01 5.000000000000000000e-01 5.025423728813559476e-01 5.050847457627118953e-01 5.067796610169491567e-01 5.084745762711864181e-01
1.355932203389830504e-01 3.152542372881356192e-01 3.615819209039548010e-01 3.853107344632768494e-01 3.898305084745762872e-01 3.977401129943503033e-01 4.000000000000000222e-01 4.011299435028248817e-01 4.045197740112994600e-01 4.067796610169491789e-01
1.069100391134289452e-01 2.451108213820078208e-01 3.155149934810951851e-01 3.298565840938722515e-01 3.337679269882659616e-01 3.389830508474576121e-01 3.428943937418513777e-01 3.428943937418513777e-01 3.441981747066492625e-01 3.455019556714472029e-01
6.738544474393530492e-02 2.142857142857142738e-01 2.681940700808625455e-01 2.749326145552560829e-01 2.857142857142856984e-01 2.884097035040431023e-01 2.897574123989218320e-01 2.938005390835579655e-01 2.964959568733153694e-01 3.005390835579515030e-01
4.013961605584642073e-02 1.902268760907504241e-01 3.717277486910994799e-01 4.293193717277486998e-01 4.328097731239092250e-01 4.432809773123909114e-01 4.485165794066317546e-01 4.502617801047120172e-01 4.520069808027923353e-01 4.537521815008725978e-01
1.059999999999999970e-01 2.479999999999999982e-01 3.140000000000000013e-01 3.380000000000000226e-01 3.499999999999999778e-01 3.579999999999999849e-01 3.639999999999999902e-01 3.679999999999999938e-01 3.699999999999999956e-01 3.719999999999999973e-01
3.846153846153846367e-03 4.230769230769231004e-02 9.615384615384615918e-02 1.384615384615384692e-01 1.730769230769230727e-01 1.846153846153846256e-01 1.884615384615384581e-01 1.961538461538461509e-01 1.961538461538461509e-01 2.000000000000000111e-01
1.501501501501501488e-02 4.204204204204204515e-02 9.009009009009008584e-02 1.231231231231231238e-01 1.441441441441441429e-01 1.651651651651651620e-01 1.681681681681681806e-01 1.681681681681681806e-01 1.711711711711711714e-01 1.741741741741741623e-01
1.282051282051281937e-01 2.329059829059829112e-01 2.735042735042735318e-01 2.756410256410256610e-01 2.777777777777777901e-01 2.820512820512820484e-01 2.863247863247863068e-01 2.905982905982906206e-01 2.905982905982906206e-01 2.927350427350427498e-01
5.003734129947722264e-01 7.147124719940254334e-01 7.565347274085137963e-01 7.617625093353248555e-01 7.647498132935026671e-01 7.654966392830470090e-01 7.684839432412248206e-01 7.714712471994025211e-01 7.766990291262135804e-01 7.804331590739357338e-01
1.687116564417177889e-01 3.144171779141104461e-01 3.634969325153374342e-01 3.880368098159509005e-01 3.941717791411042948e-01 3.987730061349692989e-01 3.987730061349692989e-01 4.018404907975460238e-01 4.049079754601226933e-01 4.079754601226993627e-01
8.674698795180722788e-02 1.710843373493975972e-01 1.855421686746988041e-01 1.927710843373494076e-01 1.975903614457831248e-01 1.975903614457831248e-01 1.975903614457831248e-01 2.048192771084337283e-01 2.072289156626506146e-01 2.096385542168674732e-01
1.545293072824156233e-01 2.770870337477797651e-01 3.303730017761989379e-01 3.570159857904085521e-01 3.712255772646536611e-01 3.730017761989342651e-01 3.747779751332149245e-01 3.836589698046181107e-01 3.836589698046181107e-01 3.872113676731793741e-01
7.065217391304347283e-02 1.195652173913043514e-01 1.304347826086956486e-01 1.385869565217391353e-01 1.548913043478260809e-01 1.576086956521739191e-01 1.603260869565217295e-01 1.630434782608695676e-01 1.657608695652173780e-01 1.711956521739130543e-01
5.300852618757612156e-01 7.673568818514007184e-01 8.199756394640682622e-01 8.323995127892813706e-01 8.387332521315469247e-01 8.440925700365408124e-01 8.465286236297198119e-01 8.487210718635810336e-01 8.506699147381242554e-01 8.531059683313032549e-01
4.441717791411042837e-01 6.935582822085889498e-01 7.536809815950920033e-01 7.641104294478527903e-01 7.708588957055214630e-01 7.754601226993864671e-01 7.769938650306748018e-01 7.794478527607362484e-01 7.815950920245399169e-01 7.831288343558282516e-01
3.816931982633863796e-01 6.414616497829233044e-01 7.102026049204052116e-01 7.250361794500723711e-01 7.326338639652677509e-01 7.376989869753979301e-01 7.424023154848046202e-01 7.460202604920405101e-01 7.467438494934877102e-01 7.500000000000000000e-01
2.873462214411247606e-01 5.448154657293496905e-01 6.129173989455184435e-01 6.260984182776800910e-01 6.335676625659051320e-01 6.397188049209139304e-01 6.410369068541300619e-01 6.449912126537785673e-01 6.507029876977152849e-01 6.528998242530755780e-01
2.089552238805970075e-01 4.367053620784964174e-01 5.124378109452736307e-01 5.312327252625760332e-01 5.384190160309563211e-01 5.439469320066334657e-01 5.494748479823107212e-01 5.533443891652847224e-01 5.561083471531232947e-01 5.588723051409618670e-01
3.652530779753762058e-01 6.580027359781122076e-01 8.276333789329685109e-01 8.796169630642954873e-01 8.823529411764705621e-01 8.878248974008208227e-01 8.891928864569083046e-01 8.919288645690834905e-01 8.946648426812585653e-01 8.974008207934336401e-01
1.659388646288209590e-01 5.516739446870451147e-01 7.845705967976710493e-01 8.631732168850072551e-01 8.777292576419214454e-01 8.806404657933042390e-01 8.864628820960698263e-01 8.893740902474527310e-01 8.937409024745269770e-01 8.951965065502183183e-01
1.166965888689407566e-01 4.093357271095152683e-01 6.732495511669659427e-01 7.684021543985637415e-01 7.809694793536804402e-01 7.935368043087971390e-01 7.989228007181328195e-01 8.025134649910233842e-01 8.025134649910233842e-01 8.043087971274686110e-01
1.028277634961439618e-01 3.650385604113110527e-01 5.835475578406169594e-01 6.555269922879177757e-01 6.658097686375321622e-01 6.709511568123392999e-01 6.735218508997429243e-01 6.838046272493573108e-01 6.863753213367609352e-01 6.863753213367609352e-01
2.800000000000000058e-02 7.199999999999999456e-02 1.960000000000000075e-01 3.039999999999999925e-01 3.280000000000000138e-01 3.439999999999999725e-01 3.679999999999999938e-01 3.840000000000000080e-01 4.040000000000000258e-01 4.159999999999999809e-01
2.564102564102564014e-02 9.829059829059828834e-02 1.837606837606837740e-01 2.435897435897435848e-01 2.863247863247863068e-01 3.247863247863247982e-01 3.461538461538461453e-01 3.461538461538461453e-01 3.461538461538461453e-01 3.504273504273504036e-01
5.014749262536873087e-02 2.389380530973451433e-01 3.746312684365781798e-01 4.395280235988200390e-01 4.808259587020649040e-01 5.073746312684366266e-01 5.221238938053097689e-01 5.250737463126843307e-01 5.280235988200590036e-01 5.339233038348082383e-01
1.111111111111111154e-02 3.333333333333333287e-02 7.777777777777777901e-02 1.370370370370370405e-01 1.777777777777777846e-01 1.962962962962963021e-01 2.000000000000000111e-01 2.148148148148148195e-01 2.185185185185185286e-01 2.222222222222222099e-01
0.000000000000000000e+00 4.391891891891892136e-02 1.081081081081081141e-01 1.959459459459459429e-01 2.094594594594594572e-01 2.331081081081081141e-01 2.398648648648648574e-01 2.466216216216216284e-01 2.668918918918918859e-01 2.736486486486486291e-01
1.994301994301994271e-02 1.310541310541310511e-01 2.820512820512820484e-01 3.931623931623931534e-01 4.273504273504273310e-01 4.558404558404558493e-01 4.700854700854700807e-01 4.729344729344729381e-01 4.814814814814814548e-01 4.928774928774928843e-01
7.894736842105262720e-02 2.617728531855955665e-01 4.127423822714681445e-01 4.764542936288088670e-01 4.916897506925207995e-01 4.930747922437673236e-01 4.944598337950138478e-01 4.944598337950138478e-01 4.986149584487534758e-01 4.986149584487534758e-01
8.547008547008547868e-03 8.974358974358974395e-02 2.243589743589743668e-01 3.098290598290598385e-01 3.269230769230769273e-01 3.333333333333333148e-01 3.397435897435897578e-01 3.418803418803418870e-01 3.440170940170940161e-01 3.504273504273504036e-01
4.194078947368420907e-02 2.532894736842105088e-01 4.539473684210526550e-01 5.074013157894736725e-01 5.197368421052631637e-01 5.205592105263158187e-01 5.213815789473684736e-01 5.238486842105263275e-01 5.246710526315789824e-01 5.279605263157894912e-01
2.848101265822784722e-02 2.637130801687763704e-01 5.327004219409282593e-01 6.202531645569620000e-01 6.265822784810126667e-01 6.318565400843881852e-01 6.329113924050633333e-01 6.339662447257383704e-01 6.339662447257383704e-01 6.381856540084388518e-01
3.174603174603174427e-02 2.733686067019400201e-01 5.749559082892415907e-01 7.125220458553791492e-01 7.319223985890652706e-01 7.336860670194003120e-01 7.354497354497354644e-01 7.354497354497354644e-01 7.372134038800705058e-01 7.407407407407406996e-01
1.229004506349856696e-03 7.783695206882425451e-03 3.727980335927898181e-02 1.220811142974190938e-01 4.166325276526013921e-01 7.800081933633756792e-01 8.193363375665710935e-01 8.238426874231872254e-01 8.271200327734534730e-01 8.283490372798033574e-01
3.078501795792714258e-03 2.719343252950231007e-02 7.644946126218574167e-02 3.627501282709081343e-01 6.926629040533607284e-01 7.408927655207798724e-01 7.475628527449974525e-01 7.526936890713186168e-01 7.552591072344791989e-01 7.614161108260646404e-01
5.787037037037036716e-04 1.099537037037037063e-02 6.770833333333332871e-02 2.019675925925925875e-01 3.865740740740740700e-01 6.209490740740740700e-01 7.089120370370370905e-01 7.146990740740740700e-01 7.158564814814815103e-01 7.181712962962962798e-01
0.000000000000000000e+00 0.000000000000000000e+00 0.000000000000000000e+00 0.000000000000000000e+00 3.504672897196261638e-03 1.401869158878504655e-02 1.752336448598130758e-01 3.352803738317757243e-01 3.598130841121495171e-01 3.668224299065420690e-01
2.677376171352074865e-03 4.283801874163319784e-02 1.740294511378848719e-01 2.864792503346720309e-01 3.025435073627844584e-01 3.186077643908969415e-01 3.226238286479250483e-01 3.266398929049531552e-01 3.279785809906292093e-01 3.306559571619812621e-01
4.896265560165974917e-01 7.496542185338865849e-01 8.437067773167358231e-01 8.616874135546335189e-01 8.769017980636237830e-01 8.824343015214384245e-01 8.852005532503457452e-01 8.865836791147994056e-01 8.893499308437067263e-01 8.921161825726141581e-01
3.384615384615384803e-01 6.115384615384615863e-01 7.173076923076923128e-01 7.500000000000000000e-01 7.653846153846153300e-01 7.692307692307692735e-01 7.730769230769231060e-01 7.730769230769231060e-01 7.807692307692307709e-01 7.865384615384615197e-01
1.150000000000000050e-01 2.550000000000000044e-01 3.049999999999999933e-01 3.350000000000000200e-01 3.400000000000000244e-01 3.499999999999999778e-01 3.549999999999999822e-01 3.599999999999999867e-01 3.699999999999999956e-01 3.950000000000000178e-01
3.475728155339805614e-01 5.728155339805824919e-01 6.621359223300971042e-01 7.048543689320387884e-01 7.126213592233009431e-01 7.262135922330097415e-01 7.320388349514562742e-01 7.320388349514562742e-01 7.359223300970874071e-01 7.398058252427184289e-01
3.190476190476190244e-01 5.261904761904762085e-01 6.523809523809523947e-01 6.952380952380952106e-01 7.142857142857143016e-01 7.214285714285714191e-01 7.309523809523809090e-01 7.333333333333332815e-01 7.404761904761905100e-01 7.428571428571428825e-01
4.314627414903403624e-01 6.706531738730451275e-01 7.447102115915363862e-01 7.644894204231830193e-01 7.732290708371665211e-01 7.805887764489420899e-01 7.856485740570376963e-01 7.874885004599816440e-01 7.893284268629254807e-01 7.925482980680772505e-01
2.595744680851063690e-01 4.714893617021276850e-01 5.497872340425531412e-01 5.719148936170213027e-01 5.821276595744681037e-01 5.855319148936170004e-01 5.923404255319149048e-01 5.957446808510638014e-01 5.957446808510638014e-01 5.965957446808510811e-01
1.103542234332425126e-01 2.016348773841961928e-01 2.588555858310626623e-01 2.724795640326975743e-01 2.738419618528610266e-01 2.792915531335150026e-01 2.820163487738419628e-01 2.874659400544959387e-01 2.888283378746593910e-01 2.915531335149863512e-01
5.598755832037324853e-02 1.088646967340591021e-01 1.290824261275272111e-01 1.384136858475894238e-01 1.446345256609642416e-01 1.446345256609642416e-01 1.477449455676516366e-01 1.493001555209953479e-01 1.493001555209953479e-01 1.508553654743390315e-01
2.500000000000000000e-01 4.559322033898304816e-01 5.271186440677966267e-01 5.576271186440677763e-01 5.652542372881356192e-01 5.703389830508474034e-01 5.754237288135592987e-01 5.796610169491525077e-01 5.822033898305084554e-01 5.872881355932203506e-01
6.187576126674786403e-01 7.478684531059682783e-01 7.710109622411692731e-01 7.783191230207064937e-01 7.831912302070646037e-01 7.868453105968331585e-01 7.929354445797807127e-01 7.965895249695493785e-01 8.038976857490864880e-01 8.038976857490864880e-01
6.050516647531573033e-01 7.726750861079219046e-01 8.048220436280137946e-01 8.094144661308840805e-01 8.163030998851894537e-01 8.231917336394948270e-01 8.266360505166475692e-01 8.312284730195177440e-01 8.369690011481055736e-01 8.369690011481055736e-01
6.154672395273899088e-01 7.647690655209452570e-01 7.948442534908700674e-01 8.023630504833512145e-01 8.152524167561761015e-01 8.195488721804511378e-01 8.227712137486573596e-01 8.259935553168635813e-01 8.270676691729322849e-01 8.281417830290010995e-01
4.973118279569892497e-01 6.760752688172042557e-01 7.190860215053763715e-01 7.338709677419354982e-01 7.432795698924731242e-01 7.446236559139784994e-01 7.486559139784946248e-01 7.486559139784946248e-01 7.513440860215053752e-01 7.513440860215053752e-01
6.078984485190409570e-01 7.404795486600845855e-01 7.503526093088858095e-01 7.559943582510578741e-01 7.630465444287729548e-01 7.686882933709450194e-01 7.686882933709450194e-01 7.743300423131170840e-01 7.757404795486601001e-01 7.771509167842031163e-01
3.283302063789868882e-03 5.065666041275797282e-02 2.898686679174484193e-01 5.079737335834896284e-01 5.825515947467166944e-01 6.092870544090056573e-01 6.228893058161351082e-01 6.289868667917448697e-01 6.355534709193245702e-01 6.411819887429643927e-01
6.726457399103139348e-03 1.345291479820627800e-01 4.510463378176382543e-01 6.278026905829596771e-01 6.692825112107623209e-01 6.909566517189835722e-01 7.010463378176382543e-01 7.062780269058296367e-01 7.137518684603886276e-01 7.204783258594917861e-01
4.280618311533888193e-02 1.058263971462544556e-01 1.331747919143876357e-01 1.533888228299643275e-01 1.593341260404280701e-01 1.629013079667062935e-01 1.652794292508917851e-01 1.712247324613555277e-01 1.712247324613555277e-01 1.771700356718192704e-01
1.289517470881863630e-02 1.564059900166389350e-01 4.509151414309484074e-01 5.765391014975042028e-01 6.160565723793677284e-01 6.368552412645590577e-01 6.439267886855241096e-01 6.518302828618968148e-01 6.601497504159733465e-01 6.672212978369383984e-01
2.461538461538461536e-02 2.082051282051282093e-01 4.302564102564102599e-01 5.338461538461538591e-01 5.553846153846153655e-01 5.707692307692308065e-01 5.784615384615384714e-01 5.861538461538461364e-01 5.923076923076923128e-01 5.964102564102563564e-01
2.118226600985221586e-01 3.940886699507389346e-01 4.827586206896551935e-01 5.467980295566502447e-01 5.812807881773398577e-01 6.157635467980295818e-01 6.354679802955665036e-01 6.453201970443349644e-01 6.748768472906403471e-01 6.945812807881773798e-01
1.068702290076335853e-01 2.595419847328244156e-01 3.053435114503816883e-01 3.129770992366412430e-01 3.358778625954198516e-01 3.358778625954198516e-01 3.511450381679389054e-01 3.587786259541984601e-01 3.664122137404580148e-01 3.816793893129771242e-01
4.587155963302752548e-02 9.174311926605505096e-02 1.284403669724770714e-01 1.376146788990825764e-01 1.376146788990825764e-01 1.376146788990825764e-01 1.376146788990825764e-01 1.376146788990825764e-01 1.376146788990825764e-01 1.376146788990825764e-01
1.052631578947368397e-02 4.210526315789473589e-02 5.263157894736841813e-02 5.263157894736841813e-02 5.263157894736841813e-02 5.263157894736841813e-02 6.315789473684210731e-02 6.315789473684210731e-02 6.315789473684210731e-02 6.315789473684210731e-02
1.428571428571428527e-02 2.857142857142857054e-02 4.285714285714285754e-02 8.571428571428571508e-02 8.571428571428571508e-02 8.571428571428571508e-02 8.571428571428571508e-02 8.571428571428571508e-02 8.571428571428571508e-02 8.571428571428571508e-02
1.811906816220880054e-02 1.302847282139775742e-01 4.365832614322692207e-01 6.393442622950820109e-01 6.643658326143226933e-01 6.768766177739430345e-01 6.837791199309749546e-01 6.906816220880068746e-01 6.949956859361519079e-01 7.014667817083692913e-01
9.448818897637795144e-03 1.742782152230971104e-01 4.608923884514435909e-01 5.905511811023621549e-01 6.073490813648293463e-01 6.199475065616797398e-01 6.262467191601049921e-01 6.288713910761154491e-01 6.372703412073490448e-01 6.393700787401574992e-01
6.700167504187604789e-03 9.966499162479061646e-02 3.718592964824120606e-01 4.530988274706867491e-01 4.606365159128978370e-01 4.664991624790619795e-01 4.723618090452261220e-01 4.782244556113902645e-01 4.849246231155778797e-01 4.891122278056951322e-01
8.746355685131195629e-03 1.209912536443148723e-01 4.045189504373177813e-01 4.890670553935860254e-01 4.978134110787171829e-01 5.036443148688046767e-01 5.072886297376093534e-01 5.138483965014577493e-01 5.174927113702624260e-01 5.225947521865889067e-01
3.245641838351822628e-01 6.700475435816164449e-01 7.977812995245642247e-01 8.228209191759112695e-01 8.354992076069730489e-01 8.418383518225039941e-01 8.469096671949286614e-01 8.526148969889064677e-01 8.570522979397781071e-01 8.595879556259904408e-01
2.581395348837209336e-01 5.558139534883721478e-01 6.627906976744185608e-01 6.953488372093022951e-01 7.116279069767441623e-01 7.418604651162791219e-01 7.511627906976744429e-01 7.627906976744186496e-01 7.720930232558139705e-01 7.813953488372092915e-01
2.461928934010152170e-01 5.380710659898476633e-01 6.192893401015228116e-01 6.573604060913705860e-01 6.827411167512690282e-01 7.055837563451776706e-01 7.208121827411168026e-01 7.309644670050761128e-01 7.385786802030457343e-01 7.512690355329949554e-01
5.902777777777777624e-02 2.152777777777777901e-01 3.923611111111111049e-01 5.104166666666666297e-01 5.520833333333333703e-01 5.798611111111111605e-01 5.902777777777777901e-01 5.937500000000000000e-01 6.006944444444444198e-01 6.111111111111111605e-01
4.587155963302752548e-02 2.247706422018348749e-01 4.128440366972477293e-01 4.954128440366972752e-01 5.091743119266054496e-01 5.229357798165137350e-01 5.275229357798164598e-01 5.321100917431192956e-01 5.321100917431192956e-01 5.366972477064220204e-01
7.499999999999999722e-02 2.857142857142856984e-01 4.928571428571428825e-01 5.464285714285713746e-01 5.607142857142857206e-01 5.642857142857142794e-01 5.785714285714286254e-01 5.857142857142857428e-01 5.892857142857143016e-01 5.964285714285714191e-01
7.195281782437745743e-01 8.938401048492791157e-01 9.134993446920052218e-01 9.226736566186107824e-01 9.266055045871559592e-01 9.344692005242464239e-01 9.344692005242464239e-01 9.370904325032765048e-01 9.370904325032765048e-01 9.384010484927916007e-01
5.134706814580031198e-01 7.686212361331220544e-01 8.177496038034864911e-01 8.288431061806655897e-01 8.351822503961965349e-01 8.383518225039620075e-01 8.399366085578446883e-01 8.431061806656101609e-01 8.462757527733756335e-01 8.494453248811409951e-01
2.801556420233463074e-01 6.712062256809337990e-01 7.607003891050583277e-01 7.821011673151750943e-01 7.898832684824902417e-01 7.996108949416342870e-01 8.054474708171206476e-01 8.073929961089494345e-01 8.093385214007782213e-01 8.151750972762645819e-01
1.941544885177453050e-01 5.970772442588726525e-01 7.432150313152401377e-01 7.494780793319415491e-01 7.536534446764091566e-01 7.640918580375782865e-01 7.640918580375782865e-01 7.661795407098120902e-01 7.724425887265136126e-01 7.745302713987474164e-01
1.891252955082742271e-01 5.933806146572103701e-01 6.997635933806146680e-01 7.163120567375886871e-01 7.210401891252955497e-01 7.304964539007092750e-01 7.328605200945625953e-01 7.328605200945625953e-01 7.352245862884160266e-01 7.375886524822694579e-01
4.819277108433735191e-02 1.554216867469879471e-01 2.228915662650602370e-01 2.734939759036144613e-01 2.879518072289156683e-01 3.144578313253011959e-01 3.313253012048192891e-01 3.397590361445783080e-01 3.481927710843373269e-01 3.530120481927710996e-01
0.000000000000000000e+00 0.000000000000000000e+00 0.000000000000000000e+00 0.000000000000000000e+00 4.885993485342019112e-03 9.771986970684038223e-03 1.465798045602605820e-02 1.628664495114006544e-02 3.583061889250814536e-02 6.677524429967426900e-02
0.000000000000000000e+00 0.000000000000000000e+00 0.000000000000000000e+00 0.000000000000000000e+00 0.000000000000000000e+00 0.000000000000000000e+00 3.676470588235294067e-03 9.803921568627450844e-03 2.328431372549019662e-02 8.823529411764706454e-02
0.000000000000000000e+00 2.300613496932515240e-02 8.895705521472392630e-02 1.794478527607361873e-01 1.932515337423312829e-01 2.131901840490797451e-01 2.269938650306748407e-01 2.300613496932515378e-01 2.361963190184049044e-01 2.438650306748466334e-01
5.673758865248227333e-03 1.702127659574468113e-02 7.092198581560284210e-02 1.943262411347517760e-01 2.255319148936170137e-01 2.482269503546099265e-01 2.652482269503546042e-01 2.709219858156028393e-01 2.808510638297872508e-01 2.907801418439716068e-01
4.508547008547008628e-01 6.346153846153845812e-01 6.944444444444444198e-01 7.243589743589743390e-01 7.307692307692307265e-01 7.414529914529914834e-01 7.542735042735042583e-01 7.542735042735042583e-01 7.628205128205127750e-01 7.670940170940171443e-01
4.910714285714285476e-01 6.584821428571429047e-01 7.031250000000000000e-01 7.142857142857143016e-01 7.187500000000000000e-01 7.254464285714286031e-01 7.254464285714286031e-01 7.299107142857143016e-01 7.321428571428570953e-01 7.321428571428570953e-01
4.917012448132779823e-01 6.618257261410788184e-01 7.261410788381742476e-01 7.406639004149377925e-01 7.510373443983402453e-01 7.531120331950207358e-01 7.593360995850622075e-01 7.614107883817426980e-01 7.614107883817426980e-01 7.634854771784231886e-01
5.176470588235294601e-01 6.882352941176470562e-01 7.352941176470588758e-01 7.509803921568627416e-01 7.627450980392156410e-01 7.647058823529411242e-01 7.686274509803922017e-01 7.745098039215686514e-01 7.784313725490196179e-01 7.862745098039215508e-01
4.741200828157349778e-01 6.252587991718426830e-01 6.749482401656314856e-01 6.956521739130434590e-01 7.080745341614906874e-01 7.163561076604554323e-01 7.246376811594202882e-01 7.349896480331262749e-01 7.391304347826086474e-01 7.432712215320911309e-01
1.197604790419161749e-02 3.592814371257484901e-02 4.790419161676646997e-02 5.988023952095808400e-02 5.988023952095808400e-02 5.988023952095808400e-02 5.988023952095808400e-02 5.988023952095808400e-02 5.988023952095808400e-02 5.988023952095808400e-02
5.376344086021505805e-03 5.376344086021505805e-03 5.376344086021505805e-03 5.376344086021505805e-03 5.376344086021505805e-03 5.376344086021505805e-03 5.376344086021505805e-03 5.376344086021505805e-03 5.376344086021505805e-03 5.376344086021505805e-03
5.050505050505050934e-03 1.010101010101010187e-02 1.010101010101010187e-02 1.515151515151515194e-02 1.515151515151515194e-02 1.515151515151515194e-02 1.515151515151515194e-02 1.515151515151515194e-02 1.515151515151515194e-02 2.020202020202020374e-02
1.197604790419161749e-02 1.796407185628742451e-02 2.395209580838323499e-02 4.790419161676646997e-02 4.790419161676646997e-02 4.790419161676646997e-02 5.389221556886227699e-02 5.389221556886227699e-02 5.389221556886227699e-02 5.389221556886227699e-02
6.711409395973154217e-03 2.684563758389261687e-02 3.355704697986577195e-02 4.026845637583892357e-02 4.026845637583892357e-02 4.026845637583892357e-02 4.026845637583892357e-02 4.026845637583892357e-02 4.026845637583892357e-02 4.026845637583892357e-02
2.111553784860557836e-01 4.462151394422310680e-01 5.418326693227091262e-01 5.896414342629482386e-01 6.294820717131474064e-01 6.314741035856573648e-01 6.414342629482071567e-01 6.613545816733067406e-01 6.812749003984063245e-01 6.932270916334661859e-01
2.060390763765541644e-01 4.191829484902309111e-01 5.115452930728241476e-01 5.719360568383659027e-01 6.003552397868561208e-01 6.163410301953818893e-01 6.358792184724688656e-01 6.465364120781527113e-01 6.518650088809946341e-01 6.607460035523978759e-01
1.442080378250591155e-01 3.380614657210401774e-01 4.208037825059101622e-01 4.562647754137115763e-01 4.775413711583924581e-01 4.822695035460992652e-01 4.964539007092198530e-01 5.130023640661938167e-01 5.224586288416075419e-01 5.271867612293144045e-01
1.028037383177570069e-01 2.679127725856697562e-01 3.426791277258566804e-01 3.925233644859812965e-01 4.143302180685358160e-01 4.205607476635513930e-01 4.205607476635513930e-01 4.236760124610591816e-01 4.267912772585669701e-01 4.330218068535825471e-01
1.578947368421052544e-01 2.969924812030075301e-01 3.909774436090225347e-01 4.135338345864661425e-01 4.172932330827067715e-01 4.210526315789473450e-01 4.210526315789473450e-01 4.248120300751879741e-01 4.285714285714285476e-01 4.323308270676691767e-01
3.328540618260244499e-01 6.218547807332853727e-01 6.973400431344356498e-01 7.189072609633356814e-01 7.304097771387491056e-01 7.368799424874191706e-01 7.426312005751257717e-01 7.462257368799425361e-01 7.483824586628324838e-01 7.512580877066857843e-01
4.964438122332859304e-01 7.780938833570412161e-01 8.387861545756282178e-01 8.525367472735894125e-01 8.582266477003318572e-01 8.620199146514936350e-01 8.653390232337601073e-01 8.667614983404456908e-01 8.686581318160265797e-01 8.696064485538169686e-01
4.968750000000000111e-01 7.583333333333333037e-01 8.020833333333333703e-01 8.161458333333333481e-01 8.218750000000000222e-01 8.249999999999999556e-01 8.296875000000000222e-01 8.302083333333333259e-01 8.307291666666666297e-01 8.317708333333333481e-01
2.216538789428814937e-01 5.123614663256607082e-01 6.351236146632566193e-01 6.581415174765558040e-01 6.717817561807332138e-01 6.803069053708440395e-01 6.845694799658994523e-01 6.888320545609548651e-01 6.896845694799659254e-01 6.922421142369991065e-01
5.354752342704149903e-02 2.704149933065595479e-01 5.669344042838019293e-01 7.168674698795181044e-01 7.416331994645247727e-01 7.516733601070950677e-01 7.597054886211512814e-01 7.610441767068273355e-01 7.643908969210173598e-01 7.657295850066934140e-01
4.312051894844656785e-01 6.517582792762034449e-01 7.104813929668828409e-01 7.415500170706725847e-01 7.534994878798224605e-01 7.613519972686924042e-01 7.657903721406623676e-01 7.743257084329122630e-01 7.794469102082621781e-01 7.821782178217822068e-01
2.725000000000000200e-01 4.443750000000000200e-01 5.124999999999999556e-01 5.393750000000000488e-01 5.500000000000000444e-01 5.612500000000000266e-01 5.706250000000000488e-01 5.806249999999999467e-01 5.862500000000000488e-01 5.906249999999999556e-01
1.521197007481296659e-01 2.481296758104738209e-01 2.905236907730673335e-01 3.117206982543641036e-01 3.179551122194513857e-01 3.254364089775561020e-01 3.304239401496259498e-01 3.341645885286783080e-01 3.354114713216957422e-01 3.366583541147132319e-01
3.305084745762711940e-01 5.503766478342749791e-01 6.205273069679849707e-01 6.530131826741996104e-01 6.643126177024482049e-01 6.737288135593220151e-01 6.817325800376647926e-01 6.859698681732580017e-01 6.887947269303201780e-01 6.920903954802259950e-01
1.943844492440604810e-01 3.657307415406767515e-01 4.521238300935925269e-01 4.838012958963283094e-01 5.039596832253420144e-01 5.118790496760259323e-01 5.197984161267098502e-01 5.233981281497480653e-01 5.277177825773937681e-01 5.356371490280777969e-01
1.207729468599033759e-03 2.898550724637681195e-02 2.904589371980676460e-01 5.060386473429951959e-01 6.056763285024154841e-01 6.256038647342995196e-01 6.310386473429951959e-01 6.376811594202898004e-01 6.455314009661835550e-01 6.539855072463768293e-01
2.386634844868735193e-03 1.014319809069212479e-02 1.330548926014319677e-01 4.063245823389021738e-01 5.399761336515512822e-01 5.817422434367541806e-01 5.984486873508353399e-01 6.032219570405727982e-01 6.091885441527445932e-01 6.133651551312648831e-01
7.704160246533128158e-04 3.081664098613251263e-03 4.391371340523882866e-02 2.580893682588598081e-01 4.237288135593220151e-01 4.984591679506933937e-01 5.115562403697997418e-01 5.208012326656394908e-01 5.346687211093991143e-01 5.423728813559322015e-01
1.191879502292075982e-01 3.817943680419122465e-01 5.003274394237066103e-01 5.239030779305828833e-01 5.337262606417813027e-01 5.370006548788474054e-01 5.402750491159135082e-01 5.448592010478061631e-01 5.507531106745252591e-01 5.527177472167649208e-01
6.261180679785331195e-03 1.046511627906976799e-01 2.898032200357781862e-01 3.855098389982111184e-01 4.186046511627907196e-01 4.275491949910554812e-01 4.409660107334525958e-01 4.427549194991055592e-01 4.508050089445438391e-01 4.561717352415026738e-01
4.493670886075949444e-01 7.278481012658227778e-01 8.180379746835443333e-01 8.433544303797468888e-01 8.449367088607594445e-01 8.465189873417721111e-01 8.481012658227847778e-01 8.496835443037974445e-01 8.496835443037974445e-01 8.496835443037974445e-01
4.348534201954397660e-01 7.426710097719869674e-01 8.355048859934853800e-01 8.566775244299674741e-01 8.615635179153094958e-01 8.680781758957655247e-01 8.697068403908795320e-01 8.729641693811075465e-01 8.729641693811075465e-01 8.729641693811075465e-01
1.008645533141210443e-01 3.832853025936599489e-01 5.475504322766570064e-01 6.051873198847261826e-01 6.253602305475504108e-01 6.282420749279539196e-01 6.311239193083573173e-01 6.340057636887608261e-01 6.368876080691642239e-01 6.368876080691642239e-01
8.872458410351201363e-02 4.731977818853974060e-01 7.375231053604436315e-01 7.781885397412199312e-01 7.911275415896488195e-01 7.948243992606284225e-01 7.985212569316081366e-01 8.022181146025878506e-01 8.059149722735674537e-01 8.077634011090573107e-01
5.050505050505050934e-03 1.287878787878787845e-01 3.282828282828282873e-01 4.898989898989898895e-01 5.050505050505050830e-01 5.101010101010100550e-01 5.202020202020202211e-01 5.202020202020202211e-01 5.227272727272727071e-01 5.328282828282828731e-01
4.005550416281221104e-01 7.086031452358927396e-01 8.011100832562442209e-01 8.177613320999075341e-01 8.279370952821462071e-01 8.390379278445883049e-01 8.455134135060129452e-01 8.473635522664200170e-01 8.501387604070305137e-01 8.519888991674375855e-01
2.803398058252427050e-01 5.922330097087378231e-01 6.953883495145630755e-01 7.245145631067960723e-01 7.415048543689319871e-01 7.463592233009708199e-01 7.548543689320388328e-01 7.609223300970874293e-01 7.645631067961164984e-01 7.718446601941747476e-01
1.557863501483679469e-01 4.554896142433234596e-01 6.454005934718101134e-01 6.839762611275964632e-01 6.943620178041542967e-01 7.047477744807121303e-01 7.181008902077151701e-01 7.240356083086053607e-01 7.299703264094955513e-01 7.329376854599406466e-01
1.281138790035587227e-01 4.163701067615658280e-01 5.658362989323842962e-01 5.943060498220640309e-01 6.049822064056940008e-01 6.120996441281139067e-01 6.209964412811388446e-01 6.281138790035587505e-01 6.316725978647687034e-01 6.370106761565835773e-01
1.080508474576271222e-01 3.305084745762711940e-01 4.682203389830508211e-01 5.084745762711864181e-01 5.169491525423728362e-01 5.211864406779661563e-01 5.381355932203389925e-01 5.508474576271186196e-01 5.550847457627118287e-01 5.635593220338983578e-01
4.381533101045296252e-01 6.933797909407665161e-01 7.813588850174215672e-01 8.101045296167247445e-01 8.179442508710801363e-01 8.266550522648083987e-01 8.336236933797909199e-01 8.405923344947735520e-01 8.423344947735191823e-01 8.449477351916376833e-01
4.252039891205802169e-01 6.817769718948323288e-01 7.624660018132366490e-01 7.878513145965548858e-01 8.014505893019039373e-01 8.114233907524931455e-01 8.195829555757025986e-01 8.232094288304623309e-01 8.259292837715321856e-01 8.286491387126020403e-01
4.368530020703933481e-01 6.790890269151138581e-01 7.784679089026914633e-01 8.012422360248446784e-01 8.095238095238095344e-01 8.157349896480331486e-01 8.219461697722567628e-01 8.281573498964803770e-01 8.291925465838508869e-01 8.312629399585921286e-01
4.134509371554575541e-01 6.196251378169790325e-01 7.045203969128996935e-01 7.364939360529216827e-01 7.464167585446527253e-01 7.497243660418964062e-01 7.574421168687982542e-01 7.651598676957001022e-01 7.673649393605291857e-01 7.717750826901874639e-01
3.337363966142684601e-01 5.489721886336155210e-01 6.154776299879081147e-01 6.541717049576784015e-01 6.698911729141475702e-01 6.735187424425634894e-01 6.795646916565900586e-01 6.819830713422007085e-01 6.844014510278113583e-01 6.916565900846433079e-01
1.749680715197956538e-01 4.074074074074073848e-01 5.172413793103448620e-01 5.491698595146871087e-01 5.670498084291187846e-01 5.798212005108557277e-01 5.900383141762451933e-01 5.913154533844189320e-01 5.951468710089399261e-01 5.977011494252874035e-01
8.783068783068782859e-02 4.296296296296296391e-01 6.444444444444444864e-01 6.857142857142857206e-01 7.037037037037037202e-01 7.100529100529100468e-01 7.174603174603174649e-01 7.216931216931217197e-01 7.291005291005291378e-01 7.312169312169312096e-01
1.031833150384193210e-01 5.115257958287595663e-01 7.211855104281009732e-01 7.574094401756311656e-01 7.639956092206366955e-01 7.716794731064764434e-01 7.749725576289790974e-01 7.782656421514818623e-01 7.815587266739846273e-01 7.848518111964873922e-01
6.553398058252427050e-02 2.864077669902912460e-01 4.368932038834951181e-01 4.805825242718446688e-01 4.878640776699029180e-01 4.902912621359223344e-01 4.951456310679611672e-01 4.975728155339805836e-01 4.975728155339805836e-01 5.000000000000000000e-01
5.451936872309899595e-02 3.098995695839311115e-01 5.566714490674318228e-01 5.982783357245337053e-01 6.126255380200861245e-01 6.212338593974174872e-01 6.298421807747489609e-01 6.370157819225250595e-01 6.384505021520803236e-01 6.427546628407460050e-01
1.811906816220880054e-02 1.302847282139775742e-01 4.365832614322692207e-01 6.393442622950820109e-01 6.643658326143226933e-01 6.768766177739430345e-01 6.837791199309749546e-01 6.906816220880068746e-01 6.949956859361519079e-01 7.014667817083692913e-01
9.448818897637795144e-03 1.742782152230971104e-01 4.608923884514435909e-01 5.905511811023621549e-01 6.073490813648293463e-01 6.199475065616797398e-01 6.262467191601049921e-01 6.288713910761154491e-01 6.372703412073490448e-01 6.393700787401574992e-01
6.700167504187604789e-03 9.966499162479061646e-02 3.718592964824120606e-01 4.530988274706867491e-01 4.606365159128978370e-01 4.664991624790619795e-01 4.723618090452261220e-01 4.782244556113902645e-01 4.849246231155778797e-01 4.891122278056951322e-01
8.746355685131195629e-03 1.209912536443148723e-01 4.045189504373177813e-01 4.890670553935860254e-01 4.978134110787171829e-01 5.036443148688046767e-01 5.072886297376093534e-01 5.138483965014577493e-01 5.174927113702624260e-01 5.225947521865889067e-01
3.245641838351822628e-01 6.700475435816164449e-01 7.977812995245642247e-01 8.228209191759112695e-01 8.354992076069730489e-01 8.418383518225039941e-01 8.469096671949286614e-01 8.526148969889064677e-01 8.570522979397781071e-01 8.595879556259904408e-01
1.700680272108843474e-03 6.802721088435373896e-03 2.551020408163265363e-02 1.173469387755102095e-01 1.581632653061224580e-01 1.615646258503401489e-01 1.615646258503401489e-01 1.632653061224489666e-01 1.632653061224489666e-01 1.649659863945578120e-01
0.000000000000000000e+00 8.547008547008547868e-03 4.395604395604395948e-02 1.391941391941391992e-01 1.953601953601953600e-01 2.271062271062271043e-01 2.405372405372405431e-01 2.442002442002441931e-01 2.503052503052503042e-01 2.515262515262515208e-01
0.000000000000000000e+00 0.000000000000000000e+00 1.182654402102496782e-02 1.116951379763469060e-01 1.655716162943495495e-01 1.852825229960578246e-01 1.879106438896189224e-01 1.892247043363994852e-01 1.931668856767411180e-01 1.944809461235216808e-01
2.202643171806167605e-03 5.506607929515418796e-03 6.277533039647577306e-02 3.248898678414097185e-01 4.801762114537445059e-01 5.209251101321585864e-01 5.242290748898678077e-01 5.286343612334801767e-01 5.330396475770925457e-01 5.341409691629955825e-01
0.000000000000000000e+00 0.000000000000000000e+00 0.000000000000000000e+00 3.129890453834115877e-03 5.633802816901408578e-02 1.189358372456963964e-01 1.596244131455399062e-01 1.705790297339593031e-01 1.705790297339593031e-01 1.768388106416275418e-01
5.546772068511198750e-01 8.194993412384716791e-01 8.985507246376811530e-01 9.196310935441369683e-01 9.249011857707509776e-01 9.341238471673254384e-01 9.393939393939394478e-01 9.433465085638998993e-01 9.446640316205533461e-01 9.446640316205533461e-01
4.816446402349486289e-01 7.312775330396475981e-01 8.208516886930984358e-01 8.634361233480176701e-01 8.795888399412628011e-01 8.825256975036710472e-01 8.839941262848751702e-01 8.839941262848751702e-01 8.854625550660792932e-01 8.972099853157121663e-01
4.037122969837587116e-01 7.030162412993039567e-01 8.051044083526681661e-01 8.352668213457076218e-01 8.445475638051044287e-01 8.491879350348028321e-01 8.538283062645011245e-01 8.561484918793503818e-01 8.631090487238979314e-01 8.700696055684454810e-01
2.435064935064935043e-01 5.551948051948052409e-01 6.558441558441558961e-01 6.980519480519480346e-01 7.142857142857143016e-01 7.240259740259740173e-01 7.240259740259740173e-01 7.272727272727272929e-01 7.272727272727272929e-01 7.272727272727272929e-01
1.304347826086956486e-01 4.037267080745341463e-01 5.217391304347825942e-01 5.652173913043477826e-01 5.652173913043477826e-01 5.652173913043477826e-01 5.652173913043477826e-01 5.652173913043477826e-01 5.714285714285713969e-01 5.714285714285713969e-01
1.074074074074074098e-01 3.185185185185185341e-01 4.185185185185185119e-01 4.592592592592592560e-01 4.740740740740740922e-01 4.888888888888888729e-01 4.962962962962962910e-01 4.962962962962962910e-01 4.962962962962962910e-01 5.000000000000000000e-01
0.000000000000000000e+00 0.000000000000000000e+00 0.000000000000000000e+00 9.012875536480687011e-02 2.575107296137338908e-01 3.905579399141630992e-01 4.120171673819742475e-01 4.291845493562231884e-01 4.377682403433476588e-01 4.463519313304721292e-01
2.947845804988661889e-01 5.941043083900227062e-01 7.188208616780045190e-01 7.369614512471654999e-01 7.551020408163264808e-01 7.709750566893424084e-01 7.755102040816326259e-01 7.755102040816326259e-01 7.800453514739229544e-01 7.845804988662131718e-01
5.263157894736841813e-02 3.157894736842105088e-01 4.398496240601503793e-01 4.812030075187969658e-01 4.812030075187969658e-01 4.812030075187969658e-01 4.849624060150375948e-01 4.887218045112781684e-01 4.962406015037593709e-01 4.962406015037593709e-01
3.012048192771084494e-03 1.144578313253011986e-01 3.253012048192771011e-01 5.361445783132530174e-01 5.632530120481927804e-01 5.783132530120481674e-01 5.783132530120481674e-01 5.843373493975904109e-01 5.843373493975904109e-01 5.933734939759036653e-01
5.350438047559449295e-01 7.722152690863579583e-01 8.491864831038798966e-01 8.710888610763454221e-01 8.829787234042553168e-01 8.892365456821026415e-01 8.929912390488110585e-01 8.973717146433041192e-01 8.979974968710888739e-01 8.992490613266582722e-01
3.437826541274817127e-01 5.820271682340647512e-01 6.520376175548588948e-01 6.854754440961337014e-01 7.001044932079414362e-01 7.095088819226750276e-01 7.168234064785788950e-01 7.220480668756530385e-01 7.262277951933124864e-01 7.293625914315569059e-01
3.189655172413793371e-01 5.814176245210728178e-01 6.580459770114942541e-01 6.944444444444444198e-01 7.040229885057470716e-01 7.241379310344827624e-01 7.308429118773945854e-01 7.365900383141762431e-01 7.404214559386973482e-01 7.461685823754788949e-01
1.117117117117117087e-01 2.072072072072072002e-01 2.630630630630630407e-01 2.936936936936936915e-01 3.063063063063062863e-01 3.171171171171170977e-01 3.261261261261261257e-01 3.297297297297297480e-01 3.333333333333333148e-01 3.405405405405405594e-01
1.031746031746031689e-01 2.003968253968254065e-01 2.361111111111111049e-01 2.658730158730158721e-01 2.718253968253968034e-01 2.837301587301587213e-01 2.916666666666666852e-01 2.996031746031745935e-01 2.996031746031745935e-01 3.055555555555555802e-01
1.382636655948553117e-01 3.054662379421221874e-01 3.794212218649517521e-01 4.019292604501607524e-01 4.147909967845659351e-01 4.147909967845659351e-01 4.180064308681671892e-01 4.244372990353697528e-01 4.308681672025723719e-01 4.372990353697749355e-01
1.185897435897435848e-01 3.108974358974359031e-01 3.846153846153846367e-01 4.070512820512820484e-01 4.166666666666666852e-01 4.358974358974359031e-01 4.391025641025640969e-01 4.391025641025640969e-01 4.455128205128205399e-01 4.487179487179487336e-01
1.310344827586207017e-01 3.034482758620689613e-01 4.000000000000000222e-01 4.172413793103448287e-01 4.206896551724138011e-01 4.310344827586206629e-01 4.379310344827586077e-01 4.379310344827586077e-01 4.448275862068965525e-01 4.448275862068965525e-01
3.797856049004594281e-01 6.600306278713629071e-01 7.611026033690658776e-01 7.947932618683001271e-01 8.055130168453292772e-01 8.177641653905053376e-01 8.223583460949464019e-01 8.238897396630934233e-01 8.269525267993874662e-01 8.269525267993874662e-01
1.266666666666666774e-01 2.666666666666666630e-01 3.533333333333333326e-01 3.933333333333333126e-01 4.099999999999999756e-01 4.233333333333333393e-01 4.299999999999999933e-01 4.299999999999999933e-01 4.400000000000000022e-01 4.466666666666666563e-01
4.721998388396454471e-01 7.284448025785656977e-01 7.896857373086221266e-01 8.049959709911361783e-01 8.114423851732474047e-01 8.195004029008863267e-01 8.243352135374697465e-01 8.315874294923448762e-01 8.364222401289282960e-01 8.420628525382756191e-01
3.014112903225806273e-01 5.463709677419354982e-01 6.330645161290322509e-01 6.552419354838709964e-01 6.643145161290322509e-01 6.743951612903226200e-01 6.875000000000000000e-01 6.935483870967742437e-01 6.975806451612903691e-01 7.006048387096773800e-01
2.099853157121879532e-01 3.759177679882525491e-01 4.317180616740088350e-01 4.698972099853157003e-01 4.919236417033773789e-01 5.066079295154185536e-01 5.124816446402349346e-01 5.183553597650514266e-01 5.256975036710719307e-01 5.345080763582966688e-01
1.939218523878437073e-01 3.502170767004341712e-01 4.602026049204052116e-01 4.978292329956584550e-01 5.238784370477568286e-01 5.325615050651230087e-01 5.441389290882778784e-01 5.615050651230101275e-01 5.730824891461649973e-01 5.846599131693198670e-01
1.859799713876967020e-01 3.819742489270386288e-01 4.921316165951359345e-01 5.379113018597997398e-01 5.550786838340486806e-01 5.693848354792561128e-01 5.822603719599427352e-01 5.951359084406294686e-01 5.979971387696709773e-01 6.065808297567953922e-01
4.476148016049933398e-01 7.048595630851538507e-01 7.766384306732054821e-01 7.975925100312082350e-01 8.033883192153365993e-01 8.114132857779758901e-01 8.145341061078912315e-01 8.167632634864021579e-01 8.234507356219349372e-01 8.283548818546588866e-01
3.060931899641576859e-01 5.053763440860215006e-01 5.878136200716845838e-01 6.236559139784946248e-01 6.365591397849462707e-01 6.451612903225806273e-01 6.523297491039427021e-01 6.602150537634408067e-01 6.738351254480287045e-01 6.824372759856630610e-01
1.662735849056603821e-01 3.077830188679245293e-01 3.584905660377358250e-01 3.761792452830188815e-01 3.879716981132075304e-01 3.962264150943396457e-01 4.044811320754717054e-01 4.139150943396226467e-01 4.186320754716981174e-01 4.245283018867924696e-01
2.311557788944723635e-01 4.040201005025125802e-01 4.964824120603015256e-01 5.195979899497487065e-01 5.286432160804019897e-01 5.336683417085427150e-01 5.407035175879396638e-01 5.437185929648241656e-01 5.457286432160803891e-01 5.547738693467336724e-01
1.205412054120541254e-01 2.337023370233702324e-01 3.013530135301353274e-01 3.357933579335793395e-01 3.444034440344403425e-01 3.542435424354243301e-01 3.603936039360393639e-01 3.640836408364083732e-01 3.677736777367773824e-01 3.714637146371463916e-01
2.880755608028335302e-01 6.776859504132231038e-01 8.199527744982290089e-01 8.482880755608028789e-01 8.541912632821723195e-01 8.571428571428570953e-01 8.589138134592679830e-01 8.595041322314049825e-01 8.595041322314049825e-01 8.600944510035418711e-01
1.232349165596919177e-01 4.197689345314505882e-01 5.853658536585365502e-01 6.367137355584082670e-01 6.444159178433889190e-01 6.495507060333761684e-01 6.495507060333761684e-01 6.495507060333761684e-01 6.495507060333761684e-01 6.508344030808729253e-01
7.235621521335806883e-02 2.504638218923933013e-01 3.654916512059369071e-01 4.007421150278293043e-01 4.118738404452690349e-01 4.192949907235621332e-01 4.211502782931354494e-01 4.211502782931354494e-01 4.211502782931354494e-01 4.230055658627087101e-01
2.652519893899204367e-02 1.299734748010610008e-01 1.750663129973474841e-01 1.856763925729442988e-01 1.883289124668434955e-01 1.936339522546419167e-01 1.989389920424403102e-01 2.042440318302387314e-01 2.042440318302387314e-01 2.042440318302387314e-01
8.264462809917355601e-03 3.581267217630854094e-02 6.060606060606060774e-02 6.060606060606060774e-02 6.336088154269972628e-02 6.336088154269972628e-02 6.611570247933884481e-02 6.611570247933884481e-02 6.611570247933884481e-02 6.611570247933884481e-02
