2.298850574712643646e-01 6.075533661740558644e-01 7.744937055281883032e-01 8.128078817733990213e-01 8.237547892720306075e-01 8.325123152709359431e-01 8.379857690202517917e-01 8.407224958949096605e-01 8.434592227695676403e-01 8.461959496442255091e-01
2.188841201716738294e-01 5.459227467811158530e-01 7.553648068669528426e-01 8.351931330472103232e-01 8.454935622317596433e-01 8.497854077253218508e-01 8.540772532188841693e-01 8.583690987124463767e-01 8.609442060085836790e-01 8.660944206008583945e-01
5.681818181818181629e-02 2.272727272727272652e-01 3.636363636363636465e-01 4.772727272727272929e-01 5.568181818181817677e-01 6.022727272727272929e-01 6.136363636363636465e-01 6.136363636363636465e-01 6.136363636363636465e-01 6.136363636363636465e-01
1.161356628982528200e-01 3.586844809866392425e-01 5.796505652620760340e-01 6.680369989722507729e-01 7.245632065775950981e-01 7.625899280575539896e-01 7.800616649537512881e-01 7.903391572456320846e-01 7.913669064748201087e-01 7.913669064748201087e-01
3.389830508474576259e-02 1.016949152542372947e-01 2.118644067796610075e-01 3.220338983050847204e-01 4.067796610169491789e-01 4.406779661016949068e-01 4.788135593220338992e-01 5.423728813559322015e-01 5.508474576271186196e-01 5.550847457627118287e-01
1.756272401433691677e-01 5.412186379928315416e-01 7.706093189964157153e-01 8.172043010752688685e-01 8.279569892473118697e-01 8.387096774193548709e-01 8.422939068100357973e-01 8.494623655913978721e-01 8.530465949820787985e-01 8.637992831541219108e-01
1.712328767123287576e-01 5.616438356164383805e-01 8.698630136986301720e-01 9.109589041095890183e-01 9.246575342465753744e-01 9.315068493150684414e-01 9.315068493150684414e-01 9.383561643835616195e-01 9.383561643835616195e-01 9.452054794520547976e-01
7.317073170731706877e-02 2.317073170731707432e-01 4.268292682926829174e-01 5.731707317073170271e-01 6.219512195121951192e-01 6.341463414634146423e-01 6.463414634146341653e-01 6.585365853658536883e-01 6.707317073170732113e-01 6.707317073170732113e-01
8.000000000000000167e-02 4.400000000000000022e-01 6.666666666666666297e-01 7.733333333333333171e-01 7.866666666666666252e-01 7.866666666666666252e-01 7.933333333333333348e-01 7.933333333333333348e-01 8.000000000000000444e-01 8.066666666666666430e-01
9.230769230769231282e-02 4.615384615384615641e-01 6.769230769230769607e-01 8.000000000000000444e-01 8.461538461538461453e-01 8.461538461538461453e-01 8.461538461538461453e-01 8.461538461538461453e-01 8.461538461538461453e-01 8.461538461538461453e-01
4.294850218781555151e-01 7.436889936048468597e-01 8.291820935711881058e-01 8.492090205318074680e-01 8.530797711208347733e-01 8.564456411982497297e-01 8.584651632446987923e-01 8.621676203298552776e-01 8.641871423763042293e-01 8.678895994614608256e-01
2.185120093731693081e-01 5.875805506736965222e-01 7.835383714118335785e-01 8.265963678968951678e-01 8.342120679554774210e-01 8.394844756883421688e-01 8.429994141769185934e-01 8.444639718804920481e-01 8.465143526654950179e-01 8.476859988283538261e-01
1.400928792569659520e-01 3.947368421052631637e-01 5.866873065015479893e-01 6.509287925696594090e-01 6.687306501547987114e-01 6.818885448916408576e-01 6.849845201238390358e-01 6.873065015479876694e-01 6.911764705882352811e-01 6.934984520123839147e-01
1.121621621621621684e-01 3.067567567567567322e-01 4.270270270270270507e-01 4.864864864864865135e-01 5.094594594594594739e-01 5.189189189189189477e-01 5.216216216216216228e-01 5.256756756756756355e-01 5.310810810810810967e-01 5.324324324324324342e-01
1.524777636594663310e-01 4.307496823379923789e-01 5.667090216010165493e-01 6.010165184243964065e-01 6.149936467598474676e-01 6.188055908513341308e-01 6.226175349428207939e-01 6.238881829733163853e-01 6.251588310038119767e-01 6.251588310038119767e-01
3.028764805414551620e-01 7.089678510998308480e-01 8.257191201353637489e-01 8.443316412859560582e-01 8.460236886632825914e-01 8.477157360406091247e-01 8.477157360406091247e-01 8.477157360406091247e-01 8.477157360406091247e-01 8.494077834179356579e-01
1.334552102376599658e-01 4.387568555758683542e-01 6.544789762340036399e-01 7.093235831809872050e-01 7.166361974405850432e-01 7.202925045703839624e-01 7.221206581352833664e-01 7.257769652650822856e-01 7.276051188299816896e-01 7.276051188299816896e-01
2.234042553191489255e-01 4.474734042553191737e-01 5.551861702127659504e-01 5.924202127659574657e-01 5.984042553191489811e-01 5.990691489361702482e-01 6.010638297872340496e-01 6.023936170212765839e-01 6.023936170212765839e-01 6.023936170212765839e-01
0.000000000000000000e+00 1.162790697674418589e-02 2.325581395348837177e-02 4.651162790697674354e-02 4.651162790697674354e-02 8.139534883720930813e-02 8.139534883720930813e-02 1.046511627906976799e-01 1.046511627906976799e-01 1.046511627906976799e-01
4.718714121699196240e-01 6.854190585533869173e-01 7.049368541905854935e-01 7.072330654420206919e-01 7.083811710677382356e-01 7.106773823191733230e-01 7.118254879448909778e-01 7.118254879448909778e-01 7.118254879448909778e-01 7.118254879448909778e-01
1.943127962085308136e-01 5.639810426540284860e-01 8.151658767772511638e-01 8.838862559241705830e-01 8.909952606635070937e-01 8.981042654028436045e-01 9.004739336492890711e-01 9.052132701421801153e-01 9.052132701421801153e-01 9.052132701421801153e-01
8.799999999999999489e-02 2.560000000000000053e-01 3.920000000000000151e-01 4.159999999999999809e-01 4.640000000000000235e-01 4.640000000000000235e-01 4.719999999999999751e-01 4.799999999999999822e-01 5.120000000000000107e-01 5.120000000000000107e-01
2.235294117647058931e-01 5.058823529411764497e-01 7.058823529411765163e-01 7.529411764705882248e-01 7.882352941176470340e-01 8.000000000000000444e-01 8.000000000000000444e-01 8.000000000000000444e-01 8.000000000000000444e-01 8.000000000000000444e-01
0.000000000000000000e+00 0.000000000000000000e+00 0.000000000000000000e+00 0.000000000000000000e+00 3.333333333333333148e-01 3.333333333333333148e-01 3.333333333333333148e-01 3.333333333333333148e-01 3.333333333333333148e-01 3.333333333333333148e-01
3.671706263498920181e-02 1.814254859611231230e-01 3.174946004319654236e-01 4.233261339092872499e-01 4.622030237580993517e-01 4.902807775377969746e-01 5.032397408207343048e-01 5.097192224622030254e-01 5.118790496760259323e-01 5.226781857451403557e-01
1.104477611940298531e-01 3.457711442786069456e-01 5.781094527363184188e-01 7.313432835820895539e-01 8.213930348258706715e-01 8.786069651741293951e-01 9.189054726368158788e-01 9.288557213930348500e-01 9.308457711442785776e-01 9.313432835820895095e-01
1.582278481012658333e-02 1.012658227848101250e-01 2.468354430379746944e-01 4.113924050632911666e-01 5.443037974683544444e-01 6.234177215189873333e-01 6.993670886075948889e-01 7.689873417721518889e-01 7.816455696202531112e-01 7.879746835443037778e-01
2.006809154529979322e-01 5.273311897106108814e-01 7.495744278418763340e-01 8.513334594287875756e-01 8.899186684320030682e-01 9.048609797616795625e-01 9.135615661055418446e-01 9.194250047285795757e-01 9.230187251749574218e-01 9.250993001702288998e-01
5.138339920948616774e-02 2.292490118577075187e-01 4.407114624505928946e-01 6.047430830039525196e-01 6.976284584980236847e-01 7.786561264822133843e-01 8.379446640316206008e-01 8.636363636363636465e-01 8.794466403162055634e-01 8.873517786561264664e-01
0.000000000000000000e+00 0.000000000000000000e+00 1.250000000000000000e-01 1.875000000000000000e-01 3.750000000000000000e-01 5.625000000000000000e-01 6.875000000000000000e-01 6.875000000000000000e-01 7.500000000000000000e-01 7.500000000000000000e-01
2.588454376163873416e-01 5.400372439478584585e-01 6.908752327746741084e-01 7.150837988826815872e-01 7.206703910614524755e-01 7.225325884543761790e-01 7.262569832402234749e-01 7.281191806331470673e-01 7.281191806331470673e-01 7.281191806331470673e-01
2.222222222222222099e-01 5.991285403050109482e-01 7.908496732026143450e-01 7.952069716775599373e-01 7.995642701525054186e-01 8.017429193899782147e-01 8.017429193899782147e-01 8.017429193899782147e-01 8.017429193899782147e-01 8.017429193899782147e-01
4.915254237288135819e-01 8.813559322033898136e-01 9.796610169491525300e-01 9.796610169491525300e-01 9.796610169491525300e-01 9.796610169491525300e-01 9.796610169491525300e-01 9.796610169491525300e-01 9.796610169491525300e-01 9.796610169491525300e-01
5.317286652078774267e-01 8.096280087527352176e-01 8.424507658643326513e-01 8.424507658643326513e-01 8.424507658643326513e-01 8.424507658643326513e-01 8.424507658643326513e-01 8.424507658643326513e-01 8.424507658643326513e-01 8.424507658643326513e-01
3.272171253822629966e-01 6.024464831804281495e-01 6.666666666666666297e-01 6.666666666666666297e-01 6.666666666666666297e-01 6.666666666666666297e-01 6.666666666666666297e-01 6.666666666666666297e-01 6.666666666666666297e-01 6.666666666666666297e-01
2.826489086200518197e-01 6.585275619681835169e-01 8.238993710691824290e-01 8.764335923048465204e-01 8.893821679615242504e-01 9.008509064002959699e-01 9.056603773584905870e-01 9.104698483166852041e-01 9.156492785793562961e-01 9.193488716241213776e-01
2.360953461975028311e-01 6.250472947408247659e-01 8.403329549754067207e-01 8.989784335981838570e-01 9.163828982217177010e-01 9.247067726068861626e-01 9.281119939462731949e-01 9.322739311388573702e-01 9.371925841846386884e-01 9.417328793038214352e-01
2.273711563447379791e-01 6.271113035946297432e-01 8.367258553486357497e-01 8.930272845387613456e-01 9.073191857947163763e-01 9.164140320485058000e-01 9.203118233001299497e-01 9.250757903854482933e-01 9.294066695539194844e-01 9.324382849718493294e-01
1.203155818540433963e-01 3.767258382642997838e-01 6.015779092702169262e-01 6.863905325443786509e-01 7.071005917159762788e-01 7.238658777120315913e-01 7.287968441814595133e-01 7.337278106508875464e-01 7.357001972386587596e-01 7.455621301775148257e-01
1.248876909254267725e-01 4.034141958670260375e-01 6.271338724168913359e-01 7.798742138364780363e-01 8.274932614555255972e-01 8.517520215633422875e-01 8.625336927223720140e-01 8.787061994609164373e-01 8.912848158131176923e-01 8.975741239892183199e-01
2.195121951219512202e-01 5.060975609756097615e-01 6.524390243902439268e-01 6.951219512195121464e-01 7.073170731707316694e-01 7.317073170731707155e-01 7.439024390243902385e-01 7.560975609756097615e-01 7.804878048780488076e-01 7.804878048780488076e-01
0.000000000000000000e+00 0.000000000000000000e+00 1.000000000000000056e-01 1.000000000000000056e-01 1.000000000000000056e-01 1.000000000000000056e-01 1.000000000000000056e-01 1.000000000000000056e-01 1.000000000000000056e-01 1.000000000000000056e-01
3.682170542635658794e-01 6.860465116279069742e-01 7.771317829457364823e-01 8.100775193798449569e-01 8.255813953488372325e-01 8.391472868217054737e-01 8.391472868217054737e-01 8.430232558139535426e-01 8.468992248062015005e-01 8.527131782945736038e-01
8.333333333333332871e-02 3.750000000000000000e-01 5.833333333333333703e-01 5.833333333333333703e-01 5.833333333333333703e-01 6.250000000000000000e-01 6.250000000000000000e-01 6.250000000000000000e-01 6.666666666666666297e-01 6.666666666666666297e-01
1.134751773049645363e-01 3.262411347517730764e-01 4.042553191489361430e-01 4.822695035460992652e-01 5.460992907801418550e-01 5.602836879432624428e-01 5.602836879432624428e-01 5.744680851063830307e-01 5.744680851063830307e-01 5.815602836879432136e-01
4.548611111111111049e-01 8.055555555555555802e-01 8.836805555555555802e-01 8.923611111111111605e-01 8.958333333333333703e-01 8.975694444444444198e-01 8.975694444444444198e-01 8.984375000000000000e-01 9.019097222222222099e-01 9.019097222222222099e-01
3.928571428571428492e-01 7.438423645320196842e-01 8.189655172413793371e-01 8.275862068965517127e-01 8.300492610837438834e-01 8.312807881773398577e-01 8.325123152709359431e-01 8.325123152709359431e-01 8.337438423645320285e-01 8.337438423645320285e-01
5.233111322549952593e-01 8.458610846812559814e-01 9.086584205518554169e-01 9.172216936251189612e-01 9.181731684110371328e-01 9.219790675547098191e-01 9.219790675547098191e-01 9.219790675547098191e-01 9.229305423406279907e-01 9.229305423406279907e-01
4.288793103448275690e-01 6.788793103448276245e-01 7.500000000000000000e-01 7.543103448275861878e-01 7.543103448275861878e-01 7.607758620689655249e-01 7.650862068965517127e-01 7.780172413793103869e-01 7.823275862068965747e-01 7.823275862068965747e-01
4.418604651162790775e-01 7.475083056478405430e-01 7.906976744186046124e-01 8.006644518272425515e-01 8.039867109634551978e-01 8.039867109634551978e-01 8.039867109634551978e-01 8.039867109634551978e-01 8.039867109634551978e-01 8.039867109634551978e-01
3.658823529411764919e-01 7.447058823529412175e-01 8.741176470588235548e-01 8.941176470588235725e-01 8.964705882352941302e-01 9.035294117647059142e-01 9.047058823529411375e-01 9.058823529411764719e-01 9.058823529411764719e-01 9.058823529411764719e-01
1.567796610169491511e-01 5.190677966101694407e-01 7.394067796610169774e-01 8.050847457627118287e-01 8.389830508474576121e-01 8.495762711864406347e-01 8.538135593220338437e-01 8.559322033898305593e-01 8.601694915254237683e-01 8.601694915254237683e-01
1.111111111111111049e-01 3.563218390804597790e-01 5.440613026819923759e-01 6.532567049808428727e-01 6.973180076628352486e-01 7.107279693486590055e-01 7.164750957854406632e-01 7.164750957854406632e-01 7.164750957854406632e-01 7.183908045977011048e-01
3.934426229508197065e-02 1.622950819672131229e-01 2.999999999999999889e-01 4.049180327868852625e-01 4.622950819672131395e-01 5.049180327868852958e-01 5.262295081967213184e-01 5.377049180327868605e-01 5.540983606557376984e-01 5.655737704918032405e-01
0.000000000000000000e+00 1.587301587301587213e-02 4.761904761904761640e-02 9.523809523809523281e-02 1.111111111111111049e-01 1.111111111111111049e-01 1.111111111111111049e-01 1.269841269841269771e-01 1.269841269841269771e-01 1.269841269841269771e-01
2.118055555555555525e-01 3.715277777777777901e-01 4.027777777777777901e-01 4.045138888888888951e-01 4.045138888888888951e-01 4.045138888888888951e-01 4.062500000000000000e-01 4.062500000000000000e-01 4.062500000000000000e-01 4.062500000000000000e-01
5.714285714285714107e-02 3.428571428571428603e-01 5.000000000000000000e-01 5.285714285714285809e-01 5.285714285714285809e-01 5.428571428571428159e-01 5.571428571428571619e-01 5.571428571428571619e-01 5.571428571428571619e-01 5.571428571428571619e-01
2.830188679245282946e-01 6.132075471698112956e-01 7.547169811320755262e-01 8.018867924528302327e-01 8.066037735849056478e-01 8.113207547169811740e-01 8.113207547169811740e-01 8.113207547169811740e-01 8.113207547169811740e-01 8.160377358490565891e-01
4.041450777202072464e-01 7.320503330866025005e-01 7.905255366395262939e-01 8.001480384900073739e-01 8.023686158401184265e-01 8.038490007401924986e-01 8.038490007401924986e-01 8.038490007401924986e-01 8.038490007401924986e-01 8.038490007401924986e-01
3.801652892561983577e-01 7.685950413223140432e-01 8.719008264462809743e-01 9.201101928374655348e-01 9.269972451790633450e-01 9.269972451790633450e-01 9.269972451790633450e-01 9.269972451790633450e-01 9.269972451790633450e-01 9.269972451790633450e-01
2.547071129707113024e-01 6.626569037656904193e-01 8.697698744769873924e-01 9.497907949790794779e-01 9.639121338912134407e-01 9.654811715481171897e-01 9.665271966527196890e-01 9.670502092050209386e-01 9.670502092050209386e-01 9.670502092050209386e-01
6.250000000000000000e-02 2.752976190476190688e-01 5.580357142857143016e-01 7.648809523809523281e-01 8.764880952380952328e-01 9.375000000000000000e-01 9.553571428571429047e-01 9.553571428571429047e-01 9.553571428571429047e-01 9.583333333333333703e-01
3.409331919406150546e-01 7.677624602332979720e-01 9.400848356309650100e-01 9.703075291622481613e-01 9.703075291622481613e-01 9.718981972428419880e-01 9.724284199363733006e-01 9.734888653234358147e-01 9.734888653234358147e-01 9.740190880169671273e-01
1.965678627145085733e-01 5.101404056162246459e-01 7.425897035881435793e-01 8.393135725429017313e-01 8.658346333853353949e-01 8.689547581903276363e-01 8.705148205928237015e-01 8.705148205928237015e-01 8.705148205928237015e-01 8.736349453978159429e-01
9.763313609467455523e-02 2.041420118343195145e-01 3.727810650887574129e-01 4.822485207100591920e-01 5.147928994082839882e-01 5.177514792899408080e-01 5.236686390532544477e-01 5.266272189349112676e-01 5.266272189349112676e-01 5.266272189349112676e-01
3.528801245459263214e-01 7.234042553191489811e-01 8.500259470679812912e-01 8.718214841722885522e-01 8.801245459263102866e-01 8.858329008822003470e-01 8.873897249610793736e-01 8.894654903995848905e-01 8.915412558380902963e-01 8.930980799169694340e-01
3.753086419753086656e-01 7.012345679012346178e-01 7.654320987654320563e-01 7.851851851851852082e-01 7.901234567901234129e-01 7.901234567901234129e-01 7.925925925925926263e-01 7.925925925925926263e-01 7.950617283950617287e-01 7.950617283950617287e-01
2.636986301369863006e-01 6.164383561643835829e-01 7.226027397260273988e-01 7.465753424657534110e-01 7.465753424657534110e-01 7.500000000000000000e-01 7.500000000000000000e-01 7.500000000000000000e-01 7.500000000000000000e-01 7.534246575342465890e-01
1.791044776119402882e-01 4.626865671641791078e-01 5.671641791044775838e-01 5.820895522388059851e-01 5.820895522388059851e-01 5.820895522388059851e-01 5.820895522388059851e-01 5.820895522388059851e-01 5.820895522388059851e-01 5.820895522388059851e-01
1.042047531992687376e-01 3.144424131627056584e-01 4.277879341864716523e-01 4.625228519195612176e-01 4.625228519195612176e-01 4.753199268738573791e-01 4.771480804387568386e-01 4.789762340036562982e-01 4.808043875685557578e-01 4.826325411334552173e-01
5.755370755370755598e-01 8.989951489951489849e-01 9.475051975051974607e-01 9.506237006237006071e-01 9.511434511434511130e-01 9.514899514899515243e-01 9.514899514899515243e-01 9.514899514899515243e-01 9.518364518364518245e-01 9.520097020097020302e-01
4.733317940429461745e-01 8.443777418610021179e-01 9.274994227661048640e-01 9.328099746017085581e-01 9.344262295081967595e-01 9.348880166243361822e-01 9.348880166243361822e-01 9.348880166243361822e-01 9.348880166243361822e-01 9.348880166243361822e-01
3.424787133396404726e-01 7.100283822138127032e-01 8.136234626300851147e-01 8.278145695364238499e-01 8.287606433301797360e-01 8.297067171239356220e-01 8.297067171239356220e-01 8.297067171239356220e-01 8.301797540208136761e-01 8.301797540208136761e-01
1.831932773109243573e-01 4.596638655462184642e-01 5.563025210084033834e-01 5.924369747899159711e-01 5.999999999999999778e-01 5.999999999999999778e-01 5.999999999999999778e-01 5.999999999999999778e-01 5.999999999999999778e-01 5.999999999999999778e-01
2.071005917159763482e-02 5.029585798816568060e-02 6.804733727810650945e-02 7.396449704142012138e-02 7.692307692307692735e-02 7.692307692307692735e-02 7.692307692307692735e-02 7.692307692307692735e-02 7.692307692307692735e-02 7.692307692307692735e-02
1.585395147730002396e-01 5.318280086476099289e-01 7.948594763391785278e-01 8.957482584674513193e-01 9.161662262791255840e-01 9.221715109296180213e-01 9.255344703338937995e-01 9.281767955801104586e-01 9.296180638962286968e-01 9.312995435983665304e-01
9.922480620155038622e-02 3.643410852713178105e-01 5.410852713178294637e-01 6.744186046511627675e-01 7.317829457364340984e-01 7.534883720930232176e-01 7.550387596899225118e-01 7.550387596899225118e-01 7.565891472868216949e-01 7.565891472868216949e-01
9.151313802476593318e-02 3.418906674720628147e-01 6.200543642404107159e-01 8.024765931742675606e-01 8.794926004228329486e-01 9.006342494714587588e-01 9.057686499546964143e-01 9.081848384173966116e-01 9.093929326487466547e-01 9.102990033222591038e-01
1.922920892494928979e-01 5.249492900608518919e-01 7.529411764705882248e-01 8.397565922920892101e-01 8.596348884381338484e-01 8.632860040567951199e-01 8.661257606490871952e-01 8.681541582150101855e-01 8.701825557809330647e-01 8.709939148073022608e-01
2.476265822784810000e-01 6.602056962025316666e-01 8.775712025316455556e-01 9.266218354430380000e-01 9.305775316455696666e-01 9.335443037974683334e-01 9.349287974683544444e-01 9.357199367088607778e-01 9.359177215189873333e-01 9.361155063291138889e-01
3.200000000000000067e-01 6.577777777777777946e-01 7.644444444444444819e-01 7.888888888888888618e-01 7.977777777777778079e-01 8.044444444444444065e-01 8.088888888888888795e-01 8.199999999999999512e-01 8.266666666666666607e-01 8.311111111111111338e-01
2.741796200345423262e-01 6.791882556131261239e-01 8.484455958549222965e-01 8.842832469775474546e-01 8.920552677029360833e-01 9.019861830742659237e-01 9.063039723661485692e-01 9.101899827288428835e-01 9.136442141623488666e-01 9.153713298791018582e-01
1.818181818181818094e-02 2.272727272727272790e-02 2.727272727272727140e-02 2.727272727272727140e-02 2.727272727272727140e-02 2.727272727272727140e-02 3.181818181818181490e-02 3.181818181818181490e-02 3.181818181818181490e-02 4.545454545454545581e-02
6.646525679758308325e-02 2.205438066465256752e-01 2.900302114803625653e-01 3.655589123867069579e-01 3.987915407854984995e-01 4.229607250755286763e-01 4.259818731117824830e-01 4.380664652567975992e-01 4.380664652567975992e-01 4.441087613293051573e-01
2.325581395348837177e-02 6.976744186046511531e-02 9.302325581395348708e-02 1.627906976744186163e-01 1.860465116279069742e-01 2.093023255813953598e-01 2.558139534883721034e-01 2.558139534883721034e-01 2.790697674418604612e-01 2.790697674418604612e-01
4.451833937928254548e-01 7.688432083837162256e-01 8.280935106811769808e-01 8.305118903667876307e-01 8.315195485691253552e-01 8.327287384119306246e-01 8.335348649738009152e-01 8.347440548166061847e-01 8.363563079403466549e-01 8.375654977831519243e-01
1.211340206185567009e-01 3.337628865979381243e-01 4.690721649484536071e-01 5.167525773195876804e-01 5.335051546391752497e-01 5.399484536082473918e-01 5.412371134020618202e-01 5.431701030927834628e-01 5.444587628865978912e-01 5.463917525773195338e-01
4.189903846153846256e-01 7.240384615384615197e-01 7.927884615384614975e-01 8.050480769230768940e-01 8.084134615384614975e-01 8.103365384615384137e-01 8.108173076923076428e-01 8.127403846153846700e-01 8.137019230769231282e-01 8.151442307692308153e-01
2.492211838006230459e-02 1.012461059190031126e-01 2.024922118380062253e-01 2.881619937694703815e-01 3.605919003115264920e-01 3.855140186915888001e-01 3.956386292834890850e-01 4.018691588785046620e-01 4.026479750778816369e-01 4.065420560747663448e-01
7.666941467436108604e-02 2.852431986809563225e-01 4.130255564715581418e-01 4.888705688375927227e-01 5.086562242374278453e-01 5.185490519373454621e-01 5.243198680956306923e-01 5.267930750206100132e-01 5.267930750206100132e-01 5.284418796372629679e-01
1.639344262295081844e-01 4.153005464480874487e-01 6.065573770491803351e-01 6.666666666666666297e-01 7.049180327868852514e-01 7.213114754098360892e-01 7.377049180327869271e-01 7.595628415300545999e-01 7.650273224043715459e-01 7.814207650273223837e-01
2.564102564102564014e-02 1.410256410256410242e-01 2.179487179487179516e-01 2.820512820512820484e-01 2.948717948717948789e-01 3.076923076923077094e-01 3.076923076923077094e-01 3.076923076923077094e-01 3.076923076923077094e-01 3.076923076923077094e-01
1.404011461318051546e-01 4.068767908309455783e-01 5.616045845272206183e-01 6.189111747851002709e-01 6.389684813753582215e-01 6.418338108882521986e-01 6.446991404011461757e-01 6.561604584527220840e-01 6.590257879656160611e-01 6.618911174785100382e-01
1.400000000000000133e-01 3.666666666666666408e-01 5.799999999999999600e-01 7.199999999999999734e-01 7.333333333333332815e-01 7.866666666666666252e-01 8.066666666666666430e-01 8.199999999999999512e-01 8.266666666666666607e-01 8.466666666666666785e-01
1.702127659574468044e-01 2.765957446808510745e-01 5.319148936170212671e-01 6.808510638297872175e-01 6.808510638297872175e-01 7.234042553191489811e-01 7.234042553191489811e-01 7.446808510638297518e-01 7.659574468085106336e-01 7.872340425531915153e-01
2.307060755336617364e-01 5.804597701149425415e-01 7.586206896551723755e-01 8.201970443349754225e-01 8.399014778325123443e-01 8.489326765188833779e-01 8.596059113300492660e-01 8.645320197044334964e-01 8.686371100164204107e-01 8.719211822660098976e-01
1.718146718146718044e-01 4.613899613899614116e-01 6.525096525096525379e-01 7.162162162162162282e-01 7.509652509652510188e-01 7.779922779922779918e-01 7.934362934362934050e-01 8.050193050193049649e-01 8.127413127413127825e-01 8.166023166023166358e-01
1.548269581056466171e-01 4.244080145719489883e-01 6.174863387978142271e-01 7.012750455373406577e-01 7.668488160291438982e-01 7.996357012750455739e-01 8.105646630236794659e-01 8.196721311475410054e-01 8.251366120218579514e-01 8.324225865209471387e-01
4.366549824737105401e-01 7.971957936905358366e-01 8.743114672008012178e-01 8.913370055082624477e-01 9.023535302954431847e-01 9.128693039559339084e-01 9.223835753630446055e-01 9.258888332498748097e-01 9.298948422633951383e-01 9.334001001502253425e-01
7.894736842105262720e-02 3.157894736842105088e-01 4.802631578947368363e-01 5.197368421052631637e-01 5.526315789473684736e-01 5.723684210526315264e-01 5.986842105263158187e-01 5.986842105263158187e-01 5.986842105263158187e-01 5.986842105263158187e-01
4.506493506493506329e-01 7.896103896103896513e-01 8.694805194805195203e-01 8.818181818181818343e-01 8.844155844155844326e-01 8.857142857142856762e-01 8.863636363636363535e-01 8.876623376623377082e-01 8.876623376623377082e-01 8.889610389610389518e-01
6.666666666666666574e-02 2.681159420289855322e-01 5.188405797101449668e-01 6.623188405797101330e-01 7.072463768115941907e-01 7.391304347826086474e-01 7.594202898550724834e-01 7.739130434782608425e-01 7.840579710144927050e-01 7.942028985507246786e-01
2.083333333333333218e-02 7.499999999999999722e-02 2.416666666666666685e-01 4.000000000000000222e-01 4.458333333333333592e-01 4.708333333333333259e-01 4.791666666666666852e-01 4.874999999999999889e-01 5.124999999999999556e-01 5.208333333333333703e-01
1.125938281901584653e-01 4.020016680567139455e-01 6.630525437864887017e-01 7.989991659716429995e-01 8.532110091743119185e-01 8.698915763135947055e-01 8.748957464553794861e-01 8.832360300250208240e-01 8.849040867389491583e-01 8.865721434528773814e-01
6.843267108167770674e-02 3.090507726269315913e-01 5.187637969094922585e-01 6.490066225165562752e-01 6.821192052980132869e-01 7.064017660044150659e-01 7.350993377483443503e-01 7.637969094922737456e-01 7.726269315673288673e-01 7.748344370860926755e-01
1.964679911699779291e-01 5.452538631346578457e-01 7.748344370860926755e-01 8.565121412803532452e-01 8.807947019867549132e-01 8.984547461368653787e-01 9.072847682119205004e-01 9.139072847682119249e-01 9.205298013245033495e-01 9.293598233995584712e-01
1.479166666666666685e-01 4.916666666666666408e-01 7.947916666666666741e-01 8.750000000000000000e-01 8.968749999999999778e-01 9.145833333333333037e-01 9.187499999999999556e-01 9.218750000000000000e-01 9.239583333333333259e-01 9.260416666666666519e-01
5.463414634146341459e-02 2.399999999999999911e-01 4.107317073170731470e-01 6.312195121951219567e-01 7.551219512195121997e-01 8.117073170731707865e-01 8.273170731707316650e-01 8.321951219512194742e-01 8.390243902439024071e-01 8.439024390243902163e-01
1.623036649214659732e-01 5.157068062827224741e-01 7.460732984293193537e-01 8.115183246073298662e-01 8.455497382198953193e-01 8.612565445026177935e-01 8.612565445026177935e-01 8.638743455497381873e-01 8.638743455497381873e-01 8.638743455497381873e-01
6.514657980456026176e-02 2.703583061889250905e-01 4.690553745928338625e-01 6.644951140065146200e-01 7.459283387622149819e-01 8.013029315960912280e-01 8.306188925081433583e-01 8.534201954397394596e-01 8.631921824104235030e-01 8.631921824104235030e-01
1.923076923076923184e-01 3.012820512820512664e-01 3.974358974358974117e-01 4.743589743589743390e-01 4.871794871794871695e-01 5.384615384615384359e-01 5.448717948717948234e-01 5.576923076923077094e-01 5.641025641025640969e-01 5.769230769230768718e-01
1.209677419354838745e-01 2.741935483870967527e-01 3.064516129032258118e-01 3.548387096774193727e-01 4.032258064516128782e-01 4.354838709677419373e-01 4.838709677419354982e-01 4.919354838709677491e-01 5.241935483870967527e-01 5.403225806451612545e-01
0.000000000000000000e+00 0.000000000000000000e+00 0.000000000000000000e+00 0.000000000000000000e+00 0.000000000000000000e+00 0.000000000000000000e+00 0.000000000000000000e+00 0.000000000000000000e+00 0.000000000000000000e+00 0.000000000000000000e+00
0.000000000000000000e+00 0.000000000000000000e+00 0.000000000000000000e+00 0.000000000000000000e+00 9.090909090909091161e-02 1.818181818181818232e-01 1.818181818181818232e-01 1.818181818181818232e-01 1.818181818181818232e-01 1.818181818181818232e-01
0.000000000000000000e+00 0.000000000000000000e+00 0.000000000000000000e+00 0.000000000000000000e+00 0.000000000000000000e+00 0.000000000000000000e+00 0.000000000000000000e+00 0.000000000000000000e+00 0.000000000000000000e+00 0.000000000000000000e+00
2.371627502175805147e-01 6.087902523933855781e-01 8.015665796344647598e-01 8.672758920800696103e-01 8.829416884247170971e-01 8.881636205395996297e-01 8.903394255874673702e-01 8.929503916449086365e-01 8.964316797214969545e-01 8.977371627502175322e-01
8.093278463648834187e-02 2.976680384087791453e-01 5.137174211248285438e-01 6.748971193415638226e-01 7.537722908093278384e-01 7.983539094650206058e-01 8.175582990397805006e-01 8.271604938271605034e-01 8.312757201646090444e-01 8.374485596707819113e-01
8.131147540983606203e-02 2.963934426229508090e-01 5.495081967213114593e-01 6.859016393442622928e-01 7.514754098360655332e-01 7.718032786885246077e-01 7.849180327868852114e-01 7.921311475409835712e-01 7.934426229508196871e-01 7.960655737704918078e-01
5.050505050505050934e-03 6.228956228956229052e-02 1.582491582491582505e-01 3.114478114478114734e-01 4.360269360269360406e-01 5.033670033670033517e-01 5.404040404040404422e-01 5.723905723905723386e-01 5.875420875420875877e-01 5.942760942760942910e-01
0.000000000000000000e+00 9.036144578313252615e-03 4.819277108433735191e-02 1.897590361445783136e-01 2.921686746987952055e-01 4.216867469879518326e-01 4.849397590361445576e-01 5.240963855421686413e-01 5.421686746987951500e-01 5.542168674698795261e-01
3.708891595615103620e-01 7.492387332521315280e-01 8.724116930572473061e-01 8.938794153471376625e-01 9.033191230207064937e-01 9.088002436053592703e-01 9.118453105968331585e-01 9.129110840438490193e-01 9.144336175395858524e-01 9.153471376370280188e-01
2.900889035232137037e-01 6.055317747777412274e-01 7.326308857425090082e-01 7.668752057951926382e-01 7.774119196575568491e-01 7.843266381297332446e-01 7.863022719789265480e-01 7.889364504445176562e-01 7.912413566019097511e-01 7.932169904511030545e-01
1.282722513089005201e-01 3.350785340314136329e-01 4.712041884816753901e-01 5.069808027923211613e-01 5.322862129144851906e-01 5.392670157068062409e-01 5.453752181500872709e-01 5.497382198952879273e-01 5.506108202443280586e-01 5.506108202443280586e-01
2.681800692574066725e-01 6.394767218160830602e-01 7.772220084647941674e-01 8.030011542901115407e-01 8.110811850711812099e-01 8.160831088880338147e-01 8.183916891111966407e-01 8.207002693343593558e-01 8.210850327048865305e-01 8.218545594459407688e-01
1.407284768211920500e-01 3.062913907284768311e-01 3.940397350993377623e-01 4.221854304635761501e-01 4.337748344370860876e-01 4.370860927152317998e-01 4.387417218543046560e-01 4.387417218543046560e-01 4.387417218543046560e-01 4.403973509933774566e-01
2.454090150250417268e-01 5.976627712854758467e-01 7.479131886477462521e-01 8.080133555926544142e-01 8.380634390651084953e-01 8.514190317195325930e-01 8.614357262103505830e-01 8.681135225375625764e-01 8.714524207011685730e-01 8.747913188647745697e-01
3.979721166032952895e-01 6.894803548795944703e-01 7.845373891001267141e-01 8.212927756653992661e-01 8.377693282636248240e-01 8.466413181242078423e-01 8.542458808618504928e-01 8.618504435994930324e-01 8.681875792141952042e-01 8.707224334600760507e-01
4.878048780487805047e-02 1.788617886178861804e-01 3.170731707317073211e-01 4.552845528455284341e-01 5.040650406504064707e-01 5.365853658536585691e-01 5.691056910569105565e-01 5.853658536585365502e-01 5.853658536585365502e-01 5.934959349593496025e-01
1.682242990654205517e-01 4.602803738317757243e-01 6.238317757009346209e-01 7.219626168224299034e-01 7.616822429906542347e-01 7.780373831775700966e-01 8.014018691588784549e-01 8.107476635514018204e-01 8.200934579439251859e-01 8.247663551401869242e-01
1.428571428571428527e-02 5.714285714285714107e-02 1.000000000000000056e-01 1.428571428571428492e-01 1.714285714285714302e-01 2.000000000000000111e-01 2.000000000000000111e-01 2.142857142857142738e-01 2.285714285714285643e-01 2.285714285714285643e-01
3.997665596731835302e-01 7.531368543915961666e-01 8.523489932885905951e-01 8.660636124890574994e-01 8.704406186168660575e-01 8.745258243361541117e-01 8.780274292384009360e-01 8.797782316895244037e-01 8.824044353662094942e-01 8.844470382258534658e-01
3.956310679611650394e-01 7.451456310679611672e-01 8.373786407766989903e-01 8.495145631067960723e-01 8.519417475728154887e-01 8.519417475728154887e-01 8.567961165048543215e-01 8.567961165048543215e-01 8.567961165048543215e-01 8.567961165048543215e-01
2.659574468085106336e-01 6.808510638297872175e-01 8.404255319148936643e-01 8.510638297872340496e-01 8.510638297872340496e-01 8.510638297872340496e-01 8.510638297872340496e-01 8.510638297872340496e-01 8.510638297872340496e-01 8.510638297872340496e-01
2.931034482758620441e-01 5.775862068965517127e-01 6.293103448275861878e-01 6.293103448275861878e-01 6.293103448275861878e-01 6.293103448275861878e-01 6.293103448275861878e-01 6.293103448275861878e-01 6.293103448275861878e-01 6.293103448275861878e-01
2.179104477611940316e-01 3.791044776119402715e-01 4.119402985074626655e-01 4.179104477611940149e-01 4.238805970149253644e-01 4.298507462686567138e-01 4.358208955223880632e-01 4.358208955223880632e-01 4.358208955223880632e-01 4.388059701492537101e-01
4.051472021836615145e-01 7.658412945993371412e-01 8.631312146617274861e-01 8.773640085786702514e-01 8.804835250536167113e-01 8.810684343926691309e-01 8.812634041723532707e-01 8.818483135114056903e-01 8.820432832910898302e-01 8.820432832910898302e-01
1.211262282690854092e-01 3.956916099773242768e-01 6.194255479969765776e-01 7.254346182917611463e-01 7.711640211640211628e-01 7.938397581254723612e-01 8.065003779289493524e-01 8.131141345427059797e-01 8.182161753590324604e-01 8.229402872260015434e-01
1.077647058823529430e-01 3.444705882352941395e-01 4.997647058823529442e-01 5.811764705882352944e-01 6.079999999999999849e-01 6.301176470588235601e-01 6.432941176470587941e-01 6.522352941176470242e-01 6.621176470588234775e-01 6.672941176470588154e-01
1.158074761788419199e-01 3.833374053261666137e-01 6.081114097239188609e-01 7.295382360127046217e-01 7.852430979721475302e-01 8.187148790618128391e-01 8.385047642316149075e-01 8.480332274615196564e-01 8.541412167114585952e-01 8.565844124114341263e-01
6.517412935323382839e-02 2.323383084577114455e-01 4.298507462686567138e-01 5.587064676616915193e-01 6.194029850746268773e-01 6.517412935323383394e-01 6.731343283582089665e-01 6.850746268656716653e-01 6.925373134328358660e-01 7.009950248756219304e-01
2.465517241379310276e-01 6.419540229885057903e-01 8.370689655172414145e-01 8.882183908045977461e-01 8.977011494252873369e-01 9.040229885057471382e-01 9.060344827586206407e-01 9.074712643678161106e-01 9.103448275862069394e-01 9.123563218390804419e-01
5.050505050505050414e-02 2.053872053872053960e-01 3.804713804713804604e-01 5.488215488215488769e-01 6.195286195286194841e-01 6.498316498316498713e-01 6.734006734006734440e-01 6.868686868686868507e-01 6.902356902356902024e-01 6.969696969696970168e-01
1.455525606469002808e-01 4.407008086253369483e-01 7.362982929020664979e-01 8.495058400718777936e-01 8.715184186882299899e-01 8.764600179694519433e-01 8.773584905660377631e-01 8.809523809523809312e-01 8.814016172506738966e-01 8.831985624438454252e-01
8.300000000000000433e-02 3.300000000000000155e-01 5.819999999999999618e-01 7.069999999999999618e-01 7.389999999999999902e-01 7.520000000000000018e-01 7.590000000000000080e-01 7.610000000000000098e-01 7.630000000000000115e-01 7.630000000000000115e-01
4.285714285714285754e-02 1.892857142857142794e-01 3.607142857142857095e-01 4.767857142857143127e-01 5.214285714285714635e-01 5.446428571428570953e-01 5.535714285714286031e-01 5.589285714285714413e-01 5.625000000000000000e-01 5.642857142857142794e-01
1.794055201698513680e-01 4.384288747346072324e-01 5.902335456475583664e-01 6.496815286624203489e-01 6.592356687898088818e-01 6.656050955414012371e-01 6.687898089171974148e-01 6.709129511677281998e-01 6.719745222929935924e-01 6.730360934182589849e-01
7.042253521126760722e-03 2.112676056338028130e-02 5.985915492957746137e-02 1.056338028169014065e-01 1.302816901408450634e-01 1.584507042253521236e-01 1.725352112676056260e-01 1.760563380281690016e-01 1.760563380281690016e-01 1.830985915492957805e-01
3.647001462701121577e-01 6.972208678693320172e-01 8.235007313505606774e-01 8.459288152120916227e-01 8.517796196977084344e-01 8.571428571428570953e-01 8.595806923451975168e-01 8.615309605070696763e-01 8.615309605070696763e-01 8.634812286689419469e-01
1.246105919003115230e-02 5.607476635514018620e-02 1.495327102803738206e-01 2.492211838006230529e-01 3.052959501557632183e-01 3.177570093457943723e-01 3.177570093457943723e-01 3.208722741433021608e-01 3.239875389408099493e-01 3.239875389408099493e-01
4.349593495934959142e-01 7.967479674796748013e-01 9.065040650406503975e-01 9.308943089430894435e-01 9.308943089430894435e-01 9.308943089430894435e-01 9.308943089430894435e-01 9.308943089430894435e-01 9.308943089430894435e-01 9.308943089430894435e-01
4.233576642335766249e-01 7.230571060541004513e-01 7.921854873336195979e-01 8.037784456848432457e-01 8.072133963074280549e-01 8.102189781021897907e-01 8.149420352082439312e-01 8.166595105195363358e-01 8.209531987977672918e-01 8.231000429368827698e-01
2.995974698102357725e-01 5.802185163887291219e-01 6.958021851638872546e-01 7.153536515238643201e-01 7.199539965497412375e-01 7.274295572167912560e-01 7.303047728579643572e-01 7.360552041403105594e-01 7.406555491661874768e-01 7.423806785508912931e-01
1.528998242530755780e-01 3.892794376098418496e-01 4.982425307557117877e-01 5.342706502636204169e-01 5.430579964850614783e-01 5.500878734622144384e-01 5.553602811950790752e-01 5.588752196836554997e-01 5.615114235500878737e-01 5.667838312829525105e-01
6.678082191780822241e-02 2.003424657534246534e-01 2.654109589041095951e-01 2.928082191780821963e-01 3.082191780821917915e-01 3.150684931506849140e-01 3.167808219178082085e-01 3.167808219178082085e-01 3.184931506849315030e-01 3.253424657534246811e-01
1.048951048951048994e-02 2.797202797202797200e-02 3.146853146853147154e-02 4.895104895104895187e-02 4.895104895104895187e-02 5.244755244755244794e-02 5.244755244755244794e-02 5.244755244755244794e-02 5.244755244755244794e-02 5.594405594405594401e-02
2.888052681091251017e-01 6.660395108184383739e-01 8.457196613358419768e-01 8.861712135465663609e-01 8.965192850423330251e-01 9.049858889934148110e-01 9.096895578551269512e-01 9.106302916274694459e-01 9.134524929444967078e-01 9.134524929444967078e-01
8.837970540098200045e-02 2.929623567921440519e-01 5.008183306055646877e-01 6.873977086743043863e-01 7.692307692307692735e-01 7.855973813420621399e-01 8.003273322422258529e-01 8.036006546644844928e-01 8.068739770867430217e-01 8.101472995090016616e-01
9.302325581395348708e-02 2.325581395348837177e-01 3.720930232558139483e-01 4.069767441860465129e-01 4.127906976744186163e-01 4.302325581395348708e-01 4.418604651162790775e-01 4.418604651162790775e-01 4.418604651162790775e-01 4.418604651162790775e-01
2.040816326530612082e-02 1.020408163265306145e-01 1.428571428571428492e-01 1.428571428571428492e-01 1.428571428571428492e-01 1.428571428571428492e-01 1.428571428571428492e-01 1.428571428571428492e-01 1.836734693877551117e-01 2.040816326530612290e-01
0.000000000000000000e+00 0.000000000000000000e+00 0.000000000000000000e+00 0.000000000000000000e+00 0.000000000000000000e+00 0.000000000000000000e+00 0.000000000000000000e+00 0.000000000000000000e+00 0.000000000000000000e+00 0.000000000000000000e+00
1.893491124260354985e-01 4.919695688926458144e-01 6.787827557058325745e-01 7.252747252747252515e-01 7.337278106508875464e-01 7.455621301775148257e-01 7.540152155536771206e-01 7.650042265426880705e-01 7.692307692307692735e-01 7.726120033812341470e-01
7.178631051752921988e-02 2.237061769616026652e-01 4.006677796327212104e-01 5.308848080133555802e-01 5.609348914858096613e-01 5.792988313856427540e-01 5.826377295492487507e-01 5.926544240400667407e-01 6.026711185308848417e-01 6.126878130217028318e-01
1.661721068249258082e-01 5.410484668644905959e-01 7.576656775469832183e-01 8.160237388724035368e-01 8.249258160237388227e-01 8.288822947576657274e-01 8.358061325420376164e-01 8.387734915924827117e-01 8.407517309594461086e-01 8.447082096933729023e-01
8.474576271186440649e-03 7.909604519774011966e-02 2.118644067796610075e-01 3.446327683615819093e-01 3.983050847457627053e-01 4.435028248587570832e-01 4.717514124293785138e-01 4.915254237288135819e-01 5.225988700564971889e-01 5.423728813559322015e-01
4.975609756097560954e-01 7.975609756097561398e-01 8.597560975609755962e-01 8.658536585365853577e-01 8.682926829268292623e-01 8.719512195121951192e-01 8.731707317073170715e-01 8.756097560975609762e-01 8.756097560975609762e-01 8.768292682926829285e-01
7.336492890995260918e-01 9.260663507109004877e-01 9.469194312796208601e-01 9.526066350710900021e-01 9.535545023696682110e-01 9.545023696682464198e-01 9.545023696682464198e-01 9.545023696682464198e-01 9.554502369668246287e-01 9.554502369668246287e-01
5.494071146245059767e-01 7.786561264822133843e-01 7.865612648221343983e-01 7.905138339920948498e-01 7.944664031620553013e-01 7.944664031620553013e-01 7.984189723320158638e-01 7.984189723320158638e-01 8.102766798418972183e-01 8.142292490118576698e-01
5.360000000000000320e-01 7.359999999999999876e-01 7.600000000000000089e-01 7.600000000000000089e-01 7.680000000000000160e-01 7.680000000000000160e-01 7.680000000000000160e-01 7.680000000000000160e-01 7.680000000000000160e-01 7.680000000000000160e-01
4.585987261146496907e-01 8.280254777070064076e-01 8.662420382165605393e-01 8.662420382165605393e-01 8.662420382165605393e-01 8.662420382165605393e-01 8.662420382165605393e-01 8.662420382165605393e-01 8.662420382165605393e-01 8.662420382165605393e-01
5.381165919282511201e-01 9.103139013452914430e-01 9.641255605381165994e-01 9.641255605381165994e-01 9.641255605381165994e-01 9.641255605381165994e-01 9.641255605381165994e-01 9.641255605381165994e-01 9.641255605381165994e-01 9.641255605381165994e-01
5.687164671894345824e-01 8.700990507635163462e-01 9.259182831200990504e-01 9.304581097812628654e-01 9.323153115971936078e-01 9.344820470491126407e-01 9.358233594717292325e-01 9.368551382583574227e-01 9.375773834089971004e-01 9.388155179529509287e-01
4.400431565967941050e-01 7.837546239210850807e-01 8.722256473489519157e-01 8.802404438964241962e-01 8.836313193588162251e-01 8.853267570900122951e-01 8.868680641183723790e-01 8.882552404438964766e-01 8.890258939580764075e-01 8.901048088779285328e-01
3.433261955745895988e-01 7.537473233404711204e-01 8.990007137758744271e-01 9.214846538187009273e-01 9.275517487508921910e-01 9.286224125624553682e-01 9.293361884368308568e-01 9.311206281227694115e-01 9.321912919343325887e-01 9.321912919343325887e-01
4.397606744628773656e-01 7.927658417187924966e-01 9.064454718520532639e-01 9.238509654609736721e-01 9.282023388632036909e-01 9.292901822137612511e-01 9.303780255643187003e-01 9.311939080772368982e-01 9.317378297525156228e-01 9.322817514277943474e-01
3.386656262192742628e-01 6.705033164260632006e-01 8.043308622707764366e-01 8.289114319157238064e-01 8.332032774092860139e-01 8.365197034724931591e-01 8.371049551307061520e-01 8.386656262192743183e-01 8.413968006242684705e-01 8.427623878267654911e-01
3.924528301886792692e-02 2.211320754716981085e-01 4.905660377358490587e-01 7.124528301886792203e-01 7.871698113207546976e-01 8.166037735849056567e-01 8.256603773584905159e-01 8.339622641509434331e-01 8.384905660377358627e-01 8.415094339622641861e-01
4.950495049504950555e-03 7.425742574257425399e-02 1.930693069306930743e-01 3.217821782178217904e-01 4.158415841584158223e-01 4.851485148514851353e-01 5.247524752475247745e-01 5.346534653465346842e-01 5.396039603960396391e-01 5.495049504950495489e-01
7.449856733524355679e-02 2.492836676217765057e-01 5.014326647564469885e-01 6.547277936962750955e-01 7.320916905444125877e-01 7.535816618911175269e-01 7.593123209169054810e-01 7.607449856733524696e-01 7.650429799426934352e-01 7.693409742120344008e-01
1.941747572815533812e-02 1.067961165048543631e-01 2.330097087378640852e-01 3.106796116504854099e-01 3.495145631067961278e-01 3.883495145631067902e-01 4.563106796116505048e-01 4.951456310679611672e-01 4.951456310679611672e-01 4.951456310679611672e-01
3.281481481481481333e-01 6.948148148148147740e-01 8.222222222222221877e-01 8.444444444444444420e-01 8.525925925925925686e-01 8.585185185185185697e-01 8.585185185185185697e-01 8.614814814814815147e-01 8.659259259259258767e-01 8.681481481481481133e-01
9.110396570203643796e-02 3.472668810289389341e-01 5.669882100750267551e-01 6.891747052518756300e-01 7.502679528403001230e-01 7.856377277599142506e-01 8.038585209003215049e-01 8.092175777063236319e-01 8.113612004287245050e-01 8.156484458735262510e-01
2.765957446808510467e-02 1.276595744680850963e-01 2.808510638297872508e-01 4.127659574468084958e-01 4.765957446808510856e-01 5.297872340425532345e-01 5.638297872340425343e-01 5.851063829787234161e-01 5.978723404255319451e-01 6.085106382978723305e-01
0.000000000000000000e+00 6.666666666666666574e-02 2.000000000000000111e-01 3.333333333333333148e-01 4.000000000000000222e-01 4.666666666666666741e-01 4.666666666666666741e-01 4.666666666666666741e-01 4.666666666666666741e-01 4.666666666666666741e-01
3.030303030303030387e-02 1.477272727272727348e-01 4.015151515151514916e-01 6.439393939393939226e-01 7.367424242424241987e-01 7.537878787878787845e-01 7.708333333333333703e-01 7.765151515151514916e-01 7.765151515151514916e-01 7.803030303030302761e-01
8.178844056706652266e-02 2.868047982551799602e-01 4.961832061068702227e-01 6.521264994547437688e-01 7.164667393675027141e-01 7.568157033805889000e-01 7.818974918211559766e-01 7.928026172300981500e-01 8.004362050163577047e-01 8.069792802617230532e-01
1.529933481152993269e-01 5.565410199556540816e-01 7.050997782705099581e-01 7.694013303769401402e-01 7.827050997782705188e-01 7.893569844789356527e-01 7.982261640798226088e-01 8.026607538802660313e-01 8.048780487804878536e-01 8.048780487804878536e-01
1.937321937321937193e-01 5.698005698005698116e-01 7.150997150997151497e-01 7.635327635327635587e-01 7.720797720797720753e-01 7.920227920227920215e-01 8.005698005698005382e-01 8.062678062678062529e-01 8.148148148148147696e-01 8.176638176638176825e-01
1.146788990825688137e-01 4.334862385321101019e-01 6.422018348623853568e-01 7.729357798165137350e-01 7.912844036697247452e-01 8.119266055045871733e-01 8.233944954128440408e-01 8.325688073394494904e-01 8.417431192660550510e-01 8.440366972477064689e-01
1.545667447306791620e-01 4.156908665105386591e-01 6.475409836065574298e-01 7.388758782201405584e-01 7.669789227166275980e-01 7.775175644028102795e-01 7.833723653395784359e-01 7.950819672131147486e-01 8.009367681498829050e-01 8.044496487119437989e-01
9.210526315789473173e-02 2.368421052631578816e-01 3.552631578947368363e-01 4.736842105263157632e-01 5.394736842105263275e-01 5.921052631578946901e-01 6.052631578947368363e-01 6.184210526315789824e-01 6.184210526315789824e-01 6.184210526315789824e-01
4.333925399644759924e-02 2.149200710479573784e-01 4.777975133214920067e-01 6.813499111900532812e-01 7.595026642984014087e-01 7.971580817051510115e-01 8.174067495559502738e-01 8.252220248667850866e-01 8.309058614564831524e-01 8.358792184724689323e-01
6.250000000000000000e-02 2.528973509933774566e-01 4.569536423841059625e-01 6.299668874172185129e-01 7.036423841059602502e-01 7.520695364238411118e-01 7.740066225165562752e-01 7.909768211920529257e-01 8.029801324503311744e-01 8.137417218543046005e-01
1.501472031403336682e-01 4.587831207065750649e-01 6.550539744847889700e-01 7.595682041216879066e-01 7.934249263984298750e-01 8.120706575073601829e-01 8.184494602551520837e-01 8.253189401373896006e-01 8.321884200196271175e-01 8.385672227674190182e-01
5.862533692722372153e-02 2.324797843665768193e-01 4.555256064690026974e-01 6.253369272237196963e-01 6.927223719676549596e-01 7.230458221024258503e-01 7.345013477088948584e-01 7.378706199460915993e-01 7.439353099730457997e-01 7.473045822102425406e-01
6.431207169214549213e-02 2.198207696362677877e-01 4.396415392725355753e-01 6.088560885608855777e-01 6.578808645229309304e-01 6.842382709541381391e-01 6.947812335266210226e-01 6.989984185556141760e-01 7.021613073273590411e-01 7.058513442277279948e-01
2.975332068311195566e-01 5.798861480075900854e-01 6.660341555977229433e-01 6.793168880455408010e-01 6.812144212523719711e-01 6.827324478178368183e-01 6.842504743833016656e-01 6.850094876660342003e-01 6.853889943074004121e-01 6.865275142314990475e-01
2.705949656750571974e-01 5.686498855835240285e-01 7.096681922196795833e-01 7.534324942791762458e-01 7.631578947368421462e-01 7.677345537757437333e-01 7.685926773455377115e-01 7.703089244851258899e-01 7.717391304347825942e-01 7.723112128146453204e-01
3.868843824071635518e-01 6.723729259942059500e-01 7.608638398735844133e-01 7.716618382933895237e-01 7.732420331840926808e-01 7.758756913352646833e-01 7.764024229654991061e-01 7.774558862259678405e-01 7.790360811166711086e-01 7.798261785620226316e-01
9.902252443688908112e-02 2.898427539311517198e-01 4.453888652783680180e-01 5.418614534636634339e-01 5.869103272418189077e-01 6.115597110072248377e-01 6.175095622609434454e-01 6.200594985125371661e-01 6.230344241393964699e-01 6.251593710157246075e-01
1.112627986348122822e-01 2.600682593856655234e-01 3.481228668941979687e-01 4.156996587030716839e-01 4.675767918088737374e-01 5.235494880546075480e-01 5.720136518771331557e-01 5.904436860068259518e-01 5.945392491467577090e-01 5.965870307167235875e-01
3.388658367911480118e-01 7.282157676348547382e-01 8.658367911479945001e-01 8.831258644536652547e-01 8.886583679114798962e-01 8.928077455048409883e-01 8.955739972337483090e-01 8.969571230982019694e-01 8.983402489626556298e-01 8.990318118948824599e-01
2.557856272838002210e-01 6.820950060901339596e-01 8.300852618757612600e-01 8.580998781973203648e-01 8.647990255785626967e-01 8.690621193666260291e-01 8.727161997563946949e-01 8.745432399512789168e-01 8.775883069427526939e-01 8.794153471376370268e-01
1.889020070838252630e-01 4.911452184179456726e-01 6.469893742621015686e-01 6.930342384887839824e-01 7.154663518299881897e-01 7.190082644628099651e-01 7.201889020070838532e-01 7.237308146399055175e-01 7.237308146399055175e-01 7.249114521841794057e-01
2.545317220543806824e-01 6.359516616314199178e-01 7.983383685800604646e-01 8.300604229607251305e-01 8.391238670694863844e-01 8.436555891238670668e-01 8.459214501510573525e-01 8.496978851963745694e-01 8.512084592145015005e-01 8.519637462235649661e-01
1.375186846038863875e-01 3.303437967115097074e-01 4.648729446935724874e-01 5.022421524663677195e-01 5.156950672645740363e-01 5.201793721973093643e-01 5.231689088191330272e-01 5.291479820627802422e-01 5.306427503736921292e-01 5.321375186846039052e-01
1.787072243346007616e-01 4.714828897338402824e-01 6.387832699619772070e-01 7.148288973384030465e-01 7.224334600760455860e-01 7.528517110266159662e-01 7.642585551330798310e-01 7.642585551330798310e-01 7.642585551330798310e-01 7.680608365019011563e-01
1.326530612244898044e-01 3.928571428571428492e-01 6.020408163265306145e-01 7.295918367346938549e-01 7.602040816326530726e-01 7.755102040816326259e-01 7.908163265306122902e-01 8.010204081632652517e-01 8.010204081632652517e-01 8.061224489795918435e-01
1.562500000000000000e-01 4.187500000000000111e-01 5.937500000000000000e-01 6.812500000000000222e-01 7.125000000000000222e-01 7.249999999999999778e-01 7.375000000000000444e-01 7.375000000000000444e-01 7.437500000000000222e-01 7.437500000000000222e-01
1.181818181818181795e-01 3.181818181818181768e-01 4.727272727272727182e-01 6.636363636363636909e-01 7.090909090909091050e-01 7.181818181818181435e-01 7.272727272727272929e-01 7.363636363636363313e-01 7.363636363636363313e-01 7.454545454545454808e-01
1.600000000000000033e-01 5.100000000000000089e-01 7.650000000000000133e-01 8.299999999999999600e-01 8.800000000000000044e-01 8.850000000000000089e-01 8.900000000000000133e-01 9.000000000000000222e-01 9.050000000000000266e-01 9.150000000000000355e-01
4.733412322274881401e-01 7.825829383886255819e-01 8.625592417061611616e-01 8.761848341232227888e-01 8.818127962085308136e-01 8.877369668246445356e-01 8.924763033175355798e-01 8.995853080568720905e-01 9.046208530805687209e-01 9.087677725118483707e-01
5.274411974340698778e-02 2.359230220955096102e-01 4.739843193157519674e-01 6.728439059158944913e-01 7.897362794012829923e-01 8.310762651461154338e-01 8.545972915181753171e-01 8.688524590163934080e-01 8.752672843905915379e-01 8.873841767640769929e-01
3.135888501742160189e-02 1.804878048780487743e-01 4.236933797909407939e-01 6.536585365853658791e-01 7.574912891986063102e-01 8.111498257839721004e-01 8.285714285714286254e-01 8.425087108013937787e-01 8.522648083623692861e-01 8.606271777003484669e-01
2.857142857142857054e-02 1.857142857142857206e-01 4.563492063492063378e-01 6.253968253968253954e-01 6.984126984126983739e-01 7.500000000000000000e-01 7.809523809523809534e-01 7.936507936507936067e-01 8.039682539682539986e-01 8.079365079365079527e-01
7.075471698113207711e-03 1.226415094339622647e-01 3.584905660377358250e-01 5.400943396226415283e-01 6.462264150943396457e-01 7.169811320754716499e-01 7.382075471698112956e-01 7.500000000000000000e-01 7.759433962264150608e-01 7.830188679245283501e-01
5.290757561569435774e-01 7.437025938758310417e-01 7.832194025657832626e-01 7.887442644442363981e-01 7.905234572525516867e-01 7.922090083341136735e-01 7.935199925086618977e-01 7.947373349564565981e-01 7.958610356774978856e-01 7.967038112182788234e-01
3.451874227653439764e-01 6.048331731429356095e-01 6.729369765206645315e-01 6.848826033228064825e-01 6.879033365371413078e-01 6.901002334202938071e-01 6.920225181930522718e-01 6.924344363586434348e-01 6.929836605794315041e-01 6.942194150762048821e-01
1.300332471370520826e-01 3.213889915035094136e-01 4.270410048023642324e-01 4.687846324344292492e-01 4.839305504248245238e-01 4.905799778352419871e-01 4.924270410048023905e-01 4.931658662726265407e-01 4.946435168082748413e-01 4.953823420760989915e-01
5.473372781065088954e-02 1.538461538461538547e-01 2.391518737672583828e-01 3.037475345167652829e-01 3.313609467455621571e-01 3.431952662721893255e-01 3.461538461538461453e-01 3.476331360946745552e-01 3.481262327416173585e-01 3.496055226824457685e-01
1.070950468540829946e-02 5.756358768406961285e-02 1.265060240963855331e-01 1.854082998661311932e-01 2.095046854082998622e-01 2.208835341365461835e-01 2.228915662650602370e-01 2.262382864792503445e-01 2.262382864792503445e-01 2.269076305220883438e-01
1.069706269180184105e-01 4.191144234984655603e-01 6.694432266549759092e-01 7.584392810170977883e-01 7.715914072775098553e-01 7.750986409469531324e-01 7.764138535729943058e-01 7.768522577816746599e-01 7.786058746163962985e-01 7.790442788250767636e-01
2.666666666666666838e-02 1.300000000000000044e-01 2.466666666666666730e-01 2.766666666666666718e-01 2.899999999999999800e-01 2.899999999999999800e-01 2.933333333333333348e-01 2.933333333333333348e-01 2.966666666666666896e-01 3.033333333333333437e-01
0.000000000000000000e+00 1.298701298701298787e-02 4.545454545454545581e-02 4.545454545454545581e-02 7.792207792207792028e-02 9.090909090909091161e-02 9.740259740259740728e-02 9.740259740259740728e-02 9.740259740259740728e-02 9.740259740259740728e-02
1.639344262295082053e-02 4.371584699453551909e-02 1.038251366120218622e-01 1.584699453551912662e-01 1.584699453551912662e-01 1.639344262295081844e-01 1.693989071038251304e-01 1.748633879781420764e-01 1.803278688524590223e-01 1.803278688524590223e-01
1.315789473684210453e-02 3.947368421052631360e-02 9.210526315789473173e-02 1.315789473684210453e-01 1.578947368421052544e-01 1.666666666666666574e-01 1.666666666666666574e-01 1.666666666666666574e-01 1.710526315789473728e-01 1.754385964912280604e-01
1.564537157757496799e-01 5.762711864406779849e-01 7.340286831812256052e-01 7.509778357235984414e-01 7.588005215123859726e-01 7.666232073011733927e-01 7.718383311603650432e-01 7.770534550195566936e-01 7.809647979139504592e-01 7.809647979139504592e-01
2.030360531309297889e-01 6.034155597722959952e-01 7.229601518026564921e-01 7.495256166982922075e-01 7.533206831119544367e-01 7.552182163187856068e-01 7.552182163187856068e-01 7.552182163187856068e-01 7.571157495256166658e-01 7.571157495256166658e-01
1.379310344827586188e-01 3.395225464190981257e-01 5.490716180371353339e-01 5.862068965517240882e-01 5.994694960212201273e-01 6.074270557029177731e-01 6.100795755968170253e-01 6.153846153846154188e-01 6.206896551724138122e-01 6.206896551724138122e-01
3.092783505154639290e-02 8.247422680412370977e-02 1.752577319587628746e-01 2.371134020618556604e-01 2.783505154639175361e-01 2.886597938144329634e-01 2.989690721649484462e-01 2.989690721649484462e-01 3.092783505154639290e-01 3.092783505154639290e-01
1.666666666666666574e-01 4.655172413793103314e-01 5.689655172413793371e-01 5.977011494252874035e-01 5.977011494252874035e-01 5.977011494252874035e-01 6.034482758620689502e-01 6.034482758620689502e-01 6.034482758620689502e-01 6.034482758620689502e-01
5.031545741324920940e-01 7.917981072555204669e-01 8.643533123028390719e-01 8.785488958990536057e-01 8.880126182965299986e-01 8.927444794952681395e-01 8.943217665615141865e-01 8.958990536277602335e-01 8.990536277602523274e-01 9.053627760252366263e-01
2.423076923076923073e-01 5.846153846153846478e-01 7.346153846153846700e-01 7.576923076923076650e-01 7.615384615384614975e-01 7.692307692307692735e-01 7.730769230769231060e-01 7.846153846153846034e-01 7.923076923076922684e-01 7.923076923076922684e-01
4.108280254777070262e-01 7.675159235668790325e-01 8.694267515923567169e-01 9.012738853503184933e-01 9.108280254777070262e-01 9.171974522292993814e-01 9.171974522292993814e-01 9.203821656050955591e-01 9.267515923566879144e-01 9.299363057324840920e-01
2.556818181818181768e-01 6.136363636363636465e-01 7.500000000000000000e-01 7.727272727272727071e-01 7.954545454545454142e-01 8.125000000000000000e-01 8.125000000000000000e-01 8.181818181818182323e-01 8.238636363636363535e-01 8.352272727272727071e-01
1.063829787234042562e-01 2.765957446808510745e-01 2.978723404255319007e-01 4.042553191489361430e-01 4.042553191489361430e-01 4.042553191489361430e-01 4.042553191489361430e-01 4.042553191489361430e-01 4.255319148936170248e-01 4.255319148936170248e-01
1.620370370370370350e-01 4.398148148148148251e-01 5.740740740740740700e-01 6.481481481481481399e-01 6.898148148148147696e-01 7.500000000000000000e-01 7.777777777777777901e-01 7.870370370370370905e-01 7.916666666666666297e-01 8.055555555555555802e-01
0.000000000000000000e+00 0.000000000000000000e+00 2.702702702702702853e-02 1.081081081081081141e-01 1.891891891891891997e-01 1.891891891891891997e-01 1.891891891891891997e-01 1.891891891891891997e-01 1.891891891891891997e-01 1.891891891891891997e-01
0.000000000000000000e+00 4.000000000000000083e-02 4.000000000000000083e-02 4.000000000000000083e-02 4.000000000000000083e-02 4.000000000000000083e-02 4.000000000000000083e-02 4.000000000000000083e-02 4.000000000000000083e-02 4.000000000000000083e-02
0.000000000000000000e+00 0.000000000000000000e+00 0.000000000000000000e+00 0.000000000000000000e+00 0.000000000000000000e+00 0.000000000000000000e+00 0.000000000000000000e+00 0.000000000000000000e+00 0.000000000000000000e+00 0.000000000000000000e+00
0.000000000000000000e+00 0.000000000000000000e+00 0.000000000000000000e+00 0.000000000000000000e+00 0.000000000000000000e+00 0.000000000000000000e+00 0.000000000000000000e+00 0.000000000000000000e+00 0.000000000000000000e+00 0.000000000000000000e+00
4.297872340425532012e-01 7.173252279635258244e-01 8.103343465045592664e-01 8.316109422492401482e-01 8.364741641337386513e-01 8.413373860182370434e-01 8.425531914893616969e-01 8.443768996960486772e-01 8.455927051671732197e-01 8.462006079027355465e-01
1.870100783874580064e-01 4.064949608062710107e-01 5.498320268756998752e-01 6.226203807390817691e-01 6.416573348264277277e-01 6.595744680851063357e-01 6.730123180291153195e-01 6.797312430011198670e-01 6.830907054871220296e-01 6.830907054871220296e-01
1.076923076923076983e-01 2.901098901098901339e-01 3.780219780219780112e-01 4.417582417582417431e-01 4.769230769230769496e-01 5.076923076923076650e-01 5.142857142857142350e-01 5.340659340659340559e-01 5.384615384615384359e-01 5.428571428571428159e-01
4.587155963302752548e-02 1.192660550458715663e-01 1.972477064220183596e-01 2.614678899082568675e-01 2.981651376146788879e-01 3.256880733944954032e-01 3.440366972477064134e-01 3.486238532110091937e-01 3.577981651376146988e-01 3.669724770642202039e-01
0.000000000000000000e+00 0.000000000000000000e+00 0.000000000000000000e+00 0.000000000000000000e+00 0.000000000000000000e+00 1.351351351351351426e-02 4.054054054054054279e-02 4.054054054054054279e-02 4.054054054054054279e-02 4.054054054054054279e-02
3.469696969696969835e-01 7.323232323232323759e-01 8.376262626262626076e-01 8.444444444444444420e-01 8.484848484848485084e-01 8.499999999999999778e-01 8.517676767676767291e-01 8.530303030303030276e-01 8.540404040404040442e-01 8.547979797979797789e-01
1.798941798941798842e-01 5.400895400895401322e-01 7.264957264957264682e-01 7.794057794057793753e-01 7.875457875457875234e-01 7.916157916157916530e-01 7.940577940577940863e-01 7.973137973137973677e-01 7.985347985347985844e-01 7.993487993487993215e-01
1.141552511415525051e-01 3.479452054794520688e-01 5.159817351598173785e-01 5.990867579908675244e-01 6.164383561643835829e-01 6.173515981735160363e-01 6.210045662100456276e-01 6.246575342465753300e-01 6.273972602739725790e-01 6.283105022831050324e-01
2.325654780687914092e-01 6.200694225307668006e-01 7.888923950773114591e-01 8.220258756705585146e-01 8.280214578731460717e-01 8.327548122436099209e-01 8.352792679078573368e-01 8.368570526980120272e-01 8.390659514042284606e-01 8.400126222783211860e-01
1.468890314304041045e-01 4.297626683771648692e-01 6.221937139191789923e-01 6.824887748556767164e-01 6.946760744066708959e-01 7.017318794098781343e-01 7.062219371391917910e-01 7.087876844130852616e-01 7.100705580500320524e-01 7.119948685054522386e-01
2.342342342342342287e-01 6.006006006006006093e-01 8.048048048048047631e-01 8.798798798798799226e-01 8.918918918918918859e-01 8.948948948948949322e-01 8.963963963963963444e-01 8.993993993993993907e-01 9.024024024024024371e-01 9.024024024024024371e-01
9.515859766277127985e-02 3.606010016694490838e-01 5.726210350584307607e-01 7.095158597662771793e-01 7.712854757929883398e-01 8.163606010016694059e-01 8.196994991652755136e-01 8.263772954924875069e-01 8.280467445742905053e-01 8.280467445742905053e-01
4.099051633298208541e-01 7.586933614330874098e-01 8.798735511064278425e-01 8.956796628029505269e-01 8.998946259220231836e-01 9.030558482613276761e-01 9.072708113804004437e-01 9.072708113804004437e-01 9.072708113804004437e-01 9.083245521601686079e-01
2.000000000000000111e-01 5.053763440860215006e-01 6.731182795698924526e-01 7.440860215053763937e-01 7.698924731182795744e-01 7.956989247311827551e-01 8.000000000000000444e-01 8.107526881720430456e-01 8.129032258064515792e-01 8.193548387096774022e-01
1.350762527233115573e-01 3.376906318082788516e-01 5.010893246187363426e-01 6.056644880174292256e-01 7.015250544662309240e-01 7.777777777777777901e-01 7.973856209150327334e-01 8.082788671023964922e-01 8.126361655773420845e-01 8.126361655773420845e-01
2.384105960264900625e-01 5.536423841059602280e-01 7.059602649006622155e-01 7.456953642384105407e-01 7.562913907284768422e-01 7.668874172185430327e-01 7.748344370860926755e-01 7.827814569536424294e-01 7.880794701986755246e-01 7.907284768211920722e-01
1.560509554140127320e-01 3.757961783439490722e-01 5.015923566878981443e-01 5.955414012738853291e-01 6.210191082802547502e-01 6.305732484076432831e-01 6.353503184713376051e-01 6.369426751592356384e-01 6.480891719745223156e-01 6.528662420382165266e-01
1.255060728744939180e-01 4.453441295546558543e-01 6.639676113360324372e-01 7.287449392712550544e-01 7.408906882591093090e-01 7.489878542510121084e-01 7.489878542510121084e-01 7.489878542510121084e-01 7.530364372469635637e-01 7.611336032388663630e-01
7.784431137724551197e-02 2.754491017964071919e-01 4.311377245508982159e-01 5.389221556886227837e-01 5.688622754491018396e-01 5.808383233532934398e-01 5.808383233532934398e-01 5.868263473053891843e-01 5.988023952095807845e-01 6.047904191616766401e-01
1.851851851851851749e-02 5.555555555555555247e-02 9.259259259259258745e-02 1.296296296296296224e-01 1.296296296296296224e-01 1.296296296296296224e-01 1.296296296296296224e-01 1.481481481481481399e-01 1.666666666666666574e-01 1.666666666666666574e-01
2.843601895734597026e-02 1.279620853080568610e-01 2.739336492890995234e-01 4.398104265402843494e-01 5.526066350710900910e-01 6.255924170616113944e-01 6.606635071090047884e-01 6.701421800947867657e-01 6.739336492890994901e-01 6.777251184834123254e-01
3.016591251885369571e-02 1.010558069381598811e-01 1.870286576168929127e-01 2.835595776772247278e-01 3.408748114630467674e-01 3.619909502262443346e-01 3.891402714932126750e-01 4.102564102564102422e-01 4.283559577677224506e-01 4.313725490196078649e-01
1.632916846186988347e-01 5.264971994829814594e-01 7.557087462300732250e-01 8.371391641533821870e-01 8.504954760878931097e-01 8.565273588970271357e-01 8.586816027574321053e-01 8.608358466178371859e-01 8.629900904782421556e-01 8.642826367944851373e-01
6.346666666666667123e-02 2.421333333333333393e-01 4.746666666666666812e-01 6.709333333333333815e-01 7.461333333333333151e-01 7.600000000000000089e-01 7.648000000000000353e-01 7.728000000000000425e-01 7.749333333333333629e-01 7.749333333333333629e-01
4.366812227074235581e-03 1.965065502183406185e-02 9.388646288209606672e-02 1.484716157205240306e-01 2.030567685589519666e-01 2.554585152838427797e-01 2.860262008733624461e-01 2.903930131004366921e-01 2.925764192139738151e-01 2.947598253275109381e-01
3.655685441020191107e-01 7.550478214665249377e-01 8.815090329436768846e-01 9.144527098831031209e-01 9.229543039319872966e-01 9.287991498405950841e-01 9.309245483528161280e-01 9.357066950053134491e-01 9.378320935175344930e-01 9.388947927736450705e-01
2.968299711815561848e-01 6.167146974063401066e-01 7.809798270893372196e-01 8.386167146974062847e-01 8.674351585014409283e-01 8.703170028818443260e-01 8.703170028818443260e-01 8.760806916426513435e-01 8.789625360230547413e-01 8.818443804034582501e-01
3.504973668812170762e-01 6.928028086600350743e-01 8.320655354008191784e-01 8.777062609713283114e-01 8.899941486249268729e-01 8.981860737273259510e-01 9.016968987712112860e-01 9.046225863077823615e-01 9.093036863662961045e-01 9.133996489174955880e-01
3.825301204819276935e-01 7.771084337349397630e-01 9.021084337349397630e-01 9.457831325301204739e-01 9.533132530120481674e-01 9.578313253012048500e-01 9.593373493975904109e-01 9.608433734939758608e-01 9.608433734939758608e-01 9.608433734939758608e-01
3.267716535433070613e-01 6.299212598425196763e-01 7.992125984251968740e-01 8.503937007874016185e-01 8.740157480314960647e-01 8.818897637795275468e-01 8.937007874015747699e-01 8.937007874015747699e-01 8.976377952755905110e-01 8.976377952755905110e-01
4.416243654822334941e-01 7.868020304568528189e-01 8.680203045685279672e-01 8.781725888324872775e-01 8.832487309644669882e-01 8.934010152284264095e-01 8.934010152284264095e-01 8.984771573604061201e-01 8.984771573604061201e-01 8.984771573604061201e-01
2.639593908629441765e-01 5.837563451776649481e-01 7.614213197969542657e-01 8.299492385786801929e-01 8.502538071065990355e-01 8.578680203045685460e-01 8.604060913705583458e-01 8.604060913705583458e-01 8.629441624365482566e-01 8.629441624365482566e-01
1.630769230769230638e-01 4.615384615384615641e-01 6.553846153846153433e-01 7.261538461538461497e-01 7.753846153846153388e-01 7.907692307692307798e-01 8.030769230769230216e-01 8.030769230769230216e-01 8.092307692307691980e-01 8.123076923076922862e-01
2.424242424242424310e-01 6.212121212121212155e-01 7.121212121212121549e-01 7.651515151515151381e-01 7.651515151515151381e-01 7.727272727272727071e-01 7.727272727272727071e-01 7.727272727272727071e-01 7.727272727272727071e-01 7.727272727272727071e-01
1.020408163265306145e-01 1.836734693877551117e-01 2.755102040816326259e-01 3.469387755102040782e-01 3.571428571428571508e-01 3.673469387755102233e-01 3.673469387755102233e-01 3.775510204081632404e-01 3.775510204081632404e-01 3.775510204081632404e-01
1.728931364031277285e-01 4.665508253692441376e-01 6.880973066898349311e-01 7.767158992180712707e-01 8.071242397914856204e-01 8.175499565595134577e-01 8.253692441355343634e-01 8.314509122502171667e-01 8.340573414422240983e-01 8.357949609035620897e-01
1.157601115760111543e-01 4.170153417015341479e-01 6.122733612273361103e-01 7.015341701534170138e-01 7.447698744769873924e-01 7.489539748953975007e-01 7.531380753138074979e-01 7.573221757322176062e-01 7.587168758716875683e-01 7.601115760111576414e-01
1.558239189715621420e-01 5.227892481495909349e-01 7.857421114141021068e-01 8.726139462407479508e-01 8.870276587456173978e-01 8.917023763147643445e-01 8.940397350993377623e-01 8.998831320607713069e-01 9.037787300350603736e-01 9.068952084144916714e-01
1.131879543094496399e-01 3.208722741433021608e-01 5.264797507788161468e-01 6.843198338525441349e-01 7.289719626168223998e-01 7.455867082035306792e-01 7.497403946002076935e-01 7.538940809968847079e-01 7.611630321910696217e-01 7.663551401869158619e-01
0.000000000000000000e+00 2.803738317757009310e-02 9.345794392523364136e-02 1.869158878504672827e-01 2.242990654205607448e-01 2.616822429906541791e-01 2.803738317757009102e-01 2.850467289719625930e-01 2.897196261682242757e-01 2.943925233644859585e-01
4.771873322597960376e-01 8.185721953837895581e-01 8.862050456253355302e-01 8.942565754159956803e-01 9.033816425120773097e-01 9.071390230810520983e-01 9.092860976918948346e-01 9.135802469135801962e-01 9.151905528717122484e-01 9.162640901771336166e-01
2.012195121951219634e-01 4.512195121951219634e-01 5.934959349593496025e-01 6.422764227642276946e-01 6.565040650406503975e-01 6.666666666666666297e-01 6.686991869918699205e-01 6.707317073170732113e-01 6.808943089430894435e-01 6.829268292682927344e-01
0.000000000000000000e+00 0.000000000000000000e+00 6.172839506172839164e-03 6.172839506172839164e-03 6.172839506172839164e-03 6.172839506172839164e-03 2.469135802469135665e-02 3.703703703703703498e-02 3.703703703703703498e-02 4.320987654320987414e-02
6.516290726817042245e-02 1.553884711779448535e-01 2.982456140350877027e-01 3.458646616541353191e-01 3.734335839598997286e-01 3.859649122807017330e-01 3.959899749373433364e-01 4.085213032581453407e-01 4.160401002506265433e-01 4.210526315789473450e-01
1.393728222996515678e-02 2.090592334494773691e-02 4.529616724738676214e-02 4.878048780487805047e-02 5.226480836236933880e-02 5.923344947735191546e-02 6.620209059233449211e-02 6.620209059233449211e-02 7.317073170731706877e-02 7.317073170731706877e-02
2.005233889434085703e-01 5.642787046123650674e-01 7.850834151128557314e-01 8.760222440300948765e-01 8.969578017664376901e-01 9.074255806346090969e-01 9.110238796205429868e-01 9.116781157998037344e-01 9.139679424272162400e-01 9.152764147857376242e-01
4.971932638331996723e-02 2.181234963913392111e-01 4.354450681635926301e-01 5.902165196471531594e-01 6.840417000801924940e-01 7.449879711307136887e-01 7.650360866078588229e-01 7.770649558941459256e-01 7.842822774659181650e-01 7.914995990376904045e-01
1.372549019607843257e-01 4.187675070028011315e-01 6.461251167133520434e-01 7.507002801120448154e-01 7.927170868347338528e-01 8.104575163398692883e-01 8.179271708683473197e-01 8.216619981325863353e-01 8.244631185807655971e-01 8.267973856209149819e-01
3.593556381660471116e-02 1.573729863692688857e-01 3.197026022304832460e-01 4.931846344485749656e-01 5.910780669144981569e-01 6.617100371747212106e-01 7.026022304832714171e-01 7.149938042131350757e-01 7.286245353159851446e-01 7.385377942998760936e-01
2.024291497975708523e-02 6.072874493927125222e-02 1.578947368421052544e-01 2.105263157894736725e-01 2.793522267206478005e-01 3.319838056680162186e-01 3.886639676113360364e-01 4.372469635627530549e-01 4.493927125506073095e-01 4.696356275303643635e-01
3.206106870229007422e-01 6.374045801526717625e-01 7.862595419847328015e-01 8.396946564885495734e-01 8.664122137404580704e-01 8.740458015267175140e-01 8.893129770992366234e-01 8.893129770992366234e-01 8.931297709923664563e-01 8.931297709923664563e-01
9.691629955947136943e-02 3.127753303964757592e-01 4.889867841409691884e-01 5.682819383259911650e-01 5.991189427312775262e-01 6.387665198237885145e-01 6.475770925110132525e-01 6.519823788546255106e-01 6.519823788546255106e-01 6.563876651982378796e-01
1.204819277108433798e-02 1.325301204819277212e-01 2.168674698795180766e-01 3.493975903614457978e-01 3.734939759036144391e-01 4.216867469879518326e-01 4.698795180722891707e-01 4.939759036144578119e-01 5.180722891566265087e-01 5.662650602409639022e-01
6.862745098039216285e-02 2.598039215686274717e-01 4.068627450980392135e-01 4.901960784313725283e-01 5.441176470588234837e-01 5.882352941176470784e-01 5.980392156862744946e-01 5.980392156862744946e-01 6.029411764705882026e-01 6.078431372549019107e-01
3.125000000000000000e-02 9.375000000000000000e-02 1.875000000000000000e-01 2.734375000000000000e-01 3.281250000000000000e-01 3.671875000000000000e-01 3.984375000000000000e-01 4.140625000000000000e-01 4.218750000000000000e-01 4.218750000000000000e-01
