1.951219512195122019e-01 5.126553152323976015e-01 6.525540727105384464e-01 6.843074091118269697e-01 6.921306948918545254e-01 6.971928209848136104e-01 6.994937873907041137e-01 7.004141739530602706e-01 7.013345605154164275e-01 7.013345605154164275e-01
1.580459770114942541e-01 4.128352490421455800e-01 5.704022988505746961e-01 6.355363984674329281e-01 6.436781609195402210e-01 6.479885057471264087e-01 6.508620689655172376e-01 6.542145593869731490e-01 6.580459770114942541e-01 6.599616858237548067e-01
3.165584415584415251e-02 1.282467532467532478e-01 2.150974025974025927e-01 2.930194805194805130e-01 3.571428571428571508e-01 3.879870129870129913e-01 3.969155844155843882e-01 4.009740259740259827e-01 4.025974025974026205e-01 4.025974025974026205e-01
8.268590455049944221e-02 2.508324084350721517e-01 4.156492785793562961e-01 4.894561598224195231e-01 5.355160932297446941e-01 5.560488346281908800e-01 5.660377358490565891e-01 5.715871254162042669e-01 5.738068812430632271e-01 5.738068812430632271e-01
3.364632237871674481e-02 9.780907668231611507e-02 1.776212832550860821e-01 2.574334898278560213e-01 3.067292644757433351e-01 3.309859154929577496e-01 3.575899843505477294e-01 3.802816901408450634e-01 3.920187793427230005e-01 3.959311424100156462e-01
1.795580110497237702e-01 5.220994475138122093e-01 7.182320441988950810e-01 7.513812154696132284e-01 7.624309392265193885e-01 7.624309392265193885e-01 7.707182320441988699e-01 7.707182320441988699e-01 7.734806629834254377e-01 7.734806629834254377e-01
1.225165562913907297e-01 4.006622516556291314e-01 6.059602649006622377e-01 6.523178807947019875e-01 6.622516556291391243e-01 6.721854304635761501e-01 6.754966887417218624e-01 6.754966887417218624e-01 6.788079470198675747e-01 6.788079470198675747e-01
5.128205128205128027e-02 1.837606837606837740e-01 3.076923076923077094e-01 3.717948717948718063e-01 3.974358974358974117e-01 4.102564102564102422e-01 4.145299145299145560e-01 4.188034188034188143e-01 4.230769230769230727e-01 4.316239316239316448e-01
7.823129251700680631e-02 3.775510204081632404e-01 5.442176870748299811e-01 6.224489795918367596e-01 6.292517006802721413e-01 6.360544217687075230e-01 6.394557823129252139e-01 6.428571428571429047e-01 6.496598639455782864e-01 6.564625850340135571e-01
6.390977443609022202e-02 2.744360902255639223e-01 4.210526315789473450e-01 5.263157894736841813e-01 5.451127819548872155e-01 5.488721804511278446e-01 5.563909774436089917e-01 5.563909774436089917e-01 5.676691729323308788e-01 5.676691729323308788e-01
4.030744336569579422e-01 6.966019417475728392e-01 7.715210355987055513e-01 7.857605177993527423e-01 7.872168284789643478e-01 7.889967637540452605e-01 7.899676375404530715e-01 7.912621359223300788e-01 7.917475728155339842e-01 7.925566343042070860e-01
1.805089761294140782e-01 4.937857565594792053e-01 6.596961925429078999e-01 6.977707634641940881e-01 7.050700335371867800e-01 7.090155849279936584e-01 7.119747484710988727e-01 7.141448017360426670e-01 7.163148550009863502e-01 7.178930755573090794e-01
1.029967995344777398e-01 2.929880709921443005e-01 4.236252545824847338e-01 4.707593831830084175e-01 4.853069537387256216e-01 4.940354960721559663e-01 4.975269130055280931e-01 5.007273785277858158e-01 5.036368926389293010e-01 5.050916496945010437e-01
5.839668279198341472e-02 1.869384934346924598e-01 2.826537664132688366e-01 3.279198341395991867e-01 3.420870767104353671e-01 3.496890117484450777e-01 3.524533517622667755e-01 3.565998617829992945e-01 3.583275742916378626e-01 3.600552868002764306e-01
7.724902216427639856e-02 2.509778357235984414e-01 3.526727509778357361e-01 3.983050847457627053e-01 4.106910039113428890e-01 4.162320730117340384e-01 4.211212516297261899e-01 4.224250325945241302e-01 4.256844850065188979e-01 4.273142112125162817e-01
2.047419115831069503e-01 4.455421091627562169e-01 5.218572487033835694e-01 5.349469004692516405e-01 5.369226969622128420e-01 5.386515188935540044e-01 5.406273153865152059e-01 5.413682390713756565e-01 5.421091627562361071e-01 5.428500864410965576e-01
1.280813214739517092e-01 3.595933926302414263e-01 4.831003811944091231e-01 5.293519695044472950e-01 5.349428208386276529e-01 5.390088945362134787e-01 5.412960609911054988e-01 5.420584498094027648e-01 5.423125794155019275e-01 5.428208386277001418e-01
1.885806192199437070e-01 4.841174105347808565e-01 6.105749899477281861e-01 6.367108966626457978e-01 6.413349416968234795e-01 6.429433051869722915e-01 6.443506232408524603e-01 6.455568958584639860e-01 6.469642139123441549e-01 6.471652593486127980e-01
2.421595871377530892e-02 7.860262008733624739e-02 1.401349741961095685e-01 1.707026597856292072e-01 1.877729257641921334e-01 1.953156014291385356e-01 1.992854307264787517e-01 2.016673283048829035e-01 2.060341405319571217e-01 2.076220722508932137e-01
3.290414878397711074e-01 5.252742012398664562e-01 5.526943252265140716e-01 5.584167858845970889e-01 5.612780162136384865e-01 5.634239389604196457e-01 5.648545541249403446e-01 5.650929899856937944e-01 5.655698617072008050e-01 5.660467334287077046e-01
1.655881233346022108e-01 5.001903311762466720e-01 6.889988580129424722e-01 7.548534449942900793e-01 7.674153026265702060e-01 7.776931861438903804e-01 7.822611343738103962e-01 7.853064331937571474e-01 7.872097449562238669e-01 7.891130567186904754e-01
2.814569536423841209e-02 1.142384105960264906e-01 2.102649006622516470e-01 2.665562913907284504e-01 2.938741721854304378e-01 3.062913907284768311e-01 3.145695364238410563e-01 3.187086092715231689e-01 3.253311258278145934e-01 3.269867549668873941e-01
1.694144400227401981e-01 4.070494599204093067e-01 5.338260375213189635e-01 5.713473564525298753e-01 5.849914724275155908e-01 5.923820352472995987e-01 5.986355884025014173e-01 6.026151222285389686e-01 6.048891415577032360e-01 6.100056850483228654e-01
5.306495882891125448e-02 1.610247026532479475e-01 2.479414455626715585e-01 2.808783165599267884e-01 2.964318389752973459e-01 3.037511436413540822e-01 3.092406221408965927e-01 3.129002744739249886e-01 3.156450137236962439e-01 3.165599268069533290e-01
2.569916855631141500e-02 1.156462585034013640e-01 1.882086167800453569e-01 2.388510959939531275e-01 2.592592592592592449e-01 2.736205593348450260e-01 2.773998488284202812e-01 2.819349962207104987e-01 2.842025699168556074e-01 2.887377173091458804e-01
8.345836459114779060e-02 2.743810952738184317e-01 4.613653413353338562e-01 5.881470367591897785e-01 6.667291822955738745e-01 7.154913728432108488e-01 7.460615153788446863e-01 7.563765941485370847e-01 7.595648912228056826e-01 7.612528132033008488e-01
1.409804549823774449e-02 5.671259211791092325e-02 1.332906119833386638e-01 2.495994873438000528e-01 3.149631528356295895e-01 3.739186158282601924e-01 4.075616789490548175e-01 4.277475168215315593e-01 4.456904838192886631e-01 4.559436078180070240e-01
1.793462109955423489e-01 4.741456166419019125e-01 6.741456166419019791e-01 7.655274888558691870e-01 8.017830609212481807e-01 8.179791976225854189e-01 8.260029717682020323e-01 8.310549777117385295e-01 8.334323922734027112e-01 8.352154531946508476e-01
2.611324903793292920e-02 1.030786146234194678e-01 2.231995601979109289e-01 3.424958768554150490e-01 4.081913139087410825e-01 4.617921935129191691e-01 5.090709180868608907e-01 5.368334249587685125e-01 5.574491478834524560e-01 5.643210555250137705e-01
5.885015844273426729e-03 2.444545043005885016e-02 6.020823902218198215e-02 8.963331824354911492e-02 1.235853327297419674e-01 1.530104119511090932e-01 1.697600724309642484e-01 1.824354911724762329e-01 1.883205070167496553e-01 1.905839746491625186e-01
2.256554307116104829e-01 4.990636704119850164e-01 6.338951310861423716e-01 6.470037453183520304e-01 6.498127340823970366e-01 6.507490636704119646e-01 6.516853932584270037e-01 6.544943820224718989e-01 6.573033707865169051e-01 6.582397003745318331e-01
1.913716814159291957e-01 4.922566371681416086e-01 6.426991150442478151e-01 6.504424778761062065e-01 6.526548672566371279e-01 6.526548672566371279e-01 6.537610619469026441e-01 6.537610619469026441e-01 6.537610619469026441e-01 6.537610619469026441e-01
3.079847908745247387e-01 5.769961977186311985e-01 6.501901140684410718e-01 6.511406844106464309e-01 6.511406844106464309e-01 6.511406844106464309e-01 6.511406844106464309e-01 6.520912547528516789e-01 6.520912547528516789e-01 6.520912547528516789e-01
3.446191051995163290e-01 5.272067714631196722e-01 5.538089480048367097e-01 5.538089480048367097e-01 5.538089480048367097e-01 5.538089480048367097e-01 5.538089480048367097e-01 5.538089480048367097e-01 5.538089480048367097e-01 5.538089480048367097e-01
1.898355754857997124e-01 3.497757847533632392e-01 3.916292974588938547e-01 3.916292974588938547e-01 3.916292974588938547e-01 3.916292974588938547e-01 3.916292974588938547e-01 3.916292974588938547e-01 3.916292974588938547e-01 3.916292974588938547e-01
2.729885057471264642e-01 6.469109195402298340e-01 8.078304597701149170e-01 8.541666666666666297e-01 8.631465517241379004e-01 8.688936781609195581e-01 8.714080459770114917e-01 8.732040229885057459e-01 8.750000000000000000e-01 8.757183908045976795e-01
2.248062015503876077e-01 5.992585102797438612e-01 8.217054263565891636e-01 8.793394000674081834e-01 8.928210313447927371e-01 8.982136838557465142e-01 8.998988877654195973e-01 9.029322548028311246e-01 9.046174587125042077e-01 9.046174587125042077e-01
2.137376689806357311e-01 5.878699305809280684e-01 7.833394227256119668e-01 8.359517720131530716e-01 8.469126781147241489e-01 8.545853123858239142e-01 8.571428571428570953e-01 8.582389477530142363e-01 8.586043112897332463e-01 8.597004018998903874e-01
9.314703925482369085e-02 2.954091816367265255e-01 4.690618762475050052e-01 5.502328675981370543e-01 5.701929474384563878e-01 5.834996673320026472e-01 5.848303393213573065e-01 5.874916833000665140e-01 5.894876912840985028e-01 5.921490352628077103e-01
9.501797637390857476e-02 3.251155624036979885e-01 5.377503852080123270e-01 6.682074987159732915e-01 7.092963533641499785e-01 7.272727272727272929e-01 7.390857729840780710e-01 7.503852080123266655e-01 7.596302003081664145e-01 7.668207498715973180e-01
8.716707021791766929e-02 2.384987893462469644e-01 3.305084745762711940e-01 3.644067796610169219e-01 3.849878934624697546e-01 3.983050847457627053e-01 4.031476997578692378e-01 4.079903147699757704e-01 4.104116222760290644e-01 4.116222760290557114e-01
7.722007722007722189e-03 3.474903474903474898e-02 5.791505791505791728e-02 9.459459459459459985e-02 1.100386100386100408e-01 1.158301158301158346e-01 1.216216216216216284e-01 1.274131274131274083e-01 1.389961389961389959e-01 1.409266409266409226e-01
2.768199233716475138e-01 5.086206896551723755e-01 5.727969348659003312e-01 5.996168582375478451e-01 6.101532567049808842e-01 6.226053639846743648e-01 6.226053639846743648e-01 6.254789272030650826e-01 6.273946360153256352e-01 6.283524904214559115e-01
2.772963604852686156e-02 8.492201039861352330e-02 1.334488734835355406e-01 1.629116117850953338e-01 1.750433275563258173e-01 1.837088388214904722e-01 1.889081455805892429e-01 1.923743500866550993e-01 1.993067590987868398e-01 2.045060658578856105e-01
5.263157894736841813e-02 1.735419630156472270e-01 2.517780938833570348e-01 3.072546230440967308e-01 3.314366998577524814e-01 3.485064011379800930e-01 3.570412517780938710e-01 3.627311522048364267e-01 3.655761024182077046e-01 3.741109530583214826e-01
3.970959595959596133e-01 6.963383838383838675e-01 7.657828282828282873e-01 7.720959595959595578e-01 7.733585858585858563e-01 7.746212121212121549e-01 7.771464646464646409e-01 7.771464646464646409e-01 7.809343434343434254e-01 7.815656565656565746e-01
3.259318001586042901e-01 5.923869944488501238e-01 6.486915146708961410e-01 6.550356859635210194e-01 6.582077716098334585e-01 6.597938144329896781e-01 6.605868358445677879e-01 6.605868358445677879e-01 6.613798572561458977e-01 6.621728786677240075e-01
4.358502148557397149e-01 7.077961939840392569e-01 7.630448127685697246e-01 7.710251688152240934e-01 7.728667894413751016e-01 7.777777777777777901e-01 7.777777777777777901e-01 7.796193984039287983e-01 7.814610190300798065e-01 7.820748925721301426e-01
2.916666666666666852e-01 4.820075757575757458e-01 5.407196969696970168e-01 5.482954545454545858e-01 5.492424242424241987e-01 5.549242424242424310e-01 5.587121212121212155e-01 5.719696969696970168e-01 5.738636363636363535e-01 5.738636363636363535e-01
2.399598393574297051e-01 4.397590361445782858e-01 4.809236947791164507e-01 4.849397590361445576e-01 4.879518072289156794e-01 4.889558232931726645e-01 4.889558232931726645e-01 4.899598393574297051e-01 4.909638554216867457e-01 4.909638554216867457e-01
2.553956834532374320e-01 5.341726618705036067e-01 6.229016786570743536e-01 6.402877697841726778e-01 6.438848920863309289e-01 6.504796163069543891e-01 6.534772182254197093e-01 6.558752997601918766e-01 6.576738609112710021e-01 6.588729016786570858e-01
8.485273492286114771e-02 2.945301542776998516e-01 4.537166900420757099e-01 5.203366058906030434e-01 5.490883590462832808e-01 5.596072931276296902e-01 5.617110799438990165e-01 5.645161290322581182e-01 5.687237026647966598e-01 5.722300140252454259e-01
8.458083832335329399e-02 2.672155688622754321e-01 4.004491017964071919e-01 4.895209580838323360e-01 5.261976047904192155e-01 5.419161676646706560e-01 5.508982035928143839e-01 5.523952095808383200e-01 5.553892215568861923e-01 5.553892215568861923e-01
3.370786516853932491e-02 1.201382886776145159e-01 2.247191011235954994e-01 3.050993949870354216e-01 3.431287813310285317e-01 3.785652549697493541e-01 3.941227312013829143e-01 4.036300777873811363e-01 4.165946413137424642e-01 4.243733794295592165e-01
9.562841530054645017e-03 1.639344262295082053e-02 2.868852459016393505e-02 4.781420765027322162e-02 6.010928961748633614e-02 7.513661202185792365e-02 7.786885245901639663e-02 8.606557377049180169e-02 9.426229508196720674e-02 1.010928961748633892e-01
8.843233586422509507e-02 1.581062974542206401e-01 1.759714158106297499e-01 1.777579276462706581e-01 1.786511835640910983e-01 1.786511835640910983e-01 1.813309513175524745e-01 1.831174631531933827e-01 1.835640911121036167e-01 1.835640911121036167e-01
3.194287861706125720e-02 8.493047726418639920e-02 1.127395715896279543e-01 1.232619316046598967e-01 1.266441187523487388e-01 1.281473130402104588e-01 1.304021044720030109e-01 1.315295001878992731e-01 1.315295001878992731e-01 1.337842916196918530e-01
1.535026514094334493e-01 3.494278537538375584e-01 4.261791794585542692e-01 4.448785933575216123e-01 4.476695506558749926e-01 4.485068378453809790e-01 4.496232207647222756e-01 4.510186994138989935e-01 4.535305609824169526e-01 4.560424225509349672e-01
3.798388681469836992e-01 6.533700137551581300e-01 6.948319905678915775e-01 6.995480448025152009e-01 7.003340538416191752e-01 7.009235606209471836e-01 7.013165651404991152e-01 7.015130674002750810e-01 7.017095696600510468e-01 7.019060719198271237e-01
2.099368179207352081e-01 4.135554279149913914e-01 4.589316484778862559e-01 4.856404365307294690e-01 4.902354968408960123e-01 4.905226881102814351e-01 4.908098793796668580e-01 4.936817920735209753e-01 4.962665134979896697e-01 4.988512349224583642e-01
2.200232828870780089e-01 5.789123565607849908e-01 7.558622983535672191e-01 8.182271744553467618e-01 8.311990686845168730e-01 8.346915017462165354e-01 8.376850157991019286e-01 8.388491601530018160e-01 8.401796108431731636e-01 8.410111425245301309e-01
7.249647390691114912e-02 2.606488011283497608e-01 4.400564174894217029e-01 5.712270803949224263e-01 6.431593794076163606e-01 6.849083215796897273e-01 7.012693935119886923e-01 7.029619181946403783e-01 7.032440056417489371e-01 7.055007052186177408e-01
2.323598766551786821e-01 5.797206602575729617e-01 7.451478323961545636e-01 7.890440776346816509e-01 7.961182659169235842e-01 8.011971703246870691e-01 8.031924541991656286e-01 8.051877380736440770e-01 8.077271902775258194e-01 8.100852530382731675e-01
1.111111111111111049e-01 3.166666666666666519e-01 4.732026143790849515e-01 5.379084967320261201e-01 5.549019607843137525e-01 5.601307189542483744e-01 5.647058823529411686e-01 5.660130718954248241e-01 5.683006535947712212e-01 5.702614379084967045e-01
3.953953953953953659e-02 1.106106106106106157e-01 1.941941941941942029e-01 2.422422422422422505e-01 2.622622622622622357e-01 2.697697697697697961e-01 2.722722722722722977e-01 2.747747747747747993e-01 2.757757757757757777e-01 2.787787787787787686e-01
2.848588537211291793e-01 6.184773310521813894e-01 7.368120901055033034e-01 7.604790419161676640e-01 7.670373538637011990e-01 7.713145138294839054e-01 7.733105218135157832e-01 7.744510978043912530e-01 7.750213857998289324e-01 7.758768177929854515e-01
3.237634036665513748e-01 5.873400207540643292e-01 6.648218609477689611e-01 6.821169145624351726e-01 6.855759252853683705e-01 6.883431338637149288e-01 6.897267381528883190e-01 6.900726392251815833e-01 6.907644413697682229e-01 6.907644413697682229e-01
1.585311240483654183e-01 3.922973578145991791e-01 5.038065382892968902e-01 5.302283922973578534e-01 5.360501567398119338e-01 5.396327810120913337e-01 5.414240931482310337e-01 5.418719211822660142e-01 5.423197492163009947e-01 5.432154052843708447e-01
1.032085561497326220e-01 2.770053475935828624e-01 3.711229946524063905e-01 4.021390374331550999e-01 4.074866310160427663e-01 4.101604278074866272e-01 4.122994652406417049e-01 4.139037433155079992e-01 4.160427807486630769e-01 4.171122994652406435e-01
7.262569832402235304e-02 2.191185599006827966e-01 2.960893854748603560e-01 3.227808814400993098e-01 3.277467411545623710e-01 3.308504034761017842e-01 3.327126008690254322e-01 3.339540657976411975e-01 3.351955307262569628e-01 3.351955307262569628e-01
5.612582781456953995e-01 8.789735099337748769e-01 9.293046357615893927e-01 9.321192052980132869e-01 9.322847682119205226e-01 9.322847682119205226e-01 9.322847682119205226e-01 9.324503311258278693e-01 9.324503311258278693e-01 9.324503311258278693e-01
4.449043958210132099e-01 8.048492016558249640e-01 8.840922531046717658e-01 8.905972797161443300e-01 8.915828898087916343e-01 8.921742558643800391e-01 8.923713778829095444e-01 8.923713778829095444e-01 8.923713778829095444e-01 8.923713778829095444e-01
3.237597911227154124e-01 6.788511749347257984e-01 7.911227154046996946e-01 8.070786190890629763e-01 8.093994778067885587e-01 8.099796924862199266e-01 8.102697998259356105e-01 8.102697998259356105e-01 8.102697998259356105e-01 8.102697998259356105e-01
1.545039908779931581e-01 4.110604332953249895e-01 5.148232611174458073e-01 5.456100342075256293e-01 5.524515393386545403e-01 5.541619156214366848e-01 5.547320410490307330e-01 5.553021664766248922e-01 5.553021664766248922e-01 5.553021664766248922e-01
2.226720647773279202e-02 5.060728744939271134e-02 7.591093117408906354e-02 8.097165991902834092e-02 8.299595141700405465e-02 8.400809716599190458e-02 8.400809716599190458e-02 8.502024291497975450e-02 8.502024291497975450e-02 8.603238866396760443e-02
1.395932714034647248e-01 4.784082349987446858e-01 7.233241275420537741e-01 8.231232739141350896e-01 8.469746422294752719e-01 8.558875219683655944e-01 8.590258599045945687e-01 8.619131308059251317e-01 8.630429324629675936e-01 8.644238011549083556e-01
8.688012495119093459e-02 3.096446700507614058e-01 5.247950019523623943e-01 6.647793830534947102e-01 7.171026942600546850e-01 7.377977352596641891e-01 7.448262397500976517e-01 7.469738383443966789e-01 7.487309644670050446e-01 7.504880905896134102e-01
8.438205872862213075e-02 3.046143917392707401e-01 5.343659244917715601e-01 6.886092287834785219e-01 7.549209422394320690e-01 7.746047111971603449e-01 7.817037754114229964e-01 7.846079380445304396e-01 7.860600193610842723e-01 7.873507583091319262e-01
1.818181818181818232e-01 4.934853420195439710e-01 7.102457802783536112e-01 7.922712466686407939e-01 8.067811667160201816e-01 8.115190997927154148e-01 8.128516434705359561e-01 8.140361267397098199e-01 8.153686704175303612e-01 8.168492745039975800e-01
2.332433384200023607e-01 6.113393590797041588e-01 8.131236060570489199e-01 8.621903979340298507e-01 8.684117854208240894e-01 8.716985561685643980e-01 8.736940955511209861e-01 8.749853269163047065e-01 8.756896349336776852e-01 8.758070196032398114e-01
2.583044124938027042e-01 5.265245413981159972e-01 6.341100644521566743e-01 6.529499256321269485e-01 6.653445711452652400e-01 6.757560733763013916e-01 6.797223599405056715e-01 6.831928606841843887e-01 6.866633614278632169e-01 6.881507188894397942e-01
2.512896094325718366e-01 6.319086219602063625e-01 7.966101694915254106e-01 8.316138540899041809e-01 8.360353721444362396e-01 8.426676492262343832e-01 8.456153279292557556e-01 8.474576271186440302e-01 8.492999263080324157e-01 8.496683861459101150e-01
7.207953603976802182e-02 1.789560894780447275e-01 2.361226180613090198e-01 2.485501242750621509e-01 2.626346313173156810e-01 2.725766362883181304e-01 2.800331400165699813e-01 2.833471416735708348e-01 2.866611433305716883e-01 2.874896437448218878e-01
8.584686774941995002e-02 2.327919566898685177e-01 3.225058004640370957e-01 3.565351894818252210e-01 3.681361175560711740e-01 3.735498839907192559e-01 3.781902552204176593e-01 3.820572312451662733e-01 3.859242072699149428e-01 3.882443928847640890e-01
1.178992497320471670e-02 3.429796355841371880e-02 5.144694533762057820e-02 6.538049303322615580e-02 7.073954983922829676e-02 7.502679528403001508e-02 7.931404072883171952e-02 8.145766345123257868e-02 8.681672025723473352e-02 8.896034297963557880e-02
4.041144901610018159e-01 7.010733452593918003e-01 7.554561717352414885e-01 7.579606440071556817e-01 7.586762075134168004e-01 7.595706618962433376e-01 7.610017889087656862e-01 7.627906976744186496e-01 7.642218246869409981e-01 7.645796064400715020e-01
8.325074331020812513e-02 2.424843078956062103e-01 3.488602576808721434e-01 3.924677898909811891e-01 4.063429137760158349e-01 4.126197555335315292e-01 4.136108358110340277e-01 4.155929963660389692e-01 4.172447968285430964e-01 4.198876775685497220e-01
3.582205029013539876e-01 6.274661508704061363e-01 6.957446808510637792e-01 7.090909090909091050e-01 7.123791102514507312e-01 7.145067698259187638e-01 7.164410058027079753e-01 7.181818181818181435e-01 7.189555125725338725e-01 7.201160541586073549e-01
2.134387351778656294e-02 8.221343873517786283e-02 1.588932806324110658e-01 2.252964426877470394e-01 2.743083003952569432e-01 2.932806324110672214e-01 3.007905138339920792e-01 3.043478260869565410e-01 3.055335968379446765e-01 3.071146245059288571e-01
5.466808661696840460e-02 1.877884274050408142e-01 2.917997870074547362e-01 3.478878239261625760e-01 3.663471778487752961e-01 3.766418175363862031e-01 3.805466808661696620e-01 3.812566560170393970e-01 3.823216187433439717e-01 3.840965566205182813e-01
1.105668299510146890e-01 2.596221133659902258e-01 3.568929321203638816e-01 3.932820153953813791e-01 4.093771868439468054e-01 4.121763470958712539e-01 4.163750874737578989e-01 4.184744576627011936e-01 4.212736179146255866e-01 4.247725682295311334e-01
1.592356687898089165e-02 5.838641188959660389e-02 1.104033970276008525e-01 1.316348195329087034e-01 1.443736730360934140e-01 1.464968152866241990e-01 1.486199575371549841e-01 1.496815286624203767e-01 1.528662420382165543e-01 1.528662420382165543e-01
1.105527638190954842e-01 2.996231155778894539e-01 4.032663316582914548e-01 4.466080402010050299e-01 4.560301507537688481e-01 4.591708542713567875e-01 4.604271356783919411e-01 4.635678391959798805e-01 4.660804020100502432e-01 4.679648241206030290e-01
6.979695431472081324e-02 2.563451776649746106e-01 4.010152284263959199e-01 4.822335025380710682e-01 5.114213197969542657e-01 5.393401015228426187e-01 5.520304568527918399e-01 5.697969543147207716e-01 5.736040609137056379e-01 5.812182741116751483e-01
3.011093502377179196e-02 1.299524564183835162e-01 2.202852614896989025e-01 3.296354992076069856e-01 3.454833597464342376e-01 3.581616481774960170e-01 3.629160063391442259e-01 3.676703645007923793e-01 3.692551505546751156e-01 3.708399366085578519e-01
2.102409638554216809e-01 5.246987951807229322e-01 6.999999999999999556e-01 7.572289156626506035e-01 7.728915662650602814e-01 7.819277108433735357e-01 7.897590361445783191e-01 7.909638554216867901e-01 7.969879518072289226e-01 7.987951807228915735e-01
1.326449563145353505e-01 3.677521842732327517e-01 5.321683876092137000e-01 5.774424146147736359e-01 5.988880063542494359e-01 6.131850675138998952e-01 6.274821286735504655e-01 6.338363780778395462e-01 6.409849086576647759e-01 6.457505957108816697e-01
1.014778325123152775e-01 2.798029556650246108e-01 4.147783251231527135e-01 4.926108374384236543e-01 5.428571428571428159e-01 5.556650246305419039e-01 5.655172413793103647e-01 5.733990147783251112e-01 5.793103448275862544e-01 5.862068965517240882e-01
4.170699516058072875e-01 7.681478222613286055e-01 8.477782666080070362e-01 8.609766827980642745e-01 8.688957325120985065e-01 8.728552573691157335e-01 8.776946766388032950e-01 8.790145182578090743e-01 8.807743070831500765e-01 8.834139903211614131e-01
3.133159268929503610e-02 9.268929503916449597e-02 1.657963446475195779e-01 1.958224543080940017e-01 2.349869451697128020e-01 2.545691906005221883e-01 2.597911227154047209e-01 2.663185378590078312e-01 2.689295039164490975e-01 2.741514360313315746e-01
3.732135565536953692e-01 6.516945692119232580e-01 7.260106165781952114e-01 7.394855042874642903e-01 7.431604736627194230e-01 7.476521028991425233e-01 7.488770926908941972e-01 7.496937525520620538e-01 7.496937525520620538e-01 7.529603919967333692e-01
4.185520361990949928e-02 1.821266968325791769e-01 3.523755656108597534e-01 4.423076923076922906e-01 4.739819004524886692e-01 4.977375565610859809e-01 5.090497737556560764e-01 5.186651583710407687e-01 5.248868778280543212e-01 5.282805429864253499e-01
1.707317073170731836e-02 6.422764227642276114e-02 1.642276422764227528e-01 2.495934959349593585e-01 2.869918699186991828e-01 3.040650406504065151e-01 3.089430894308943243e-01 3.105691056910568904e-01 3.219512195121951303e-01 3.260162601626016010e-01
7.688766114180478617e-02 2.859116022099447707e-01 4.742173112338858298e-01 5.842541436464088189e-01 6.275322283609576779e-01 6.418047882136279636e-01 6.477900552486187680e-01 6.523941068139963440e-01 6.546961325966851319e-01 6.556169429097605805e-01
4.478566858605246420e-02 1.919385796545105549e-01 3.352527191298784182e-01 4.062699936020473523e-01 4.286628278950735949e-01 4.478566858605246281e-01 4.657709532949456110e-01 4.766474728087012336e-01 4.849648112603966998e-01 4.856046065259116973e-01
1.364497789008212170e-01 4.144030322173088976e-01 6.203411244472520902e-01 7.169930511686670727e-01 7.391029690461149437e-01 7.511054958938724324e-01 7.580543272267845634e-01 7.605811749842071867e-01 7.643714466203411773e-01 7.675300063171194287e-01
1.477860839562967210e-01 4.606095457159287143e-01 7.096032202415181178e-01 7.780333525014375695e-01 7.993099482461184513e-01 8.159861989649224157e-01 8.182863714778608744e-01 8.200115008625646906e-01 8.205865439907993331e-01 8.223116733755031493e-01
5.624142661179698521e-02 2.277091906721536441e-01 4.012345679012345734e-01 6.049382716049382935e-01 7.187928669410150739e-01 7.681755829903977872e-01 7.825788751714677360e-01 7.901234567901234129e-01 7.969821673525376848e-01 8.017832647462277418e-01
1.465009810333551266e-01 4.401569653368214707e-01 6.500981033355134331e-01 7.233485938521909686e-01 7.449313276651405857e-01 7.652060170045781318e-01 7.665140614780902029e-01 7.678221059516023850e-01 7.704381948986265272e-01 7.710922171353825627e-01
4.355716878402903641e-02 1.751361161524500887e-01 3.339382940108893139e-01 4.791288566243194214e-01 5.326678765880217270e-01 5.961887477313974060e-01 6.442831215970962200e-01 6.642468239564428556e-01 6.715063520871142888e-01 6.814882032667876066e-01
1.333333333333333315e-01 2.380952380952380820e-01 2.952380952380952439e-01 3.476190476190476053e-01 3.619047619047618958e-01 3.952380952380952217e-01 3.952380952380952217e-01 4.000000000000000222e-01 4.095238095238095122e-01 4.285714285714285476e-01
9.009009009009008584e-02 1.756756756756756854e-01 1.936936936936936859e-01 2.252252252252252285e-01 2.567567567567567433e-01 2.792792792792792578e-01 3.018018018018018278e-01 3.063063063063062863e-01 3.153153153153153143e-01 3.243243243243243423e-01
1.149425287356321823e-02 1.149425287356321823e-02 1.724137931034482735e-02 2.873563218390804558e-02 2.873563218390804558e-02 4.022988505747126381e-02 4.022988505747126381e-02 4.597701149425287293e-02 4.597701149425287293e-02 5.172413793103448204e-02
0.000000000000000000e+00 1.149425287356321823e-02 1.724137931034482735e-02 2.298850574712643646e-02 3.448275862068965469e-02 3.448275862068965469e-02 3.448275862068965469e-02 3.448275862068965469e-02 3.448275862068965469e-02 5.172413793103448204e-02
0.000000000000000000e+00 2.285714285714285712e-02 2.285714285714285712e-02 2.285714285714285712e-02 2.285714285714285712e-02 3.428571428571428742e-02 4.000000000000000083e-02 4.571428571428571425e-02 5.714285714285714107e-02 5.714285714285714107e-02
2.042113627334127823e-01 5.439014700039729311e-01 7.147397695669447382e-01 7.727453317441398406e-01 7.850615812475169042e-01 7.890345649582837240e-01 7.902264600715137588e-01 7.926102502979738285e-01 7.941994437822804676e-01 7.949940405244338981e-01
6.030150753768843963e-02 2.326633165829145866e-01 4.055276381909547756e-01 5.402010050251255802e-01 5.999999999999999778e-01 6.291457286432160512e-01 6.437185929648241434e-01 6.517587939698492594e-01 6.542713567839195665e-01 6.592964824120602918e-01
6.284017812963879623e-02 2.404750123701138165e-01 4.641266699653636696e-01 5.863433943592281095e-01 6.378030677882235988e-01 6.541316180108857070e-01 6.660069272637307858e-01 6.714497773379515255e-01 6.729341909945572020e-01 6.744186046511627675e-01
8.480565371024734178e-03 5.017667844522968185e-02 1.300353356890459333e-01 2.607773851590106107e-01 3.547703180212014029e-01 4.056537102473498080e-01 4.275618374558303736e-01 4.445229681978798419e-01 4.530035335689046039e-01 4.551236749116607805e-01
3.205128205128205017e-03 1.923076923076923184e-02 5.128205128205128027e-02 1.466346153846153910e-01 2.291666666666666574e-01 2.972756410256410242e-01 3.237179487179487336e-01 3.421474358974359031e-01 3.525641025641025883e-01 3.597756410256410242e-01
3.556532841537806688e-01 7.137182579089232926e-01 8.369981557667753869e-01 8.589870903674280411e-01 8.673570719250958128e-01 8.714711306568307947e-01 8.728897715988083172e-01 8.730316356930061250e-01 8.737409561639949418e-01 8.741665484465881431e-01
2.401624777862401694e-01 5.029195227215028652e-01 6.110687991876110337e-01 6.402640264026402406e-01 6.478801726326478549e-01 6.529576034526529682e-01 6.539730896166540131e-01 6.547347042396547412e-01 6.560040619446559917e-01 6.575272911906575590e-01
8.832667554371947949e-02 2.308033732800710280e-01 3.138038171327119374e-01 3.408788282290279859e-01 3.524189968930315220e-01 3.564136706613404426e-01 3.590767865068797415e-01 3.608521970705725890e-01 3.612960497114957592e-01 3.612960497114957592e-01
2.327394209354120280e-01 5.481069042316257800e-01 6.926503340757238503e-01 7.311804008908685537e-01 7.414253897550111549e-01 7.463251670378618918e-01 7.487750556792872603e-01 7.501113585746101986e-01 7.503340757238307068e-01 7.507795100222717233e-01
8.670520231213872664e-02 1.902697495183044429e-01 2.509633911368015502e-01 2.721579961464354325e-01 2.817919075144508789e-01 2.846820809248554740e-01 2.856454720616570242e-01 2.870905587668593495e-01 2.875722543352601246e-01 2.875722543352601246e-01
2.072678331090175019e-01 5.047106325706595120e-01 6.366083445491251824e-01 6.877523553162853132e-01 7.146702557200538264e-01 7.240915208613728504e-01 7.321668909825033156e-01 7.415881561238223396e-01 7.429340511440107875e-01 7.442799461641992353e-01
3.581920903954802227e-01 6.248587570621468856e-01 7.163841807909604453e-01 7.446327683615818760e-01 7.548022598870056665e-01 7.615819209039548232e-01 7.661016949152542610e-01 7.672316384180790649e-01 7.683615819209039799e-01 7.683615819209039799e-01
2.631578947368420907e-02 8.771929824561403022e-02 1.578947368421052544e-01 2.339181286549707472e-01 2.660818713450292528e-01 2.807017543859648967e-01 2.923976608187134341e-01 3.040935672514619714e-01 3.245614035087719396e-01 3.362573099415204769e-01
1.333333333333333315e-01 3.504273504273504036e-01 4.991452991452991483e-01 5.777777777777777235e-01 6.136752136752137154e-01 6.273504273504273421e-01 6.393162393162392654e-01 6.512820512820512997e-01 6.564102564102564097e-01 6.615384615384615197e-01
3.322259136212624663e-03 3.322259136212624836e-02 5.647840531561462013e-02 8.970099667774086849e-02 1.029900332225913567e-01 1.295681063122923471e-01 1.362126245847176120e-01 1.561461794019933513e-01 1.694352159468438535e-01 1.694352159468438535e-01
3.636145733461169649e-01 6.917545541706615619e-01 7.849952061361457067e-01 7.979386385426653350e-01 8.015340364333652934e-01 8.036912751677852684e-01 8.036912751677852684e-01 8.041706615532119296e-01 8.048897411313519212e-01 8.056088207094918019e-01
3.382259093809827921e-01 6.129546904913848460e-01 6.914486279514996392e-01 7.029355456285896198e-01 7.048500319081046905e-01 7.070835992342054954e-01 7.077217613273771857e-01 7.080408423739630308e-01 7.089980855137204552e-01 7.093171665603063003e-01
1.692183722804190271e-01 4.439967767929089426e-01 5.769540692989524322e-01 5.938759065269944015e-01 5.958904109589041598e-01 5.979049153908138070e-01 5.983078162771957587e-01 5.987107171635777103e-01 5.995165189363416136e-01 5.999194198227235653e-01
2.294061302681992265e-01 4.262452107279693370e-01 4.870689655172413812e-01 4.923371647509578453e-01 4.956896551724138122e-01 4.966475095785440885e-01 4.966475095785440885e-01 4.976053639846743093e-01 4.980842911877394474e-01 4.980842911877394474e-01
1.577398469688051919e-01 3.031194820482636665e-01 3.337257210123601991e-01 3.402001177163037071e-01 3.419658622719246588e-01 3.443201883460859092e-01 3.449087698646262634e-01 3.449087698646262634e-01 3.449087698646262634e-01 3.449087698646262634e-01
3.327211076575303794e-01 6.364792314213054691e-01 7.285956484882735174e-01 7.445606103419044608e-01 7.487990957897711075e-01 7.500706414241311570e-01 7.507770556654421723e-01 7.517660356032778157e-01 7.523311669963266279e-01 7.528962983893755512e-01
1.038580020536893078e-01 3.436995745929294355e-01 5.467214317148305636e-01 6.439782895701922083e-01 6.873991491858588709e-01 7.085228106205075926e-01 7.196714097110166186e-01 7.250990171629748682e-01 7.296464720551562033e-01 7.336071585741528178e-01
7.887389483480689023e-02 2.608189855746859132e-01 3.857608189855746827e-01 4.562587249883666707e-01 4.804560260586319131e-01 4.965100046533271194e-01 5.069799906933457612e-01 5.123313168915775151e-01 5.162866449511400724e-01 5.183806421591438118e-01
9.433023872679044408e-02 3.115053050397877943e-01 4.990053050397877943e-01 5.958222811671087804e-01 6.410809018567639184e-01 6.676061007957559967e-01 6.825265251989389714e-01 6.916445623342175608e-01 6.957891246684350106e-01 6.977785145888594220e-01
4.583723105706267315e-02 1.772684752104770889e-01 3.182881197380729721e-01 4.071562207670720301e-01 4.508886810102900045e-01 4.747427502338634198e-01 4.911131898971000664e-01 5.000000000000000000e-01 5.042095416276893838e-01 5.100561272217025710e-01
2.127192982456140302e-01 5.644736842105263497e-01 7.432017543859649189e-01 7.934210526315789158e-01 8.039473684210526327e-01 8.096491228070175072e-01 8.118421052631579204e-01 8.133771929824561431e-01 8.173245614035087314e-01 8.188596491228070651e-01
4.428186368887177676e-02 1.667308432807085017e-01 3.215248363496341910e-01 4.393530997304582186e-01 4.871005005775895236e-01 5.102040816326530726e-01 5.259915286869464301e-01 5.379283788987293535e-01 5.483249903735079034e-01 5.517905275317673830e-01
1.165953160412994266e-01 3.787459078317804151e-01 6.131956685973306564e-01 7.096449257114076925e-01 7.302946361118106688e-01 7.370939309997481814e-01 7.401158398388315574e-01 7.428859229413246057e-01 7.449005288340468933e-01 7.459078317804079816e-01
5.442176870748299117e-02 2.267573696145124829e-01 4.100529100529100579e-01 5.166288737717309454e-01 5.536659108087679249e-01 5.706727135298563791e-01 5.778533635676492697e-01 5.797430083144369251e-01 5.842781557067271425e-01 5.846560846560846514e-01
2.867203219315895418e-02 1.172032193158953767e-01 2.253521126760563431e-01 3.098591549295774406e-01 3.551307847082494917e-01 3.737424547283701992e-01 3.812877263581488929e-01 3.868209255533199276e-01 3.898390342052313606e-01 3.923541247484909622e-01
1.844908393694077442e-01 4.537707711972731039e-01 6.033233915636982969e-01 6.506178099701747097e-01 6.634000852151682448e-01 6.714955262036642614e-01 6.749041329356625374e-01 6.766084363016616754e-01 6.791648913506603824e-01 6.812952705581593049e-01
6.814310051107325475e-03 3.236797274275979297e-02 8.603066439522998043e-02 1.473594548551959149e-01 1.925042589437819529e-01 2.189097103918228315e-01 2.333901192504258815e-01 2.359454855195911305e-01 2.419080068143100448e-01 2.436115843270868775e-01
3.449163449163449302e-01 6.473616473616473632e-01 7.673745173745173398e-01 7.921492921492921946e-01 7.972972972972972583e-01 8.018018018018018278e-01 8.030888030888030382e-01 8.046975546975546623e-01 8.050193050193049649e-01 8.063063063063062863e-01
2.692003167062549315e-02 1.108471892319873309e-01 2.066508313539192343e-01 3.087885985748218265e-01 3.452098178939034256e-01 3.570863024544734809e-01 3.626286619160728475e-01 3.657957244655581919e-01 3.681710213776722140e-01 3.713380839271575584e-01
2.970725216234198496e-01 6.107784431137724956e-01 7.268795741849634062e-01 7.571523619427811269e-01 7.634730538922155363e-01 7.654690618762475252e-01 7.674650698602794030e-01 7.691284098469727271e-01 7.694610778443113919e-01 7.701264138389887215e-01
3.661814109742441148e-01 6.382978723404255650e-01 7.013811123553564952e-01 7.110862262038073478e-01 7.136991414706980175e-01 7.159387831280328296e-01 7.189249720044792458e-01 7.204180664427024539e-01 7.230309817095931235e-01 7.237775289287047276e-01
2.287694974003466331e-01 4.575389948006932661e-01 5.511265164644714165e-01 5.697573656845753565e-01 5.745233968804159819e-01 5.801559792027729534e-01 5.818890814558058677e-01 5.849220103986134678e-01 5.870883882149047217e-01 5.888214904679376360e-01
1.093073593073593114e-01 2.900432900432900474e-01 3.755411255411255644e-01 4.053030303030302761e-01 4.096320346320346251e-01 4.139610389610389740e-01 4.182900432900432675e-01 4.199134199134199052e-01 4.231601731601731808e-01 4.258658008658008920e-01
3.989181879648411033e-02 1.135902636916835684e-01 1.561866125760649204e-01 1.710615280594996734e-01 1.798512508451656500e-01 1.845841784989858125e-01 1.852603110209601056e-01 1.886409736308316543e-01 1.899932386747802682e-01 1.926977687626774960e-01
4.966887417218543259e-03 1.572847682119205351e-02 2.152317880794701876e-02 2.649006622516556289e-02 2.980132450331125782e-02 3.062913907284768242e-02 3.062913907284768242e-02 3.145695364238410702e-02 3.228476821192052815e-02 3.311258278145695622e-02
2.287055667337357379e-01 5.345405767940979436e-01 6.928236083165660864e-01 7.364185110663984402e-01 7.464788732394366244e-01 7.558685446009389963e-01 7.645875251509054449e-01 7.659289067739771806e-01 7.692823608316565753e-01 7.706237424547284220e-01
6.816220880069025212e-02 2.234685073339085504e-01 3.830888697152717848e-01 5.133735979292493035e-01 5.858498705780845750e-01 5.987920621225194528e-01 6.091458153580673329e-01 6.151855047454701797e-01 6.177739430543571775e-01 6.203623813632441752e-01
3.351955307262569767e-02 1.159217877094972093e-01 1.689944134078212312e-01 1.969273743016759781e-01 2.094972067039106156e-01 2.262569832402234749e-01 2.416201117318435843e-01 2.500000000000000000e-01 2.597765363128491378e-01 2.695530726256983312e-01
1.748251748251748250e-03 1.398601398601398600e-02 2.447552447552447594e-02 2.447552447552447594e-02 2.797202797202797200e-02 2.972027972027972004e-02 3.321678321678321610e-02 3.671328671328671217e-02 4.545454545454545581e-02 5.069930069930069644e-02
0.000000000000000000e+00 2.070393374741200977e-03 4.140786749482401954e-03 6.211180124223602064e-03 8.281573498964803909e-03 1.035196687370600402e-02 1.242236024844720413e-02 1.242236024844720413e-02 1.449275362318840597e-02 1.449275362318840597e-02
1.728243021346469732e-01 4.281609195402298895e-01 5.681444991789819099e-01 5.985221674876847198e-01 6.030377668308702921e-01 6.096059113300492660e-01 6.137110016420361802e-01 6.190476190476190688e-01 6.227422003284072138e-01 6.239737274220032992e-01
3.722721437740693362e-02 1.341463414634146423e-01 2.483953786906289984e-01 3.234916559691912719e-01 3.453145057766366932e-01 3.517329910141206439e-01 3.549422336328626471e-01 3.575096277278562162e-01 3.632862644415917885e-01 3.697047496790757393e-01
1.658374792703150857e-01 4.502487562189054771e-01 5.953565505804311320e-01 6.276948590381425941e-01 6.339137645107794095e-01 6.388888888888888395e-01 6.438640132669983807e-01 6.442786069651741387e-01 6.463515754560530402e-01 6.471807628524046674e-01
1.149425287356321823e-02 4.741379310344827347e-02 1.170977011494252901e-01 1.788793103448275967e-01 2.033045977011494199e-01 2.234195402298850552e-01 2.313218390804597790e-01 2.420977011494252762e-01 2.571839080459770166e-01 2.629310344827586188e-01
3.722098214285714524e-01 6.950334821428570953e-01 7.633928571428570953e-01 7.686941964285713969e-01 7.698102678571429047e-01 7.720424107142856984e-01 7.723214285714286031e-01 7.734375000000000000e-01 7.756696428571429047e-01 7.767857142857143016e-01
6.731866340668296589e-01 8.581907090464547805e-01 8.793806030969845144e-01 8.826405867970660291e-01 8.842705786471067864e-01 8.859005704971475437e-01 8.859005704971475437e-01 8.859005704971475437e-01 8.875305623471883010e-01 8.875305623471883010e-01
5.031779661016949623e-01 7.150423728813559698e-01 7.372881355932203729e-01 7.415254237288135819e-01 7.447033898305084332e-01 7.478813559322033955e-01 7.489406779661016422e-01 7.500000000000000000e-01 7.531779661016949623e-01 7.552966101694915668e-01
4.178343949044586170e-01 6.828025477707005964e-01 7.121019108280254306e-01 7.159235668789808438e-01 7.184713375796177859e-01 7.184713375796177859e-01 7.197452229299362569e-01 7.210191082802547280e-01 7.235668789808916701e-01 7.286624203821655543e-01
3.935643564356435808e-01 6.782178217821782651e-01 7.190594059405940319e-01 7.227722772277227481e-01 7.264851485148514643e-01 7.289603960396039417e-01 7.314356435643564192e-01 7.326732673267326579e-01 7.339108910891088966e-01 7.339108910891088966e-01
3.950216450216449959e-01 7.175324675324675772e-01 7.662337662337662669e-01 7.727272727272727071e-01 7.792207792207792583e-01 7.824675324675324228e-01 7.835497835497835517e-01 7.835497835497835517e-01 7.835497835497835517e-01 7.835497835497835517e-01
5.341911764705882248e-01 8.254595588235293935e-01 8.801470588235293935e-01 8.849264705882352589e-01 8.863051470588235725e-01 8.887867647058823595e-01 8.902573529411764719e-01 8.913602941176470562e-01 8.923713235294117307e-01 8.927389705882352589e-01
4.038485567912032947e-01 7.208546794951893322e-01 8.013245033112582627e-01 8.091965512932650650e-01 8.116956141446957096e-01 8.129451455704110874e-01 8.143196301386980140e-01 8.151943021366987452e-01 8.159440209921279274e-01 8.166937398475572207e-01
3.021093533166805400e-01 6.358590063835692918e-01 7.524285317790729843e-01 7.746322509020261426e-01 7.799056341937274928e-01 7.828198723286150518e-01 7.847626977518734614e-01 7.862892034415764897e-01 7.869830696641687551e-01 7.872606161532056390e-01
3.453226060892885529e-01 6.351159488878371784e-01 7.300836094021139200e-01 7.461744754693169224e-01 7.496450544249881887e-01 7.512225903139296834e-01 7.528001262028710672e-01 7.537466477362360084e-01 7.542199085029184236e-01 7.546931692696008387e-01
2.955774737511931427e-01 5.833598472796690526e-01 6.985364301622652983e-01 7.198536430162265631e-01 7.227171492204900183e-01 7.252624880687241760e-01 7.260579064587973086e-01 7.271714922048997387e-01 7.292395800190900612e-01 7.305122494432071401e-01
3.338119167264896187e-02 1.791098348887293634e-01 3.876525484565685464e-01 5.821966977745872684e-01 6.618808327351041187e-01 6.905958363244795173e-01 7.013639626704953889e-01 7.078248384781048452e-01 7.103374012921751524e-01 7.106963388370423074e-01
1.104613385315139640e-02 5.523066926575698199e-02 1.247563352826510652e-01 2.222222222222222099e-01 2.794022092267706148e-01 3.209876543209876365e-01 3.430799220272904293e-01 3.541260558804418257e-01 3.586744639376218124e-01 3.619233268356075173e-01
5.323193916349809596e-02 2.125475285171102569e-01 4.281368821292775850e-01 5.851711026615969979e-01 6.418250950570342228e-01 6.532319391634980876e-01 6.551330798479086948e-01 6.570342205323194129e-01 6.585551330798479208e-01 6.604562737642585279e-01
1.165803108808290134e-02 5.310880829015544174e-02 1.288860103626943143e-01 2.260362694300518116e-01 2.590673575129533446e-01 2.927461139896372910e-01 3.134715025906735786e-01 3.218911917098445374e-01 3.290155440414507804e-01 3.316062176165803232e-01
2.657624633431084904e-01 5.791788856304985744e-01 6.887829912023460954e-01 7.074780058651026771e-01 7.126099706744868367e-01 7.177419354838709964e-01 7.184750733137830192e-01 7.217741935483871218e-01 7.232404692082111675e-01 7.250733137829912245e-01
7.553366174055829718e-02 2.816091954022988397e-01 4.663382594417077032e-01 5.878489326765188316e-01 6.461412151067323917e-01 6.806239737274220047e-01 7.044334975369458407e-01 7.118226600985221308e-01 7.159277504105090451e-01 7.208538587848932755e-01
1.571946795646916514e-02 7.617896009673519320e-02 1.850060459492140208e-01 2.841596130592503044e-01 3.409915356711003542e-01 3.857315598548972102e-01 4.159613059250302225e-01 4.401451027811366656e-01 4.558645707376057787e-01 4.631197097944377283e-01
1.636904761904761987e-02 5.505952380952380820e-02 1.175595238095238082e-01 1.681547619047619180e-01 1.919642857142857262e-01 2.023809523809523836e-01 2.142857142857142738e-01 2.247023809523809590e-01 2.351190476190476164e-01 2.410714285714285754e-01
2.000000000000000042e-02 1.019047619047619008e-01 2.761904761904762085e-01 4.438095238095238204e-01 5.257142857142856895e-01 5.619047619047619069e-01 5.819047619047619246e-01 5.942857142857143060e-01 6.038095238095237960e-01 6.076190476190476142e-01
6.282722513089004923e-02 2.286212914485165892e-01 3.970331588132635092e-01 5.209424083769633729e-01 5.855148342059336430e-01 6.195462478184990962e-01 6.431064572425828629e-01 6.518324607329842868e-01 6.553228621291448119e-01 6.588132635253054481e-01
1.168996188055908547e-01 4.167725540025413178e-01 5.425667090216009791e-01 5.997458703939009261e-01 6.124523506988563959e-01 6.175349428208386504e-01 6.238881829733163853e-01 6.264294790343074570e-01 6.277001270648030484e-01 6.289707750952986398e-01
1.370757180156657873e-01 4.086161879895561233e-01 5.143603133159269092e-01 5.496083550913838378e-01 5.561357702349869481e-01 5.665796344647520133e-01 5.744125326370757012e-01 5.744125326370757012e-01 5.757180156657963899e-01 5.796344647519582338e-01
9.599156118143459260e-02 3.417721518987341667e-01 5.506329113924051111e-01 6.645569620253164445e-01 6.972573839662447037e-01 7.120253164556962222e-01 7.246835443037974445e-01 7.289029535864979259e-01 7.299578059071729630e-01 7.320675105485232592e-01
1.328125000000000000e-01 3.808593750000000000e-01 6.152343750000000000e-01 7.119140625000000000e-01 7.509765625000000000e-01 7.617187500000000000e-01 7.685546875000000000e-01 7.753906250000000000e-01 7.763671875000000000e-01 7.773437500000000000e-01
4.439252336448597930e-02 9.345794392523364136e-02 1.448598130841121379e-01 1.962616822429906482e-01 2.079439252336448551e-01 2.172897196261682207e-01 2.196261682242990620e-01 2.266355140186915862e-01 2.266355140186915862e-01 2.266355140186915862e-01
3.928346951602765258e-02 1.888749214330609771e-01 4.123192960402262686e-01 5.917661847894406524e-01 6.649905719673161464e-01 7.011313639220615457e-01 7.177875549968573132e-01 7.231301068510370689e-01 7.259585166561910441e-01 7.275298554368321291e-01
5.115012106537530218e-02 2.224576271186440579e-01 4.158595641646489205e-01 5.659806295399515408e-01 6.349878934624697546e-01 6.770581113801452666e-01 7.003631961259080274e-01 7.088377723970944455e-01 7.164043583535109061e-01 7.230629539951574092e-01
1.353607632677400197e-01 4.203935599284436275e-01 6.061419200954084596e-01 6.869409660107334004e-01 7.096004770423375296e-01 7.221228384019081625e-01 7.254025044722719473e-01 7.280858676207513369e-01 7.322599880739415479e-01 7.355396541443053327e-01
4.185881518268889934e-02 1.919120255409719755e-01 3.880808797445902680e-01 5.299751684994679080e-01 5.796381695636750875e-01 6.034054629301170980e-01 6.108549130897481527e-01 6.147570060305073136e-01 6.175948918056047843e-01 6.193685704150407867e-01
5.465288035450516918e-02 1.920236336779911346e-01 3.785081240768094490e-01 5.180945347119645383e-01 5.616691285081241158e-01 5.801329394387001459e-01 5.889955686853766137e-01 5.919497784342688806e-01 5.934268833087149586e-01 5.941654357459379421e-01
1.936882261140974448e-01 4.076642968614531126e-01 4.799722559389630883e-01 4.907230795907751020e-01 4.945378879833535746e-01 4.969654933240852945e-01 4.990462979018553957e-01 5.007803017166637671e-01 5.023409051499913014e-01 5.033813074388763242e-01
1.900571252122896515e-01 4.133086305388297133e-01 5.255519530646904913e-01 5.607534352323606530e-01 5.672379187895630892e-01 5.715609078276979726e-01 5.727960475528793838e-01 5.737224023467655254e-01 5.758838968658329671e-01 5.768102516597189977e-01
2.749388004895960691e-01 4.938800489596082977e-01 5.676254589963279917e-01 5.783353733170134570e-01 5.807833537331701379e-01 5.826193390452876208e-01 5.829253365973072754e-01 5.843023255813953876e-01 5.856793145654834998e-01 5.870563035495716120e-01
6.009889691898059882e-02 1.922784328642069274e-01 3.012552301255230214e-01 3.689615823507036985e-01 3.993914035755040115e-01 4.151768733358691676e-01 4.206922784328642195e-01 4.235450741726892177e-01 4.254469379992392719e-01 4.263978699125142713e-01
5.837683910773611845e-02 1.473659231134314129e-01 2.078785002373042257e-01 2.486948267679164604e-01 2.771713336497389490e-01 3.092074038917893009e-01 3.343616516373991709e-01 3.474133839582344563e-01 3.507356430944471026e-01 3.538205980066445044e-01
2.526636225266362112e-01 5.412480974124809219e-01 6.395738203957381796e-01 6.578386605783865804e-01 6.636225266362252295e-01 6.678843226788432341e-01 6.694063926940638787e-01 6.706240487062404831e-01 6.715372907153729365e-01 6.733637747336377322e-01
2.103685945459994044e-01 5.256218160023973240e-01 6.478873239436619969e-01 6.709619418639496402e-01 6.781540305663770196e-01 6.808510638297872175e-01 6.817500749175906538e-01 6.820497452801917992e-01 6.835480970931975264e-01 6.838477674557986719e-01
1.598317560462670928e-01 4.244654749386610471e-01 5.499474237644584873e-01 5.825446898002103469e-01 5.948124780932352307e-01 5.993690851735016256e-01 6.004206098843323236e-01 6.035751840168244176e-01 6.046267087276551155e-01 6.056782334384858135e-01
2.037990985189954973e-01 4.903412749517063740e-01 6.072118480360592097e-01 6.316806181584030400e-01 6.397295556986477560e-01 6.448808757244043344e-01 6.461687057308435067e-01 6.471345782356728860e-01 6.484224082421120583e-01 6.490663232453316445e-01
1.436170212765957577e-01 3.594224924012158207e-01 4.844224924012158207e-01 5.186170212765957022e-01 5.277355623100303816e-01 5.349544072948327900e-01 5.376139817629179696e-01 5.398936170212765839e-01 5.414133738601824009e-01 5.417933130699088551e-01
1.582491582491582505e-01 4.511784511784511786e-01 6.161616161616161325e-01 6.801346801346801474e-01 6.868686868686868507e-01 7.138047138047137752e-01 7.239057239057239412e-01 7.239057239057239412e-01 7.239057239057239412e-01 7.272727272727272929e-01
1.255230125523012497e-01 3.472803347280334907e-01 5.355648535564853097e-01 6.443514644351464593e-01 6.694560669456066648e-01 6.778242677824267703e-01 6.903765690376568731e-01 6.987447698744769786e-01 6.987447698744769786e-01 6.987447698744769786e-01
1.306306306306306286e-01 3.513513513513513709e-01 5.135135135135134865e-01 5.990990990990990861e-01 6.216216216216216006e-01 6.306306306306306286e-01 6.396396396396396566e-01 6.441441441441441151e-01 6.441441441441441151e-01 6.441441441441441151e-01
7.692307692307692735e-02 2.252747252747252793e-01 3.406593406593406703e-01 4.615384615384615641e-01 4.890109890109889945e-01 5.054945054945054750e-01 5.164835164835165360e-01 5.219780219780220110e-01 5.274725274725274859e-01 5.329670329670329609e-01
1.188118811881188064e-01 4.488448844884488365e-01 6.567656765676567199e-01 7.293729372937293176e-01 7.821782178217822068e-01 7.887788778877887763e-01 7.986798679867986861e-01 8.118811881188119361e-01 8.151815181518151654e-01 8.151815181518151654e-01
4.647534132070214596e-01 7.609361939258846297e-01 8.333797715241014759e-01 8.422959041515742928e-01 8.445249373084424693e-01 8.461967121760936017e-01 8.478684870437447341e-01 8.487043744775703003e-01 8.492616327667874554e-01 8.509334076344385878e-01
5.862457722660653625e-02 2.119503945885005680e-01 3.919579105599398927e-01 5.403983464862833763e-01 6.302142051860203376e-01 6.674182638105975451e-01 6.892145809845922066e-01 7.016159338594513128e-01 7.106350995866215214e-01 7.226606538895151699e-01
2.357479639948564104e-02 1.328761251607372407e-01 3.129018431204457773e-01 4.873553364766395335e-01 5.662237462494642548e-01 6.176596656665237495e-01 6.373767681097299853e-01 6.528075439348478559e-01 6.639519931418773613e-01 6.699528504072009838e-01
1.782608695652173822e-02 1.165217391304347871e-01 2.947826086956521485e-01 4.326086956521739135e-01 4.973913043478260798e-01 5.526086956521739646e-01 5.830434782608695521e-01 6.086956521739130821e-01 6.278260869565217561e-01 6.352173913043478448e-01
1.501812532366649487e-02 9.062661833247022403e-02 2.066286897980321169e-01 3.215950284826514793e-01 4.013464526152252798e-01 4.448472294148109740e-01 4.779906784049715029e-01 4.992232004142931334e-01 5.168306576903158867e-01 5.256343863283272633e-01
4.700315457413249409e-01 6.568008907032845123e-01 6.904806086472443649e-01 6.941918723325292140e-01 6.950269066617182911e-01 6.958619409909073683e-01 6.964186305437001234e-01 6.969753200964928785e-01 6.975320096492856337e-01 6.977175728335498484e-01
2.703570987272951864e-01 4.810329914741134361e-01 5.398492524403806225e-01 5.498579018905226379e-01 5.520820462127764561e-01 5.535648090942789645e-01 5.545533176819473775e-01 5.549240084023230324e-01 5.552946991226985762e-01 5.560360805634498860e-01
8.074099965047186467e-02 2.009786787836420896e-01 2.761272282418734680e-01 3.042642432715833567e-01 3.144005592450192510e-01 3.198182453687521964e-01 3.219154141908423528e-01 3.231387626703949856e-01 3.240125830129325646e-01 3.248864033554700881e-01
3.227848101265822639e-02 9.915611814345991204e-02 1.548523206751054870e-01 1.919831223628691852e-01 2.069620253164556889e-01 2.141350210970464074e-01 2.160337552742616074e-01 2.170886075949367000e-01 2.177215189873417667e-01 2.189873417721519000e-01
1.212903225806451560e-02 4.800000000000000100e-02 9.161290322580645240e-02 1.326451612903225830e-01 1.483870967741935387e-01 1.535483870967741804e-01 1.545806451612903309e-01 1.566451612903225765e-01 1.571612903225806379e-01 1.576774193548386993e-01
9.431210500729217405e-02 3.580456976178901241e-01 5.794846864365581496e-01 6.594555177442877891e-01 6.757413709285366998e-01 6.823043266893534797e-01 6.840058337384540277e-01 6.849781234807972297e-01 6.861934856587262876e-01 6.869227029654837446e-01
2.326757713707637912e-02 8.801213960546282189e-02 1.583206879109762266e-01 1.805766312594840606e-01 1.876580677794638385e-01 1.917046029337379776e-01 1.922104198280222553e-01 1.952453211937278665e-01 1.957511380880121443e-01 1.962569549822964221e-01
1.647727272727272582e-02 5.852272727272727487e-02 9.147727272727272652e-02 1.085227272727272707e-01 1.187499999999999944e-01 1.250000000000000000e-01 1.255681818181818288e-01 1.267045454545454586e-01 1.278409090909090884e-01 1.295454545454545470e-01
1.670258620689655041e-02 4.795258620689655388e-02 8.028017241379310776e-02 9.859913793103448898e-02 1.061422413793103453e-01 1.120689655172413812e-01 1.136853448275862016e-01 1.142241379310344890e-01 1.158405172413793094e-01 1.163793103448275829e-01
2.197213290460878904e-02 6.323687031082529664e-02 9.860664523043943808e-02 1.237942122186495159e-01 1.361200428724544387e-01 1.430868167202572483e-01 1.441586280814576571e-01 1.457663451232583118e-01 1.473740621650589389e-01 1.484458735262593754e-01
9.805261359754013917e-02 3.324222753672702590e-01 4.362828834984626147e-01 4.516569866757772500e-01 4.574649812094294665e-01 4.608814485821660645e-01 4.646395626921762667e-01 4.656645029039972461e-01 4.673727365903655451e-01 4.690809702767338440e-01
9.697986577181208490e-02 3.050335570469798752e-01 3.963087248322147427e-01 4.144295302013422666e-01 4.197986577181208045e-01 4.238255033557046803e-01 4.258389261744966459e-01 4.275167785234899598e-01 4.291946308724832182e-01 4.295302013422818699e-01
7.970702283498491691e-02 2.111158983196897987e-01 3.033175355450237198e-01 3.308918569582076641e-01 3.377854373115036779e-01 3.438173201206376484e-01 3.537268418785006197e-01 3.554502369668246509e-01 3.584661783713916638e-01 3.610512710038776274e-01
1.810202962150301784e-02 4.882062534284146993e-02 8.721886999451453071e-02 1.228743828853538084e-01 1.371365880416895167e-01 1.426220515633571106e-01 1.475589687328579258e-01 1.486560614371914557e-01 1.519473395501919899e-01 1.546900713110257730e-01
7.458256029684601218e-02 2.122448979591836649e-01 2.875695732838590146e-01 3.128014842300556597e-01 3.205936920222634545e-01 3.261595547309832921e-01 3.283858998144712493e-01 3.298701298701298690e-01 3.328385899814471083e-01 3.346938775510204245e-01
3.929471032745591730e-01 6.272040302267002376e-01 6.784214945424013044e-01 6.876574307304785805e-01 6.935348446683459178e-01 7.027707808564231939e-01 7.052896725440805925e-01 7.086481947942905313e-01 7.103274559193955007e-01 7.153652392947102978e-01
2.144873000940733798e-01 4.797742238946378079e-01 5.860771401693321003e-01 6.133584195672624473e-01 6.237064910630291115e-01 6.302916274694261300e-01 6.340545625587958867e-01 6.368767638758231486e-01 6.425211665098776725e-01 6.472248353715898128e-01
2.953703703703703942e-01 5.712962962962963021e-01 6.444444444444444864e-01 6.583333333333333259e-01 6.694444444444443976e-01 6.805555555555555802e-01 6.879629629629629983e-01 6.944444444444444198e-01 6.972222222222221877e-01 6.990740740740740700e-01
1.707035755478661931e-01 4.140715109573240849e-01 5.259515570934255591e-01 5.547866205305651555e-01 5.651672433679354457e-01 5.720876585928489355e-01 5.824682814302191147e-01 5.870818915801614413e-01 5.905420991926182417e-01 5.974625144175317315e-01
3.211991434689507458e-02 8.565310492505352757e-02 1.177730192719486091e-01 1.391862955032119875e-01 1.520342612419700312e-01 1.541755888650963580e-01 1.605995717344753659e-01 1.605995717344753659e-01 1.670235546038544017e-01 1.713062098501070551e-01
1.633237822349570267e-01 4.040114613180516012e-01 5.157593123209168740e-01 5.702005730659025495e-01 5.959885386819484543e-01 6.446991404011461757e-01 6.647564469914040153e-01 6.704871060171919694e-01 6.790830945558739007e-01 6.876790830945558319e-01
5.747126436781609116e-03 2.298850574712643646e-02 4.597701149425287293e-02 6.321839080459770721e-02 9.195402298850574585e-02 9.770114942528736190e-02 9.770114942528736190e-02 1.034482758620689641e-01 1.091954022988505801e-01 1.091954022988505801e-01
0.000000000000000000e+00 1.290322580645161289e-02 2.580645161290322578e-02 3.870967741935484041e-02 4.516129032258064252e-02 4.516129032258064252e-02 4.516129032258064252e-02 4.516129032258064252e-02 4.516129032258064252e-02 6.451612903225806273e-02
8.064516129032257841e-03 2.419354838709677352e-02 4.032258064516128920e-02 4.032258064516128920e-02 4.032258064516128920e-02 4.838709677419354704e-02 4.838709677419354704e-02 4.838709677419354704e-02 4.838709677419354704e-02 4.838709677419354704e-02
0.000000000000000000e+00 0.000000000000000000e+00 0.000000000000000000e+00 0.000000000000000000e+00 0.000000000000000000e+00 0.000000000000000000e+00 0.000000000000000000e+00 0.000000000000000000e+00 0.000000000000000000e+00 0.000000000000000000e+00
3.687974966472954974e-01 6.177916852928028169e-01 7.022798390701833204e-01 7.201609298167188644e-01 7.241841752346893646e-01 7.277603933839964512e-01 7.291014751899865809e-01 7.304425569959767106e-01 7.322306660706302539e-01 7.326776933392936675e-01
1.379518072289156738e-01 3.012048192771084598e-01 4.078313253012048056e-01 4.584337349397590300e-01 4.710843373493975861e-01 4.849397590361445576e-01 4.939759036144578119e-01 4.981927710843373491e-01 5.000000000000000000e-01 5.000000000000000000e-01
6.864274570982839552e-02 1.911076443057722341e-01 2.574102964118564763e-01 2.940717628705148412e-01 3.166926677067082863e-01 3.307332293291731506e-01 3.338533541341653921e-01 3.439937597503900379e-01 3.510140405616224424e-01 3.533541341653665957e-01
2.629193109700815947e-02 6.618313689936536348e-02 1.033544877606527718e-01 1.359927470534904870e-01 1.613780598368086960e-01 1.722574796010879483e-01 1.776971894832275745e-01 1.831368993653671728e-01 1.849501359927470667e-01 1.867633726201269329e-01
4.098360655737705131e-03 1.127049180327868889e-02 2.151639344262295042e-02 2.971311475409835895e-02 3.995901639344262568e-02 4.405737704918032821e-02 5.225409836065574021e-02 5.635245901639344274e-02 6.147540983606557263e-02 6.352459016393442737e-02
3.168205359153343781e-01 6.644899797342940229e-01 7.590632740373789433e-01 7.660436838549876670e-01 7.689709524881783720e-01 7.707723485701418742e-01 7.714478721008781736e-01 7.727989191623507725e-01 7.741499662238234825e-01 7.750506642648051780e-01
1.477440283102329777e-01 4.503096431731052895e-01 6.071955175464465171e-01 6.487761722205839243e-01 6.558537304629902254e-01 6.614567974048952692e-01 6.629312887053966374e-01 6.658802713063992629e-01 6.670598643468003131e-01 6.679445591271011562e-01
7.935222672064777549e-02 2.542510121457489669e-01 3.744939271255060542e-01 4.380566801619433237e-01 4.514170040485829816e-01 4.554655870445344368e-01 4.582995951417003777e-01 4.611336032388663742e-01 4.635627530364372362e-01 4.635627530364372362e-01
1.975432439207821522e-01 5.261970418651290560e-01 6.685886187014289384e-01 6.961644522436700733e-01 7.009275507646026693e-01 7.046878917021810462e-01 7.066934068688894843e-01 7.076961644522437034e-01 7.099523690147906407e-01 7.112058159939834701e-01
1.068645640074211561e-01 3.168831168831168776e-01 4.656771799628942610e-01 5.165120593692021922e-01 5.246753246753246280e-01 5.280148423005566194e-01 5.324675324675324228e-01 5.332096474953618159e-01 5.343228200371057390e-01 5.354359925788497732e-01
1.975155279503105488e-01 5.204968944099378492e-01 7.130434782608695565e-01 7.826086956521739468e-01 7.937888198757764302e-01 7.937888198757764302e-01 7.950310559006210642e-01 7.962732919254658093e-01 7.975155279503105543e-01 7.987577639751552994e-01
8.611111111111111049e-02 3.222222222222222432e-01 5.069444444444444198e-01 6.333333333333333037e-01 6.958333333333333037e-01 7.347222222222222765e-01 7.361111111111111605e-01 7.388888888888889284e-01 7.402777777777778123e-01 7.416666666666666963e-01
3.930348258706467535e-01 7.333333333333332815e-01 8.487562189054725925e-01 8.676616915422885601e-01 8.716417910447761264e-01 8.736318407960198540e-01 8.746268656716418288e-01 8.746268656716418288e-01 8.756218905472636926e-01 8.766169154228855565e-01
1.541786743515850266e-01 4.121037463976945370e-01 5.619596541786743282e-01 6.253602305475504108e-01 6.714697406340057739e-01 7.046109510086455696e-01 7.103746397694524761e-01 7.146974063400576282e-01 7.190201729106627804e-01 7.291066282420749500e-01
1.010558069381598811e-01 2.730015082956259165e-01 4.087481146304675628e-01 5.052790346907993779e-01 5.822021116138763608e-01 6.455505279034691180e-01 6.636500754147812708e-01 6.726998491704374583e-01 6.772247360482654965e-01 6.772247360482654965e-01
1.695727986050566682e-01 4.145597210113339259e-01 5.344376634699214978e-01 5.597210113339146087e-01 5.680034873583260646e-01 5.745422842197035473e-01 5.767218831734960416e-01 5.793374019180470569e-01 5.819529206625980722e-01 5.850043591979076085e-01
9.352941176470588869e-02 2.423529411764705765e-01 3.341176470588235192e-01 4.070588235294117507e-01 4.252941176470588225e-01 4.317647058823529393e-01 4.358823529411764430e-01 4.382352941176470562e-01 4.405882352941176694e-01 4.441176470588235059e-01
8.144377602961591633e-02 2.822767237390096939e-01 4.534937528921795247e-01 5.196668209162425001e-01 5.307727903748264975e-01 5.363257751041184962e-01 5.414160111059694858e-01 5.423415085608515041e-01 5.451180009254974479e-01 5.497454881999074283e-01
3.199268738574040372e-02 1.206581352833638043e-01 2.010968921389396646e-01 2.522851919561243106e-01 2.687385740402193912e-01 2.797074954296160931e-01 2.851919561243144163e-01 2.915904936014624971e-01 2.925045703839122546e-01 2.943327239488117142e-01
7.468879668049792885e-03 1.991701244813277871e-02 3.319502074688796683e-02 5.809128630705394369e-02 6.887966804979253621e-02 8.215767634854771739e-02 8.713692946058090860e-02 9.045643153526970737e-02 9.211618257261411369e-02 9.460580912863070235e-02
2.029621503017004988e-02 8.612177729018101469e-02 1.848601206801974706e-01 2.874382885353812256e-01 3.653318705430608770e-01 4.240263302249039912e-01 4.481623697202413714e-01 4.574876577070762229e-01 4.624245748765770658e-01 4.651673066374108489e-01
1.014884979702300460e-02 4.465493910690121471e-02 8.998646820027063342e-02 1.468200270635994509e-01 1.772665764546684786e-01 1.941813261163734816e-01 2.097428958051420766e-01 2.246278755074424816e-01 2.374830852503382883e-01 2.401894451962111043e-01
1.407917383820998236e-01 4.426850258175559216e-01 6.419965576592082668e-01 7.111876075731496938e-01 7.239242685025817359e-01 7.270223752151463437e-01 7.287435456110155085e-01 7.314974182444061723e-01 7.325301204819276712e-01 7.335628227194491702e-01
5.065294815987336774e-02 1.923229125445191923e-01 3.846458250890383845e-01 5.441234665611397459e-01 6.018994855559952617e-01 6.149584487534626165e-01 6.197071626434507152e-01 6.244558765334388140e-01 6.264345073209338643e-01 6.272259596359319733e-01
2.883922134102379076e-03 1.514059120403749015e-02 6.056236481614996059e-02 9.877433309300648334e-02 1.268925739005046793e-01 1.586157173756308492e-01 1.723143475126171498e-01 1.751982696467195288e-01 1.780821917808219079e-01 1.802451333813986922e-01
3.119577517917767051e-01 6.431535269709544034e-01 7.615993964541681871e-01 7.944172010562051689e-01 8.042248208223311545e-01 8.091286307053942028e-01 8.125235760090532278e-01 8.151640890230101855e-01 8.181818181818182323e-01 8.196906827612221447e-01
2.059988681380871545e-01 4.533106960950764042e-01 5.778155065082060116e-01 6.349745331069609477e-01 6.564799094510469502e-01 6.661007357102433080e-01 6.711941143180532032e-01 6.785512167515562743e-01 6.830786644029428478e-01 6.870401810979060997e-01
2.925910422771033637e-01 5.948095437421515586e-01 7.208036835496023365e-01 7.664294683968188027e-01 7.798241942235244473e-01 7.881958978652156000e-01 7.894516534114692785e-01 7.932189200502302029e-01 7.961490163248221563e-01 7.990791125994139987e-01
2.603266090297790547e-01 5.533141210374640240e-01 6.839577329490874602e-01 7.228626320845340514e-01 7.391930835734870087e-01 7.478386167146974239e-01 7.507204610951008217e-01 7.545629202689720927e-01 7.569644572526417203e-01 7.584053794428434747e-01
2.204635387224420651e-01 4.573205200678349125e-01 5.754663651780667077e-01 6.218202374222724371e-01 6.416054267947993717e-01 6.534765404183153770e-01 6.630864895421142435e-01 6.653476540418314933e-01 6.698699830412662148e-01 6.732617297908423115e-01
3.537859007832898084e-01 6.109660574412533185e-01 6.892950391644908636e-01 7.114882506527414607e-01 7.206266318537859483e-01 7.232375979112271036e-01 7.258485639686683699e-01 7.297650130548303249e-01 7.310704960835509025e-01 7.310704960835509025e-01
2.081686429512516479e-01 4.729907773386034520e-01 6.231884057971014412e-01 6.732542819499340858e-01 6.930171277997364543e-01 7.022397891963109151e-01 7.127799736495388228e-01 7.167325428194993853e-01 7.193675889328062789e-01 7.206851119894598368e-01
1.418918918918918859e-01 3.648648648648648574e-01 4.966216216216216006e-01 5.422297297297297147e-01 5.793918918918918859e-01 5.895270270270269730e-01 5.962837837837837718e-01 5.996621621621621712e-01 6.047297297297297147e-01 6.047297297297297147e-01
1.936685288640595803e-01 4.078212290502793436e-01 5.009310986964617962e-01 5.456238361266294579e-01 5.642458100558659373e-01 5.679702048417132332e-01 5.754189944134078250e-01 5.810055865921788243e-01 5.828677839851024167e-01 5.847299813780261202e-01
8.026030368763557854e-02 1.973969631236442424e-01 2.971800433839479338e-01 3.600867678958785123e-01 3.796095444685466114e-01 3.947939262472884847e-01 3.969631236442516253e-01 4.034707158351409917e-01 4.034707158351409917e-01 4.056399132321041323e-01
1.326245103525461599e-01 3.738108561835478683e-01 5.556799104644656317e-01 6.317851147174035065e-01 6.575265808617795082e-01 6.648013430330161899e-01 6.698377168438723883e-01 6.720761052042529826e-01 6.737548964745383451e-01 6.748740906547285867e-01
9.515340151178301731e-02 3.903957314361938824e-01 6.220542463317030313e-01 7.185415740329035295e-01 7.558915073365940485e-01 7.634504224099599723e-01 7.674522009782125398e-01 7.696754112939083736e-01 7.714539795464651073e-01 7.718986216096043185e-01
1.468946266573621651e-01 4.989532449406838821e-01 7.459874389392882055e-01 8.293789253314723942e-01 8.415910676901604548e-01 8.440334961618981557e-01 8.457780879274250374e-01 8.485694347522679815e-01 8.513607815771109255e-01 8.548499651081646888e-01
7.894736842105262720e-02 2.464698331193838354e-01 4.075738125802310652e-01 5.237483953786906676e-01 5.584082156611039904e-01 5.712451861360718919e-01 5.744544287548138950e-01 5.770218228498074087e-01 5.821566110397946581e-01 5.847240051347881717e-01
6.842619745845552291e-03 3.030303030303030387e-02 7.722385141739980530e-02 1.505376344086021556e-01 1.974584555229716432e-01 2.306940371456500383e-01 2.717497556207233433e-01 2.873900293255132188e-01 3.000977517106549475e-01 3.059628543499511300e-01
4.141370338248048788e-01 7.198612315698178499e-01 7.866435385949696046e-01 7.948829141370338247e-01 8.013876843018213902e-01 8.031222896790980448e-01 8.044232437120555357e-01 8.057241977450130266e-01 8.061578490893321902e-01 8.065915004336513539e-01
1.506172839506172978e-01 3.786008230452674872e-01 5.333333333333333259e-01 5.827160493827160392e-01 5.983539094650205392e-01 6.016460905349794164e-01 6.032921810699588550e-01 6.057613168724279573e-01 6.082304526748971707e-01 6.090534979423868345e-01
0.000000000000000000e+00 3.496503496503496500e-03 1.573426573426573577e-02 2.797202797202797200e-02 2.972027972027972004e-02 3.321678321678321610e-02 3.671328671328671217e-02 4.020979020979020824e-02 4.195804195804195974e-02 4.545454545454545581e-02
5.269186712485681573e-02 1.317296678121420428e-01 2.336769759450171846e-01 2.760595647193585522e-01 2.943871706758304785e-01 3.058419243986254532e-01 3.115693012600229128e-01 3.172966781214203724e-01 3.207331042382589037e-01 3.207331042382589037e-01
1.090909090909090995e-02 1.939393939393939392e-02 3.151515151515151686e-02 3.757575757575757486e-02 4.606060606060605883e-02 5.212121212121212377e-02 5.454545454545454281e-02 5.454545454545454281e-02 5.818181818181818177e-02 5.818181818181818177e-02
1.809456928838951428e-01 5.035112359550562022e-01 6.968632958801498356e-01 7.785580524344569708e-01 7.972846441947565310e-01 8.054775280898875955e-01 8.085205992509363337e-01 8.101591760299625689e-01 8.115636704119850720e-01 8.122659176029962680e-01
3.907156673114119821e-02 1.709864603481624779e-01 3.284332688588007532e-01 4.545454545454545303e-01 5.172147001934236377e-01 5.504835589941973195e-01 5.651837524177949490e-01 5.702127659574468543e-01 5.744680851063830307e-01 5.775628626692456136e-01
1.354672763646756206e-01 3.986853386681908917e-01 5.875964561303229639e-01 6.656187482137753131e-01 6.941983423835381695e-01 7.090597313518147704e-01 7.144898542440697442e-01 7.164904258359531264e-01 7.179194055444412248e-01 7.199199771363247180e-01
3.023566029346376124e-02 1.276122721209426436e-01 2.405513561582925675e-01 3.432636727434415502e-01 4.041796353935082076e-01 4.415295686971987821e-01 4.673188083592708097e-01 4.775455758114717786e-01 4.855491329479768581e-01 4.904401956425077924e-01
8.338678640153944152e-03 2.694034637588197528e-02 6.350224502886465949e-02 9.172546504169339088e-02 1.116100064143681903e-01 1.366260423348300279e-01 1.545862732520846827e-01 1.661321359846055223e-01 1.731879409878127052e-01 1.802437459910198880e-01
2.348178137651821817e-01 4.817813765182186181e-01 6.072874493927125084e-01 6.396761133603239280e-01 6.558704453441295268e-01 6.659919028340081093e-01 6.740890688259109087e-01 6.761133603238866918e-01 6.801619433198380360e-01 6.842105263157894912e-01
8.243727598566308323e-02 2.741935483870967527e-01 4.551971326164874765e-01 5.376344086021505042e-01 5.663082437275985814e-01 5.878136200716845838e-01 6.039426523297490856e-01 6.111111111111111605e-01 6.164874551971326611e-01 6.218637992831541617e-01
1.347708894878706272e-02 8.086253369272236591e-02 1.401617250673854453e-01 2.291105121293800506e-01 2.938005390835579655e-01 3.315363881401617308e-01 3.611859838274932843e-01 3.692722371967654960e-01 3.854447439353099747e-01 4.043126684636118573e-01
8.425720620842572228e-02 2.439024390243902385e-01 3.658536585365853577e-01 4.368070953436807291e-01 4.611973392461197196e-01 4.855875831485587657e-01 4.922394678492239550e-01 4.944567627494456663e-01 5.011086474501108556e-01 5.055432372505542782e-01
1.591511936339522551e-02 7.957559681697612408e-02 1.538461538461538547e-01 2.572944297082228049e-01 3.103448275862069061e-01 3.554376657824933616e-01 3.925729442970822269e-01 4.058355437665782661e-01 4.164456233421750531e-01 4.217506631299735020e-01
