2.402849740932642419e-01 6.120466321243522856e-01 7.681347150259066892e-01 8.102331606217616500e-01 8.238341968911917501e-01 8.329015544041450392e-01 8.419689119170984393e-01 8.465025906735751393e-01 8.516839378238342251e-01 8.568652849740933108e-01
2.455830388692579469e-01 5.706713780918727386e-01 7.738515901060070146e-01 8.533568904593639148e-01 8.657243816254417412e-01 8.692579505300352949e-01 8.745583038869257919e-01 8.816254416961131213e-01 8.851590106007066749e-01 8.886925795053003396e-01
2.409638554216867595e-02 9.638554216867470381e-02 2.048192771084337283e-01 3.493975903614457978e-01 3.975903614457831359e-01 4.457831325301204739e-01 4.698795180722891707e-01 4.698795180722891707e-01 4.698795180722891707e-01 4.698795180722891707e-01
1.438356164383561564e-01 4.041095890410958957e-01 6.598173515981735626e-01 7.511415525114155667e-01 7.922374429223744130e-01 8.013698630136986134e-01 8.105022831050228138e-01 8.150684931506849695e-01 8.173515981735159919e-01 8.173515981735159919e-01
5.882352941176470507e-02 8.823529411764706454e-02 2.647058823529411797e-01 2.941176470588235392e-01 3.823529411764705621e-01 3.823529411764705621e-01 4.411764705882352811e-01 4.705882352941176405e-01 4.705882352941176405e-01 5.000000000000000000e-01
1.790123456790123357e-01 5.555555555555555802e-01 7.777777777777777901e-01 8.395061728395061262e-01 8.580246913580247270e-01 8.827160493827160836e-01 8.827160493827160836e-01 8.827160493827160836e-01 8.827160493827160836e-01 8.888888888888888395e-01
1.132075471698113234e-01 5.471698113207547065e-01 8.867924528301887044e-01 9.245283018867924696e-01 9.245283018867924696e-01 9.433962264150943522e-01 9.433962264150943522e-01 9.433962264150943522e-01 9.433962264150943522e-01 9.433962264150943522e-01
4.761904761904761640e-02 1.904761904761904656e-01 3.809523809523809312e-01 4.761904761904761640e-01 5.238095238095238360e-01 5.238095238095238360e-01 5.238095238095238360e-01 5.238095238095238360e-01 5.714285714285713969e-01 5.714285714285713969e-01
6.153846153846154188e-02 5.538461538461538769e-01 7.384615384615385025e-01 8.307692307692308153e-01 8.307692307692308153e-01 8.461538461538461453e-01 8.461538461538461453e-01 8.461538461538461453e-01 8.615384615384615863e-01 8.615384615384615863e-01
0.000000000000000000e+00 3.333333333333333148e-01 4.444444444444444198e-01 4.444444444444444198e-01 5.555555555555555802e-01 5.555555555555555802e-01 5.555555555555555802e-01 5.555555555555555802e-01 5.555555555555555802e-01 5.555555555555555802e-01
4.336451836451836184e-01 7.486139986139985769e-01 8.352390852390851883e-01 8.560291060291059795e-01 8.617463617463617664e-01 8.678101178101178537e-01 8.719681219681220119e-01 8.776853776853776878e-01 8.821898821898821463e-01 8.854816354816354984e-01
2.132834424695977671e-01 5.879326473339570036e-01 7.899906454630495345e-01 8.334892422825069813e-01 8.433115060804490248e-01 8.479887745556594636e-01 8.507951356407857935e-01 8.531337698783910684e-01 8.554724041159962322e-01 8.568755846585593972e-01
1.350906095551894504e-01 4.085667215815486086e-01 5.930807248764414785e-01 6.507413509060955281e-01 6.721581548599671052e-01 6.820428336079077392e-01 6.869851729818781116e-01 6.902800658978582860e-01 6.935749588138385713e-01 6.935749588138385713e-01
8.564231738035264774e-02 2.821158690176322481e-01 4.030226700251889338e-01 4.483627204030226632e-01 4.609571788413098226e-01 4.685138539042821293e-01 4.710327455919395279e-01 4.735516372795969819e-01 4.760705289672543805e-01 4.811083123425692887e-01
1.476997578692493818e-01 3.874092009685229931e-01 5.278450363196125483e-01 5.520581113801452666e-01 5.617433414043583317e-01 5.690072639225182138e-01 5.762711864406779849e-01 5.786924939467312790e-01 5.835351089588377560e-01 5.859564164648910500e-01
1.803278688524590223e-01 4.754098360655737432e-01 5.409836065573770947e-01 5.737704918032786594e-01 5.737704918032786594e-01 5.737704918032786594e-01 5.737704918032786594e-01 5.737704918032786594e-01 5.737704918032786594e-01 5.737704918032786594e-01
1.562500000000000000e-01 4.687500000000000000e-01 5.312500000000000000e-01 5.625000000000000000e-01 6.250000000000000000e-01 6.562500000000000000e-01 6.562500000000000000e-01 6.562500000000000000e-01 6.562500000000000000e-01 6.562500000000000000e-01
1.904761904761904656e-01 3.756613756613756405e-01 4.761904761904761640e-01 5.079365079365079083e-01 5.132275132275132545e-01 5.132275132275132545e-01 5.158730158730159276e-01 5.158730158730159276e-01 5.158730158730159276e-01 5.158730158730159276e-01
0.000000000000000000e+00 5.555555555555555247e-02 5.555555555555555247e-02 5.555555555555555247e-02 5.555555555555555247e-02 5.555555555555555247e-02 5.555555555555555247e-02 1.111111111111111049e-01 1.111111111111111049e-01 1.111111111111111049e-01
5.179856115107913661e-01 7.338129496402877594e-01 7.410071942446042614e-01 7.410071942446042614e-01 7.482014388489208745e-01 7.482014388489208745e-01 7.482014388489208745e-01 7.482014388489208745e-01 7.482014388489208745e-01 7.482014388489208745e-01
5.882352941176470507e-02 4.117647058823529216e-01 7.058823529411765163e-01 7.647058823529411242e-01 7.647058823529411242e-01 7.941176470588234837e-01 7.941176470588234837e-01 7.941176470588234837e-01 7.941176470588234837e-01 7.941176470588234837e-01
0.000000000000000000e+00 2.631578947368420907e-02 5.263157894736841813e-02 7.894736842105262720e-02 1.315789473684210453e-01 1.315789473684210453e-01 1.315789473684210453e-01 1.315789473684210453e-01 1.842105263157894635e-01 1.842105263157894635e-01
0.000000000000000000e+00 4.000000000000000222e-01 4.000000000000000222e-01 5.999999999999999778e-01 5.999999999999999778e-01 5.999999999999999778e-01 5.999999999999999778e-01 5.999999999999999778e-01 5.999999999999999778e-01 5.999999999999999778e-01
0.000000000000000000e+00 0.000000000000000000e+00 0.000000000000000000e+00 0.000000000000000000e+00 0.000000000000000000e+00 0.000000000000000000e+00 0.000000000000000000e+00 0.000000000000000000e+00 0.000000000000000000e+00 0.000000000000000000e+00
1.932367149758454014e-02 1.256038647342995196e-01 1.884057971014492794e-01 2.608695652173912971e-01 2.801932367149758685e-01 3.043478260869565410e-01 3.043478260869565410e-01 3.140096618357487990e-01 3.188405797101449002e-01 3.285024154589372136e-01
1.052023121387283267e-01 3.352601156069364152e-01 5.815028901734103917e-01 7.179190751445087004e-01 8.115606936416185357e-01 8.832369942196531820e-01 9.283236994219653537e-01 9.410404624277456387e-01 9.421965317919075433e-01 9.421965317919075433e-01
0.000000000000000000e+00 5.000000000000000278e-02 2.000000000000000111e-01 2.500000000000000000e-01 2.999999999999999889e-01 3.499999999999999778e-01 3.499999999999999778e-01 3.499999999999999778e-01 4.000000000000000222e-01 4.000000000000000222e-01
2.135823429541595930e-01 5.276740237691002200e-01 7.456706281833616057e-01 8.458404074702886577e-01 8.899830220713073059e-01 9.039049235993208420e-01 9.130730050933786313e-01 9.195246179966044542e-01 9.229202037351442733e-01 9.263157894736842035e-01
0.000000000000000000e+00 8.064516129032257841e-02 3.225806451612903136e-01 4.516129032258064391e-01 5.322580645161290036e-01 6.612903225806451291e-01 6.935483870967742437e-01 7.258064516129032473e-01 7.419354838709677491e-01 7.580645161290322509e-01
0.000000000000000000e+00 0.000000000000000000e+00 0.000000000000000000e+00 0.000000000000000000e+00 0.000000000000000000e+00 0.000000000000000000e+00 0.000000000000000000e+00 0.000000000000000000e+00 0.000000000000000000e+00 0.000000000000000000e+00
1.935483870967741882e-01 4.637096774193548154e-01 6.048387096774193727e-01 6.250000000000000000e-01 6.290322580645161255e-01 6.330645161290322509e-01 6.330645161290322509e-01 6.330645161290322509e-01 6.330645161290322509e-01 6.330645161290322509e-01
2.247191011235954994e-01 5.955056179775281011e-01 7.640449438202246979e-01 7.696629213483145993e-01 7.808988764044944020e-01 7.808988764044944020e-01 7.808988764044944020e-01 7.808988764044944020e-01 7.808988764044944020e-01 7.808988764044944020e-01
2.727272727272727071e-01 5.454545454545454142e-01 6.363636363636363535e-01 6.363636363636363535e-01 6.363636363636363535e-01 6.363636363636363535e-01 6.363636363636363535e-01 6.363636363636363535e-01 6.363636363636363535e-01 6.363636363636363535e-01
4.861111111111111049e-01 7.916666666666666297e-01 8.125000000000000000e-01 8.125000000000000000e-01 8.125000000000000000e-01 8.125000000000000000e-01 8.125000000000000000e-01 8.125000000000000000e-01 8.125000000000000000e-01 8.125000000000000000e-01
2.980132450331126059e-01 5.629139072847682002e-01 6.291390728476821126e-01 6.291390728476821126e-01 6.291390728476821126e-01 6.291390728476821126e-01 6.291390728476821126e-01 6.291390728476821126e-01 6.291390728476821126e-01 6.291390728476821126e-01
2.903372835004557895e-01 6.718322698268003323e-01 8.290793072014585041e-01 8.801276207839562327e-01 8.933454876937101385e-01 9.029170464904284765e-01 9.074749316317228809e-01 9.134001823154056510e-01 9.193254329990884210e-01 9.266180492251595568e-01
2.527472527472527375e-01 6.428571428571429047e-01 8.491508491508491518e-01 9.055944055944056270e-01 9.185814185814186184e-01 9.260739260739260237e-01 9.315684315684316097e-01 9.365634365634365466e-01 9.450549450549450281e-01 9.505494505494505031e-01
2.390011890606421052e-01 6.468489892984542466e-01 8.442330558858501810e-01 8.923900118906064050e-01 9.042806183115338348e-01 9.137931034482759118e-01 9.203329369797860204e-01 9.256837098692033416e-01 9.316290130796670566e-01 9.363852556480380951e-01
1.392757660167130984e-01 4.066852367688022496e-01 6.295264623955432182e-01 7.033426183844011526e-01 7.298050139275765735e-01 7.520891364902506648e-01 7.548746518105849956e-01 7.618384401114206561e-01 7.674094707520890957e-01 7.799442896935933067e-01
1.276190476190476319e-01 4.095238095238095122e-01 6.419047619047618669e-01 7.733333333333333171e-01 8.076190476190475698e-01 8.323809523809523325e-01 8.533333333333333881e-01 8.742857142857143327e-01 8.857142857142856762e-01 8.914285714285714590e-01
2.045454545454545581e-01 4.318181818181818232e-01 5.681818181818182323e-01 6.136363636363636465e-01 6.363636363636363535e-01 7.272727272727272929e-01 7.272727272727272929e-01 7.500000000000000000e-01 7.500000000000000000e-01 7.500000000000000000e-01
0.000000000000000000e+00 0.000000000000000000e+00 0.000000000000000000e+00 0.000000000000000000e+00 0.000000000000000000e+00 0.000000000000000000e+00 0.000000000000000000e+00 0.000000000000000000e+00 0.000000000000000000e+00 0.000000000000000000e+00
3.686006825938566434e-01 6.348122866894198024e-01 7.098976109215017205e-01 7.440273037542661783e-01 7.474402730375426795e-01 7.610921501706484626e-01 7.645051194539249639e-01 7.679180887372013542e-01 7.679180887372013542e-01 7.747440273037542458e-01
0.000000000000000000e+00 5.000000000000000000e-01 1.000000000000000000e+00 1.000000000000000000e+00 1.000000000000000000e+00 1.000000000000000000e+00 1.000000000000000000e+00 1.000000000000000000e+00 1.000000000000000000e+00 1.000000000000000000e+00
1.621621621621621712e-01 2.432432432432432567e-01 2.702702702702702853e-01 3.243243243243243423e-01 4.054054054054054279e-01 4.054054054054054279e-01 4.054054054054054279e-01 4.054054054054054279e-01 4.324324324324324564e-01 4.594594594594594850e-01
4.511149228130360012e-01 8.113207547169811740e-01 8.987993138936535287e-01 9.073756432246998793e-01 9.073756432246998793e-01 9.108061749571183530e-01 9.125214408233276453e-01 9.159519725557461189e-01 9.176672384219554113e-01 9.193825042881647036e-01
4.033816425120773097e-01 7.657004830917873983e-01 8.212560386473429785e-01 8.309178743961352920e-01 8.309178743961352920e-01 8.357487922705314487e-01 8.405797101449274944e-01 8.405797101449274944e-01 8.405797101449274944e-01 8.454106280193236511e-01
5.102974828375286265e-01 8.260869565217391353e-01 8.947368421052631637e-01 9.016018306636155444e-01 9.038901601830663379e-01 9.084668192219679250e-01 9.084668192219679250e-01 9.084668192219679250e-01 9.084668192219679250e-01 9.084668192219679250e-01
4.699999999999999734e-01 6.999999999999999556e-01 8.000000000000000444e-01 8.000000000000000444e-01 8.100000000000000533e-01 8.100000000000000533e-01 8.100000000000000533e-01 8.199999999999999512e-01 8.199999999999999512e-01 8.199999999999999512e-01
4.025974025974026205e-01 5.454545454545454142e-01 5.714285714285713969e-01 6.103896103896103709e-01 6.103896103896103709e-01 6.103896103896103709e-01 6.103896103896103709e-01 6.103896103896103709e-01 6.103896103896103709e-01 6.103896103896103709e-01
3.697749196141479344e-01 8.135048231511253780e-01 9.517684887459807452e-01 9.678456591639871265e-01 9.678456591639871265e-01 9.678456591639871265e-01 9.678456591639871265e-01 9.678456591639871265e-01 9.678456591639871265e-01 9.678456591639871265e-01
1.925925925925925930e-01 5.333333333333333259e-01 7.925925925925926263e-01 8.888888888888888395e-01 9.333333333333333481e-01 9.407407407407407662e-01 9.407407407407407662e-01 9.407407407407407662e-01 9.407407407407407662e-01 9.407407407407407662e-01
1.150442477876106179e-01 4.203539823008849430e-01 6.371681415929203451e-01 7.345132743362832173e-01 7.699115044247787365e-01 7.787610619469026441e-01 7.831858407079645978e-01 7.831858407079645978e-01 7.831858407079645978e-01 7.831858407079645978e-01
2.930402930402930400e-02 1.941391941391941434e-01 3.663003663003662758e-01 5.091575091575091250e-01 5.604395604395604469e-01 6.190476190476190688e-01 6.373626373626373187e-01 6.483516483516483797e-01 6.556776556776556797e-01 6.703296703296702796e-01
0.000000000000000000e+00 0.000000000000000000e+00 0.000000000000000000e+00 0.000000000000000000e+00 0.000000000000000000e+00 0.000000000000000000e+00 2.941176470588235253e-02 5.882352941176470507e-02 5.882352941176470507e-02 5.882352941176470507e-02
1.666666666666666574e-01 2.307692307692307820e-01 2.435897435897435848e-01 2.435897435897435848e-01 2.435897435897435848e-01 2.435897435897435848e-01 2.435897435897435848e-01 2.435897435897435848e-01 2.435897435897435848e-01 2.435897435897435848e-01
0.000000000000000000e+00 0.000000000000000000e+00 0.000000000000000000e+00 0.000000000000000000e+00 0.000000000000000000e+00 0.000000000000000000e+00 0.000000000000000000e+00 0.000000000000000000e+00 0.000000000000000000e+00 0.000000000000000000e+00
5.000000000000000000e-01 1.000000000000000000e+00 1.000000000000000000e+00 1.000000000000000000e+00 1.000000000000000000e+00 1.000000000000000000e+00 1.000000000000000000e+00 1.000000000000000000e+00 1.000000000000000000e+00 1.000000000000000000e+00
3.794642857142856984e-01 6.919642857142856984e-01 7.857142857142856984e-01 8.080357142857143016e-01 8.080357142857143016e-01 8.080357142857143016e-01 8.080357142857143016e-01 8.080357142857143016e-01 8.080357142857143016e-01 8.080357142857143016e-01
3.064516129032258118e-01 6.612903225806451291e-01 8.225806451612903691e-01 9.032258064516128782e-01 9.193548387096773800e-01 9.193548387096773800e-01 9.193548387096773800e-01 9.193548387096773800e-01 9.193548387096773800e-01 9.193548387096773800e-01
2.165605095541401348e-01 6.369426751592356384e-01 8.980891719745223156e-01 9.808917197452229342e-01 9.872611464968152895e-01 9.872611464968152895e-01 9.872611464968152895e-01 9.872611464968152895e-01 9.872611464968152895e-01 9.872611464968152895e-01
1.363636363636363535e-01 2.272727272727272652e-01 4.545454545454545303e-01 8.636363636363636465e-01 9.545454545454545858e-01 9.545454545454545858e-01 9.545454545454545858e-01 9.545454545454545858e-01 9.545454545454545858e-01 9.545454545454545858e-01
4.444444444444444198e-01 7.777777777777777901e-01 9.537037037037037202e-01 9.907407407407406996e-01 9.907407407407406996e-01 9.907407407407406996e-01 1.000000000000000000e+00 1.000000000000000000e+00 1.000000000000000000e+00 1.000000000000000000e+00
2.399999999999999911e-01 6.600000000000000311e-01 8.599999999999999867e-01 8.800000000000000044e-01 9.000000000000000222e-01 9.200000000000000400e-01 9.200000000000000400e-01 9.200000000000000400e-01 9.200000000000000400e-01 9.200000000000000400e-01
5.000000000000000278e-02 2.999999999999999889e-01 4.500000000000000111e-01 5.000000000000000000e-01 5.000000000000000000e-01 5.000000000000000000e-01 5.000000000000000000e-01 5.000000000000000000e-01 5.000000000000000000e-01 5.000000000000000000e-01
3.434452871072589120e-01 7.172264355362947263e-01 8.396533044420367853e-01 8.559046587215601853e-01 8.634886240520043277e-01 8.699891657638136877e-01 8.743228602383531500e-01 8.797399783315276167e-01 8.808234019501625101e-01 8.819068255687974034e-01
3.235294117647058987e-01 5.735294117647058432e-01 6.176470588235294379e-01 6.764705882352941568e-01 6.764705882352941568e-01 6.764705882352941568e-01 6.764705882352941568e-01 6.764705882352941568e-01 6.764705882352941568e-01 6.764705882352941568e-01
1.219512195121951192e-01 7.317073170731707155e-01 8.048780487804878536e-01 8.292682926829267887e-01 8.292682926829267887e-01 8.292682926829267887e-01 8.292682926829267887e-01 8.292682926829267887e-01 8.292682926829267887e-01 8.292682926829267887e-01
1.111111111111111049e-01 1.111111111111111049e-01 1.111111111111111049e-01 1.111111111111111049e-01 1.111111111111111049e-01 1.111111111111111049e-01 1.111111111111111049e-01 1.111111111111111049e-01 1.111111111111111049e-01 1.111111111111111049e-01
3.301886792452830149e-02 1.415094339622641473e-01 2.216981132075471761e-01 2.547169811320754707e-01 2.547169811320754707e-01 2.547169811320754707e-01 2.547169811320754707e-01 2.594339622641509413e-01 2.830188679245282946e-01 2.830188679245282946e-01
5.854312835328105979e-01 9.003301692117210431e-01 9.475856376392901570e-01 9.500619067271977025e-01 9.508873297565002547e-01 9.517127527858026959e-01 9.517127527858026959e-01 9.517127527858026959e-01 9.521254643004539719e-01 9.521254643004539719e-01
4.805980776076895777e-01 8.405126379494481936e-01 9.177643289426842266e-01 9.234603061587753903e-01 9.241723033107867025e-01 9.248843004627981257e-01 9.248843004627981257e-01 9.248843004627981257e-01 9.252402990388038928e-01 9.252402990388038928e-01
3.294685990338164228e-01 6.782608695652173614e-01 7.845410628019323651e-01 8.019323671497584627e-01 8.038647342995168810e-01 8.048309178743960901e-01 8.048309178743960901e-01 8.048309178743960901e-01 8.057971014492754103e-01 8.057971014492754103e-01
1.197916666666666713e-01 3.472222222222222099e-01 4.270833333333333148e-01 4.548611111111111049e-01 4.618055555555555802e-01 4.618055555555555802e-01 4.618055555555555802e-01 4.635416666666666852e-01 4.635416666666666852e-01 4.652777777777777901e-01
3.636363636363636187e-02 6.363636363636362980e-02 7.272727272727272374e-02 7.272727272727272374e-02 8.181818181818181768e-02 8.181818181818181768e-02 8.181818181818181768e-02 8.181818181818181768e-02 8.181818181818181768e-02 8.181818181818181768e-02
1.536679536679536606e-01 4.996138996138996258e-01 7.482625482625482327e-01 8.285714285714286254e-01 8.455598455598455354e-01 8.525096525096524935e-01 8.555984555984555984e-01 8.563706563706563468e-01 8.571428571428570953e-01 8.579150579150579548e-01
1.242236024844720482e-01 4.534161490683230045e-01 6.583850931677018847e-01 7.391304347826086474e-01 7.763975155279503326e-01 7.763975155279503326e-01 7.763975155279503326e-01 7.763975155279503326e-01 7.763975155279503326e-01 7.763975155279503326e-01
8.847184986595174605e-02 3.163538873994637957e-01 6.246648793565683366e-01 7.899910634495085349e-01 8.722073279714029903e-01 8.945487042001787348e-01 9.016979445933869242e-01 9.061662198391421397e-01 9.070598748882930940e-01 9.088471849865952246e-01
2.284482758620689780e-01 5.617816091954023205e-01 7.816091954022988952e-01 8.936781609195402210e-01 9.123563218390804419e-01 9.137931034482759118e-01 9.166666666666666297e-01 9.166666666666666297e-01 9.181034482758620996e-01 9.181034482758620996e-01
2.516129032258064280e-01 6.727272727272727293e-01 8.715542521994135150e-01 9.079178885630498907e-01 9.096774193548387011e-01 9.114369501466275114e-01 9.126099706744867923e-01 9.126099706744867923e-01 9.126099706744867923e-01 9.131964809384164328e-01
2.750000000000000222e-01 4.937500000000000222e-01 5.562500000000000222e-01 5.687499999999999778e-01 5.687499999999999778e-01 5.687499999999999778e-01 5.687499999999999778e-01 5.812500000000000444e-01 5.937500000000000000e-01 5.999999999999999778e-01
2.737617135207496832e-01 6.720214190093708462e-01 8.259705488621150726e-01 8.641231593038821712e-01 8.761713520749665474e-01 8.908969210174029207e-01 8.962516733601071373e-01 9.009370816599732157e-01 9.062918340026773212e-01 9.076305220883533753e-01
1.470588235294117627e-02 2.205882352941176613e-02 2.205882352941176613e-02 2.205882352941176613e-02 2.205882352941176613e-02 2.205882352941176613e-02 2.941176470588235253e-02 2.941176470588235253e-02 2.941176470588235253e-02 5.147058823529411520e-02
9.756097560975610095e-02 3.170731707317073211e-01 3.902439024390244038e-01 4.878048780487804770e-01 4.878048780487804770e-01 4.878048780487804770e-01 5.121951219512195230e-01 5.121951219512195230e-01 5.121951219512195230e-01 5.121951219512195230e-01
0.000000000000000000e+00 2.500000000000000000e-01 2.500000000000000000e-01 5.000000000000000000e-01 5.000000000000000000e-01 5.000000000000000000e-01 7.500000000000000000e-01 7.500000000000000000e-01 7.500000000000000000e-01 7.500000000000000000e-01
4.556442417331812988e-01 7.906499429874572771e-01 8.513112884834663774e-01 8.551881413911059937e-01 8.567844925883694174e-01 8.579247434435576247e-01 8.597491448118586010e-01 8.613454960091220247e-01 8.624857468643101210e-01 8.643101482326112084e-01
1.317494600431965424e-01 3.531317494600432205e-01 4.654427645788337120e-01 4.946004319654427883e-01 5.053995680345572117e-01 5.118790496760259323e-01 5.140388768898488392e-01 5.172786177105831440e-01 5.183585313174946529e-01 5.183585313174946529e-01
4.467184191954834405e-01 7.526464361326746788e-01 8.172194777699365309e-01 8.270995059985886133e-01 8.306280875088214444e-01 8.327452364149612318e-01 8.338038108680310145e-01 8.366266760762173238e-01 8.373323923782639566e-01 8.383909668313338504e-01
1.326259946949602184e-02 8.090185676392573633e-02 1.472148541114058351e-01 2.161803713527851445e-01 2.599469496021220016e-01 2.851458885941644539e-01 2.904509283819628473e-01 2.931034482758620441e-01 2.944297082228116702e-01 3.023872679045092604e-01
8.075601374570447188e-02 2.920962199312714946e-01 4.003436426116838698e-01 4.604810996563573622e-01 4.759450171821305586e-01 4.914089347079037551e-01 4.948453608247422864e-01 4.982817869415807621e-01 4.982817869415807621e-01 5.000000000000000000e-01
9.375000000000000000e-02 2.187500000000000000e-01 4.062500000000000000e-01 4.687500000000000000e-01 5.000000000000000000e-01 5.625000000000000000e-01 5.937500000000000000e-01 5.937500000000000000e-01 5.937500000000000000e-01 5.937500000000000000e-01
0.000000000000000000e+00 1.111111111111111049e-01 1.111111111111111049e-01 2.222222222222222099e-01 2.222222222222222099e-01 2.222222222222222099e-01 2.222222222222222099e-01 2.222222222222222099e-01 2.222222222222222099e-01 2.222222222222222099e-01
1.250000000000000000e-01 3.750000000000000000e-01 5.937500000000000000e-01 6.770833333333333703e-01 7.187500000000000000e-01 7.187500000000000000e-01 7.291666666666666297e-01 7.604166666666666297e-01 7.604166666666666297e-01 7.708333333333333703e-01
2.857142857142856984e-01 4.761904761904761640e-01 5.714285714285713969e-01 7.619047619047618625e-01 7.619047619047618625e-01 8.095238095238095344e-01 8.095238095238095344e-01 8.095238095238095344e-01 8.095238095238095344e-01 8.095238095238095344e-01
0.000000000000000000e+00 0.000000000000000000e+00 0.000000000000000000e+00 0.000000000000000000e+00 0.000000000000000000e+00 0.000000000000000000e+00 0.000000000000000000e+00 0.000000000000000000e+00 0.000000000000000000e+00 0.000000000000000000e+00
2.096985583224115213e-01 5.491480996068152098e-01 7.273918741808650390e-01 7.837483617300130545e-01 8.034076015727391606e-01 8.099606815203145294e-01 8.256880733944954587e-01 8.309305373525557314e-01 8.401048492791611810e-01 8.492791612057667416e-01
1.428571428571428492e-01 3.928571428571428492e-01 5.571428571428571619e-01 6.214285714285714413e-01 6.428571428571429047e-01 6.428571428571429047e-01 6.642857142857142572e-01 6.857142857142857206e-01 6.999999999999999556e-01 6.999999999999999556e-01
1.841269841269841390e-01 4.317460317460317665e-01 6.063492063492063044e-01 6.730158730158730673e-01 7.396825396825397192e-01 7.619047619047618625e-01 7.682539682539683001e-01 7.777777777777777901e-01 7.873015873015872801e-01 8.000000000000000444e-01
4.494163424124513750e-01 8.138780804150453907e-01 8.852140077821011310e-01 9.027237354085603238e-01 9.137483787289234494e-01 9.267185473411154728e-01 9.332036316472114290e-01 9.364461738002594071e-01 9.409857328145265765e-01 9.487678339818417239e-01
9.523809523809523281e-02 3.809523809523809312e-01 5.238095238095238360e-01 5.714285714285713969e-01 5.952380952380952328e-01 6.666666666666666297e-01 6.904761904761904656e-01 6.904761904761904656e-01 6.904761904761904656e-01 6.904761904761904656e-01
4.534883720930232287e-01 7.877906976744185608e-01 8.672480620155038622e-01 8.788759689922480689e-01 8.817829457364341206e-01 8.846899224806201723e-01 8.846899224806201723e-01 8.866279069767442067e-01 8.866279069767442067e-01 8.895348837209302584e-01
6.589147286821706029e-02 2.015503875968992220e-01 3.953488372093023062e-01 5.426356589147286469e-01 5.891472868217054737e-01 6.124031007751937761e-01 6.279069767441860517e-01 6.356589147286821895e-01 6.434108527131783273e-01 6.589147286821704919e-01
2.040816326530612082e-02 6.122448979591836593e-02 1.428571428571428492e-01 2.857142857142856984e-01 3.265306122448979331e-01 4.285714285714285476e-01 4.489795918367346927e-01 4.897959183673469274e-01 5.102040816326530726e-01 5.306122448979592177e-01
1.150097465886939507e-01 3.820662768031188872e-01 6.530214424951267249e-01 7.368421052631578538e-01 7.894736842105263275e-01 8.089668615984405564e-01 8.206627680311890938e-01 8.206627680311890938e-01 8.265107212475633069e-01 8.304093567251461527e-01
5.555555555555555247e-02 3.055555555555555802e-01 5.000000000000000000e-01 5.740740740740740700e-01 6.018518518518518601e-01 6.203703703703703498e-01 6.388888888888888395e-01 6.388888888888888395e-01 6.481481481481481399e-01 6.481481481481481399e-01
2.714285714285714080e-01 5.928571428571428603e-01 7.857142857142856984e-01 8.642857142857143238e-01 9.000000000000000222e-01 9.142857142857142572e-01 9.285714285714286031e-01 9.428571428571428381e-01 9.642857142857143016e-01 9.714285714285714191e-01
1.068883610451306365e-01 3.776722090261282472e-01 7.648456057007125830e-01 8.788598574821853138e-01 9.026128266033254244e-01 9.192399049881234685e-01 9.192399049881234685e-01 9.239904988123515128e-01 9.287410926365795572e-01 9.287410926365795572e-01
5.785123966942148921e-02 2.595041322314049492e-01 4.363636363636363424e-01 6.545454545454545414e-01 7.983471074380165122e-01 8.446280991735537480e-01 8.545454545454544970e-01 8.595041322314049825e-01 8.677685950413223104e-01 8.694214876033057315e-01
1.538461538461538547e-01 6.153846153846154188e-01 7.948717948717948234e-01 8.461538461538461453e-01 8.974358974358974672e-01 9.230769230769231282e-01 9.230769230769231282e-01 9.230769230769231282e-01 9.230769230769231282e-01 9.230769230769231282e-01
6.349206349206348854e-02 2.539682539682539542e-01 4.126984126984126755e-01 6.349206349206348854e-01 7.142857142857143016e-01 7.301587301587301182e-01 7.460317460317460458e-01 7.460317460317460458e-01 7.936507936507936067e-01 7.936507936507936067e-01
1.610169491525423602e-01 2.881355932203389925e-01 3.728813559322033955e-01 4.745762711864406902e-01 4.915254237288135819e-01 5.423728813559322015e-01 5.508474576271186196e-01 5.593220338983050377e-01 5.677966101694915668e-01 5.932203389830508211e-01
1.232876712328767055e-01 2.739726027397260122e-01 3.013698630136986134e-01 3.561643835616438158e-01 4.246575342465753189e-01 4.657534246575342207e-01 5.205479452054794232e-01 5.342465753424657793e-01 5.479452054794520244e-01 5.616438356164383805e-01
0.000000000000000000e+00 0.000000000000000000e+00 0.000000000000000000e+00 0.000000000000000000e+00 0.000000000000000000e+00 0.000000000000000000e+00 0.000000000000000000e+00 0.000000000000000000e+00 0.000000000000000000e+00 0.000000000000000000e+00
0.000000000000000000e+00 0.000000000000000000e+00 0.000000000000000000e+00 0.000000000000000000e+00 0.000000000000000000e+00 0.000000000000000000e+00 0.000000000000000000e+00 0.000000000000000000e+00 0.000000000000000000e+00 0.000000000000000000e+00
0.000000000000000000e+00 0.000000000000000000e+00 0.000000000000000000e+00 0.000000000000000000e+00 0.000000000000000000e+00 0.000000000000000000e+00 0.000000000000000000e+00 0.000000000000000000e+00 0.000000000000000000e+00 0.000000000000000000e+00
2.386888273314866082e-01 6.084949215143120593e-01 8.028624192059095055e-01 8.707294552169898560e-01 8.887349953831947813e-01 8.951985226223453385e-01 8.984302862419205615e-01 9.035087719298245945e-01 9.072022160664819923e-01 9.090489381348106912e-01
8.426966292134831227e-02 2.968164794007490670e-01 5.028089887640448952e-01 6.601123595505618002e-01 7.368913857677902302e-01 7.790262172284644349e-01 8.033707865168538964e-01 8.136704119850187711e-01 8.202247191011236005e-01 8.277153558052434690e-01
7.887579329102448189e-02 3.037171350861287422e-01 5.630099728014505978e-01 6.844968268359020724e-01 7.552130553037171845e-01 7.724388032638259682e-01 7.869446962828648973e-01 7.941976427923843618e-01 7.960108794197642279e-01 8.023572076155938149e-01
8.438818565400843172e-03 5.063291139240506250e-02 1.350210970464134907e-01 2.700421940928269815e-01 3.924050632911392222e-01 4.852320675105485370e-01 5.105485232067510371e-01 5.569620253164556667e-01 5.780590717299578518e-01 5.864978902953587037e-01
0.000000000000000000e+00 2.127659574468085055e-02 7.446808510638297518e-02 1.595744680851063912e-01 2.021276595744680715e-01 3.829787234042553168e-01 4.255319148936170248e-01 4.574468085106382920e-01 4.893617021276595591e-01 4.893617021276595591e-01
3.820624259186092275e-01 7.659028052153299404e-01 8.854207822994863974e-01 9.028052153299090943e-01 9.109047807190833179e-01 9.152508889766890476e-01 9.178190438561832920e-01 9.201896483603319021e-01 9.217700513630976422e-01 9.227578032398261465e-01
2.991296381126889448e-01 6.147503435639029012e-01 7.384333486028401561e-01 7.732478240952816995e-01 7.865322950068712737e-01 7.934035730645899731e-01 7.970682546953733461e-01 7.993586807146129125e-01 8.021071919377004145e-01 8.053137883646358519e-01
1.274193548387096697e-01 3.322580645161290480e-01 4.645161290322580849e-01 5.000000000000000000e-01 5.241935483870967527e-01 5.338709677419354316e-01 5.435483870967742215e-01 5.500000000000000444e-01 5.532258064516129004e-01 5.548387096774193283e-01
2.511811023622047001e-01 6.031496062992125484e-01 7.275590551181102539e-01 7.488188976377952999e-01 7.535433070866142113e-01 7.559055118110236116e-01 7.574803149606299524e-01 7.614173228346456934e-01 7.629921259842519232e-01 7.637795275590550936e-01
6.287425149700598404e-02 1.706586826347305519e-01 2.305389221556886359e-01 2.514970059880239361e-01 2.604790419161676640e-01 2.724550898203592642e-01 2.724550898203592642e-01 2.724550898203592642e-01 2.784431137724550642e-01 2.814371257485029920e-01
2.441860465116278966e-01 5.910852713178295081e-01 7.538759689922480689e-01 8.178294573643410947e-01 8.372093023255814392e-01 8.527131782945736038e-01 8.720930232558139483e-01 8.740310077519379828e-01 8.759689922480620172e-01 8.817829457364341206e-01
4.150417827298050200e-01 7.103064066852368130e-01 8.022284122562673980e-01 8.328690807799442597e-01 8.523676880222841312e-01 8.676880222841225621e-01 8.732590529247911126e-01 8.830083565459609929e-01 8.927576601671308731e-01 8.927576601671308731e-01
4.444444444444444614e-02 1.777777777777777846e-01 3.111111111111111160e-01 4.000000000000000222e-01 4.444444444444444198e-01 4.888888888888888729e-01 5.111111111111110716e-01 5.111111111111110716e-01 5.333333333333333259e-01 5.555555555555555802e-01
1.516853932584269760e-01 4.634831460674157522e-01 6.376404494382021948e-01 7.078651685393257953e-01 7.584269662921347965e-01 7.780898876404493958e-01 7.977528089887639950e-01 8.061797752808989026e-01 8.202247191011236005e-01 8.258426966292135019e-01
0.000000000000000000e+00 3.125000000000000000e-02 6.250000000000000000e-02 9.375000000000000000e-02 9.375000000000000000e-02 1.250000000000000000e-01 1.250000000000000000e-01 1.562500000000000000e-01 1.562500000000000000e-01 1.562500000000000000e-01
4.034249303066507197e-01 7.499004380724810792e-01 8.375149342891278215e-01 8.462763839107925179e-01 8.534448426921544817e-01 8.586220629231381407e-01 8.618080446037434950e-01 8.649940262843488492e-01 8.685782556750298866e-01 8.705694942254081914e-01
2.941176470588235392e-01 6.470588235294117974e-01 7.058823529411765163e-01 7.058823529411765163e-01 7.058823529411765163e-01 7.058823529411765163e-01 7.058823529411765163e-01 7.058823529411765163e-01 7.058823529411765163e-01 7.058823529411765163e-01
4.285714285714285476e-01 5.714285714285713969e-01 5.714285714285713969e-01 5.714285714285713969e-01 5.714285714285713969e-01 5.714285714285713969e-01 5.714285714285713969e-01 5.714285714285713969e-01 5.714285714285713969e-01 5.714285714285713969e-01
5.000000000000000000e-01 5.000000000000000000e-01 5.000000000000000000e-01 5.000000000000000000e-01 5.000000000000000000e-01 5.000000000000000000e-01 5.000000000000000000e-01 5.000000000000000000e-01 7.500000000000000000e-01 7.500000000000000000e-01
1.801801801801801717e-01 2.972972972972973138e-01 3.423423423423423428e-01 3.513513513513513709e-01 3.513513513513513709e-01 3.513513513513513709e-01 3.513513513513513709e-01 3.513513513513513709e-01 3.513513513513513709e-01 3.603603603603603434e-01
4.378966455122393353e-01 7.964641885766092777e-01 8.839528558476881237e-01 8.921124206708975768e-01 8.934723481414325041e-01 8.939256572982774429e-01 8.948322756119673205e-01 8.957388939256573090e-01 8.957388939256573090e-01 8.957388939256573090e-01
1.209904333145751243e-01 3.964546989307822233e-01 6.302757456387169110e-01 7.307259425998874347e-01 7.720877884074281994e-01 7.926280247608328278e-01 8.058525604952166965e-01 8.134496342149690751e-01 8.202025886325267079e-01 8.261114237478897060e-01
8.447488584474885376e-02 2.922374429223744130e-01 4.109589041095890183e-01 5.022831050228310223e-01 5.353881278538812349e-01 5.627853881278538362e-01 5.799086757990867813e-01 5.924657534246575707e-01 6.084474885844748382e-01 6.107305936073059716e-01
1.040439733019238311e-01 3.372595210051040349e-01 5.665488810365135741e-01 6.862976050255201743e-01 7.440125638005496977e-01 7.754220651747153470e-01 7.926972909305064485e-01 8.040832351786415533e-01 8.107577542206517718e-01 8.127208480565371040e-01
5.438401775804661831e-02 2.042175360710321852e-01 3.951165371809101101e-01 5.349611542730299263e-01 5.926748057713651097e-01 6.137624861265260634e-01 6.337402885682574816e-01 6.459489456159822618e-01 6.492785793562707575e-01 6.537180910099888997e-01
2.520000000000000018e-01 6.583999999999999853e-01 8.496000000000000218e-01 8.903999999999999693e-01 8.988000000000000433e-01 9.048000000000000487e-01 9.068000000000000504e-01 9.092000000000000082e-01 9.115999999999999659e-01 9.135999999999999677e-01
9.090909090909091161e-02 3.636363636363636465e-01 4.545454545454545303e-01 5.000000000000000000e-01 5.000000000000000000e-01 5.000000000000000000e-01 5.000000000000000000e-01 5.000000000000000000e-01 5.000000000000000000e-01 5.000000000000000000e-01
1.425030978934324621e-01 4.200743494423792024e-01 7.236679058240396145e-01 8.203221809169765066e-01 8.413878562577447040e-01 8.438661710037175245e-01 8.463444857496902340e-01 8.488228004956629436e-01 8.488228004956629436e-01 8.488228004956629436e-01
8.176100628930817182e-02 2.955974842767295496e-01 5.911949685534590992e-01 7.106918238993710224e-01 7.358490566037735325e-01 7.484276729559747876e-01 7.547169811320755262e-01 7.547169811320755262e-01 7.547169811320755262e-01 7.610062893081761537e-01
2.564102564102564014e-02 1.089743589743589758e-01 1.858974358974359031e-01 2.692307692307692180e-01 3.141025641025640969e-01 3.141025641025640969e-01 3.205128205128205399e-01 3.205128205128205399e-01 3.269230769230769273e-01 3.269230769230769273e-01
1.419141914191419107e-01 2.904290429042904464e-01 3.696369636963696137e-01 4.059405940594059681e-01 4.125412541254125376e-01 4.191419141914191626e-01 4.191419141914191626e-01 4.191419141914191626e-01 4.224422442244224474e-01 4.257425742574257321e-01
0.000000000000000000e+00 0.000000000000000000e+00 2.173913043478260809e-02 4.347826086956521618e-02 4.347826086956521618e-02 4.347826086956521618e-02 4.347826086956521618e-02 4.347826086956521618e-02 4.347826086956521618e-02 8.695652173913043237e-02
3.023543990086741129e-01 5.861214374225526269e-01 7.026022304832714171e-01 7.224287484510533153e-01 7.323420074349442643e-01 7.385377942998760936e-01 7.385377942998760936e-01 7.385377942998760936e-01 7.422552664188352134e-01 7.447335811648079229e-01
0.000000000000000000e+00 0.000000000000000000e+00 4.210526315789473589e-02 8.421052631578947179e-02 9.473684210526316096e-02 9.473684210526316096e-02 9.473684210526316096e-02 9.473684210526316096e-02 9.473684210526316096e-02 9.473684210526316096e-02
0.000000000000000000e+00 0.000000000000000000e+00 0.000000000000000000e+00 0.000000000000000000e+00 0.000000000000000000e+00 0.000000000000000000e+00 0.000000000000000000e+00 0.000000000000000000e+00 0.000000000000000000e+00 0.000000000000000000e+00
4.156479217603912257e-01 7.154034229828850622e-01 7.877750611246944201e-01 8.000000000000000444e-01 8.048899755501222053e-01 8.092909535452322833e-01 8.156479217603912479e-01 8.190709046454768272e-01 8.234718826405867942e-01 8.264058679706601795e-01
3.090379008746355627e-01 5.925655976676384995e-01 7.135568513119533440e-01 7.361516034985422507e-01 7.390670553935859699e-01 7.485422740524780849e-01 7.543731778425656342e-01 7.609329446064140301e-01 7.660349854227405109e-01 7.667638483965014684e-01
1.471291866028708040e-01 3.911483253588516895e-01 5.167464114832536204e-01 5.586124401913875603e-01 5.705741626794258448e-01 5.777511961722487932e-01 5.849282296650717416e-01 5.861244019138756034e-01 5.873205741626794651e-01 5.909090909090909394e-01
3.614457831325301046e-02 1.596385542168674565e-01 2.228915662650602370e-01 2.379518072289156516e-01 2.500000000000000000e-01 2.620481927710843206e-01 2.620481927710843206e-01 2.620481927710843206e-01 2.650602409638554424e-01 2.710843373493975750e-01
6.211180124223602064e-03 1.863354037267080793e-02 1.863354037267080793e-02 2.484472049689440826e-02 2.484472049689440826e-02 3.105590062111801206e-02 3.105590062111801206e-02 3.726708074534161586e-02 4.347826086956521618e-02 4.347826086956521618e-02
3.318042813455657769e-01 7.431192660550458573e-01 9.082568807339449490e-01 9.449541284403669694e-01 9.510703363914373432e-01 9.541284403669725300e-01 9.571865443425076059e-01 9.571865443425076059e-01 9.617737003058104417e-01 9.633027522935779796e-01
1.093750000000000000e-01 3.072916666666666852e-01 5.000000000000000000e-01 6.927083333333333703e-01 7.656250000000000000e-01 7.708333333333333703e-01 7.968750000000000000e-01 8.072916666666666297e-01 8.229166666666666297e-01 8.229166666666666297e-01
3.846153846153846367e-02 2.500000000000000000e-01 3.461538461538461453e-01 4.038461538461538547e-01 4.038461538461538547e-01 4.038461538461538547e-01 4.038461538461538547e-01 4.038461538461538547e-01 4.038461538461538547e-01 4.038461538461538547e-01
0.000000000000000000e+00 0.000000000000000000e+00 0.000000000000000000e+00 0.000000000000000000e+00 0.000000000000000000e+00 0.000000000000000000e+00 0.000000000000000000e+00 0.000000000000000000e+00 0.000000000000000000e+00 0.000000000000000000e+00
0.000000000000000000e+00 0.000000000000000000e+00 0.000000000000000000e+00 0.000000000000000000e+00 0.000000000000000000e+00 0.000000000000000000e+00 0.000000000000000000e+00 0.000000000000000000e+00 0.000000000000000000e+00 0.000000000000000000e+00
1.701720841300191078e-01 4.780114722753345813e-01 7.151051625239005505e-01 7.762906309751433920e-01 7.820267686424474674e-01 7.934990439770553960e-01 8.030592734225621143e-01 8.164435946462714755e-01 8.221797323135755509e-01 8.279158699808795152e-01
7.142857142857142461e-02 2.478991596638655537e-01 5.168067226890756816e-01 7.100840336134454089e-01 7.647058823529411242e-01 7.857142857142856984e-01 7.857142857142856984e-01 7.983193277310924874e-01 8.067226890756302726e-01 8.151260504201680579e-01
1.481481481481481399e-01 4.550264550264550012e-01 6.904761904761904656e-01 7.460317460317460458e-01 7.566137566137566273e-01 7.671957671957672087e-01 7.777777777777777901e-01 7.857142857142856984e-01 7.857142857142856984e-01 7.857142857142856984e-01
0.000000000000000000e+00 3.370786516853932491e-02 1.685393258426966245e-01 3.370786516853932491e-01 3.707865168539326017e-01 3.707865168539326017e-01 4.269662921348314488e-01 4.382022471910112515e-01 4.606741573033708015e-01 4.606741573033708015e-01
4.810126582278481111e-01 7.341772151898734444e-01 7.890295358649789259e-01 7.974683544303797778e-01 7.974683544303797778e-01 8.016877637130801482e-01 8.059071729957806296e-01 8.059071729957806296e-01 8.059071729957806296e-01 8.059071729957806296e-01
7.312775330396475981e-01 9.045521292217327813e-01 9.221732745961820354e-01 9.309838472834067735e-01 9.339207048458150195e-01 9.353891336270191426e-01 9.383259911894272776e-01 9.383259911894272776e-01 9.397944199706314006e-01 9.412628487518355236e-01
5.609756097560976151e-01 7.317073170731707155e-01 7.317073170731707155e-01 7.317073170731707155e-01 7.317073170731707155e-01 7.317073170731707155e-01 7.560975609756097615e-01 7.560975609756097615e-01 7.560975609756097615e-01 7.560975609756097615e-01
3.529411764705882582e-01 6.470588235294117974e-01 6.470588235294117974e-01 6.470588235294117974e-01 7.058823529411765163e-01 7.058823529411765163e-01 7.058823529411765163e-01 7.058823529411765163e-01 7.058823529411765163e-01 7.058823529411765163e-01
3.214285714285714524e-01 5.714285714285713969e-01 6.428571428571429047e-01 6.428571428571429047e-01 6.428571428571429047e-01 6.428571428571429047e-01 6.428571428571429047e-01 6.428571428571429047e-01 6.428571428571429047e-01 6.428571428571429047e-01
8.571428571428570953e-01 1.000000000000000000e+00 1.000000000000000000e+00 1.000000000000000000e+00 1.000000000000000000e+00 1.000000000000000000e+00 1.000000000000000000e+00 1.000000000000000000e+00 1.000000000000000000e+00 1.000000000000000000e+00
5.768343957683439438e-01 8.737284687372847136e-01 9.281160992811610111e-01 9.327275193272751563e-01 9.353044893530448878e-01 9.378814593788146192e-01 9.386952393869524292e-01 9.397802793978028424e-01 9.404584294045842396e-01 9.419503594195035578e-01
4.290878162874760537e-01 7.769508824154794935e-01 8.645545396555389672e-01 8.709334467361258270e-01 8.743355305124388410e-01 8.762492026366148767e-01 8.781628747607910235e-01 8.802891771209866434e-01 8.822028492451626791e-01 8.828407399532213207e-01
3.095768374164810655e-01 7.639198218262805984e-01 9.242761692650334204e-01 9.487750556792873269e-01 9.487750556792873269e-01 9.487750556792873269e-01 9.510022271714921871e-01 9.532293986636971583e-01 9.532293986636971583e-01 9.532293986636971583e-01
4.239554317548746565e-01 7.364902506963788564e-01 8.490250696378830453e-01 8.668523676880223183e-01 8.685236768802228058e-01 8.724233983286907579e-01 8.735376044568244902e-01 8.752089136490250887e-01 8.768802228412255761e-01 8.779944289693593085e-01
3.540604825008494827e-01 6.931702344546381012e-01 8.158341828066598689e-01 8.386000679578661243e-01 8.413183826027862411e-01 8.453958545701665273e-01 8.474345905538566148e-01 8.484539585457017141e-01 8.504926945293918017e-01 8.518518518518518601e-01
2.621722846441947724e-02 2.153558052434456915e-01 4.775280898876404501e-01 6.704119850187265639e-01 7.434456928838951706e-01 7.696629213483145993e-01 7.846441947565543362e-01 7.977528089887639950e-01 8.014981273408239293e-01 8.089887640449437978e-01
0.000000000000000000e+00 6.896551724137930939e-02 2.413793103448275967e-01 3.103448275862069061e-01 4.137931034482758563e-01 4.137931034482758563e-01 4.137931034482758563e-01 4.137931034482758563e-01 4.482758620689655249e-01 4.482758620689655249e-01
9.580838323353293995e-02 1.916167664670658799e-01 4.311377245508982159e-01 5.688622754491018396e-01 6.467065868263472961e-01 6.467065868263472961e-01 6.526946107784431517e-01 6.586826347305388962e-01 6.586826347305388962e-01 6.646706586826347518e-01
0.000000000000000000e+00 8.333333333333332871e-02 1.666666666666666574e-01 1.666666666666666574e-01 1.666666666666666574e-01 1.666666666666666574e-01 2.500000000000000000e-01 3.333333333333333148e-01 3.333333333333333148e-01 3.333333333333333148e-01
2.993197278911564618e-01 6.281179138321995037e-01 7.687074829931972442e-01 7.913832199546485535e-01 8.004535147392289884e-01 8.095238095238095344e-01 8.117913832199546986e-01 8.140589569160997518e-01 8.163265306122449161e-01 8.163265306122449161e-01
9.198813056379821773e-02 3.679525222551928709e-01 5.949554896142432714e-01 7.091988130563797732e-01 7.655786350148368058e-01 7.937685459940653221e-01 8.160237388724035368e-01 8.219584569732937274e-01 8.234421364985162750e-01 8.278931750741840290e-01
3.125000000000000000e-02 1.523437500000000000e-01 3.320312500000000000e-01 4.062500000000000000e-01 4.531250000000000000e-01 5.000000000000000000e-01 5.273437500000000000e-01 5.390625000000000000e-01 5.468750000000000000e-01 5.468750000000000000e-01
0.000000000000000000e+00 0.000000000000000000e+00 0.000000000000000000e+00 2.500000000000000000e-01 2.500000000000000000e-01 2.500000000000000000e-01 2.500000000000000000e-01 2.500000000000000000e-01 2.500000000000000000e-01 2.500000000000000000e-01
3.396226415094339562e-02 1.584905660377358416e-01 4.226415094339622813e-01 6.415094339622641195e-01 7.245283018867924030e-01 7.471698113207546621e-01 7.547169811320755262e-01 7.698113207547170322e-01 7.698113207547170322e-01 7.773584905660377853e-01
9.682539682539682835e-02 3.238095238095238249e-01 5.428571428571428159e-01 6.999999999999999556e-01 7.507936507936507908e-01 7.825396825396825351e-01 7.984126984126984627e-01 8.095238095238095344e-01 8.126984126984126977e-01 8.206349206349206060e-01
9.644670050761421087e-02 5.228426395939086424e-01 6.954314720812182493e-01 7.664974619289339763e-01 7.817258883248731083e-01 7.817258883248731083e-01 7.868020304568528189e-01 7.918781725888325296e-01 7.918781725888325296e-01 7.969543147208121292e-01
1.818181818181818232e-01 5.757575757575758013e-01 7.424242424242424310e-01 7.954545454545454142e-01 8.030303030303029832e-01 8.257575757575758013e-01 8.409090909090909394e-01 8.409090909090909394e-01 8.484848484848485084e-01 8.484848484848485084e-01
1.428571428571428492e-01 3.975155279503105321e-01 6.024844720496894679e-01 7.391304347826086474e-01 7.763975155279503326e-01 7.950310559006210642e-01 7.950310559006210642e-01 8.012422360248446784e-01 8.074534161490682926e-01 8.074534161490682926e-01
1.590106007067137728e-01 3.975265017667844458e-01 6.272084805653710404e-01 7.314487632508833714e-01 7.597173144876324669e-01 7.703180212014134609e-01 7.756183745583038469e-01 7.862190812720848410e-01 7.932862190812720593e-01 7.985865724381625563e-01
0.000000000000000000e+00 3.703703703703703498e-02 1.481481481481481399e-01 2.222222222222222099e-01 2.962962962962962798e-01 3.333333333333333148e-01 3.333333333333333148e-01 3.333333333333333148e-01 3.333333333333333148e-01 3.333333333333333148e-01
4.462895692786714857e-02 2.148417228853139460e-01 4.654903995848468923e-01 6.709911779968863454e-01 7.415672029060715875e-01 7.633627400103788485e-01 7.846393357550597303e-01 7.944992215879606023e-01 8.022833419823559575e-01 8.048780487804878536e-01
5.074875207986688508e-02 2.163061564059900188e-01 3.851913477537437513e-01 5.465890183028285776e-01 6.306156405990016589e-01 6.880199667221298387e-01 7.188019966722130061e-01 7.296173044925124973e-01 7.404326123128119885e-01 7.579034941763727051e-01
1.103448275862068950e-01 3.903448275862069217e-01 6.041379310344827669e-01 7.131034482758620285e-01 7.641379310344827980e-01 7.903448275862069439e-01 8.013793103448275668e-01 8.082758620689655116e-01 8.206896551724137678e-01 8.303448275862068684e-01
3.053435114503816675e-02 1.480916030534351058e-01 3.389312977099236401e-01 5.297709923664122300e-01 6.152671755725190872e-01 6.564885496183205937e-01 6.778625954198472803e-01 6.854961832061068350e-01 6.900763358778625456e-01 6.946564885496183672e-01
7.474747474747474307e-02 2.070707070707070718e-01 3.868686868686868618e-01 5.414141414141414588e-01 5.858585858585858563e-01 6.212121212121212155e-01 6.373737373737373701e-01 6.414141414141414366e-01 6.444444444444444864e-01 6.474747474747474252e-01
2.421524663677130096e-01 5.056053811659192432e-01 5.863228699551569223e-01 5.952914798206278002e-01 5.986547085201793239e-01 6.008968609865470434e-01 6.020179372197309586e-01 6.042600896860986781e-01 6.042600896860986781e-01 6.053811659192824823e-01
2.665343915343915127e-01 5.595238095238095344e-01 6.878306878306877925e-01 7.281746031746031411e-01 7.387566137566137225e-01 7.433862433862433727e-01 7.447089947089946538e-01 7.453703703703703498e-01 7.466931216931217419e-01 7.473544973544973269e-01
3.735390369331463289e-01 6.605890603085553536e-01 7.330528284244974824e-01 7.424029920523609327e-01 7.442730247779336672e-01 7.447405329593267398e-01 7.461430575035062907e-01 7.470780738662926579e-01 7.480130902290790251e-01 7.484805984104722087e-01
7.433489827856025467e-02 2.284820031298904486e-01 3.810641627543036036e-01 4.640062597809076483e-01 5.140845070422535024e-01 5.406885758998435376e-01 5.500782472613457985e-01 5.532081377151799595e-01 5.586854460093896302e-01 5.602503912363067107e-01
1.400394477317554176e-01 3.333333333333333148e-01 4.418145956607494873e-01 5.009861932938856066e-01 5.601577909270216704e-01 6.114398422090729923e-01 6.508875739644970349e-01 6.686390532544378429e-01 6.725838264299802693e-01 6.765285996055226958e-01
3.398230088495575174e-01 7.097345132743362317e-01 8.495575221238937935e-01 8.743362831858406681e-01 8.831858407079645756e-01 8.867256637168141609e-01 8.884955752212388980e-01 8.902654867256637461e-01 8.920353982300884832e-01 8.955752212389380684e-01
2.747068676716917790e-01 7.286432160804020564e-01 8.425460636515912372e-01 8.777219430485762031e-01 8.927973199329983789e-01 8.944723618090452133e-01 8.961474036850921587e-01 8.961474036850921587e-01 8.978224455611389931e-01 8.994974874371859386e-01
1.784232365145228261e-01 3.941908713692945931e-01 5.518672199170124859e-01 6.224066390041493868e-01 6.556016597510373467e-01 6.597510373443983278e-01 6.680497925311202900e-01 6.680497925311202900e-01 6.680497925311202900e-01 6.680497925311202900e-01
2.620192307692307820e-01 6.298076923076922906e-01 7.716346153846154188e-01 8.052884615384615641e-01 8.076923076923077094e-01 8.100961538461538547e-01 8.100961538461538547e-01 8.173076923076922906e-01 8.221153846153845812e-01 8.221153846153845812e-01
1.568627450980392135e-01 3.529411764705882582e-01 4.836601307189542509e-01 5.359477124183006369e-01 5.424836601307189143e-01 5.490196078431373028e-01 5.490196078431373028e-01 5.490196078431373028e-01 5.490196078431373028e-01 5.490196078431373028e-01
1.746031746031745935e-01 4.920634920634920362e-01 6.560846560846560482e-01 7.407407407407406996e-01 7.407407407407406996e-01 7.777777777777777901e-01 7.883597883597883715e-01 7.883597883597883715e-01 7.883597883597883715e-01 7.936507936507936067e-01
1.342281879194630878e-01 4.093959731543624359e-01 6.174496644295301984e-01 7.516778523489933139e-01 7.718120805369127480e-01 7.986577181208053267e-01 8.120805369127517270e-01 8.187919463087248717e-01 8.255033557046980164e-01 8.322147651006711611e-01
1.607142857142857262e-01 3.660714285714285476e-01 5.267857142857143016e-01 6.160714285714286031e-01 6.517857142857143016e-01 6.607142857142856984e-01 6.875000000000000000e-01 6.964285714285713969e-01 6.964285714285713969e-01 6.964285714285713969e-01
1.014492753623188470e-01 2.898550724637681264e-01 4.347826086956521618e-01 6.811594202898550998e-01 7.246376811594202882e-01 7.391304347826086474e-01 7.391304347826086474e-01 7.536231884057971175e-01 7.536231884057971175e-01 7.681159420289854767e-01
1.818181818181818232e-01 6.250000000000000000e-01 8.409090909090909394e-01 8.863636363636363535e-01 9.204545454545454142e-01 9.204545454545454142e-01 9.204545454545454142e-01 9.318181818181817677e-01 9.431818181818182323e-01 9.431818181818182323e-01
4.787619361211721825e-01 7.853144550543299518e-01 8.630227197892657021e-01 8.775107013500164088e-01 8.831083305893974167e-01 8.890352321369773270e-01 8.959499506091537224e-01 9.031939413895291313e-01 9.097793875535067354e-01 9.127428383272966350e-01
2.826855123674911624e-02 2.179034157832744345e-01 4.817432273262661768e-01 7.043580683156654976e-01 8.174322732626619903e-01 8.586572438162544119e-01 8.869257950530035073e-01 9.034157832744404981e-01 9.093050647820966059e-01 9.175500588928150458e-01
3.921568627450980338e-02 2.218137254901960675e-01 4.803921568627451122e-01 7.316176470588234837e-01 8.284313725490196623e-01 8.639705882352941568e-01 8.725490196078431460e-01 8.799019607843137081e-01 8.860294117647058432e-01 8.946078431372549433e-01
3.676470588235294240e-02 2.073529411764706010e-01 5.102941176470587870e-01 6.970588235294117307e-01 7.558823529411764497e-01 7.985294117647059320e-01 8.220588235294117307e-01 8.264705882352940680e-01 8.323529411764706287e-01 8.441176470588235281e-01
1.204819277108433798e-02 1.927710843373494076e-01 4.096385542168674565e-01 5.060240963855421326e-01 6.024096385542169196e-01 6.867469879518072196e-01 7.108433734939758608e-01 7.228915662650602370e-01 7.349397590361446131e-01 7.469879518072288782e-01
5.534339990258159148e-01 7.806137359961032862e-01 8.217243058938139555e-01 8.280565026790063232e-01 8.302971261568435901e-01 8.327325864588407400e-01 8.348757915245981209e-01 8.373112518265952708e-01 8.392596200681928797e-01 8.405260594252313977e-01
3.724228929572818703e-01 6.524822695035461528e-01 7.262081477816262343e-01 7.374237176315355802e-01 7.403925449447468221e-01 7.428665677057562089e-01 7.458353950189675619e-01 7.471548738248391386e-01 7.489691571829127925e-01 7.507834405409863354e-01
1.757779646761984949e-01 4.003364171572750263e-01 5.231286795626577391e-01 5.618166526492851531e-01 5.752733389402859832e-01 5.820016820857863982e-01 5.828427249789739362e-01 5.828427249789739362e-01 5.845248107653490122e-01 5.853658536585365502e-01
5.837563451776649898e-02 1.700507614213198071e-01 2.677664974619289318e-01 3.477157360406091247e-01 3.807106598984771328e-01 3.870558375634517989e-01 3.934010152284264095e-01 3.934010152284264095e-01 3.934010152284264095e-01 3.946700507614213094e-01
4.944375772558714036e-03 4.326328800988875345e-02 1.248454882571075342e-01 1.915945611866501919e-01 2.200247218788627945e-01 2.299134734239802191e-01 2.299134734239802191e-01 2.348578491965389314e-01 2.360939431396786026e-01 2.360939431396786026e-01
9.859154929577464144e-02 4.286971830985915610e-01 6.786971830985915055e-01 7.552816901408451189e-01 7.667253521126760063e-01 7.693661971830986213e-01 7.711267605633802535e-01 7.711267605633802535e-01 7.755281690140845008e-01 7.755281690140845008e-01
6.493506493506493935e-03 7.142857142857142461e-02 1.168831168831168804e-01 1.558441558441558406e-01 1.688311688311688319e-01 1.818181818181818232e-01 1.818181818181818232e-01 1.818181818181818232e-01 1.818181818181818232e-01 1.883116883116883189e-01
0.000000000000000000e+00 0.000000000000000000e+00 2.127659574468085055e-02 6.382978723404254817e-02 8.510638297872340219e-02 1.276595744680850963e-01 1.276595744680850963e-01 1.276595744680850963e-01 1.276595744680850963e-01 1.276595744680850963e-01
0.000000000000000000e+00 1.639344262295082053e-02 1.639344262295082053e-02 6.557377049180328210e-02 6.557377049180328210e-02 6.557377049180328210e-02 8.196721311475409222e-02 8.196721311475409222e-02 8.196721311475409222e-02 8.196721311475409222e-02
0.000000000000000000e+00 0.000000000000000000e+00 2.830188679245283084e-02 5.660377358490566169e-02 9.433962264150944077e-02 9.433962264150944077e-02 9.433962264150944077e-02 9.433962264150944077e-02 9.433962264150944077e-02 9.433962264150944077e-02
1.927710843373494076e-01 6.024096385542169196e-01 7.710843373493976305e-01 7.951807228915662717e-01 7.951807228915662717e-01 8.072289156626506479e-01 8.192771084337349130e-01 8.192771084337349130e-01 8.313253012048192891e-01 8.313253012048192891e-01
4.749999999999999778e-01 8.249999999999999556e-01 8.750000000000000000e-01 8.750000000000000000e-01 8.750000000000000000e-01 8.750000000000000000e-01 8.750000000000000000e-01 8.750000000000000000e-01 8.750000000000000000e-01 8.750000000000000000e-01
2.727272727272727071e-01 3.636363636363636465e-01 5.454545454545454142e-01 6.363636363636363535e-01 6.363636363636363535e-01 6.363636363636363535e-01 6.363636363636363535e-01 6.363636363636363535e-01 6.363636363636363535e-01 6.363636363636363535e-01
0.000000000000000000e+00 0.000000000000000000e+00 0.000000000000000000e+00 0.000000000000000000e+00 0.000000000000000000e+00 0.000000000000000000e+00 0.000000000000000000e+00 0.000000000000000000e+00 0.000000000000000000e+00 0.000000000000000000e+00
0.000000000000000000e+00 5.000000000000000000e-01 7.500000000000000000e-01 7.500000000000000000e-01 7.500000000000000000e-01 7.500000000000000000e-01 7.500000000000000000e-01 7.500000000000000000e-01 7.500000000000000000e-01 7.500000000000000000e-01
5.053380782918149849e-01 8.007117437722419684e-01 8.825622775800712194e-01 9.039145907473309371e-01 9.181494661921708600e-01 9.217081850533808129e-01 9.288256227758007189e-01 9.288256227758007189e-01 9.323843416370106718e-01 9.359430604982206248e-01
2.333333333333333370e-01 6.500000000000000222e-01 8.833333333333333037e-01 9.166666666666666297e-01 9.166666666666666297e-01 9.333333333333333481e-01 9.333333333333333481e-01 9.333333333333333481e-01 9.499999999999999556e-01 9.499999999999999556e-01
2.820512820512820484e-01 7.051282051282051766e-01 8.589743589743589203e-01 8.717948717948718063e-01 8.717948717948718063e-01 8.846153846153845812e-01 8.846153846153845812e-01 8.974358974358974672e-01 9.230769230769231282e-01 9.230769230769231282e-01
3.043478260869565410e-01 7.391304347826086474e-01 7.826086956521739468e-01 7.826086956521739468e-01 8.260869565217391353e-01 8.695652173913043237e-01 8.695652173913043237e-01 8.695652173913043237e-01 8.695652173913043237e-01 9.130434782608695121e-01
2.500000000000000000e-01 2.500000000000000000e-01 2.500000000000000000e-01 5.000000000000000000e-01 5.000000000000000000e-01 5.000000000000000000e-01 5.000000000000000000e-01 5.000000000000000000e-01 5.000000000000000000e-01 7.500000000000000000e-01
1.020408163265306145e-01 3.605442176870748416e-01 4.761904761904761640e-01 5.714285714285713969e-01 6.122448979591836871e-01 6.802721088435373931e-01 7.006802721088435382e-01 7.142857142857143016e-01 7.210884353741496833e-01 7.278911564625850650e-01
0.000000000000000000e+00 1.111111111111111049e-01 1.111111111111111049e-01 2.222222222222222099e-01 2.222222222222222099e-01 2.222222222222222099e-01 2.222222222222222099e-01 2.222222222222222099e-01 2.222222222222222099e-01 2.222222222222222099e-01
0.000000000000000000e+00 0.000000000000000000e+00 0.000000000000000000e+00 0.000000000000000000e+00 0.000000000000000000e+00 0.000000000000000000e+00 0.000000000000000000e+00 0.000000000000000000e+00 0.000000000000000000e+00 0.000000000000000000e+00
0.000000000000000000e+00 0.000000000000000000e+00 0.000000000000000000e+00 0.000000000000000000e+00 0.000000000000000000e+00 0.000000000000000000e+00 0.000000000000000000e+00 0.000000000000000000e+00 0.000000000000000000e+00 0.000000000000000000e+00
0.000000000000000000e+00 0.000000000000000000e+00 0.000000000000000000e+00 0.000000000000000000e+00 0.000000000000000000e+00 0.000000000000000000e+00 0.000000000000000000e+00 0.000000000000000000e+00 0.000000000000000000e+00 0.000000000000000000e+00
4.421524663677129929e-01 7.390134529147982523e-01 8.430493273542600807e-01 8.663677130044843411e-01 8.726457399103139112e-01 8.753363228699551080e-01 8.771300448430493502e-01 8.780269058295964157e-01 8.789237668161434813e-01 8.816143497757847891e-01
1.441717791411042948e-01 3.312883435582821834e-01 4.539877300613496813e-01 5.337423312883435855e-01 5.674846625766871711e-01 5.981595092024539762e-01 6.196319018404907730e-01 6.319018404907975617e-01 6.319018404907975617e-01 6.319018404907975617e-01
9.655172413793103314e-02 2.827586206896551824e-01 3.931034482758620774e-01 4.551724137931034697e-01 5.034482758620689724e-01 5.172413793103448620e-01 5.172413793103448620e-01 5.241379310344828069e-01 5.310344827586206407e-01 5.310344827586206407e-01
3.571428571428571230e-02 1.428571428571428492e-01 2.142857142857142738e-01 2.857142857142856984e-01 3.928571428571428492e-01 3.928571428571428492e-01 4.642857142857143016e-01 4.642857142857143016e-01 4.642857142857143016e-01 4.642857142857143016e-01
0.000000000000000000e+00 0.000000000000000000e+00 0.000000000000000000e+00 0.000000000000000000e+00 0.000000000000000000e+00 0.000000000000000000e+00 0.000000000000000000e+00 0.000000000000000000e+00 0.000000000000000000e+00 0.000000000000000000e+00
3.644168146832445498e-01 7.581409117821196197e-01 8.564239194789816656e-01 8.647128478389579653e-01 8.673771462403788712e-01 8.694493783303730572e-01 8.706335109532267191e-01 8.721136767317939631e-01 8.735938425103612071e-01 8.744819419775015090e-01
1.746617466174661681e-01 5.442804428044279996e-01 7.232472324723246970e-01 7.724477244772447460e-01 7.798277982779827644e-01 7.829028290282903368e-01 7.859778597785977983e-01 7.890528905289052597e-01 7.896678966789667520e-01 7.921279212792128321e-01
8.841463414634145868e-02 2.774390243902439268e-01 4.542682926829268442e-01 5.365853658536585691e-01 5.579268292682927344e-01 5.609756097560976151e-01 5.640243902439023849e-01 5.701219512195121464e-01 5.701219512195121464e-01 5.701219512195121464e-01
2.153377348908075140e-01 6.028440832910106906e-01 7.826307770441848222e-01 8.151345860843067781e-01 8.207211782630776664e-01 8.268156424581005748e-01 8.298628745556120290e-01 8.318943626206195541e-01 8.369730827831386444e-01 8.384966988318943715e-01
1.181818181818181795e-01 4.236363636363636442e-01 6.127272727272726760e-01 6.654545454545454097e-01 6.818181818181817677e-01 6.945454545454545769e-01 6.963636363636364068e-01 6.999999999999999556e-01 6.999999999999999556e-01 6.999999999999999556e-01
2.532110091743119407e-01 6.385321100917431547e-01 8.238532110091743021e-01 8.862385321100917368e-01 8.990825688073394995e-01 8.990825688073394995e-01 8.990825688073394995e-01 9.027522935779817015e-01 9.027522935779817015e-01 9.027522935779817015e-01
1.113537117903930090e-01 4.082969432314410563e-01 5.960698689956331897e-01 7.489082969432314663e-01 7.991266375545851286e-01 8.340611353711789855e-01 8.340611353711789855e-01 8.362445414847161640e-01 8.362445414847161640e-01 8.406113537117904100e-01
4.045197740112994600e-01 7.502824858757062287e-01 8.632768361581920624e-01 8.836158192090395325e-01 8.858757062146892514e-01 8.870056497175141663e-01 8.926553672316384080e-01 8.926553672316384080e-01 8.937853107344633230e-01 8.949152542372881269e-01
1.737089201877934364e-01 4.600938967136150026e-01 6.150234741784037507e-01 6.760563380281690016e-01 6.807511737089202430e-01 7.230046948356807501e-01 7.323943661971831220e-01 7.370892018779342525e-01 7.464788732394366244e-01 7.558685446009389963e-01
1.203007518796992414e-01 3.609022556390977243e-01 5.375939849624060685e-01 6.578947368421053099e-01 7.406015037593984829e-01 8.120300751879698797e-01 8.383458646616541721e-01 8.458646616541353191e-01 8.458646616541353191e-01 8.458646616541353191e-01
2.710622710622710430e-01 5.750915750915750468e-01 7.216117216117216016e-01 7.619047619047618625e-01 7.802197802197802234e-01 7.948717948717948234e-01 8.021978021978022344e-01 8.168498168498168344e-01 8.205128205128204844e-01 8.315018315018315453e-01
1.694214876033057759e-01 3.925619834710744049e-01 5.123966942148759918e-01 5.867768595041322754e-01 6.074380165289255951e-01 6.239669421487603618e-01 6.280991735537190257e-01 6.363636363636363535e-01 6.446280991735536814e-01 6.487603305785123453e-01
4.000000000000000222e-01 4.000000000000000222e-01 4.000000000000000222e-01 5.999999999999999778e-01 5.999999999999999778e-01 5.999999999999999778e-01 5.999999999999999778e-01 5.999999999999999778e-01 5.999999999999999778e-01 5.999999999999999778e-01
7.142857142857142461e-02 1.071428571428571369e-01 1.071428571428571369e-01 2.142857142857142738e-01 2.500000000000000000e-01 2.857142857142856984e-01 3.214285714285714524e-01 3.214285714285714524e-01 3.571428571428571508e-01 3.571428571428571508e-01
0.000000000000000000e+00 0.000000000000000000e+00 0.000000000000000000e+00 0.000000000000000000e+00 0.000000000000000000e+00 0.000000000000000000e+00 0.000000000000000000e+00 0.000000000000000000e+00 0.000000000000000000e+00 0.000000000000000000e+00
3.576982892690513255e-02 1.337480559875583175e-01 2.923794712286158504e-01 4.758942457231726264e-01 6.065318818040434934e-01 6.842923794712285623e-01 7.076205287713841496e-01 7.138413685847589951e-01 7.216174183514774132e-01 7.293934681181959423e-01
3.225806451612903136e-02 9.677419354838709409e-02 1.827956989247311870e-01 2.849462365591398094e-01 3.467741935483871218e-01 3.682795698924731242e-01 3.897849462365591267e-01 3.924731182795698770e-01 4.086021505376344343e-01 4.112903225806451846e-01
1.627393225331369708e-01 5.206185567010309656e-01 8.011782032400589504e-01 8.976435935198822103e-01 9.131075110456553512e-01 9.175257731958762486e-01 9.189985272459498811e-01 9.197349042709866973e-01 9.204712812960235135e-01 9.212076583210603298e-01
6.097560975609755962e-02 2.483370288248337165e-01 4.977827050997782887e-01 7.128603104212860586e-01 8.037694013303768870e-01 8.192904656319290879e-01 8.248337028824833661e-01 8.281596452328159330e-01 8.314855875831486109e-01 8.325942350332594666e-01
1.941747572815533812e-02 4.854368932038834877e-02 1.456310679611650394e-01 2.038834951456310607e-01 3.106796116504854099e-01 3.883495145631067902e-01 4.271844660194174526e-01 4.271844660194174526e-01 4.271844660194174526e-01 4.368932038834951181e-01
3.907793633369923136e-01 7.486278814489571998e-01 8.605927552140505421e-01 8.924259055982436406e-01 9.077936333699231364e-01 9.132821075740944483e-01 9.165751920965971022e-01 9.176728869374314312e-01 9.187705817782656492e-01 9.220636663007684142e-01
2.000000000000000111e-01 5.142857142857142350e-01 7.142857142857143016e-01 7.142857142857143016e-01 7.714285714285714635e-01 7.714285714285714635e-01 7.714285714285714635e-01 8.000000000000000444e-01 8.285714285714286254e-01 8.285714285714286254e-01
3.498817966903073340e-01 6.761229314420803549e-01 8.096926713947990573e-01 8.510638297872340496e-01 8.652482269503546375e-01 8.711583924349881602e-01 8.747044917257683627e-01 8.829787234042553168e-01 8.865248226950354082e-01 8.900709219858156107e-01
1.749999999999999889e-01 5.000000000000000000e-01 6.500000000000000222e-01 8.499999999999999778e-01 8.750000000000000000e-01 9.000000000000000222e-01 9.000000000000000222e-01 9.000000000000000222e-01 9.000000000000000222e-01 9.000000000000000222e-01
9.090909090909091161e-02 9.090909090909091161e-02 1.363636363636363535e-01 2.727272727272727071e-01 4.090909090909091161e-01 4.090909090909091161e-01 4.545454545454545303e-01 4.545454545454545303e-01 4.545454545454545303e-01 4.545454545454545303e-01
3.647058823529411575e-01 7.294117647058823151e-01 7.882352941176470340e-01 8.000000000000000444e-01 8.000000000000000444e-01 8.117647058823529438e-01 8.117647058823529438e-01 8.117647058823529438e-01 8.117647058823529438e-01 8.117647058823529438e-01
1.818181818181818232e-01 3.966942148760330689e-01 6.033057851239669311e-01 6.776859504132231038e-01 7.190082644628099651e-01 7.272727272727272929e-01 7.272727272727272929e-01 7.272727272727272929e-01 7.355371900826446208e-01 7.355371900826446208e-01
1.327433628318584191e-01 2.566371681415929307e-01 4.247787610619468968e-01 5.221238938053097689e-01 6.106194690265486225e-01 6.371681415929203451e-01 6.460176991150442527e-01 6.460176991150442527e-01 6.637168141592920678e-01 6.725663716814159754e-01
2.372881355932203451e-01 6.610169491525423879e-01 8.135593220338983578e-01 8.644067796610169774e-01 8.644067796610169774e-01 8.644067796610169774e-01 8.644067796610169774e-01 8.644067796610169774e-01 8.644067796610169774e-01 8.644067796610169774e-01
1.627906976744186163e-01 2.093023255813953598e-01 2.325581395348837177e-01 3.488372093023255904e-01 3.720930232558139483e-01 3.720930232558139483e-01 3.720930232558139483e-01 3.720930232558139483e-01 3.720930232558139483e-01 3.720930232558139483e-01
1.630615640599001603e-01 4.442595673876871820e-01 6.705490848585690111e-01 7.820299500831946471e-01 8.153078202995008850e-01 8.286189683860233357e-01 8.369384359400998674e-01 8.419301164725457864e-01 8.435940099833610928e-01 8.435940099833610928e-01
1.243243243243243312e-01 4.324324324324324564e-01 6.108108108108107892e-01 7.135135135135135531e-01 7.405405405405405261e-01 7.459459459459459874e-01 7.513513513513513375e-01 7.621621621621621490e-01 7.621621621621621490e-01 7.621621621621621490e-01
1.482000935016362653e-01 5.217391304347825942e-01 7.905563347358578463e-01 8.798503973819541413e-01 8.952781673679289787e-01 8.985507246376811530e-01 9.027582982702196945e-01 9.074333800841514197e-01 9.125759700794764395e-01 9.163160355306217975e-01
1.049913941480206531e-01 3.253012048192771011e-01 5.301204819277108848e-01 6.867469879518072196e-01 7.263339070567986777e-01 7.418244406196213836e-01 7.469879518072288782e-01 7.521514629948364838e-01 7.607573149741824192e-01 7.641996557659208600e-01
0.000000000000000000e+00 2.777777777777777624e-02 8.333333333333332871e-02 8.333333333333332871e-02 1.111111111111111049e-01 1.111111111111111049e-01 1.111111111111111049e-01 1.111111111111111049e-01 1.111111111111111049e-01 1.111111111111111049e-01
4.869257950530035406e-01 8.346289752650176696e-01 8.982332155477031899e-01 9.074204946996466958e-01 9.180212014134275789e-01 9.222614840989399321e-01 9.229681978798586206e-01 9.286219081272084619e-01 9.286219081272084619e-01 9.314487632508834380e-01
1.585903083700440641e-01 3.700440528634361126e-01 4.449339207048458311e-01 5.066079295154185536e-01 5.242290748898678077e-01 5.462555066079295418e-01 5.506607929515417998e-01 5.550660792951541689e-01 5.594713656387665379e-01 5.594713656387665379e-01
0.000000000000000000e+00 0.000000000000000000e+00 0.000000000000000000e+00 0.000000000000000000e+00 0.000000000000000000e+00 0.000000000000000000e+00 0.000000000000000000e+00 0.000000000000000000e+00 1.449275362318840597e-02 2.898550724637681195e-02
6.282722513089004923e-02 1.780104712041884751e-01 3.193717277486911033e-01 3.926701570680628528e-01 4.240837696335078566e-01 4.397905759162303863e-01 4.450261780104712295e-01 4.607329842931937036e-01 4.607329842931937036e-01 4.659685863874345468e-01
8.547008547008547868e-03 1.709401709401709574e-02 4.273504273504273587e-02 4.273504273504273587e-02 4.273504273504273587e-02 4.273504273504273587e-02 4.273504273504273587e-02 4.273504273504273587e-02 4.273504273504273587e-02 4.273504273504273587e-02
1.997216423103688188e-01 5.511482254697286365e-01 7.710508002783577064e-01 8.754349338900486721e-01 9.032707028531663518e-01 9.144050104384133792e-01 9.157967988865692854e-01 9.164926931106471830e-01 9.178844815588030892e-01 9.213639526791927992e-01
4.606525911708253540e-02 1.746641074856045972e-01 3.627639155470249732e-01 5.047984644913627861e-01 5.758157389635316648e-01 6.429942418426103368e-01 6.717850287907869422e-01 6.890595009596929277e-01 7.063339731285988021e-01 7.140115163147792154e-01
1.068222621184919258e-01 3.725314183123877854e-01 6.184919210053859695e-01 7.369838420107719390e-01 7.755834829443446488e-01 7.980251346499102061e-01 8.061041292639138378e-01 8.096947935368042915e-01 8.105924596050269049e-01 8.123877917414721317e-01
2.999999999999999889e-02 1.499999999999999944e-01 3.099999999999999978e-01 4.933333333333333459e-01 6.033333333333333881e-01 6.633333333333333304e-01 6.999999999999999556e-01 7.133333333333333748e-01 7.166666666666666741e-01 7.266666666666666829e-01
2.083333333333333218e-02 6.250000000000000000e-02 1.458333333333333426e-01 2.083333333333333426e-01 2.708333333333333148e-01 3.125000000000000000e-01 3.541666666666666852e-01 3.958333333333333148e-01 3.958333333333333148e-01 4.375000000000000000e-01
3.529411764705882582e-01 7.310924369747898721e-01 8.319327731092437395e-01 8.655462184873949916e-01 8.739495798319327768e-01 8.739495798319327768e-01 8.991596638655462437e-01 8.991596638655462437e-01 8.991596638655462437e-01 8.991596638655462437e-01
1.382978723404255372e-01 4.148936170212765839e-01 6.489361702127659504e-01 7.553191489361702482e-01 7.872340425531915153e-01 8.191489361702127825e-01 8.404255319148936643e-01 8.404255319148936643e-01 8.404255319148936643e-01 8.404255319148936643e-01
0.000000000000000000e+00 1.818181818181818232e-01 2.424242424242424310e-01 3.939393939393939226e-01 4.545454545454545303e-01 4.545454545454545303e-01 4.848484848484848619e-01 5.151515151515151381e-01 5.454545454545454142e-01 5.454545454545454142e-01
7.608695652173913526e-02 2.391304347826087029e-01 3.695652173913043237e-01 4.239130434782608647e-01 4.782608695652174058e-01 5.217391304347825942e-01 5.543478260869565410e-01 5.543478260869565410e-01 5.652173913043477826e-01 5.652173913043477826e-01
1.351351351351351426e-02 5.405405405405405705e-02 6.756756756756757132e-02 6.756756756756757132e-02 6.756756756756757132e-02 8.108108108108108558e-02 8.108108108108108558e-02 8.108108108108108558e-02 8.108108108108108558e-02 8.108108108108108558e-02
