2.117703810902074324e-01 5.571635311143270375e-01 7.134587554269175014e-01 7.506029908345392965e-01 7.612156295224312696e-01 7.670043415340086490e-01 7.708634828750603463e-01 7.737578388808490359e-01 7.747226242161119325e-01 7.761698022190062218e-01
1.830102622576967042e-01 4.834663625997719372e-01 6.704675028506271728e-01 7.434435575826682241e-01 7.519954389965792796e-01 7.571265678449259351e-01 7.599771949828962869e-01 7.639680729760547351e-01 7.668187001140250869e-01 7.708095781071835351e-01
4.716981132075472039e-02 1.827830188679245293e-01 2.912735849056603543e-01 4.103773584905660576e-01 4.952830188679245293e-01 5.271226415094339979e-01 5.377358490566037652e-01 5.471698113207547065e-01 5.495283018867924696e-01 5.507075471698112956e-01
9.876543209876542662e-02 3.045267489711934172e-01 5.034293552812071360e-01 5.898491083676269398e-01 6.433470507544581940e-01 6.714677640603566866e-01 6.838134430727023094e-01 6.920438957475995023e-01 6.961591220850480433e-01 6.975308641975308532e-01
5.141388174807198091e-02 1.529562982005141514e-01 2.699228791773778946e-01 3.766066838046272514e-01 4.434447300771208189e-01 4.781491002570694149e-01 5.128534704370180108e-01 5.449871465295629269e-01 5.604113110539845621e-01 5.629820051413881865e-01
1.987179487179487059e-01 5.576923076923077094e-01 7.628205128205127750e-01 8.012820512820513219e-01 8.173076923076922906e-01 8.237179487179486781e-01 8.301282051282051766e-01 8.301282051282051766e-01 8.333333333333333703e-01 8.365384615384615641e-01
1.491228070175438514e-01 4.780701754385964786e-01 7.236842105263158187e-01 7.807017543859648967e-01 7.894736842105263275e-01 7.982456140350877583e-01 7.982456140350877583e-01 8.070175438596490780e-01 8.070175438596490780e-01 8.070175438596490780e-01
7.633587786259542207e-02 2.442748091603053340e-01 4.351145038167938961e-01 5.343511450381679406e-01 5.725190839694656031e-01 5.877862595419847125e-01 5.877862595419847125e-01 5.954198473282442672e-01 6.106870229007633766e-01 6.183206106870229313e-01
8.530805687203792120e-02 4.218009478672986035e-01 6.208530805687203502e-01 7.156398104265402349e-01 7.298578199052132565e-01 7.298578199052132565e-01 7.345971563981043007e-01 7.345971563981043007e-01 7.345971563981043007e-01 7.345971563981043007e-01
8.928571428571428770e-02 3.452380952380952328e-01 5.357142857142856984e-01 6.726190476190476719e-01 6.904761904761904656e-01 6.964285714285713969e-01 7.023809523809523281e-01 7.023809523809523281e-01 7.083333333333333703e-01 7.083333333333333703e-01
4.165294698715837907e-01 7.222588080342443595e-01 8.024366150806717668e-01 8.197234112611129220e-01 8.225222258808033704e-01 8.248271320381955762e-01 8.258149489627922835e-01 8.281198551201843783e-01 8.292723081988804257e-01 8.307540335857754865e-01
1.943328871039714523e-01 5.298973672467648388e-01 7.072735385988397905e-01 7.492190986166890054e-01 7.574743418116911542e-01 7.617135207496653626e-01 7.646140116019634059e-01 7.670682730923694681e-01 7.695225345827755303e-01 7.713074520303435655e-01
1.197815060476004750e-01 3.511509949278189824e-01 5.091689426453375189e-01 5.657432696059305766e-01 5.840811548966055033e-01 5.950058525165821122e-01 5.996878657822863889e-01 6.028092079594224995e-01 6.063207179087007903e-01 6.082715567694108039e-01
7.803901950975487833e-02 2.416208104052026129e-01 3.606803401700850453e-01 4.202101050525262615e-01 4.372186093046523392e-01 4.467233616808404251e-01 4.497248624312156218e-01 4.532266133066533143e-01 4.552276138069034639e-01 4.587293646823411564e-01
9.909909909909909997e-02 3.348348348348348380e-01 4.669669669669669898e-01 5.205205205205205576e-01 5.345345345345345889e-01 5.400400400400400258e-01 5.450450450450450290e-01 5.470470470470470969e-01 5.515515515515515554e-01 5.540540540540540571e-01
3.020344287949921491e-01 6.739697443922796349e-01 7.960354720918101368e-01 8.137715179968700863e-01 8.163797600417318501e-01 8.174230568596765334e-01 8.189880020865936139e-01 8.189880020865936139e-01 8.189880020865936139e-01 8.189880020865936139e-01
1.741293532338308581e-01 5.189054726368159676e-01 7.024875621890547261e-01 7.681592039800995142e-01 7.746268656716417400e-01 7.766169154228855787e-01 7.766169154228855787e-01 7.781094527363183744e-01 7.786069651741293063e-01 7.786069651741293063e-01
2.179089026915113914e-01 5.766045548654243902e-01 7.269668737060041019e-01 7.554347826086956763e-01 7.603519668737059867e-01 7.616459627329192905e-01 7.629399585921324833e-01 7.639751552795031042e-01 7.647515527950310421e-01 7.652691511387164081e-01
3.926380368098159740e-02 1.349693251533742311e-01 2.196319018404908063e-01 2.576687116564417290e-01 2.785276073619631920e-01 2.883435582822085896e-01 2.932515337423312607e-01 2.969325153374233195e-01 3.018404907975459905e-01 3.018404907975459905e-01
4.369114877589453938e-01 6.892655367231638186e-01 7.160075329566855107e-01 7.190207156308850989e-01 7.216572504708097524e-01 7.227871939736346674e-01 7.231638418079096020e-01 7.231638418079096020e-01 7.231638418079096020e-01 7.235404896421845367e-01
1.973392461197339132e-01 5.742793791574278828e-01 7.815964523281596632e-01 8.503325942350332678e-01 8.625277161862527908e-01 8.702882483370287803e-01 8.736141906873614582e-01 8.769401330376940251e-01 8.786031042128603641e-01 8.797117516629712197e-01
4.278922345483359563e-02 1.759112519809825637e-01 3.137876386687797337e-01 3.740095087163232690e-01 4.104595879556259819e-01 4.215530903328050805e-01 4.310618066561014428e-01 4.326465927099841791e-01 4.405705229793978051e-01 4.405705229793978051e-01
2.382629107981220629e-01 5.492957746478873693e-01 7.159624413145539990e-01 7.734741784037558743e-01 7.875586854460093766e-01 7.957746478873239937e-01 7.992957746478873693e-01 7.992957746478873693e-01 8.016431924882628790e-01 8.075117370892018753e-01
7.647058823529412352e-02 2.411764705882352977e-01 3.647058823529411575e-01 4.235294117647058765e-01 4.470588235294117863e-01 4.529411764705882359e-01 4.588235294117646856e-01 4.588235294117646856e-01 4.588235294117646856e-01 4.647058823529411908e-01
3.382187147688838630e-02 1.668545659526493863e-01 2.773393461104847746e-01 3.506200676437429276e-01 3.765501691093574022e-01 3.990980834272829791e-01 4.069898534385569255e-01 4.126268320180383475e-01 4.160090191657271896e-01 4.205186020293122939e-01
1.024051574510290163e-01 3.225886436895611387e-01 5.450037193156459514e-01 6.947681626580709535e-01 7.818001487726258247e-01 8.323828415571534745e-01 8.653607736176543996e-01 8.747830399206546481e-01 8.775105380609967698e-01 8.787503099429705422e-01
1.663893510815307730e-02 6.877426511369938433e-02 1.680532445923460794e-01 3.277870216306156270e-01 4.159733777038269742e-01 4.936217415418746590e-01 5.407653910149750054e-01 5.707154742096506306e-01 5.995562950637826072e-01 6.184137548530227457e-01
1.893416927899686519e-01 4.998432601880877790e-01 7.145768025078369501e-01 8.133228840125391601e-01 8.532915360501567292e-01 8.705329153605015913e-01 8.796238244514106297e-01 8.857366771159874697e-01 8.885579937304075582e-01 8.909090909090908728e-01
3.432137285491419776e-02 1.353354134165366540e-01 2.804212168486739376e-01 4.305772230889235441e-01 5.175507020280811776e-01 5.842433697347894084e-01 6.443057722308892510e-01 6.778471138845554300e-01 7.047581903276131099e-01 7.109984399375974817e-01
1.204819277108433798e-02 4.302925989672977403e-02 1.015490533562822678e-01 1.462994836488812345e-01 1.893287435456110224e-01 2.358003442340791678e-01 2.685025817555938277e-01 2.908777969018933041e-01 2.994836488812392394e-01 3.046471600688467896e-01
2.595837897042716502e-01 5.618838992332968463e-01 7.020810514786418599e-01 7.174151150054765003e-01 7.196056955093099727e-01 7.196056955093099727e-01 7.207009857612267645e-01 7.228915662650602370e-01 7.261774370208105012e-01 7.261774370208105012e-01
2.083847102342786806e-01 5.351418002466091783e-01 6.966707768187423433e-01 7.040690505548705680e-01 7.065351418002465689e-01 7.065351418002465689e-01 7.077681874229346803e-01 7.077681874229346803e-01 7.077681874229346803e-01 7.077681874229346803e-01
4.183266932270916505e-01 7.782204515272244105e-01 8.725099601593625520e-01 8.738379814077025243e-01 8.738379814077025243e-01 8.738379814077025243e-01 8.738379814077025243e-01 8.751660026560424965e-01 8.751660026560424965e-01 8.751660026560424965e-01
3.945868945868946098e-01 5.997150997150997309e-01 6.310541310541311066e-01 6.310541310541311066e-01 6.310541310541311066e-01 6.310541310541311066e-01 6.310541310541311066e-01 6.310541310541311066e-01 6.310541310541311066e-01 6.310541310541311066e-01
2.307692307692307820e-01 4.249084249084248976e-01 4.761904761904761640e-01 4.761904761904761640e-01 4.761904761904761640e-01 4.761904761904761640e-01 4.761904761904761640e-01 4.761904761904761640e-01 4.761904761904761640e-01 4.761904761904761640e-01
2.750624331073849294e-01 6.535854441669639581e-01 8.198358901177309477e-01 8.729932215483410252e-01 8.847663217980734629e-01 8.958259008205493590e-01 9.004637887977167132e-01 9.040313949339993105e-01 9.072422404566535814e-01 9.108098465929361787e-01
2.313303230288294432e-01 6.141021187912469870e-01 8.367488711358110898e-01 9.006599513720041639e-01 9.162903786036817877e-01 9.232372351510941266e-01 9.267106634248002406e-01 9.319208058353595225e-01 9.360889197638069259e-01 9.381729767280305721e-01
2.243026366068016919e-01 6.113870844478410671e-01 8.162017577378677391e-01 8.758119984715322381e-01 8.884218570882690402e-01 8.964463125716469749e-01 9.010317157050057313e-01 9.048528849828046949e-01 9.071455865494841841e-01 9.098204050439434587e-01
1.156685808039376595e-01 3.511074651353568443e-01 5.652173913043477826e-01 6.562756357670221918e-01 6.825266611977029996e-01 7.013945857260048822e-01 7.046759639048399970e-01 7.079573420836751119e-01 7.128794093519278396e-01 7.178014766201804564e-01
1.105495893872394247e-01 3.733417561591914069e-01 6.020214782059380987e-01 7.422615287428931952e-01 7.795325331648768064e-01 8.003790271636134213e-01 8.149084017687934223e-01 8.281743524952621671e-01 8.389134554643082886e-01 8.464939987365761587e-01
1.475409836065573743e-01 3.723653395784543574e-01 5.011709601873536313e-01 5.526932084309132964e-01 5.737704918032786594e-01 5.971896955503512849e-01 6.088992974238875977e-01 6.159250585480093854e-01 6.182669789227166479e-01 6.182669789227166479e-01
2.027027027027027140e-02 4.054054054054054279e-02 4.729729729729729992e-02 8.783783783783784271e-02 1.013513513513513570e-01 1.013513513513513570e-01 1.013513513513513570e-01 1.013513513513513570e-01 1.081081081081081141e-01 1.081081081081081141e-01
3.235653235653235815e-01 5.921855921855921912e-01 6.678876678876678463e-01 6.971916971916971573e-01 7.106227106227106516e-01 7.264957264957264682e-01 7.277167277167276849e-01 7.301587301587301182e-01 7.313797313797313349e-01 7.338217338217337682e-01
5.288461538461538408e-02 1.682692307692307820e-01 2.355769230769230727e-01 2.740384615384615641e-01 2.980769230769230727e-01 3.125000000000000000e-01 3.221153846153846367e-01 3.221153846153846367e-01 3.365384615384615641e-01 3.461538461538461453e-01
1.163522012578616371e-01 2.735849056603773533e-01 3.647798742138364525e-01 4.528301886792452935e-01 4.905660377358490587e-01 5.157232704402515688e-01 5.220125786163521964e-01 5.314465408805031377e-01 5.345911949685534514e-01 5.503144654088050203e-01
4.309859154929577274e-01 7.500000000000000000e-01 8.253521126760563487e-01 8.330985915492957750e-01 8.345070422535211252e-01 8.366197183098591506e-01 8.401408450704225261e-01 8.415492957746478764e-01 8.471830985915492773e-01 8.478873239436619524e-01
3.539581437670609732e-01 6.551410373066424153e-01 7.170154686078252793e-01 7.252047315741583233e-01 7.315741583257506786e-01 7.352138307552320562e-01 7.361237488626023451e-01 7.361237488626023451e-01 7.361237488626023451e-01 7.379435850773430339e-01
4.631507775524002501e-01 7.572684246112237894e-01 8.127112914131169319e-01 8.221771467207572570e-01 8.235294117647058432e-01 8.282623394185260057e-01 8.282623394185260057e-01 8.289384719405002988e-01 8.302907369844489960e-01 8.309668695064232891e-01
3.476744186046511476e-01 5.581395348837209225e-01 6.244186046511628341e-01 6.325581395348837122e-01 6.325581395348837122e-01 6.418604651162790331e-01 6.453488372093023617e-01 6.616279069767442289e-01 6.639534883720930036e-01 6.651162790697674465e-01
3.036649214659685736e-01 5.510471204188481797e-01 5.981675392670157132e-01 6.034031413612565009e-01 6.073298429319371472e-01 6.073298429319371472e-01 6.086387434554973996e-01 6.086387434554973996e-01 6.086387434554973996e-01 6.086387434554973996e-01
3.049257232212665980e-01 6.372165754495699996e-01 7.451133698201719557e-01 7.646598905394840218e-01 7.709147771696638340e-01 7.771696637998436463e-01 7.802971071149334970e-01 7.834245504300234586e-01 7.834245504300234586e-01 7.842064112587959768e-01
1.090373280943025547e-01 3.811394891944990260e-01 5.648330058939096121e-01 6.444007858546169087e-01 6.797642436149312628e-01 6.925343811394891747e-01 6.944990176817288363e-01 6.974459724950884398e-01 7.033398821218074248e-01 7.053045186640471975e-01
9.442870632672333009e-02 3.163361661945231496e-01 4.749763928234183030e-01 5.797922568460811554e-01 6.241737488196411610e-01 6.430594900849858631e-01 6.543909348441926399e-01 6.553352219074598528e-01 6.610009442870632412e-01 6.619452313503304541e-01
4.060913705583756028e-02 1.451776649746192860e-01 2.538071065989847552e-01 3.472081218274111758e-01 3.949238578680203116e-01 4.395939086294416431e-01 4.578680203045685237e-01 4.680203045685279450e-01 4.822335025380710682e-01 4.934010152284263873e-01
1.213592233009708719e-02 2.669902912621359078e-02 4.126213592233009958e-02 8.009708737864078276e-02 9.708737864077669755e-02 1.213592233009708754e-01 1.237864077669902918e-01 1.334951456310679574e-01 1.407766990291262066e-01 1.504854368932038722e-01
1.924290220820189246e-01 3.470031545741324996e-01 3.838065194532071511e-01 3.869610935856992451e-01 3.890641430073606966e-01 3.901156677181913945e-01 3.932702418506834885e-01 3.953732912723448845e-01 3.964248159831755824e-01 3.964248159831755824e-01
5.527638190954774211e-02 1.633165829145728776e-01 2.261306532663316660e-01 2.449748743718593025e-01 2.525125628140703626e-01 2.550251256281407253e-01 2.575376884422110324e-01 2.600502512562813950e-01 2.600502512562813950e-01 2.625628140703517577e-01
2.190942472460220281e-01 5.226438188494492154e-01 6.481028151774785862e-01 6.768665850673194484e-01 6.805385556915544143e-01 6.817625458996328103e-01 6.829865361077110952e-01 6.829865361077110952e-01 6.835985312117502932e-01 6.860465116279069742e-01
4.450416554689599624e-01 7.573233001881214399e-01 8.046224133297500414e-01 8.108035474334855941e-01 8.116097823165815406e-01 8.126847621607095062e-01 8.129535071217414144e-01 8.132222520827734336e-01 8.132222520827734336e-01 8.137597420048373609e-01
2.882621318954790568e-01 5.732061385317295255e-01 6.341766901700539583e-01 6.723351306511821113e-01 6.781418498548320573e-01 6.785566155122355614e-01 6.789713811696391765e-01 6.822895064288676537e-01 6.839485690584820032e-01 6.872666943177104804e-01
2.396856581532416375e-01 6.411263916175508060e-01 8.404278541803099634e-01 9.144291639380047743e-01 9.270901549879938530e-01 9.308011351233355102e-01 9.327657716655751718e-01 9.329840646147129490e-01 9.342938223095393901e-01 9.349487011569526107e-01
8.038585209003215604e-02 2.949012402388608289e-01 5.163068442811208358e-01 6.835094166283877115e-01 7.836472209462562732e-01 8.396876435461644306e-01 8.626550298576022291e-01 8.640330730362885125e-01 8.640330730362885125e-01 8.649517684887459978e-01
2.686194368755676631e-01 6.700726612170754271e-01 8.508174386920981380e-01 8.948683015440508370e-01 8.991825613079018620e-01 9.030426884650317731e-01 9.048592188919164503e-01 9.064486830154404595e-01 9.080381471389645798e-01 9.094005449591280321e-01
1.553452115812917478e-01 4.370824053452115887e-01 6.364142538975501306e-01 7.188195991091314019e-01 7.410913140311804481e-01 7.466592427616925987e-01 7.511135857461024301e-01 7.522271714922048602e-01 7.538975501113586164e-01 7.555679287305122616e-01
6.584362139917696033e-02 1.790123456790123357e-01 3.117283950617283916e-01 3.909465020576131655e-01 4.207818930041152261e-01 4.269547325102880930e-01 4.300411522633744710e-01 4.320987654320987414e-01 4.320987654320987414e-01 4.341563786008230674e-01
3.121460037759597461e-01 6.730648206419131974e-01 8.011327879169288790e-01 8.263058527375708451e-01 8.341724354940214248e-01 8.395217117684078412e-01 8.414096916299559359e-01 8.429830081812460518e-01 8.445563247325361678e-01 8.470736312146003311e-01
3.949950932286555583e-01 6.987242394504415977e-01 7.811579980372914678e-01 7.958783120706575120e-01 7.983316977428851491e-01 8.002944062806672809e-01 8.007850834151128971e-01 8.007850834151128971e-01 8.017664376840039075e-01 8.017664376840039075e-01
2.152406417112299464e-01 5.287433155080213387e-01 6.637700534759358728e-01 6.985294117647058432e-01 7.052139037433154956e-01 7.098930481283421967e-01 7.112299465240641272e-01 7.112299465240641272e-01 7.112299465240641272e-01 7.125668449197860577e-01
1.487513572204126056e-01 3.952225841476655899e-01 5.320304017372421423e-01 5.700325732899023112e-01 5.776330076004343450e-01 5.808903365906623595e-01 5.819761129207383643e-01 5.841476655808903740e-01 5.841476655808903740e-01 5.852334419109663788e-01
8.706467661691542903e-02 2.661691542288557311e-01 3.623548922056384902e-01 3.955223880597014685e-01 4.004975124378109541e-01 4.071310116086235276e-01 4.096185737976782981e-01 4.112769485903814415e-01 4.137645107794361565e-01 4.137645107794361565e-01
5.676490288010717089e-01 8.873074346952444236e-01 9.378767582049564178e-01 9.412257200267917234e-01 9.417280643000669471e-01 9.417280643000669471e-01 9.417280643000669471e-01 9.418955123911587624e-01 9.418955123911587624e-01 9.418955123911587624e-01
4.570545829042224617e-01 8.205973223480947931e-01 9.011328527291452284e-01 9.077239958805355391e-01 9.085478887744593557e-01 9.089598352214212085e-01 9.089598352214212085e-01 9.089598352214212085e-01 9.089598352214212085e-01 9.089598352214212085e-01
3.374154044473090530e-01 7.012568482114083235e-01 8.156622623267805183e-01 8.320979697067354408e-01 8.340315823396713402e-01 8.346761198839832696e-01 8.349983886561391788e-01 8.349983886561391788e-01 8.349983886561391788e-01 8.349983886561391788e-01
1.728081321473951826e-01 4.523506988564167663e-01 5.667090216010165493e-01 6.010165184243964065e-01 6.073697585768742524e-01 6.092757306226175285e-01 6.099110546378653241e-01 6.099110546378653241e-01 6.099110546378653241e-01 6.105463786531131198e-01
3.352769679300291600e-02 7.288629737609329806e-02 9.620991253644314845e-02 1.107871720116618136e-01 1.122448979591836732e-01 1.122448979591836732e-01 1.137026239067055328e-01 1.137026239067055328e-01 1.137026239067055328e-01 1.151603498542274062e-01
1.476708282991005539e-01 5.085246341790844449e-01 7.665458450798764423e-01 8.711236407571486540e-01 8.947509732850047470e-01 9.037454691904953652e-01 9.065646395489327380e-01 9.091153174922808056e-01 9.099207947375486105e-01 9.112632568129950261e-01
9.779688339602364555e-02 3.506179473401397351e-01 5.851692638366469135e-01 7.493283181085438338e-01 8.073616335303600566e-01 8.277807630306286413e-01 8.344975819451907473e-01 8.363782912412681680e-01 8.377216550241805004e-01 8.379903277807629891e-01
9.104312569111684683e-02 3.333947659417618725e-01 5.856984887578327026e-01 7.530409141172134113e-01 8.269443420567637038e-01 8.507187615186140306e-01 8.588278658311832015e-01 8.615923332104681309e-01 8.632510136380390220e-01 8.645410984150386779e-01
1.954811715481171441e-01 5.337238493723849286e-01 7.688702928870292386e-01 8.572384937238494151e-01 8.736401673640167287e-01 8.783263598326359611e-01 8.800000000000000044e-01 8.808368200836820261e-01 8.818410041841003855e-01 8.826778242677824071e-01
2.455134596211366038e-01 6.421984047856430511e-01 8.553090727816550221e-01 9.069042871385842863e-01 9.133848454636092073e-01 9.169990029910268792e-01 9.191176470588234837e-01 9.208624127617148769e-01 9.214855433698903031e-01 9.217347956131605180e-01
3.117522871217452418e-01 6.326530612244898322e-01 7.522871217452498094e-01 7.790288529204785206e-01 7.945109078114004353e-01 8.043631245601688962e-01 8.078817733990147909e-01 8.135116115411682447e-01 8.198451794510908108e-01 8.212526389866291465e-01
2.642307692307692135e-01 6.553846153846153433e-01 8.223076923076922951e-01 8.584615384615384981e-01 8.642307692307692468e-01 8.730769230769230838e-01 8.761538461538461720e-01 8.796153846153845768e-01 8.815384615384614930e-01 8.823076923076923483e-01
1.064257028112449849e-01 2.550200803212851475e-01 3.353413654618473960e-01 3.594377510040160373e-01 3.775100401606425460e-01 3.855421686746988152e-01 3.935742971887550290e-01 3.955823293172690547e-01 4.016064257028112428e-01 4.036144578313253239e-01
1.062068965517241337e-01 3.089655172413793283e-01 4.248275862068965347e-01 4.813793103448275601e-01 5.020689655172413390e-01 5.075862068965517615e-01 5.117241379310344396e-01 5.158620689655172287e-01 5.186206896551723844e-01 5.227586206896551735e-01
1.369863013698630061e-02 3.652968036529680163e-02 6.849315068493150305e-02 1.004566210045662045e-01 1.050228310502283047e-01 1.095890410958904049e-01 1.187214611872146053e-01 1.278538812785388057e-01 1.278538812785388057e-01 1.278538812785388057e-01
4.108612177729017989e-01 7.134759553848967206e-01 7.694276833059060516e-01 7.718047174986286674e-01 7.729018102029621140e-01 7.739989029072956717e-01 7.750959956116292293e-01 7.769244834521850107e-01 7.785701225086852917e-01 7.791186688608521260e-01
9.640831758034026922e-02 2.703213610586011617e-01 3.875236294896030054e-01 4.332703213610585857e-01 4.491493383742911072e-01 4.555765595463138196e-01 4.563327032136105799e-01 4.582230623818525639e-01 4.601134215500944924e-01 4.627599243856332922e-01
3.754593711719069193e-01 6.537362188648427885e-01 7.239689669252755699e-01 7.376480195998366129e-01 7.411188240097998925e-01 7.433646386280113871e-01 7.460187831768068101e-01 7.480604328297264516e-01 7.494895875867700896e-01 7.513270722743977670e-01
2.401067140951533910e-02 8.981769675411294118e-02 1.751889728768341592e-01 2.503334815473543529e-01 3.023566029346376194e-01 3.205869275233437232e-01 3.285904846598488027e-01 3.321476211649622146e-01 3.321476211649622146e-01 3.339261894175188927e-01
6.056860321384425344e-02 2.088998763906056988e-01 3.238566131025957806e-01 3.901936547177585757e-01 4.103831891223733153e-01 4.223320972393901918e-01 4.260403790688092052e-01 4.289245982694684933e-01 4.301606922126081645e-01 4.326328800988875067e-01
1.254705144291091701e-01 3.061480552070263705e-01 4.253450439146800321e-01 4.680050188205771566e-01 4.893350062735257189e-01 4.943538268506900701e-01 5.006273525721455231e-01 5.056461731493099299e-01 5.081555834378921332e-01 5.119196988707653828e-01
2.528735632183908011e-02 8.275862068965517127e-02 1.494252873563218509e-01 1.770114942528735746e-01 1.931034482758620663e-01 1.954022988505747238e-01 1.977011494252873536e-01 1.977011494252873536e-01 2.000000000000000111e-01 2.000000000000000111e-01
1.345076060848678923e-01 3.642914331465172406e-01 4.771817453963170808e-01 5.260208166533226759e-01 5.388310648518814805e-01 5.436349079263410600e-01 5.452361889511608828e-01 5.484387510008006394e-01 5.508406725380303737e-01 5.532425940752602189e-01
9.660574412532636768e-02 3.002610966057441266e-01 4.673629242819843377e-01 5.796344647519582338e-01 6.214099216710182727e-01 6.710182767624021105e-01 6.840731070496083310e-01 7.075718015665796168e-01 7.127937336814621494e-01 7.206266318537859483e-01
3.571428571428571230e-02 1.607142857142857262e-01 3.080357142857143016e-01 4.910714285714285476e-01 4.955357142857143016e-01 5.178571428571429047e-01 5.267857142857143016e-01 5.357142857142856984e-01 5.401785714285713969e-01 5.446428571428570953e-01
2.309210526315789436e-01 5.684210526315789380e-01 7.526315789473684292e-01 8.125000000000000000e-01 8.302631578947368141e-01 8.407894736842105310e-01 8.506578947368420573e-01 8.565789473684211064e-01 8.611842105263157743e-01 8.638157894736842035e-01
1.512953367875647659e-01 4.321243523316062318e-01 6.393782383419689408e-01 6.953367875647668006e-01 7.212435233160622294e-01 7.471502590673575472e-01 7.616580310880829430e-01 7.678756476683937793e-01 7.740932642487046156e-01 7.782383419689119508e-01
1.294261294261294382e-01 3.638583638583638424e-01 5.250305250305250526e-01 6.202686202686202854e-01 6.886446886446886406e-01 7.130647130647130849e-01 7.277167277167276849e-01 7.362637362637363125e-01 7.423687423687423959e-01 7.533577533577533458e-01
4.334106728538282827e-01 7.958236658932714702e-01 8.770301624129930307e-01 8.918793503480277884e-01 9.002320185614849368e-01 9.085846867749419742e-01 9.155452436194895238e-01 9.178654292343387811e-01 9.201856148491879273e-01 9.238979118329466722e-01
5.806451612903226062e-02 1.698924731182795689e-01 2.903225806451613100e-01 3.376344086021505486e-01 3.806451612903225534e-01 4.086021505376344343e-01 4.215053763440860246e-01 4.301075268817204367e-01 4.344086021505376149e-01 4.387096774193548487e-01
4.174041297935103256e-01 7.291052114060964096e-01 8.048180924287119398e-01 8.176007866273352631e-01 8.210422812192723629e-01 8.235004916420846088e-01 8.239921337266470358e-01 8.244837758112094628e-01 8.244837758112094628e-01 8.279252704031465626e-01
6.052855924978687435e-02 2.531969309462915874e-01 4.859335038363171155e-01 6.086956521739130821e-01 6.453537936913895656e-01 6.734867860187553346e-01 6.837169650468882809e-01 6.965046888320545193e-01 7.033248081841432242e-01 7.101449275362319291e-01
2.719033232628398702e-02 9.516616314199395632e-02 2.432024169184290041e-01 3.851963746223565077e-01 4.365558912386706680e-01 4.592145015105740247e-01 4.697885196374622097e-01 4.728096676737160164e-01 4.879154078549848839e-01 4.909365558912386907e-01
9.657701711491442631e-02 3.636919315403422948e-01 6.014669926650366705e-01 7.341075794621026995e-01 7.891198044009779533e-01 8.044009779951100114e-01 8.105134474327628791e-01 8.166259168704156357e-01 8.196821515892420695e-01 8.209046454767726653e-01
6.067961165048543770e-02 2.742718446601941640e-01 4.684466019417475868e-01 5.643203883495145901e-01 5.946601941747572395e-01 6.165048543689319871e-01 6.371359223300970820e-01 6.565533980582524132e-01 6.662621359223300788e-01 6.674757281553398425e-01
1.595419847328244378e-01 4.664122137404579926e-01 6.999999999999999556e-01 8.106870229007633322e-01 8.374045801526717181e-01 8.503816793893129722e-01 8.580152671755725269e-01 8.610687022900763710e-01 8.664122137404580704e-01 8.694656488549618034e-01
1.518708730741012425e-01 4.798239178283199013e-01 7.520176082171680099e-01 8.246515040352164760e-01 8.503301540719002682e-01 8.708730741012472576e-01 8.745414526779163866e-01 8.782098312545855157e-01 8.796771826852530785e-01 8.826118855465884261e-01
5.439642324888226826e-02 2.213114754098360615e-01 3.964232488822652667e-01 6.140089418777943120e-01 7.339791356184798277e-01 7.883755588673621029e-01 8.010432190760059523e-01 8.070044709388971560e-01 8.129657228017883597e-01 8.189269746646795634e-01
1.665375677769171114e-01 4.980635166537567549e-01 7.343144848954299420e-01 8.164213787761425145e-01 8.419829589465530617e-01 8.628969790859798428e-01 8.644461657629743945e-01 8.659953524399690572e-01 8.683191324554608848e-01 8.683191324554608848e-01
5.755395683453237710e-02 2.218225419664268672e-01 4.124700239808153368e-01 5.935251798561150816e-01 6.522781774580336256e-01 7.254196642685851737e-01 7.769784172661871047e-01 8.021582733812949728e-01 8.081534772182253912e-01 8.141486810551559206e-01
1.715976331360946627e-01 2.958579881656804855e-01 3.786982248520709970e-01 4.497041420118343402e-01 4.674556213017751483e-01 4.970414201183431802e-01 5.029585798816568198e-01 5.088757396449704595e-01 5.207100591715976279e-01 5.384615384615384359e-01
9.815950920245399003e-02 2.208588957055214741e-01 2.453987730061349681e-01 2.883435582822085896e-01 3.312883435582821834e-01 3.619631901840490995e-01 4.049079754601226933e-01 4.110429447852760876e-01 4.233128834355828207e-01 4.355828220858895539e-01
1.538461538461538547e-02 1.538461538461538547e-02 3.076923076923077094e-02 7.692307692307692735e-02 7.692307692307692735e-02 7.692307692307692735e-02 7.692307692307692735e-02 9.230769230769231282e-02 9.230769230769231282e-02 9.230769230769231282e-02
0.000000000000000000e+00 3.278688524590164105e-02 4.918032786885245811e-02 6.557377049180328210e-02 9.836065573770491621e-02 9.836065573770491621e-02 9.836065573770491621e-02 9.836065573770491621e-02 9.836065573770491621e-02 1.475409836065573743e-01
0.000000000000000000e+00 3.409090909090908839e-02 3.409090909090908839e-02 3.409090909090908839e-02 3.409090909090908839e-02 4.545454545454545581e-02 5.681818181818181629e-02 6.818181818181817677e-02 7.954545454545454419e-02 7.954545454545454419e-02
2.214930270713699745e-01 5.767022149302707401e-01 7.592288761279737397e-01 8.211648892534865185e-01 8.351107465135356733e-01 8.396226415094339979e-01 8.416735028712059030e-01 8.445447087776866146e-01 8.470057424118129230e-01 8.494667760459393424e-01
7.259001161440185868e-02 2.752613240418118612e-01 4.750290360046457439e-01 6.353077816492450625e-01 7.061556329849012492e-01 7.444831591173054486e-01 7.613240418118466524e-01 7.717770034843205451e-01 7.758420441347270158e-01 7.816492450638792278e-01
7.170650361311839416e-02 2.712618121178432262e-01 5.247359644246804011e-01 6.575875486381322910e-01 7.170650361311839971e-01 7.348526959421901594e-01 7.470817120622568197e-01 7.548638132295719672e-01 7.570872707059477236e-01 7.587548638132295409e-01
1.117886178861788628e-02 6.199186991869918423e-02 1.565040650406503975e-01 3.150406504065040858e-01 4.288617886178861527e-01 4.928861788617885931e-01 5.213414634146341653e-01 5.467479674796748013e-01 5.569105691056910334e-01 5.609756097560976151e-01
2.666666666666666578e-03 2.400000000000000050e-02 6.933333333333333015e-02 1.973333333333333328e-01 2.959999999999999853e-01 3.826666666666666550e-01 4.226666666666666905e-01 4.493333333333333068e-01 4.666666666666666741e-01 4.759999999999999787e-01
3.629929221435793663e-01 7.321970244113823467e-01 8.572873031922576548e-01 8.803986710963455087e-01 8.900765564061823287e-01 8.948432760364004590e-01 8.968655207280080699e-01 8.972988588762097484e-01 8.981655351726129943e-01 8.987433193702152323e-01
2.674611973392461151e-01 5.606984478935698180e-01 6.826496674057649372e-01 7.175720620842571673e-01 7.275498891352549791e-01 7.336474501108647406e-01 7.350332594235032824e-01 7.353104212860310795e-01 7.372505543237251047e-01 7.397450110864745021e-01
1.108151305274373971e-01 2.765050612679808006e-01 3.841236014917421282e-01 4.214171550346297312e-01 4.358018114011720789e-01 4.416622269579115745e-01 4.443260522109749866e-01 4.469898774640383432e-01 4.475226425146510145e-01 4.480554075652637414e-01
2.524812394093439716e-01 6.005809731299927012e-01 7.564754296780440423e-01 7.993221980150084782e-01 8.102154442023723480e-01 8.152989590898087613e-01 8.182038247397724895e-01 8.198983297022512939e-01 8.203824739772451746e-01 8.213507625272331580e-01
1.186327077747989234e-01 2.680965147453083230e-01 3.565683646112600691e-01 3.847184986595174050e-01 3.981233243967828295e-01 4.008042895442359144e-01 4.021447721179624568e-01 4.041554959785522705e-01 4.061662198391420842e-01 4.068364611260053554e-01
2.296296296296296280e-01 5.540740740740740522e-01 6.977777777777778301e-01 7.496296296296296457e-01 7.792592592592592071e-01 7.911111111111110983e-01 8.029629629629629894e-01 8.133333333333333526e-01 8.133333333333333526e-01 8.133333333333333526e-01
3.738207547169811185e-01 6.509433962264150608e-01 7.441037735849056478e-01 7.783018867924528239e-01 7.912735849056603543e-01 8.007075471698112956e-01 8.066037735849056478e-01 8.113207547169811740e-01 8.125000000000000000e-01 8.160377358490565891e-01
3.018867924528301910e-02 1.207547169811320764e-01 2.452830188679245293e-01 3.396226415094339424e-01 3.886792452830188926e-01 4.113207547169811518e-01 4.264150943396226578e-01 4.452830188679245405e-01 4.679245283018867996e-01 4.830188679245283057e-01
1.481481481481481399e-01 3.976608187134502703e-01 5.653021442495126392e-01 6.569200779727095707e-01 7.037037037037037202e-01 7.231968810916179491e-01 7.407407407407406996e-01 7.524366471734892370e-01 7.582846003898635612e-01 7.641325536062377743e-01
5.882352941176470507e-03 4.705882352941176405e-02 7.647058823529412352e-02 1.117647058823529466e-01 1.411764705882352922e-01 1.764705882352941291e-01 1.882352941176470562e-01 2.058823529411764608e-01 2.235294117647058931e-01 2.235294117647058931e-01
3.738959764474975578e-01 7.117271835132482627e-01 8.123159960745829355e-01 8.287536800785083591e-01 8.339057899901864968e-01 8.373405299313052552e-01 8.395485770363101397e-01 8.410206084396467663e-01 8.437193326790971559e-01 8.451913640824337826e-01
4.071090047393364775e-01 7.322274881516587230e-01 8.161137440758293726e-01 8.260663507109005099e-01 8.274881516587677677e-01 8.303317535545023942e-01 8.308056872037914431e-01 8.308056872037914431e-01 8.312796208530806030e-01 8.312796208530806030e-01
2.028804007514088958e-01 5.278647463994990963e-01 6.700062617407639420e-01 6.831559173450219014e-01 6.850344395742016257e-01 6.869129618033813500e-01 6.881653099561678699e-01 6.881653099561678699e-01 6.887914840325610744e-01 6.887914840325610744e-01
3.373205741626794096e-01 6.267942583732057926e-01 7.017543859649122417e-01 7.073365231259968189e-01 7.113237639553429137e-01 7.129186602870812850e-01 7.129186602870812850e-01 7.145135566188197673e-01 7.145135566188197673e-01 7.145135566188197673e-01
1.938514090520922217e-01 3.586678052946200013e-01 3.928266438941075966e-01 4.030742954739539030e-01 4.047822374039282689e-01 4.073441502988898177e-01 4.090520922288642391e-01 4.116140051238257880e-01 4.116140051238257880e-01 4.124679760888129709e-01
3.705428846771602891e-01 7.062319306135560470e-01 8.062961773209122995e-01 8.220366206231930484e-01 8.260520398329586067e-01 8.271763572116929142e-01 8.278188242852553280e-01 8.283006745904272217e-01 8.287825248955991153e-01 8.294249919691615291e-01
1.100046678076863210e-01 3.623774700482340072e-01 5.738291582386805256e-01 6.762097401587054968e-01 7.200871324101446591e-01 7.428037964835848550e-01 7.536953477516726840e-01 7.599190913334370467e-01 7.648980861988485813e-01 7.686323323479072878e-01
9.328248753300087681e-02 2.997946611909650949e-01 4.391317101789380950e-01 5.159870929891463565e-01 5.412144323848635530e-01 5.576415371076561822e-01 5.687885010266940933e-01 5.758286887650336805e-01 5.814021707245526915e-01 5.843355822821941770e-01
1.050893550893550882e-01 3.477078477078476837e-01 5.586635586635586570e-01 6.668609168609168636e-01 7.165889665889665361e-01 7.459207459207459756e-01 7.622377622377621842e-01 7.721445221445221163e-01 7.770007770007769654e-01 7.791375291375290946e-01
5.552184466019417786e-02 2.063106796116504771e-01 3.737864077669902918e-01 4.766383495145631310e-01 5.248786407766989903e-01 5.503640776699029180e-01 5.682645631067960723e-01 5.791868932038835016e-01 5.846480582524271608e-01 5.919296116504854099e-01
2.257989269885700978e-01 5.959878703055749849e-01 7.818987637042220662e-01 8.329834383018427379e-01 8.453463960811756772e-01 8.514112432936785657e-01 8.542104035456029587e-01 8.558432470258922065e-01 8.605085141124328985e-01 8.623746209470491975e-01
5.905511811023621965e-02 2.125984251968504046e-01 3.989501312335957950e-01 5.419947506561679784e-01 5.971128608923884640e-01 6.246719160104986512e-01 6.430446194225721834e-01 6.561679790026246906e-01 6.640419947506561726e-01 6.660104986876640432e-01
1.298398835516739458e-01 4.235807860262008617e-01 6.835516739446870771e-01 7.898107714701601001e-01 8.113537117903930618e-01 8.197962154294031745e-01 8.229985443959243474e-01 8.264919941775836776e-01 8.282387190684133982e-01 8.294032023289664712e-01
7.255520504731861886e-02 2.870662460567823260e-01 5.057833859095688389e-01 6.351209253417455791e-01 6.771819137749737205e-01 6.940063091482649993e-01 7.024185068349105832e-01 7.050473186119873281e-01 7.092534174553102311e-01 7.092534174553102311e-01
4.391582799634034806e-02 1.710887465690759390e-01 3.211344922232388099e-01 4.492223238792314999e-01 5.123513266239707598e-01 5.397987191216834235e-01 5.489478499542543855e-01 5.553522415370539811e-01 5.571820677035681513e-01 5.599268069533394065e-01
2.053346753900352206e-01 5.103170608958228494e-01 6.738802214393557755e-01 7.267237040764972233e-01 7.403120281831907512e-01 7.493709109209863994e-01 7.533970810266733542e-01 7.544036235530950929e-01 7.554101660795168316e-01 7.579265223955712338e-01
1.153212520593080784e-02 5.436573311367380590e-02 1.449752883031301398e-01 2.322899505766062578e-01 2.981878088962108819e-01 3.377265238879736398e-01 3.509060955518945590e-01 3.509060955518945590e-01 3.558484349258649315e-01 3.574958813838550187e-01
3.629757785467128128e-01 6.823529411764706065e-01 8.089965397923875035e-01 8.370242214532871428e-01 8.425605536332180234e-01 8.470588235294117530e-01 8.491349480968858332e-01 8.519031141868511625e-01 8.525951557093425226e-01 8.539792387543252428e-01
3.439490445859872542e-02 1.592356687898089096e-01 3.031847133757961665e-01 4.420382165605095670e-01 4.942675159235668803e-01 5.121019108280254750e-01 5.159235668789808882e-01 5.184713375796178303e-01 5.197452229299363013e-01 5.210191082802547724e-01
3.718592964824120606e-01 7.437185929648241212e-01 8.788386376326075000e-01 9.145728643216080034e-01 9.195979899497487287e-01 9.218313791178113226e-01 9.235064209938581570e-01 9.246231155778894539e-01 9.251814628699051024e-01 9.257398101619207509e-01
3.881856540084387963e-01 6.735711545838127812e-01 7.395473724587648956e-01 7.502876869965477979e-01 7.533563482930571986e-01 7.560414269275028687e-01 7.594936708860760000e-01 7.614115841963943199e-01 7.656309934790946903e-01 7.671653241273493906e-01
2.634643377001455455e-01 5.177098495875788187e-01 6.200873362445414871e-01 6.385249878699660320e-01 6.453178068898592912e-01 6.521106259097525504e-01 6.550218340611353440e-01 6.589034449296458096e-01 6.622998544395923837e-01 6.647258612324113969e-01
1.340273259596616862e-01 3.454782042940793829e-01 4.456733897202342365e-01 4.769030579050097529e-01 4.827586206896551935e-01 4.905660377358490587e-01 4.951203643461288273e-01 4.977228366948601157e-01 5.003253090435914041e-01 5.029277813923227480e-01
4.952581664910431919e-02 1.506849315068493067e-01 2.023182297154899889e-01 2.233930453108535219e-01 2.360379346680716584e-01 2.413066385669125347e-01 2.423603793466807266e-01 2.423603793466807266e-01 2.465753424657534110e-01 2.518440463645942873e-01
6.611570247933884134e-03 1.322314049586776827e-02 1.818181818181818094e-02 2.148760330578512387e-02 2.148760330578512387e-02 2.148760330578512387e-02 2.479338842975206680e-02 2.479338842975206680e-02 2.809917355371900974e-02 2.975206611570247947e-02
2.549467275494672891e-01 5.920852359208523819e-01 7.602739726027397671e-01 8.066971080669710359e-01 8.188736681887366364e-01 8.280060882800608368e-01 8.333333333333333703e-01 8.348554033485540149e-01 8.386605783866057928e-01 8.394216133942161706e-01
8.538011695906433385e-02 2.725146198830409316e-01 4.631578947368421018e-01 6.257309941520468044e-01 7.099415204678362068e-01 7.239766081871344960e-01 7.356725146198830334e-01 7.415204678362573576e-01 7.450292397660818189e-01 7.461988304093567503e-01
5.633802816901408578e-02 1.718309859154929509e-01 2.591549295774647765e-01 3.070422535211267401e-01 3.154929577464788970e-01 3.239436619718309984e-01 3.492957746478873027e-01 3.577464788732394596e-01 3.690140845070422615e-01 3.746478873239436624e-01
6.711409395973154217e-03 4.697986577181208212e-02 6.711409395973154390e-02 6.711409395973154390e-02 6.711409395973154390e-02 6.711409395973154390e-02 6.711409395973154390e-02 7.382550335570470246e-02 8.724832214765100569e-02 1.006711409395973089e-01
0.000000000000000000e+00 9.009009009009008931e-03 9.009009009009008931e-03 9.009009009009008931e-03 9.009009009009008931e-03 2.702702702702702853e-02 3.603603603603603572e-02 3.603603603603603572e-02 4.504504504504504292e-02 4.504504504504504292e-02
1.951476793248945185e-01 4.894514767932489629e-01 6.534810126582278889e-01 6.940928270042193704e-01 7.025316455696202222e-01 7.120253164556962222e-01 7.162447257383965926e-01 7.241561181434599259e-01 7.283755274261602963e-01 7.310126582278481111e-01
6.191369606003752080e-02 1.979362101313320854e-01 3.461538461538461453e-01 4.409005628517823627e-01 4.606003752345215752e-01 4.709193245778611758e-01 4.718574108818011092e-01 4.803001876172607876e-01 4.906191369606003883e-01 4.962476547842401553e-01
1.744054360135900428e-01 5.130237825594563539e-01 6.936579841449603823e-01 7.349943374858437517e-01 7.440543601359003167e-01 7.514156285390714007e-01 7.570781426953567816e-01 7.604756511891279658e-01 7.638731596828992609e-01 7.655719139297848530e-01
2.032520325203251987e-02 8.536585365853659180e-02 1.869918699186991773e-01 2.872628726287262957e-01 3.252032520325203180e-01 3.428184281842818204e-01 3.536585365853658347e-01 3.590785907859078696e-01 3.753387533875338633e-01 3.888888888888888951e-01
4.339916839916839741e-01 7.692307692307692735e-01 8.347193347193346824e-01 8.425155925155924930e-01 8.440748440748441217e-01 8.461538461538461453e-01 8.461538461538461453e-01 8.466735966735966512e-01 8.471933471933471571e-01 8.482328482328482799e-01
6.934673366834170904e-01 8.835845896147404011e-01 9.070351758793969710e-01 9.154103852596314761e-01 9.170854271356784215e-01 9.204355108877722014e-01 9.212730318257956741e-01 9.212730318257956741e-01 9.229480737018425085e-01 9.229480737018425085e-01
5.793010752688172449e-01 8.172043010752688685e-01 8.333333333333333703e-01 8.413978494623656212e-01 8.440860215053763715e-01 8.467741935483871218e-01 8.481182795698924970e-01 8.481182795698924970e-01 8.508064516129032473e-01 8.548387096774193727e-01
5.041050903119869142e-01 7.881773399014778692e-01 8.193760262725779953e-01 8.210180623973727387e-01 8.259441707717569692e-01 8.259441707717569692e-01 8.259441707717569692e-01 8.275862068965517127e-01 8.308702791461411996e-01 8.341543513957306866e-01
4.505494505494505586e-01 7.817896389324960893e-01 8.194662480376766478e-01 8.194662480376766478e-01 8.241758241758241343e-01 8.273155416012558661e-01 8.320251177394034636e-01 8.351648351648351953e-01 8.383045525902669270e-01 8.383045525902669270e-01
4.454664914586071167e-01 8.199737187910643987e-01 8.712220762155059584e-01 8.751642575558475912e-01 8.830486202365308568e-01 8.869908015768724896e-01 8.883048620236531079e-01 8.883048620236531079e-01 8.883048620236531079e-01 8.883048620236531079e-01
5.474976392823418525e-01 8.439093484419263325e-01 9.001888574126534204e-01 9.052880075542965033e-01 9.068932955618508318e-01 9.099150141643059797e-01 9.117091595845137064e-01 9.130311614730878267e-01 9.135977337110481322e-01 9.142587346553352479e-01
4.246999612853271655e-01 7.551942186088527187e-01 8.403664989030842358e-01 8.487546780229706656e-01 8.515937540327783717e-01 8.528842431281455916e-01 8.543037811330493891e-01 8.554652213188798093e-01 8.563685636856368522e-01 8.572719060523938950e-01
3.283410138248847865e-01 6.950296247531270177e-01 8.235681369321922185e-01 8.459512837393021734e-01 8.517116524028965907e-01 8.540157998683344243e-01 8.554970375246873093e-01 8.569782751810401944e-01 8.574720210664911191e-01 8.578011849901250319e-01
3.834306956983536963e-01 7.070277925296513111e-01 8.093467870419542853e-01 8.275801026730394971e-01 8.314745972738537549e-01 8.337758895379713264e-01 8.350150469109577367e-01 8.355461143565232618e-01 8.362542042839440359e-01 8.369622942113648101e-01
3.134907251264755224e-01 6.237774030354131805e-01 7.507588532883642252e-01 7.721753794266441595e-01 7.753794266441821348e-01 7.784148397976391465e-01 7.790893760539628898e-01 7.801011804384485604e-01 7.824620573355818287e-01 7.836424957841483518e-01
3.753957485300769142e-02 2.044323835368611619e-01 4.504748982360922693e-01 6.716417910447761708e-01 7.620985979194934146e-01 7.924016282225236907e-01 8.059701492537313383e-01 8.141112618724558603e-01 8.181818181818182323e-01 8.195386702849389859e-01
1.272984441301273049e-02 7.920792079207920888e-02 1.895332390381895271e-01 3.281471004243281531e-01 4.214992927864215089e-01 4.710042432814710023e-01 5.077793493635077704e-01 5.205091937765204957e-01 5.261669024045261267e-01 5.304101838755304055e-01
6.312292358803986425e-02 2.602436323366555948e-01 5.094130675526024055e-01 6.965669988925803358e-01 7.652270210409745088e-01 7.807308970099667844e-01 7.840531561461794308e-01 7.862679955703211210e-01 7.890365448504983448e-01 7.923588039867109911e-01
1.379310344827586188e-02 8.275862068965517127e-02 2.091954022988505857e-01 3.655172413793103536e-01 4.160919540229884861e-01 4.528735632183907844e-01 4.919540229885057681e-01 5.103448275862069172e-01 5.218390804597701216e-01 5.241379310344828069e-01
3.084954912197437338e-01 6.663502610346464516e-01 7.925961082107261246e-01 8.125296630280018917e-01 8.172757475083056722e-01 8.248694826767916100e-01 8.258186995728523661e-01 8.296155671570953904e-01 8.310393925011865246e-01 8.353108685334599270e-01
8.477666362807657896e-02 3.154056517775751800e-01 5.104831358249771744e-01 6.435733819507748477e-01 7.064721969006381164e-01 7.429352780309935733e-01 7.657247037374658172e-01 7.739288969917957894e-01 7.757520510483135734e-01 7.830446672743847092e-01
1.899592944369063799e-02 9.633649932157395401e-02 2.252374491180461347e-01 3.378561736770692159e-01 4.056987788331071765e-01 4.626865671641791078e-01 4.993215739484396232e-01 5.237449118046132446e-01 5.386702849389416459e-01 5.495251017639077862e-01
3.125000000000000000e-02 8.928571428571428770e-02 1.383928571428571508e-01 2.142857142857142738e-01 2.366071428571428492e-01 2.455357142857142738e-01 2.589285714285714524e-01 2.633928571428571508e-01 2.723214285714285476e-01 2.767857142857143016e-01
1.851851851851851749e-02 1.165577342047930259e-01 3.061002178649237515e-01 4.869281045751633896e-01 5.708061002178649312e-01 6.089324618736383643e-01 6.328976034858387889e-01 6.481481481481481399e-01 6.568627450980392135e-01 6.612200435729846948e-01
7.129455909943714642e-02 2.542213883677298392e-01 4.446529080675422074e-01 5.863039399624765391e-01 6.538461538461538547e-01 6.904315196998124238e-01 7.157598499061913477e-01 7.279549718574108708e-01 7.335834896810506933e-01 7.373358348968105380e-01
1.419847328244274731e-01 4.961832061068702227e-01 6.442748091603053284e-01 7.114503816793893431e-01 7.251908396946564750e-01 7.328244274809160297e-01 7.404580152671755844e-01 7.450381679389312950e-01 7.465648854961831615e-01 7.480916030534351391e-01
1.588785046728971861e-01 4.766355140186915862e-01 5.919003115264797055e-01 6.339563862928349058e-01 6.417445482866043216e-01 6.573208722741432641e-01 6.666666666666666297e-01 6.682242990654205794e-01 6.697819314641744182e-01 6.760124610591899952e-01
1.021814006888633747e-01 3.708381171067738347e-01 5.993111366245694738e-01 7.370838117106773835e-01 7.749712973593571030e-01 7.910447761194029370e-01 8.036739380022962509e-01 8.105625717566016242e-01 8.140068886337542553e-01 8.185993111366245412e-01
1.345419847328244156e-01 3.845419847328244156e-01 6.173664122137404453e-01 7.108778625954198516e-01 7.500000000000000000e-01 7.643129770992366234e-01 7.700381679389313172e-01 7.814885496183205937e-01 7.891221374045801484e-01 7.910305343511450094e-01
6.425702811244979329e-02 1.526104417670682833e-01 2.329317269076305319e-01 3.212851405622489942e-01 3.493975903614457978e-01 3.694779116465863322e-01 3.734939759036144391e-01 3.815261044176707084e-01 3.895582329317269221e-01 3.895582329317269221e-01
4.111321948134092491e-02 2.052498418722327744e-01 4.522454142947501810e-01 6.467425679949398987e-01 7.245414294750157636e-01 7.599620493358634210e-01 7.779886148007589819e-01 7.843137254901960675e-01 7.906388361796331532e-01 7.947501581277672811e-01
5.657978385251112574e-02 2.431659249841068016e-01 4.513668150031786563e-01 6.157024793388429229e-01 6.856325492689129275e-01 7.294977749523203769e-01 7.542911633820724715e-01 7.638270820089001489e-01 7.743165924984106718e-01 7.832167832167832300e-01
1.453571428571428514e-01 4.500000000000000111e-01 6.532142857142857473e-01 7.475000000000000533e-01 7.750000000000000222e-01 7.896428571428570908e-01 7.935714285714285943e-01 7.971428571428571530e-01 8.021428571428571574e-01 8.057142857142857162e-01
4.622561492790500104e-02 2.086513994910941527e-01 4.291772688719253659e-01 5.899067005937235209e-01 6.509754028837998474e-01 6.819338422391857391e-01 6.925360474978795589e-01 6.967769296013570646e-01 7.018659881255301380e-01 7.056827820186598599e-01
6.139575971731448673e-02 2.093639575971731337e-01 4.235865724381625563e-01 5.834805653710247730e-01 6.311837455830389132e-01 6.545936395759717197e-01 6.656360424028268108e-01 6.704946996466430997e-01 6.740282685512367644e-01 6.753533568904593887e-01
2.366496787059605700e-01 4.839352980279193472e-01 5.674717482827387194e-01 5.801019277642366356e-01 5.840904054952359425e-01 5.867493906492355915e-01 5.885220474185686168e-01 5.900731220917350139e-01 5.914026146687347829e-01 5.925105251495679237e-01
2.297536945812807818e-01 4.904433497536945796e-01 6.199014778325122599e-01 6.597044334975369351e-01 6.669950738916256006e-01 6.709359605911330293e-01 6.717241379310344707e-01 6.729064039408867437e-01 6.748768472906403471e-01 6.754679802955665391e-01
3.148928375160285897e-01 5.649386334493496920e-01 6.449899248946693309e-01 6.559809488917384135e-01 6.581791536911522078e-01 6.594614398241436248e-01 6.601941747572815933e-01 6.614764608902728993e-01 6.627587470232643163e-01 6.640410331562557333e-01
7.749935417204856236e-02 2.405063291139240556e-01 3.735468871092740839e-01 4.554378713510720544e-01 4.923792301730818832e-01 5.094290880909325692e-01 5.161456987858434875e-01 5.182123482304313855e-01 5.202789976750193945e-01 5.218289847584604013e-01
7.777777777777777901e-02 1.877777777777777657e-01 2.633333333333333082e-01 3.144444444444444708e-01 3.507407407407407418e-01 3.951851851851851949e-01 4.307407407407407574e-01 4.462962962962963021e-01 4.507407407407407196e-01 4.533333333333333104e-01
3.124177270732777512e-01 6.581834137779728477e-01 7.849934181658622112e-01 8.043001316366827913e-01 8.091268100043879086e-01 8.139534883720930258e-01 8.157086441421675937e-01 8.174637999122421617e-01 8.187801667397981431e-01 8.200965335673541245e-01
2.431999999999999995e-01 6.168000000000000149e-01 7.640000000000000124e-01 7.923999999999999932e-01 8.004000000000000004e-01 8.044000000000000039e-01 8.060000000000000497e-01 8.067999999999999616e-01 8.084000000000000075e-01 8.092000000000000304e-01
1.790151863782788733e-01 4.891854578923147678e-01 6.428900138057984659e-01 6.843074091118269697e-01 6.994937873907041137e-01 7.050161067648412772e-01 7.073170731707316694e-01 7.119190059825126760e-01 7.119190059825126760e-01 7.137597791072249898e-01
2.458049886621315183e-01 5.814058956916099419e-01 7.219954648526076824e-01 7.505668934240362633e-01 7.596371882086168092e-01 7.637188208616779717e-01 7.659863945578231359e-01 7.682539682539683001e-01 7.696145124716553543e-01 7.709750566893424084e-01
1.660457690260777053e-01 4.230973922299095524e-01 5.822245875465673626e-01 6.242682277807344304e-01 6.349121873336881494e-01 6.460883448642895655e-01 6.508781266631187279e-01 6.540713145290047992e-01 6.562001064395954764e-01 6.572645023948908705e-01
1.586206896551724255e-01 4.620689655172413590e-01 6.310344827586207295e-01 7.034482758620689280e-01 7.103448275862068728e-01 7.413793103448276245e-01 7.517241379310344307e-01 7.517241379310344307e-01 7.517241379310344307e-01 7.551724137931034031e-01
1.265822784810126667e-01 3.586497890295358704e-01 5.443037974683544444e-01 6.624472573839662592e-01 6.919831223628691852e-01 7.046413502109705185e-01 7.172995780590717407e-01 7.257383966244725926e-01 7.257383966244725926e-01 7.257383966244725926e-01
1.310679611650485410e-01 3.592233009708737934e-01 5.339805825242718296e-01 6.213592233009708199e-01 6.456310679611650949e-01 6.553398058252427605e-01 6.650485436893204261e-01 6.699029126213592589e-01 6.747572815533980917e-01 6.747572815533980917e-01
9.210526315789473173e-02 2.828947368421052544e-01 4.210526315789473450e-01 5.723684210526315264e-01 5.986842105263158187e-01 6.184210526315789824e-01 6.315789473684210176e-01 6.381578947368421462e-01 6.447368421052631637e-01 6.513157894736841813e-01
1.307420494699646774e-01 4.770318021201413461e-01 7.102473498233216054e-01 7.879858657243816733e-01 8.303886925795053164e-01 8.339222614840989811e-01 8.445229681978798641e-01 8.586572438162544119e-01 8.657243816254417412e-01 8.657243816254417412e-01
4.796470253344719548e-01 7.887845146598349011e-01 8.676345004269855332e-01 8.798747509251352295e-01 8.841446057500711442e-01 8.878451465983490110e-01 8.921150014232849257e-01 8.961001992598918164e-01 8.980927981781953173e-01 9.006547110731568662e-01
5.921052631578947040e-02 2.321428571428571508e-01 4.346804511278195560e-01 5.991541353383458279e-01 7.020676691729322849e-01 7.462406015037593709e-01 7.725563909774436633e-01 7.880639097744360777e-01 7.965225563909774653e-01 8.101503759398496207e-01
2.927580893682588462e-02 1.602465331278890570e-01 3.821263482280431445e-01 5.885978428351309466e-01 6.882383153569594514e-01 7.498715973292244819e-01 7.683615819209039799e-01 7.837699024139702653e-01 7.960965588084232269e-01 8.032871083718541305e-01
2.331887201735357781e-02 1.491323210412147382e-01 3.682212581344902480e-01 5.347071583514100279e-01 6.106290672451193391e-01 6.778741865509760878e-01 7.109544468546638019e-01 7.315618221258134435e-01 7.462039045553144900e-01 7.543383947939262812e-01
2.432885906040268414e-02 1.291946308724832293e-01 3.003355704697986406e-01 4.412751677852349008e-01 5.461409395973154668e-01 6.040268456375839090e-01 6.342281879194631156e-01 6.552013422818792066e-01 6.694630872483221529e-01 6.753355704697986406e-01
4.930594114380899562e-01 6.911900795854155621e-01 7.267258930223949864e-01 7.313529520636683490e-01 7.324634462335739560e-01 7.337590227651304975e-01 7.345918933925597027e-01 7.353322228391634408e-01 7.361650934665926460e-01 7.365352581898945150e-01
2.927367055771725179e-01 5.206225680933852518e-01 5.836575875486381682e-01 5.945525291828793746e-01 5.972762645914396762e-01 5.990920881971465439e-01 6.001297016861218969e-01 6.006485084306095734e-01 6.011673151750972499e-01 6.019455252918287647e-01
1.012200632625395447e-01 2.446904654315408822e-01 3.328061455038409666e-01 3.669227293267058321e-01 3.795752372345232439e-01 3.854496159060099569e-01 3.877089923181201714e-01 3.888386805241753064e-01 3.901943063714414794e-01 3.913239945774966144e-01
4.144935492725775744e-02 1.196815811144660985e-01 1.869338457315399271e-01 2.311281910513313109e-01 2.506176228383200644e-01 2.599505901729343704e-01 2.624210815262146834e-01 2.629700796047214073e-01 2.632445786439747692e-01 2.648915728794949409e-01
1.289308176100628991e-02 6.037735849056603821e-02 1.147798742138364803e-01 1.641509433962264064e-01 1.830188679245282890e-01 1.886792452830188815e-01 1.902515723270440384e-01 1.937106918238993836e-01 1.940251572327044149e-01 1.946540880503144777e-01
1.069340016708437702e-01 4.026733500417710720e-01 6.546922862712336588e-01 7.443609022556391119e-01 7.624617098301308404e-01 7.697020328599275540e-01 7.705374547479810765e-01 7.716513505987190324e-01 7.730437204121414219e-01 7.744360902255639223e-01
3.417266187050359977e-02 1.312949640287769670e-01 2.239208633093525136e-01 2.535971223021582510e-01 2.625899280575539341e-01 2.670863309352518034e-01 2.679856115107913661e-01 2.715827338129496171e-01 2.733812949640287981e-01 2.733812949640287981e-01
2.181400688863375376e-02 6.544202066590126821e-02 9.873708381171067416e-02 1.182548794489093058e-01 1.320321469575200801e-01 1.400688863375430526e-01 1.423650975889781956e-01 1.435132032146957393e-01 1.458094144661308822e-01 1.469575200918484537e-01
1.917808219178082293e-02 5.890410958904109678e-02 1.095890410958904049e-01 1.424657534246575319e-01 1.520547945205479590e-01 1.589041095890411093e-01 1.671232876712328841e-01 1.684931506849315086e-01 1.698630136986301331e-01 1.698630136986301331e-01
1.724137931034482735e-02 6.666666666666666574e-02 1.252873563218390718e-01 1.609195402298850552e-01 1.758620689655172320e-01 1.873563218390804641e-01 1.885057471264367790e-01 1.908045977011494365e-01 1.919540229885057514e-01 1.931034482758620663e-01
1.343963553530751753e-01 4.629840546697038817e-01 6.013667425968108882e-01 6.230068337129840428e-01 6.338268792710706201e-01 6.383826879271070620e-01 6.435079726651480314e-01 6.474943052391799458e-01 6.503416856492026943e-01 6.520501138952163878e-01
1.422924901185770863e-01 4.413702239789196180e-01 5.731225296442687966e-01 6.001317523056654002e-01 6.113306982872199757e-01 6.179183135704874319e-01 6.198945981554677687e-01 6.212121212121212155e-01 6.245059288537548881e-01 6.258234519104084459e-01
1.388367729831144481e-01 3.649155722326454243e-01 5.140712945590993899e-01 5.534709193245778147e-01 5.637898686679174709e-01 5.769230769230768718e-01 5.900562851782363838e-01 5.919324577861163617e-01 5.947467166979362174e-01 5.975609756097560732e-01
3.814713896457765790e-02 1.089918256130790186e-01 2.179836512261580372e-01 2.970027247956403271e-01 3.433242506811989281e-01 3.514986376021798642e-01 3.651226158038147207e-01 3.678474114441416809e-01 3.787465940054495772e-01 3.814713896457765929e-01
1.387461459403905584e-01 3.463514902363823422e-01 4.470709146968139813e-01 4.820143884892086339e-01 4.943473792394655897e-01 5.015416238437820917e-01 5.046248715313463862e-01 5.046248715313463862e-01 5.077081192189105696e-01 5.097636176772867289e-01
4.498510427010923296e-01 7.120158887785501545e-01 7.725918570009930875e-01 7.864945382323733636e-01 7.934458788480635016e-01 8.013902681231380720e-01 8.043694141012909249e-01 8.073485600794438888e-01 8.103277060575968527e-01 8.172790466732869907e-01
2.737003058103975595e-01 5.993883792048929626e-01 7.293577981651375719e-01 7.553516819571864938e-01 7.660550458715595923e-01 7.737003058103975039e-01 7.782874617737003398e-01 7.828746177370030646e-01 7.920489296636085141e-01 7.951070336391437010e-01
3.608124253285543426e-01 6.881720430107527431e-01 7.765830346475507406e-01 7.956989247311827551e-01 8.076463560334528058e-01 8.231780167264037829e-01 8.279569892473118697e-01 8.351254480286738335e-01 8.375149342891278215e-01 8.387096774193548709e-01
2.307692307692307820e-01 5.668016194331984003e-01 7.085020242914980004e-01 7.429149797570849811e-01 7.591093117408906910e-01 7.631578947368421462e-01 7.692307692307692735e-01 7.753036437246964008e-01 7.773279352226720729e-01 7.834008097165992002e-01
3.278688524590164105e-02 1.366120218579235102e-01 1.803278688524590223e-01 2.185792349726775885e-01 2.404371584699453446e-01 2.404371584699453446e-01 2.404371584699453446e-01 2.404371584699453446e-01 2.513661202185792365e-01 2.568306010928961824e-01
1.766917293233082609e-01 4.586466165413533580e-01 5.751879699248120259e-01 6.390977443609022757e-01 6.729323308270677151e-01 7.330827067669173358e-01 7.556390977443608881e-01 7.631578947368421462e-01 7.744360902255639223e-01 7.857142857142856984e-01
0.000000000000000000e+00 3.030303030303030387e-02 6.060606060606060774e-02 9.090909090909091161e-02 1.111111111111111049e-01 1.212121212121212155e-01 1.313131313131313260e-01 1.313131313131313260e-01 1.414141414141414088e-01 1.414141414141414088e-01
0.000000000000000000e+00 1.098901098901098987e-02 2.197802197802197974e-02 5.494505494505494414e-02 5.494505494505494414e-02 5.494505494505494414e-02 5.494505494505494414e-02 5.494505494505494414e-02 5.494505494505494414e-02 7.692307692307692735e-02
1.666666666666666644e-02 5.000000000000000278e-02 5.000000000000000278e-02 5.000000000000000278e-02 5.000000000000000278e-02 5.000000000000000278e-02 5.000000000000000278e-02 5.000000000000000278e-02 5.000000000000000278e-02 5.000000000000000278e-02
0.000000000000000000e+00 0.000000000000000000e+00 0.000000000000000000e+00 0.000000000000000000e+00 0.000000000000000000e+00 0.000000000000000000e+00 0.000000000000000000e+00 0.000000000000000000e+00 0.000000000000000000e+00 0.000000000000000000e+00
4.058272632674297387e-01 6.795005202913632081e-01 7.715920915712799477e-01 7.918834547346513819e-01 7.965660770031217641e-01 8.012486992715921463e-01 8.022892819979188239e-01 8.033298647242456125e-01 8.059313215400624175e-01 8.064516129032257563e-01
1.626373626373626424e-01 3.516483516483516758e-01 4.710622710622710541e-01 5.289377289377289459e-01 5.435897435897435459e-01 5.611721611721611769e-01 5.714285714285713969e-01 5.765567765567765068e-01 5.780219780219779668e-01 5.780219780219779668e-01
8.297413793103448898e-02 2.424568965517241437e-01 3.200431034482758563e-01 3.663793103448275690e-01 3.954741379310344751e-01 4.137931034482758563e-01 4.181034482758620441e-01 4.310344827586206629e-01 4.396551724137930939e-01 4.418103448275861878e-01
4.100946372239747811e-02 9.936908517350158399e-02 1.577287066246056690e-01 2.050473186119873836e-01 2.413249211356466861e-01 2.586750788643533139e-01 2.697160883280756982e-01 2.760252365930599416e-01 2.791798107255520356e-01 2.823343848580441851e-01
4.728132387706855677e-03 1.891252955082742271e-02 3.546099290780142105e-02 5.200945626477541245e-02 7.565011820330969083e-02 8.747044917257683350e-02 1.040189125295508249e-01 1.087470449172576875e-01 1.134751773049645363e-01 1.158392434988179676e-01
3.348341232227488029e-01 7.075829383886256263e-01 8.071090047393364442e-01 8.139810426540284860e-01 8.172985781990521614e-01 8.199052132701422080e-01 8.210900473933648858e-01 8.232227488151658834e-01 8.248815165876777211e-01 8.255924170616113500e-01
1.666113508131430443e-01 4.998340524394291329e-01 6.714238300696979689e-01 7.168934616661135628e-01 7.241951543312313833e-01 7.298373713906405325e-01 7.318287421174908269e-01 7.348157982077663242e-01 7.358114835711915269e-01 7.371390640557583529e-01
1.016949152542372947e-01 3.242208857299070379e-01 4.767632586112630078e-01 5.516675779114269540e-01 5.686167304537999012e-01 5.708037178786221633e-01 5.746309458720612051e-01 5.768179332968835782e-01 5.795516675779114335e-01 5.795516675779114335e-01
2.141886382169067571e-01 5.751562924707801505e-01 7.328078282141886612e-01 7.616200054362598504e-01 7.675998912748028813e-01 7.719488991573797421e-01 7.743952160913292193e-01 7.754824680619734067e-01 7.779287849959227730e-01 7.790160369665669604e-01
1.227765726681128017e-01 3.670281995661605068e-01 5.357917570498915705e-01 5.926247288503253552e-01 6.026030368763557465e-01 6.073752711496746004e-01 6.112798264642081980e-01 6.130151843817787105e-01 6.134490238611713941e-01 6.151843817787419066e-01
2.126514131897712101e-01 5.612382234185733232e-01 7.631224764468371724e-01 8.358008075370121359e-01 8.465679676985194968e-01 8.479138627187079447e-01 8.479138627187079447e-01 8.506056527590848404e-01 8.519515477792731772e-01 8.519515477792731772e-01
9.267563527653213673e-02 3.482810164424514077e-01 5.470852017937219980e-01 6.831091180866966095e-01 7.473841554559043088e-01 7.862481315396113724e-01 7.892376681614349243e-01 7.937219730941703633e-01 7.967115097159940262e-01 7.967115097159940262e-01
3.989898989898990056e-01 7.444444444444444642e-01 8.636363636363636465e-01 8.828282828282828509e-01 8.868686868686869174e-01 8.888888888888888395e-01 8.919191919191918894e-01 8.919191919191918894e-01 8.929292929292929060e-01 8.939393939393939226e-01
1.719242902208202028e-01 4.558359621451104071e-01 6.293375394321766292e-01 6.971608832807570932e-01 7.413249211356467416e-01 7.728706624605677922e-01 7.791798107255520911e-01 7.854889589905362790e-01 7.886435331230283730e-01 7.981072555205047658e-01
1.141868512110726652e-01 3.096885813148789190e-01 4.671280276816608956e-01 5.726643598615916986e-01 6.574394463667819766e-01 7.266435986159169858e-01 7.474048442906574552e-01 7.560553633217993452e-01 7.612456747404844348e-01 7.612456747404844348e-01
2.115003304692663622e-01 5.016523463317911213e-01 6.424322538003965910e-01 6.754791804362194618e-01 6.860541969596827272e-01 6.933245208195637499e-01 6.986120290812954936e-01 7.032385988103105889e-01 7.065432914738929426e-01 7.118307997356245753e-01
1.207770270270270285e-01 3.192567567567567433e-01 4.451013513513513709e-01 5.388513513513513153e-01 5.582770270270269730e-01 5.675675675675675436e-01 5.760135135135134865e-01 5.802364864864865135e-01 5.886824324324324564e-01 5.937500000000000000e-01
1.209503239740820774e-01 4.071274298056155594e-01 6.317494600431965424e-01 7.116630669546436527e-01 7.278617710583152878e-01 7.375809935205183132e-01 7.429805615550756359e-01 7.429805615550756359e-01 7.440604751619870338e-01 7.462203023758099407e-01
5.800464037122969596e-02 2.227378190255220325e-01 3.990719257540603082e-01 5.011600928074245731e-01 5.220417633410673330e-01 5.406032482598608357e-01 5.498839907192575316e-01 5.568445475638050812e-01 5.591647331786543385e-01 5.638051044083526309e-01
6.600660066006600740e-03 2.310231023102310086e-02 6.270627062706270183e-02 9.240924092409240342e-02 1.155115511551155077e-01 1.419141914191419107e-01 1.584158415841584178e-01 1.650165016501650150e-01 1.716171617161716123e-01 1.716171617161716123e-01
2.140077821011673181e-02 1.024643320363164689e-01 2.198443579766536926e-01 3.456549935149156871e-01 4.370946822308690027e-01 5.045395590142671693e-01 5.343709468223086789e-01 5.440985732814526132e-01 5.486381322957198936e-01 5.518806744487678717e-01
1.572617946345976001e-02 6.105457909343200984e-02 1.221091581868640197e-01 2.007400555041628232e-01 2.423681776133209953e-01 2.664199814986124015e-01 2.923219241443107963e-01 3.071230342275670933e-01 3.228492136910268151e-01 3.256244218316373673e-01
1.500737463126843585e-01 4.752949852507374895e-01 6.851032448377580852e-01 7.606932153392330642e-01 7.750737463126843307e-01 7.794985250737462845e-01 7.813421828908554412e-01 7.839233038348082383e-01 7.861356932153392707e-01 7.868731563421829112e-01
5.739130434782608453e-02 2.104347826086956641e-01 4.226086956521739046e-01 5.982608695652174013e-01 6.626086956521739513e-01 6.773913043478261287e-01 6.826086956521738580e-01 6.873913043478261375e-01 6.895652173913043859e-01 6.908695652173912904e-01
4.175365344467640502e-03 1.983298538622129542e-02 6.993736951983298145e-02 1.169102296450939410e-01 1.513569937369519947e-01 1.910229645093945716e-01 2.108559498956158740e-01 2.160751565762004112e-01 2.160751565762004112e-01 2.202505219206680465e-01
3.418624161073825496e-01 6.958892617449664586e-01 8.213087248322147316e-01 8.540268456375839090e-01 8.640939597315435705e-01 8.699664429530201692e-01 8.729026845637584131e-01 8.770973154362415869e-01 8.791946308724831738e-01 8.812919463087248717e-01
2.429614181438999043e-01 5.432742440041710141e-01 6.819603753910323807e-01 7.403545359749739152e-01 7.674661105318039134e-01 7.747653806047967162e-01 7.778936392075078698e-01 7.831074035453597926e-01 7.862356621480709462e-01 7.883211678832117153e-01
3.169949610627576519e-01 6.408612001832341143e-01 7.764544205222171369e-01 8.250114521300961901e-01 8.392120934493816353e-01 8.479157123224919657e-01 8.515803939532753386e-01 8.570774163994503425e-01 8.625744388456252354e-01 8.662391204764086083e-01
3.185776487663279921e-01 6.799709724238026665e-01 8.185776487663279921e-01 8.621190130624092340e-01 8.824383164005805691e-01 8.911465892597968397e-01 8.933236574746008518e-01 8.962264150943396457e-01 8.976777939042089871e-01 8.984034833091436578e-01
3.017621145374449476e-01 6.167400881057268913e-01 7.643171806167400328e-01 8.215859030837003862e-01 8.403083700440528991e-01 8.535242290748898952e-01 8.667400881057268913e-01 8.678414096916299281e-01 8.700440528634361126e-01 8.700440528634361126e-01
4.089456869009584494e-01 7.060702875399360590e-01 7.843450479233227135e-01 8.067092651757188371e-01 8.162939297124600646e-01 8.226837060702875126e-01 8.226837060702875126e-01 8.258785942492012921e-01 8.290734824281149606e-01 8.306709265175719059e-01
2.345864661654135375e-01 5.187969924812030342e-01 6.872180451127819500e-01 7.473684210526315708e-01 7.684210526315788936e-01 7.789473684210526105e-01 7.879699248120300981e-01 7.879699248120300981e-01 7.924812030075187863e-01 7.954887218045112451e-01
1.620553359683794548e-01 4.090909090909091161e-01 5.632411067193675569e-01 6.185770750988142108e-01 6.620553359683793992e-01 6.758893280632410905e-01 6.857707509881423302e-01 6.897233201581027817e-01 6.956521739130434590e-01 6.976284584980236847e-01
2.320000000000000118e-01 5.066666666666667096e-01 6.186666666666666980e-01 6.693333333333333357e-01 6.853333333333333499e-01 6.906666666666666510e-01 6.906666666666666510e-01 6.986666666666666581e-01 6.986666666666666581e-01 7.013333333333333641e-01
1.054313099041533502e-01 2.396166134185303553e-01 3.354632587859425197e-01 4.057507987220447254e-01 4.345047923322683525e-01 4.504792332268370836e-01 4.536741214057508076e-01 4.600638977635782556e-01 4.600638977635782556e-01 4.632587859424920351e-01
1.477343265052762367e-01 4.202358783364369965e-01 6.225946617008069062e-01 7.070142768466790573e-01 7.324643078833023013e-01 7.411545623836126584e-01 7.479826194909994230e-01 7.517070142768467189e-01 7.535692116697703113e-01 7.541899441340782495e-01
1.056456120737842425e-01 4.074902179988820761e-01 6.344326439351593017e-01 7.311347121296813967e-01 7.730575740637227744e-01 7.814421464505310055e-01 7.859139183901621140e-01 7.870318613750698633e-01 7.898267188373393477e-01 7.915036333147009717e-01
1.536262951053947723e-01 5.141121829224722939e-01 7.652733118971061232e-01 8.510182207931403786e-01 8.649517684887459978e-01 8.678099321186137916e-01 8.695962843872812043e-01 8.742408002858164107e-01 8.770989639156842044e-01 8.799571275455519981e-01
9.226190476190476719e-02 2.819940476190476164e-01 4.665178571428571508e-01 6.026785714285713969e-01 6.458333333333333703e-01 6.622023809523809312e-01 6.666666666666666297e-01 6.718750000000000000e-01 6.785714285714286031e-01 6.830357142857143016e-01
1.075268817204301161e-02 4.147465437788018516e-02 1.090629800307219704e-01 1.996927803379416333e-01 2.519201228878648058e-01 2.841781874039938649e-01 3.287250384024577587e-01 3.486943164362519276e-01 3.655913978494623739e-01 3.732718894009216526e-01
4.341155234657039785e-01 7.545126353790613249e-01 8.285198555956678756e-01 8.379963898916967802e-01 8.461191335740072539e-01 8.497292418772562916e-01 8.515342960288808660e-01 8.537906137184115840e-01 8.546931407942238712e-01 8.564981949458483346e-01
1.836734693877551117e-01 4.285714285714285476e-01 5.843179377013963949e-01 6.433941997851772010e-01 6.670247046186895679e-01 6.756176154672395295e-01 6.788399570354457513e-01 6.842105263157894912e-01 6.895810955961332311e-01 6.917293233082706383e-01
0.000000000000000000e+00 3.115264797507788074e-03 1.557632398753894080e-02 2.180685358255451609e-02 3.115264797507788161e-02 3.115264797507788161e-02 3.738317757009345516e-02 4.361370716510903217e-02 4.984423676012460919e-02 5.607476635514018620e-02
5.637583892617449577e-02 1.422818791946308670e-01 2.550335570469798863e-01 2.939597315436241476e-01 3.140939597315436371e-01 3.248322147651006575e-01 3.328859060402684644e-01 3.463087248322147538e-01 3.503355704697986850e-01 3.530201342281878985e-01
1.186440677966101725e-02 2.033898305084745617e-02 4.237288135593220151e-02 5.423728813559321876e-02 6.271186440677965768e-02 6.949152542372881436e-02 7.457627118644068187e-02 7.457627118644068187e-02 7.796610169491526021e-02 7.966101694915253550e-02
1.917321836165356286e-01 5.333502409332995242e-01 7.410601065178797908e-01 8.265280243469439458e-01 8.455490743089018046e-01 8.539183362921632936e-01 8.579761602840476620e-01 8.594978442810042862e-01 8.615267562769465259e-01 8.625412122749175348e-01
5.028219599794766376e-02 2.108773730118009282e-01 4.022575679835813101e-01 5.489994869163673519e-01 6.259620318111852599e-01 6.670087224217547961e-01 6.849666495638788710e-01 6.931759876859928671e-01 6.983068240123140313e-01 7.024114930733709183e-01
1.507702392658144819e-01 4.434611602753195658e-01 6.535562110783349477e-01 7.433628318584071248e-01 7.761389708292363299e-01 7.928548017043591800e-01 8.007210750573582336e-01 8.033431661750245478e-01 8.056374959029826144e-01 8.082595870206489286e-01
3.561452513966480160e-02 1.480446927374301780e-01 2.912011173184357316e-01 4.217877094972067309e-01 5.000000000000000000e-01 5.537709497206704246e-01 5.900837988826815872e-01 6.033519553072625996e-01 6.145251396648044873e-01 6.222067039106145003e-01
1.098901098901098987e-02 4.029304029304029561e-02 9.768009768009768001e-02 1.355311355311355215e-01 1.709401709401709435e-01 2.100122100122100155e-01 2.405372405372405431e-01 2.576312576312576041e-01 2.661782661782661763e-01 2.783882783882783984e-01
2.898550724637681264e-01 5.884057971014492461e-01 7.391304347826086474e-01 7.884057971014493127e-01 8.173913043478261420e-01 8.231884057971013968e-01 8.347826086956521285e-01 8.376811594202898670e-01 8.405797101449274944e-01 8.463768115942028603e-01
9.782608695652174335e-02 3.315217391304347561e-01 5.434782608695651884e-01 6.521739130434782705e-01 6.847826086956522174e-01 7.146739130434782705e-01 7.228260869565217295e-01 7.309782608695651884e-01 7.309782608695651884e-01 7.391304347826086474e-01
1.724137931034482735e-02 1.034482758620689641e-01 1.781609195402298895e-01 2.931034482758620441e-01 3.735632183908045856e-01 4.310344827586206629e-01 4.885057471264367956e-01 5.000000000000000000e-01 5.287356321839080664e-01 5.574712643678161328e-01
1.033519553072625718e-01 3.016759776536312998e-01 4.469273743016759504e-01 5.279329608938547747e-01 5.586592178770949380e-01 5.865921787709497126e-01 5.949720670391061006e-01 5.949720670391061006e-01 6.033519553072625996e-01 6.089385474860334879e-01
2.083333333333333218e-02 1.006944444444444475e-01 1.979166666666666574e-01 3.229166666666666852e-01 3.888888888888888951e-01 4.409722222222222099e-01 4.826388888888888951e-01 4.965277777777777901e-01 5.104166666666666297e-01 5.173611111111111605e-01
