2.065009560229445484e-01 5.449330783938814982e-01 6.955066921606118946e-01 7.304015296367112331e-01 7.390057361376672906e-01 7.442638623326960357e-01 7.480879541108986786e-01 7.514340344168259911e-01 7.523900573613766518e-01 7.528680688336519822e-01
1.754481260184682367e-01 4.589896795219989278e-01 6.349809885931558817e-01 7.072243346007605069e-01 7.170016295491580260e-01 7.208039109179793513e-01 7.229766431287343309e-01 7.267789244975556562e-01 7.294948397609994917e-01 7.316675719717544712e-01
3.677221654749744661e-02 1.532175689479060299e-01 2.512768130745658968e-01 3.534218590398365833e-01 4.310520939734422963e-01 4.698672114402451250e-01 4.790602655771195040e-01 4.862104187946884593e-01 4.902962206332993067e-01 4.902962206332993067e-01
9.090909090909091161e-02 2.765151515151514916e-01 4.715909090909091161e-01 5.517676767676767957e-01 6.029040404040404422e-01 6.294191919191919338e-01 6.401515151515151381e-01 6.464646464646465196e-01 6.496212121212121549e-01 6.502525252525253041e-01
4.129793510324483718e-02 1.179941002949852491e-01 2.114060963618485667e-01 3.038348082595870303e-01 3.598820058997050375e-01 3.893805309734513220e-01 4.139626352015732813e-01 4.405113077679449485e-01 4.552605703048180907e-01 4.582104228121927081e-01
1.901840490797546135e-01 5.582822085889570518e-01 7.730061349693251316e-01 8.098159509202453865e-01 8.128834355828220559e-01 8.128834355828220559e-01 8.190184049079755058e-01 8.220858895705521752e-01 8.251533742331288446e-01 8.251533742331288446e-01
1.401515151515151381e-01 4.280303030303030387e-01 6.590909090909090606e-01 7.121212121212121549e-01 7.159090909090909394e-01 7.272727272727272929e-01 7.272727272727272929e-01 7.348484848484848619e-01 7.348484848484848619e-01 7.348484848484848619e-01
5.232558139534883995e-02 1.918604651162790775e-01 3.372093023255813837e-01 4.360465116279069742e-01 4.709302325581395388e-01 4.825581395348837455e-01 4.883720930232557933e-01 4.941860465116278966e-01 5.000000000000000000e-01 5.116279069767442067e-01
8.620689655172414367e-02 4.310344827586206629e-01 6.077586206896551380e-01 6.982758620689655249e-01 7.025862068965517127e-01 7.025862068965517127e-01 7.068965517241379004e-01 7.068965517241379004e-01 7.112068965517240882e-01 7.198275862068965747e-01
8.500000000000000611e-02 3.300000000000000155e-01 4.849999999999999867e-01 5.949999999999999734e-01 6.199999999999999956e-01 6.300000000000000044e-01 6.350000000000000089e-01 6.350000000000000089e-01 6.500000000000000222e-01 6.500000000000000222e-01
4.157599736234751098e-01 7.174414770853939638e-01 7.972304648862512666e-01 8.132212331025386876e-01 8.151994724695021954e-01 8.175074183976260844e-01 8.181668315199472907e-01 8.196505110451698384e-01 8.203099241674909337e-01 8.212990438509726321e-01
1.914128595600676774e-01 5.232656514382402202e-01 6.964890016920474158e-01 7.345600676818950792e-01 7.434433164128595450e-01 7.476734348561759891e-01 7.508460236886632666e-01 7.533840947546531774e-01 7.557106598984771884e-01 7.574027072758037216e-01
1.159784560143626575e-01 3.421903052064632078e-01 4.901256732495511415e-01 5.436265709156193893e-01 5.608617594254937666e-01 5.705565529622980137e-01 5.752244165170556922e-01 5.784560143626571449e-01 5.816876122082584866e-01 5.831238779174147124e-01
6.971375807940904945e-02 2.234533702677747036e-01 3.402585410895660467e-01 3.947368421052631637e-01 4.122807017543859698e-01 4.201292705447829956e-01 4.233610341643582742e-01 4.279778393351800769e-01 4.298245614035087758e-01 4.316712834718374747e-01
9.792571152918475019e-02 3.251326579835986386e-01 4.520019295706705353e-01 5.050651230101302902e-01 5.200192957067052424e-01 5.253256150506512290e-01 5.306319343945972156e-01 5.320791123974915049e-01 5.349734684032803056e-01 5.373854317414374915e-01
2.471089470480827832e-01 5.295191722458916228e-01 6.168594035301278034e-01 6.305538648813147073e-01 6.323797930614729612e-01 6.335970785149117601e-01 6.351186853317102310e-01 6.351186853317102310e-01 6.357273280584296860e-01 6.366402921485088129e-01
1.500765696784073511e-01 4.217457886676875822e-01 5.653905053598774488e-01 6.189892802450229770e-01 6.241960183767227832e-01 6.284839203675344210e-01 6.306278713629402954e-01 6.324655436447167434e-01 6.327718223583460588e-01 6.333843797856049118e-01
2.092264678471575101e-01 5.375116495806151473e-01 6.775396085740913454e-01 7.050326188257223237e-01 7.087604846225535882e-01 7.099254426840633236e-01 7.117893755824790114e-01 7.134203168685927521e-01 7.141192917054985934e-01 7.143522833178005405e-01
3.234501347708895053e-02 1.078167115902965018e-01 1.846361185983827480e-01 2.257412398921832819e-01 2.452830188679245293e-01 2.560646900269542003e-01 2.621293800539083452e-01 2.641509433962264120e-01 2.675202156334231529e-01 2.675202156334231529e-01
3.894244814490213091e-01 6.149576394975168059e-01 6.447560619339760546e-01 6.497224656733858739e-01 6.520595968448729129e-01 6.535203038270522846e-01 6.546888694127958042e-01 6.552731522056675084e-01 6.561495763949751758e-01 6.567338591878468801e-01
1.831916902738432440e-01 5.439093484419263991e-01 7.422096317280453270e-01 8.106704438149197056e-01 8.229461756373938064e-01 8.328611898016997639e-01 8.375826251180358284e-01 8.404154863078375781e-01 8.423040604343720039e-01 8.441926345609065407e-01
2.968749999999999861e-02 1.437499999999999889e-01 2.687499999999999889e-01 3.265624999999999778e-01 3.671875000000000000e-01 3.828125000000000000e-01 3.937499999999999889e-01 3.984375000000000000e-01 4.062500000000000000e-01 4.062500000000000000e-01
2.084870848708487157e-01 4.769372693726937062e-01 6.439114391143911931e-01 6.900369003690036696e-01 7.075645756457564772e-01 7.121771217712177249e-01 7.149446494464944957e-01 7.177121771217712665e-01 7.204797047970479262e-01 7.232472324723246970e-01
6.697459584295611945e-02 2.217090069284064768e-01 3.510392609699768962e-01 3.995381062355657931e-01 4.226327944572748074e-01 4.295612009237875228e-01 4.318706697459584465e-01 4.318706697459584465e-01 4.364896073903002383e-01 4.387990762124711064e-01
3.016022620169651197e-02 1.479736098020735247e-01 2.403393025447690956e-01 3.081998114985862181e-01 3.345900094250706669e-01 3.534401508011310034e-01 3.590951932139491154e-01 3.647502356267672274e-01 3.675777568331762279e-01 3.741753063147973402e-01
9.412265758091993562e-02 3.008943781942078344e-01 5.072402044293015111e-01 6.460817717206133182e-01 7.265758091993185230e-01 7.774701873935263574e-01 8.111158432708688304e-01 8.213373083475298264e-01 8.243185689948893113e-01 8.255962521294718526e-01
1.556224899598393496e-02 6.626506024096386060e-02 1.636546184738955911e-01 3.102409638554217142e-01 3.885542168674698815e-01 4.628514056224899420e-01 5.020080321285140812e-01 5.266064257028112428e-01 5.471887550200803529e-01 5.607429718875501790e-01
1.860940695296523506e-01 4.953594462796916953e-01 7.047349378637721706e-01 7.999056158565360786e-01 8.378165801478685282e-01 8.546484190655969648e-01 8.628283781658014906e-01 8.681768129620890395e-01 8.711656441717791077e-01 8.735252477583765884e-01
3.205870992661258995e-02 1.317110853611432875e-01 2.769409038238702103e-01 4.148319814600232025e-01 4.913093858632676669e-01 5.554268057164928329e-01 6.114329857087679176e-01 6.427191966010042945e-01 6.674391657010428913e-01 6.716879103901119974e-01
1.134215500945179658e-02 4.158790170132325298e-02 1.285444234404536923e-01 1.833648393194707016e-01 2.419659735349716512e-01 2.967863894139886605e-01 3.232514177693761592e-01 3.478260869565217295e-01 3.667296786389414032e-01 3.724007561436672997e-01
2.544444444444444176e-01 5.622222222222221788e-01 7.088888888888889017e-01 7.255555555555555092e-01 7.288888888888889195e-01 7.299999999999999822e-01 7.311111111111111560e-01 7.322222222222222188e-01 7.355555555555555181e-01 7.355555555555555181e-01
2.123115577889447270e-01 5.427135678391959983e-01 7.110552763819095734e-01 7.185929648241206058e-01 7.211055276381909129e-01 7.211055276381909129e-01 7.211055276381909129e-01 7.223618090452261775e-01 7.223618090452261775e-01 7.223618090452261775e-01
3.744186046511627786e-01 7.023255813953488413e-01 7.895348837209302806e-01 7.906976744186046124e-01 7.906976744186046124e-01 7.906976744186046124e-01 7.906976744186046124e-01 7.906976744186046124e-01 7.906976744186046124e-01 7.906976744186046124e-01
3.804347826086956763e-01 5.815217391304348116e-01 6.114130434782608647e-01 6.114130434782608647e-01 6.114130434782608647e-01 6.114130434782608647e-01 6.114130434782608647e-01 6.114130434782608647e-01 6.114130434782608647e-01 6.114130434782608647e-01
2.121212121212121271e-01 3.905723905723905709e-01 4.377104377104377164e-01 4.377104377104377164e-01 4.377104377104377164e-01 4.377104377104377164e-01 4.377104377104377164e-01 4.377104377104377164e-01 4.377104377104377164e-01 4.377104377104377164e-01
2.712765957446808263e-01 6.468085106382979177e-01 8.102836879432624428e-01 8.617021276595744350e-01 8.730496453900709053e-01 8.826241134751773298e-01 8.868794326241135062e-01 8.893617021276595258e-01 8.925531914893617413e-01 8.953900709219858589e-01
2.282980177717019721e-01 6.069719753930280515e-01 8.318523581681476209e-01 8.930280246069719485e-01 9.070403280929596468e-01 9.135338345864661980e-01 9.169514695830485174e-01 9.207108680792891464e-01 9.237867395762132672e-01 9.241285030758714658e-01
2.211538461538461453e-01 6.057692307692307265e-01 8.106508875739645292e-01 8.668639053254437732e-01 8.772189349112425871e-01 8.853550295857988139e-01 8.894230769230768718e-01 8.931213017751479244e-01 8.942307692307692735e-01 8.968195266272189770e-01
1.056971514242878579e-01 3.298350824587706343e-01 5.262368815592204374e-01 6.199400299850075235e-01 6.401799100449775404e-01 6.566716641679160027e-01 6.604197901049475572e-01 6.641679160419790007e-01 6.656671664167915781e-01 6.709145427286357100e-01
1.016771488469601636e-01 3.501048218029350068e-01 5.728511530398322504e-01 7.138364779874213362e-01 7.589098532494759075e-01 7.783018867924528239e-01 7.914046121593291128e-01 8.034591194968553340e-01 8.123689727463312416e-01 8.197064989517819367e-01
1.126516464471403745e-01 3.136915077989601564e-01 4.176776429809358482e-01 4.610051993067590947e-01 4.852686308492201173e-01 5.025996533795493715e-01 5.095320623916811398e-01 5.147313691507798827e-01 5.181975736568457114e-01 5.181975736568457114e-01
1.724137931034482735e-02 4.827586206896551657e-02 7.586206896551724033e-02 1.137931034482758674e-01 1.241379310344827569e-01 1.241379310344827569e-01 1.310344827586207017e-01 1.344827586206896464e-01 1.448275862068965636e-01 1.448275862068965636e-01
2.993630573248407534e-01 5.445859872611464869e-01 6.135881104033970024e-01 6.411889596602972086e-01 6.539278131634819191e-01 6.666666666666666297e-01 6.666666666666666297e-01 6.687898089171974148e-01 6.698513800424628073e-01 6.709129511677281998e-01
4.901960784313725422e-02 1.241830065359477153e-01 2.026143790849673221e-01 2.418300653594771255e-01 2.549019607843137081e-01 2.679738562091503185e-01 2.745098039215686514e-01 2.777777777777777901e-01 2.810457516339869288e-01 2.908496732026144005e-01
8.939708939708940205e-02 2.349272349272349403e-01 3.326403326403326588e-01 4.012474012474012697e-01 4.282744282744282982e-01 4.511434511434511685e-01 4.553014553014553267e-01 4.615384615384615641e-01 4.636174636174636432e-01 4.760914760914761179e-01
4.133597883597883715e-01 7.248677248677248830e-01 7.982804232804232569e-01 8.055555555555555802e-01 8.062169312169311652e-01 8.082010582010582533e-01 8.121693121693122075e-01 8.128306878306877925e-01 8.181216931216931387e-01 8.187830687830688348e-01
3.438836612489307165e-01 6.261762189905902831e-01 6.843455945252352457e-01 6.911890504704876204e-01 6.920444824636441394e-01 6.937553464499571776e-01 6.946107784431138077e-01 6.946107784431138077e-01 6.946107784431138077e-01 6.954662104362703268e-01
4.573091849935316811e-01 7.425614489003881102e-01 8.020698576972833393e-01 8.104786545924967944e-01 8.124191461836999251e-01 8.182406209573092060e-01 8.182406209573092060e-01 8.188874514877102495e-01 8.201811125485123366e-01 8.208279430789133801e-01
3.512252042007001362e-01 5.705950991831971741e-01 6.371061843640606348e-01 6.464410735122519958e-01 6.464410735122519958e-01 6.546091015169195337e-01 6.592765460910151587e-01 6.756126021003500126e-01 6.779463243873978806e-01 6.779463243873978806e-01
2.960609911054637999e-01 5.400254129606099074e-01 5.870393900889453453e-01 5.921219822109275999e-01 5.959339263024142630e-01 5.972045743329097434e-01 5.984752223634053347e-01 5.984752223634053347e-01 5.984752223634053347e-01 5.984752223634053347e-01
2.772277227722772519e-01 5.782178217821781763e-01 6.726072607260725755e-01 6.917491749174917715e-01 6.963696369636963590e-01 7.029702970297029285e-01 7.062706270627062688e-01 7.082508250825082508e-01 7.095709570957096091e-01 7.122112211221122147e-01
9.241706161137440423e-02 3.262243285939968596e-01 4.960505529225908150e-01 5.631911532385466268e-01 5.924170616113744181e-01 6.042654028436018621e-01 6.082148499210110471e-01 6.121642969984202320e-01 6.161137440758294170e-01 6.200631911532386020e-01
8.957654723127035645e-02 2.882736156351791701e-01 4.356677524429967696e-01 5.260586319218241158e-01 5.643322475570032859e-01 5.838762214983713728e-01 5.936482084690554162e-01 5.952768729641694234e-01 5.993485342019544415e-01 6.001628664495114451e-01
3.405017921146953619e-02 1.272401433691756345e-01 2.365591397849462485e-01 3.207885304659497949e-01 3.611111111111111049e-01 4.005376344086021279e-01 4.184587813620071484e-01 4.283154121863799180e-01 4.435483870967741882e-01 4.507168458781362075e-01
9.756097560975609748e-03 2.113821138211382025e-02 3.577235772357723748e-02 5.691056910569105426e-02 6.991869918699186726e-02 8.617886178861788871e-02 8.780487804878048252e-02 9.593495934959349325e-02 1.008130081300813025e-01 1.073170731707317055e-01
1.791626095423563825e-01 3.203505355404089316e-01 3.563777994157740769e-01 3.602726387536513974e-01 3.622200584225900855e-01 3.622200584225900855e-01 3.670886075949367222e-01 3.690360272638753547e-01 3.690360272638753547e-01 3.690360272638753547e-01
4.509803921568627388e-02 1.333333333333333315e-01 1.764705882352941291e-01 1.911764705882352811e-01 1.990196078431372417e-01 2.019607843137254943e-01 2.039215686274509776e-01 2.058823529411764608e-01 2.058823529411764608e-01 2.068627450980392024e-01
1.796165489404641658e-01 4.283551967709384733e-01 5.287588294651867082e-01 5.544904137235115993e-01 5.580221997981836823e-01 5.590312815338042141e-01 5.600403632694248568e-01 5.600403632694248568e-01 5.610494450050453885e-01 5.630676084762865630e-01
4.032293740322937525e-01 6.943154169431541289e-01 7.381110373811103909e-01 7.434195974341959445e-01 7.440831674408316943e-01 7.447467374474673329e-01 7.451891174518912031e-01 7.451891174518912031e-01 7.451891174518912031e-01 7.451891174518912031e-01
2.850584307178631316e-01 5.701168614357262632e-01 6.314691151919866741e-01 6.656928213689482510e-01 6.719532554257094947e-01 6.719532554257094947e-01 6.723706176961602443e-01 6.752921535893154914e-01 6.777963272120199889e-01 6.807178631051753470e-01
2.381222790081393148e-01 6.271058110921824413e-01 8.182850653038046262e-01 8.858603066439523221e-01 8.992996403558584095e-01 9.025175089911035009e-01 9.051675184554230924e-01 9.059246640166571662e-01 9.068710959681999251e-01 9.078175279197425729e-01
7.734162456276719166e-02 2.903225806451613100e-01 5.060240963855421326e-01 6.630392537893509131e-01 7.532063738826272337e-01 8.052856587640886410e-01 8.251068791294209337e-01 8.266614846482704948e-01 8.266614846482704948e-01 8.286047415468325017e-01
2.504055150040551680e-01 6.257096512570965441e-01 8.017031630170315948e-01 8.454987834549878567e-01 8.523925385239253805e-01 8.564476885644768389e-01 8.588807785888077362e-01 8.615166261151662175e-01 8.635442011354420577e-01 8.651662611516626189e-01
1.412403802625622484e-01 3.884110457220461554e-01 5.744680851063830307e-01 6.514259846084200500e-01 6.717971933001357643e-01 6.781349026708918259e-01 6.826618379357175526e-01 6.835672249886826091e-01 6.849253055681303604e-01 6.876414667270257519e-01
5.598621877691645210e-02 1.412575366063738291e-01 2.489233419465977648e-01 3.238587424633936340e-01 3.514211886304909327e-01 3.608957795004306690e-01 3.634797588285960113e-01 3.669250645994832083e-01 3.686477174849268068e-01 3.712316968130921491e-01
3.011015911872704787e-01 6.545287637698898875e-01 7.778457772337821208e-01 8.017135862913096211e-01 8.093635250917993185e-01 8.145654834761322238e-01 8.160954712362301633e-01 8.185434516523867332e-01 8.200734394124846727e-01 8.219094247246021556e-01
3.605220228384992120e-01 6.533442088091353517e-01 7.381729200652528133e-01 7.544861337683523850e-01 7.573409461663948017e-01 7.610114192495921470e-01 7.622349102773245955e-01 7.626427406199021153e-01 7.634584013050570439e-01 7.634584013050570439e-01
1.881571665744327659e-01 4.609850581073602904e-01 5.843940232429440940e-01 6.131710016602103241e-01 6.192584394023242789e-01 6.209186496956281553e-01 6.225788599889319208e-01 6.225788599889319208e-01 6.231322634200332500e-01 6.242390702822357973e-01
1.364341085271317811e-01 3.596899224806201500e-01 4.674418604651162656e-01 4.961240310077519311e-01 5.031007751937984773e-01 5.054263565891472521e-01 5.077519379844961378e-01 5.093023255813953210e-01 5.116279069767442067e-01 5.139534883720929814e-01
8.531157270029673945e-02 2.611275964391691629e-01 3.494065281899109698e-01 3.805637982195845814e-01 3.850148367952522244e-01 3.902077151335311411e-01 3.924332344213649626e-01 3.939169139465875102e-01 3.954005934718101134e-01 3.961424332344213872e-01
5.607290803645401667e-01 8.775476387738193607e-01 9.274233637116818807e-01 9.304059652029825767e-01 9.307373653686826787e-01 9.307373653686826787e-01 9.307373653686826787e-01 9.307373653686826787e-01 9.307373653686826787e-01 9.307373653686826787e-01
4.444884227191767123e-01 7.999208391054818401e-01 8.780922224421136013e-01 8.840292895309717069e-01 8.848208984761527507e-01 8.854146051850385613e-01 8.856125074213339055e-01 8.856125074213339055e-01 8.856125074213339055e-01 8.856125074213339055e-01
3.226277372262773557e-01 6.785401459854014661e-01 7.891970802919707761e-01 8.052554744525547425e-01 8.072992700729927362e-01 8.078832116788321471e-01 8.078832116788321471e-01 8.078832116788321471e-01 8.078832116788321471e-01 8.078832116788321471e-01
1.602708803611738175e-01 4.159142212189615995e-01 5.180586907449209466e-01 5.496613995485327697e-01 5.564334085778781525e-01 5.586907449209932430e-01 5.592550790067719602e-01 5.603837471783296165e-01 5.603837471783296165e-01 5.603837471783296165e-01
2.922490470139771368e-02 5.717916137229987067e-02 9.021601016518424054e-02 9.783989834815756681e-02 1.003811944091486663e-01 1.003811944091486663e-01 1.003811944091486663e-01 1.016518424396442161e-01 1.016518424396442161e-01 1.016518424396442161e-01
1.465009810333551266e-01 4.984957488554611071e-01 7.501635055591889811e-01 8.516677567037279628e-01 8.757357750163505816e-01 8.839764551994767627e-01 8.872465663832570515e-01 8.898626553302811937e-01 8.909090909090908728e-01 8.922171353826030549e-01
9.675174013921113148e-02 3.445475638051044287e-01 5.816705336426913897e-01 7.336426914153132417e-01 7.865429234338746634e-01 8.051044083526681661e-01 8.118329466357309121e-01 8.141531322505800583e-01 8.157772621809744606e-01 8.169373549883990338e-01
8.686659772492244524e-02 3.176490865218890014e-01 5.563598759048603570e-01 7.194071009996553245e-01 7.912788693553947095e-01 8.129955187866253485e-01 8.200620475698034983e-01 8.233367804205445895e-01 8.250603240261978888e-01 8.262668045501551095e-01
1.871553681479078690e-01 5.107038598767433824e-01 7.377554330197859667e-01 8.259811871553681684e-01 8.404151800194615829e-01 8.449562114823223613e-01 8.464158287382419488e-01 8.478754459941615362e-01 8.493350632500811237e-01 8.511190398962049652e-01
2.429711479435236465e-01 6.360957642725598715e-01 8.465316144874155402e-01 8.957642725598526923e-01 9.014119091467157618e-01 9.046040515653774872e-01 9.066912216083486964e-01 9.081645181092694585e-01 9.092694904849600857e-01 9.093922651933701307e-01
2.805670407560543200e-01 5.723567631423508439e-01 6.774955699940933274e-01 6.987595983461311056e-01 7.111636148848198280e-01 7.200236266981688837e-01 7.235676314235085504e-01 7.288836385115180505e-01 7.324276432368576062e-01 7.347903130537507543e-01
2.566108007448789641e-01 6.450651769087523135e-01 8.137802607076349837e-01 8.491620111731843501e-01 8.551210428305400235e-01 8.640595903165735336e-01 8.670391061452513704e-01 8.700186219739292071e-01 8.726256983240223697e-01 8.737430167597765029e-01
7.713125845737482666e-02 2.056833558863328804e-01 2.611637347767253314e-01 2.828146143437076931e-01 2.990527740189445338e-01 3.085250338294993067e-01 3.166441136671176992e-01 3.207036535859269510e-01 3.288227334235453436e-01 3.301759133964817239e-01
1.105826397146254525e-01 3.055885850178359231e-01 4.090368608799048733e-01 4.661117717003567251e-01 4.851367419738406572e-01 4.910820451843043721e-01 4.946492271105826233e-01 4.994054696789536063e-01 5.041617122473246448e-01 5.053507728894173212e-01
2.004454342984409929e-02 4.231625835189309348e-02 6.458797327394209808e-02 8.240534521158128511e-02 8.685968819599108881e-02 9.354120267260579435e-02 1.002227171492204860e-01 1.024498886414253879e-01 1.069042316258351916e-01 1.091314031180400934e-01
4.059566787003610067e-01 7.057761732851985936e-01 7.611913357400722502e-01 7.638989169675090007e-01 7.648014440433212879e-01 7.653429602888086603e-01 7.662454873646209474e-01 7.678700361010830644e-01 7.694945848375451813e-01 7.700361010830324426e-01
8.920187793427229728e-02 2.574936800288912808e-01 3.701697363669194663e-01 4.149512459371614281e-01 4.283134705669917053e-01 4.337305886601661165e-01 4.348140122788010098e-01 4.362585771036475157e-01 4.373420007222824091e-01 4.391477067533405831e-01
3.655721393034825906e-01 6.384079601990049202e-01 7.060696517412935469e-01 7.194029850746268551e-01 7.227860696517413031e-01 7.243781094527362852e-01 7.259701492537313783e-01 7.279601990049751059e-01 7.291542288557213425e-01 7.303482587064676901e-01
2.099400171379605870e-02 8.568980291345329459e-02 1.649528706083976115e-01 2.365038560411311108e-01 2.874892887746358094e-01 3.076263924592973487e-01 3.149100257069408770e-01 3.187660668380462581e-01 3.204798628963153595e-01 3.230505569837189284e-01
6.139991813344249094e-02 2.103970528039295906e-01 3.241915677445763588e-01 3.868194842406876832e-01 4.060581252558330134e-01 4.158821121571837920e-01 4.199754400327466164e-01 4.212034383954154637e-01 4.224314367580843110e-01 4.240687679083094408e-01
1.229597388465723667e-01 3.079434167573449344e-01 4.352557127312295937e-01 4.842219804134929029e-01 5.059847660500543798e-01 5.103373231773666863e-01 5.136017410228509439e-01 5.168661588683352015e-01 5.190424374319912992e-01 5.244831338411316546e-01
1.463414634146341549e-02 7.804878048780487798e-02 1.414634146341463283e-01 1.780487804878048697e-01 1.926829268292682973e-01 2.024390243902439157e-01 2.048780487804877926e-01 2.073170731707316972e-01 2.121951219512195064e-01 2.121951219512195064e-01
1.355661881977671401e-01 3.716108452950558361e-01 4.920255183413078104e-01 5.422647527910685605e-01 5.526315789473684736e-01 5.550239234449760861e-01 5.566188197767145684e-01 5.598086124401914221e-01 5.637958532695375169e-01 5.661881977671451294e-01
8.166666666666666519e-02 3.133333333333333526e-01 4.883333333333333415e-01 5.833333333333333703e-01 6.166666666666666963e-01 6.516666666666666163e-01 6.650000000000000355e-01 6.883333333333333526e-01 6.933333333333333570e-01 6.999999999999999556e-01
5.418719211822660420e-02 1.773399014778325178e-01 3.078817733990147909e-01 4.482758620689655249e-01 4.655172413793103314e-01 4.729064039408866771e-01 4.802955665024630783e-01 4.901477832512315391e-01 4.926108374384236543e-01 4.950738916256157696e-01
2.227272727272727182e-01 5.577922077922078392e-01 7.493506493506493227e-01 8.064935064935064846e-01 8.227272727272727515e-01 8.324675324675324672e-01 8.383116883116883411e-01 8.415584415584415057e-01 8.461038961038961359e-01 8.487012987012987342e-01
1.465437788018433274e-01 4.018433179723502335e-01 5.834101382488479093e-01 6.359447004608295151e-01 6.580645161290322731e-01 6.728110599078340748e-01 6.866359447004608541e-01 6.940092165898616994e-01 7.013824884792626557e-01 7.050691244239630784e-01
1.148796498905908098e-01 3.282275711159737264e-01 4.879649890590809780e-01 5.733041575492341391e-01 6.301969365426696168e-01 6.520787746170678689e-01 6.652078774617067314e-01 6.717724288840262181e-01 6.761487964989059130e-01 6.838074398249452956e-01
4.207263064658990359e-01 7.736935341009743006e-01 8.534100974313552079e-01 8.684676705048716139e-01 8.773250664304694801e-01 8.835252435783879088e-01 8.901682905225863918e-01 8.919397697077059428e-01 8.941541186891054371e-01 8.976970770593445392e-01
4.416961130742049629e-02 1.342756183745583143e-01 2.296819787985865668e-01 2.738515901060070701e-01 3.303886925795053164e-01 3.533568904593639703e-01 3.639575971731448534e-01 3.710247349823321827e-01 3.727915194346289596e-01 3.798586572438162334e-01
4.000000000000000222e-01 7.101654846335697657e-01 7.872340425531915153e-01 8.000000000000000444e-01 8.033096926713948482e-01 8.052009456264775933e-01 8.061465721040189658e-01 8.066193853427896521e-01 8.066193853427896521e-01 8.094562647754136586e-01
5.794701986754966644e-02 2.425496688741721751e-01 4.743377483443708686e-01 5.935430463576158999e-01 6.324503311258278249e-01 6.622516556291391243e-01 6.738410596026490618e-01 6.846026490066224879e-01 6.887417218543046005e-01 6.928807947019867131e-01
2.599179206566347433e-02 8.891928864569083324e-02 2.243502051983584100e-01 3.570451436388508704e-01 4.090287277701778468e-01 4.309165526675786673e-01 4.432284541723666149e-01 4.445964432284541523e-01 4.582763337893296929e-01 4.637482900136798980e-01
9.396751740139211440e-02 3.439675174013920866e-01 5.707656612529001805e-01 6.972157772621809801e-01 7.494199535962876579e-01 7.650812064965196724e-01 7.714617169373549910e-01 7.772621809744779675e-01 7.790023201856148827e-01 7.801624129930394558e-01
6.072874493927125222e-02 2.601214574898785270e-01 4.483805668016194179e-01 5.414979757085019996e-01 5.769230769230768718e-01 6.002024291497976005e-01 6.214574898785425461e-01 6.356275303643724728e-01 6.427125506072874916e-01 6.427125506072874916e-01
1.430508474576271116e-01 4.291525423728813626e-01 6.433898305084745362e-01 7.491525423728813138e-01 7.762711864406779405e-01 7.891525423728813493e-01 7.966101694915254106e-01 7.993220338983051398e-01 8.033898305084745672e-01 8.067796610169492011e-01
1.539416511483550631e-01 4.767225325884543730e-01 7.368094351334574243e-01 8.094351334574798607e-01 8.317815021725636360e-01 8.479205462445685848e-01 8.516449410304158807e-01 8.547486033519553494e-01 8.566108007448789419e-01 8.578522656734947072e-01
5.316973415132924402e-02 2.242672119972733413e-01 3.946830265848670916e-01 6.019086571233810412e-01 7.164280845262440689e-01 7.675528289025221884e-01 7.805044308111792617e-01 7.886843899113837875e-01 7.948193592365371263e-01 7.995910020449897848e-01
1.596277738010021541e-01 4.767358625626342272e-01 7.000715819613457791e-01 7.788117394416607109e-01 8.045812455261274199e-01 8.231925554760199937e-01 8.239083750894774516e-01 8.274874731567645192e-01 8.303507516105941288e-01 8.317823908375089337e-01
4.897159647404505239e-02 1.939275220372184139e-01 3.672869735553379034e-01 5.239960822722821154e-01 5.778648383937315947e-01 6.503428011753182858e-01 7.002938295788442291e-01 7.238001958863858887e-01 7.306562193927521598e-01 7.394711067580803654e-01
1.692307692307692402e-01 2.769230769230769384e-01 3.487179487179487003e-01 4.051282051282051322e-01 4.205128205128205177e-01 4.564102564102563986e-01 4.615384615384615641e-01 4.666666666666666741e-01 4.820512820512820595e-01 4.974358974358974450e-01
9.693877551020407823e-02 1.938775510204081565e-01 2.142857142857142738e-01 2.500000000000000000e-01 2.857142857142856984e-01 3.112244897959183798e-01 3.418367346938775420e-01 3.469387755102040782e-01 3.571428571428571508e-01 3.622448979591836871e-01
1.123595505617977497e-02 1.123595505617977497e-02 2.247191011235954994e-02 5.617977528089887485e-02 5.617977528089887485e-02 5.617977528089887485e-02 5.617977528089887485e-02 6.741573033707864981e-02 6.741573033707864981e-02 7.865168539325842478e-02
0.000000000000000000e+00 0.000000000000000000e+00 1.333333333333333419e-02 2.666666666666666838e-02 4.000000000000000083e-02 4.000000000000000083e-02 4.000000000000000083e-02 4.000000000000000083e-02 4.000000000000000083e-02 8.000000000000000167e-02
0.000000000000000000e+00 3.409090909090908839e-02 3.409090909090908839e-02 3.409090909090908839e-02 3.409090909090908839e-02 3.409090909090908839e-02 3.409090909090908839e-02 4.545454545454545581e-02 5.681818181818181629e-02 5.681818181818181629e-02
2.146985962014863747e-01 5.718414533443435532e-01 7.510322047894302244e-01 8.117258464079273317e-01 8.241123038810900248e-01 8.286540049545829678e-01 8.303055326176713713e-01 8.327828241123038655e-01 8.348472336911643144e-01 8.360858794384805615e-01
6.622879036672139896e-02 2.545155993431855723e-01 4.422550629447181136e-01 5.922276956759715549e-01 6.590038314176245304e-01 6.934865900383141435e-01 7.082649151614668348e-01 7.175697865353037885e-01 7.203065134099616573e-01 7.263273125342091241e-01
6.691061160480919756e-02 2.592786199686356596e-01 4.981704129639309975e-01 6.251960271824359427e-01 6.826973340303188476e-01 7.004704652378462848e-01 7.130162049137480640e-01 7.198118139048614861e-01 7.213800313643491391e-01 7.234709879769994911e-01
9.607686148919134667e-03 5.524419535628502520e-02 1.385108086469175326e-01 2.850280224179343458e-01 3.899119295436349053e-01 4.451561248999199583e-01 4.715772618094475344e-01 4.923939151321056751e-01 5.012009607686148671e-01 5.044035228182546238e-01
2.851711026615969674e-03 2.186311787072243301e-02 6.368821292775665721e-02 1.730038022813688292e-01 2.604562737642585613e-01 3.346007604562737381e-01 3.650190114068441183e-01 3.859315589353612408e-01 3.982889733840304092e-01 4.068441064638783078e-01
3.613761202659728222e-01 7.272333044232437427e-01 8.519803411390575176e-01 8.736629083550159214e-01 8.823359352413991941e-01 8.868169991326972923e-01 8.885516045099739468e-01 8.888407054061867596e-01 8.897080080948250869e-01 8.901416594391442505e-01
2.559699490206600592e-01 5.352830694928897293e-01 6.503890528575261287e-01 6.831231553528307465e-01 6.914408371344245019e-01 6.968070834451300932e-01 6.981486450228066021e-01 6.984169573383418594e-01 6.997585189160182573e-01 7.013683928092299125e-01
9.895833333333332871e-02 2.666666666666666630e-01 3.661458333333333370e-01 3.979166666666666408e-01 4.104166666666666519e-01 4.151041666666666630e-01 4.187500000000000111e-01 4.208333333333333370e-01 4.213541666666666408e-01 4.213541666666666408e-01
2.471374045801526809e-01 5.803912213740457515e-01 7.316316793893129500e-01 7.693225190839694250e-01 7.793416030534351391e-01 7.843511450381679406e-01 7.867366412213741000e-01 7.884064885496183672e-01 7.886450381679389610e-01 7.893606870229007422e-01
1.005081874647092005e-01 2.230378317334839045e-01 2.941840767927724198e-01 3.162055335968379510e-01 3.246753246753246724e-01 3.269339356295877796e-01 3.280632411067193610e-01 3.291925465838509424e-01 3.303218520609824682e-01 3.308865047995482866e-01
2.196531791907514464e-01 5.375722543352601246e-01 6.777456647398844014e-01 7.283236994219652871e-01 7.557803468208093012e-01 7.673410404624277925e-01 7.745664739884392525e-01 7.803468208092485536e-01 7.803468208092485536e-01 7.817919075144508234e-01
3.683602771362586847e-01 6.397228637413394647e-01 7.344110854503463903e-01 7.678983833718244778e-01 7.782909930715935509e-01 7.863741339491916449e-01 7.909930715935334922e-01 7.933025404157043603e-01 7.944572748267898499e-01 7.944572748267898499e-01
3.409090909090908839e-02 1.174242424242424310e-01 2.196969696969696961e-01 3.068181818181818232e-01 3.484848484848485084e-01 3.674242424242424310e-01 3.825757575757575690e-01 3.977272727272727071e-01 4.204545454545454697e-01 4.280303030303030387e-01
1.396551724137931050e-01 3.689655172413793260e-01 5.155172413793103203e-01 5.982758620689655471e-01 6.344827586206897019e-01 6.500000000000000222e-01 6.655172413793103425e-01 6.775862068965516904e-01 6.793103448275862322e-01 6.844827586206896353e-01
8.810572687224670421e-03 3.524229074889868168e-02 6.607929515418502209e-02 9.691629955947136943e-02 1.233480176211453755e-01 1.497797356828193815e-01 1.585903083700440641e-01 1.718061674008810602e-01 1.850220264317180563e-01 1.850220264317180563e-01
3.719008264462809743e-01 7.085561497326202662e-01 8.067574137092853315e-01 8.203694701020903812e-01 8.257170636849781031e-01 8.293631502187651661e-01 8.305785123966942241e-01 8.315508021390374260e-01 8.339815264948954310e-01 8.354399611084103450e-01
3.905123339658443937e-01 7.005692599620493288e-01 7.874762808349146104e-01 7.984819734345350861e-01 7.996204933586337216e-01 8.026565464895635271e-01 8.034155597722960618e-01 8.034155597722960618e-01 8.041745730550284854e-01 8.041745730550284854e-01
1.943359375000000000e-01 5.043945312500000000e-01 6.479492187500000000e-01 6.665039062500000000e-01 6.674804687500000000e-01 6.689453125000000000e-01 6.699218750000000000e-01 6.699218750000000000e-01 6.704101562500000000e-01 6.704101562500000000e-01
2.758620689655172376e-01 5.154577883472056810e-01 5.850178359096314118e-01 5.927467300832341968e-01 5.963139120095124479e-01 5.975029726516052353e-01 5.975029726516052353e-01 5.992865636147443054e-01 5.998810939357906991e-01 6.004756242568370928e-01
1.845493562231759754e-01 3.483547925608011520e-01 3.834048640915593831e-01 3.912732474964234486e-01 3.919885550786838535e-01 3.948497854077253066e-01 3.962804005722460610e-01 3.991416309012875696e-01 3.991416309012875696e-01 3.991416309012875696e-01
3.442791930496245101e-01 6.594021499042850287e-01 7.534972758062140619e-01 7.691061699307907285e-01 7.732292740391695229e-01 7.744073037844205754e-01 7.751435723752024831e-01 7.757325872478280093e-01 7.764688558386099171e-01 7.772051244293918248e-01
1.070995145631067902e-01 3.523968446601941640e-01 5.588592233009708199e-01 6.579186893203883280e-01 7.031250000000000000e-01 7.245145631067960723e-01 7.357402912621359148e-01 7.413531553398058360e-01 7.465109223300970820e-01 7.506067961165048263e-01
8.261964735516372227e-02 2.735516372795969708e-01 4.065491183879093029e-01 4.793450881612090764e-01 5.022670025188916698e-01 5.171284634760705545e-01 5.272040302267002598e-01 5.340050377833752693e-01 5.380352644836271514e-01 5.410579345088161185e-01
9.890307498651321194e-02 3.319546844092788884e-01 5.324581909728466345e-01 6.344182700953066023e-01 6.824312174069412373e-01 7.106635497212731023e-01 7.261283941737097791e-01 7.354792303542527776e-01 7.397950008991188708e-01 7.421327099442546205e-01
5.066946705171961052e-02 1.903386715673405227e-01 3.433972171173536592e-01 4.368600682593856699e-01 4.833289577316881025e-01 5.077448149120503684e-01 5.240220530322919901e-01 5.334733525859806091e-01 5.381990023628249187e-01 5.442373326332370365e-01
2.179111211369275936e-01 5.806451612903226200e-01 7.638168283329573871e-01 8.152492668621701410e-01 8.265283103992780989e-01 8.323934130385742813e-01 8.355515452289645761e-01 8.371306113241596680e-01 8.414166478682607586e-01 8.432212948341980541e-01
4.607177497575169756e-02 1.745877788554801302e-01 3.389912706110572160e-01 4.553831231813773028e-01 5.130940834141609619e-01 5.387972841901066401e-01 5.557710960232783437e-01 5.683802133850630600e-01 5.785645004849661044e-01 5.814742967992240219e-01
1.270144769188746303e-01 4.097241190931439347e-01 6.571974870254029266e-01 7.574433214968587791e-01 7.795684239278886096e-01 7.872166074842938954e-01 7.904944004370391131e-01 7.934990439770553960e-01 7.954110898661568285e-01 7.965036875170717900e-01
5.837883242335153294e-02 2.490550188996220049e-01 4.481310373792524171e-01 5.564888702225955219e-01 5.951280974380512845e-01 6.140277194456110754e-01 6.211675766484670014e-01 6.236875262494749883e-01 6.278874422511550035e-01 6.287274254514909622e-01
3.221730890713834367e-02 1.389766266582438403e-01 2.684775742261528708e-01 3.695514845230574719e-01 4.200884396715097724e-01 4.428300694883133271e-01 4.491471888818698854e-01 4.548325963360707602e-01 4.592545799115603233e-01 4.617814276689829467e-01
1.919927206551410304e-01 4.745222929936305789e-01 6.333030027297543718e-01 6.819836214740673253e-01 6.951774340309372358e-01 7.038216560509553688e-01 7.065514103730664575e-01 7.092811646951774351e-01 7.101910828025477240e-01 7.120109190172884128e-01
1.178010471204188510e-02 3.272251308900523542e-02 8.115183246073298662e-02 1.348167539267015602e-01 1.832460732984293184e-01 2.172774869109947715e-01 2.303664921465968518e-01 2.342931937172774981e-01 2.382198952879581166e-01 2.395287958115183136e-01
3.525033829499323312e-01 6.603518267929634478e-01 7.848443843031123190e-01 8.098782138024357424e-01 8.152909336941813745e-01 8.203653585926927727e-01 8.210419485791610184e-01 8.230717185385656443e-01 8.237483085250337789e-01 8.251014884979702702e-01
2.953156822810590679e-02 1.211812627291242311e-01 2.301425661914460186e-01 3.391038696537678199e-01 3.818737270875763867e-01 3.971486761710794067e-01 4.012219959266802305e-01 4.022403258655804503e-01 4.042769857433808345e-01 4.063136456211812741e-01
3.395795246800731304e-01 6.901279707495429072e-01 8.240402193784277518e-01 8.555758683729433045e-01 8.619744058500914408e-01 8.638025594149908448e-01 8.642595978062157513e-01 8.651736745886654534e-01 8.656307129798903599e-01 8.660877513711151554e-01
3.778871639530481108e-01 6.595986368799696686e-01 7.262400605831124123e-01 7.368421052631578538e-01 7.391139719803104802e-01 7.410071942446042614e-01 7.440363498674744669e-01 7.455509276789095141e-01 7.485800833017796085e-01 7.497160166603559217e-01
2.511312217194570096e-01 4.963800904977375694e-01 5.990950226244343702e-01 6.185520361990950455e-01 6.239819004524886914e-01 6.298642533936651411e-01 6.321266968325791602e-01 6.352941176470587870e-01 6.384615384615384137e-01 6.402714932126696290e-01
1.228273464658169167e-01 3.174971031286211165e-01 4.130938586326767248e-01 4.461181923522595794e-01 4.519119351100810977e-01 4.577056778679026716e-01 4.623406720741599085e-01 4.646581691772885270e-01 4.675550405561992862e-01 4.710312862108922416e-01
5.310457516339869150e-02 1.429738562091503185e-01 1.944444444444444475e-01 2.148692810457516478e-01 2.254901960784313764e-01 2.312091503267973969e-01 2.320261437908496815e-01 2.336601307189542509e-01 2.361111111111111049e-01 2.393790849673202714e-01
4.246284501061571050e-03 1.273885350318471402e-02 2.123142250530785438e-02 2.760084925690021312e-02 3.078556263269639076e-02 3.184713375796178331e-02 3.397027600849256840e-02 3.609341825902335349e-02 3.927813163481953113e-02 4.140127388535031622e-02
2.557077625570776114e-01 5.882800608828006039e-01 7.595129375951293893e-01 8.051750380517503913e-01 8.158295281582952363e-01 8.234398782343987921e-01 8.302891933028919702e-01 8.310502283105022370e-01 8.348554033485540149e-01 8.348554033485540149e-01
8.147321428571428770e-02 2.589285714285714524e-01 4.386160714285714524e-01 5.859375000000000000e-01 6.707589285714286031e-01 6.852678571428570953e-01 6.975446428571429047e-01 7.020089285714286031e-01 7.053571428571429047e-01 7.053571428571429047e-01
4.468085106382978927e-02 1.617021276595744794e-01 2.212765957446808374e-01 2.531914893617021045e-01 2.595744680851063690e-01 2.744680851063829863e-01 2.936170212765957244e-01 3.085106382978723416e-01 3.212765957446808707e-01 3.276595744680850797e-01
1.098901098901098987e-02 3.296703296703296787e-02 4.945054945054944834e-02 4.945054945054944834e-02 4.945054945054944834e-02 5.494505494505494414e-02 6.043956043956043994e-02 7.142857142857142461e-02 8.791208791208791895e-02 9.890109890109889668e-02
0.000000000000000000e+00 6.993006993006993001e-03 6.993006993006993001e-03 1.398601398601398600e-02 1.398601398601398600e-02 2.097902097902097987e-02 2.797202797202797200e-02 2.797202797202797200e-02 3.496503496503496761e-02 3.496503496503496761e-02
1.879734848484848619e-01 4.659090909090908839e-01 6.240530303030302761e-01 6.595643939393939226e-01 6.652462121212121549e-01 6.737689393939394478e-01 6.780303030303029832e-01 6.837121212121212155e-01 6.884469696969697239e-01 6.898674242424241987e-01
4.673590504451038269e-02 1.646884272997032606e-01 3.019287833827893341e-01 3.983679525222552087e-01 4.221068249258160265e-01 4.310089020771513124e-01 4.339762611275964632e-01 4.391691394658753800e-01 4.465875370919881182e-01 4.510385756676557611e-01
1.772272510719390126e-01 4.883277751310147741e-01 6.545974273463553983e-01 6.936636493568365536e-01 7.012863268222963020e-01 7.070033349213911134e-01 7.127203430204859247e-01 7.136731777036684488e-01 7.174845164363983230e-01 7.184373511195807360e-01
1.540041067761806909e-02 6.878850102669405164e-02 1.714579055441478317e-01 2.525667351129363691e-01 2.823408624229979402e-01 3.018480492813141458e-01 3.110882956878849859e-01 3.203285420944558259e-01 3.357289527720739297e-01 3.480492813141684016e-01
4.199340417735434317e-01 7.482594356907291688e-01 8.149505313301576015e-01 8.215463539758153244e-01 8.233785269329424450e-01 8.259435690729204360e-01 8.270428728471967972e-01 8.281421766214730473e-01 8.296079149871747882e-01 8.310736533528765291e-01
6.857379767827529449e-01 8.731343283582089221e-01 8.955223880597015240e-01 9.004975124378109541e-01 9.021558872305140975e-01 9.038142620232172408e-01 9.038142620232172408e-01 9.038142620232172408e-01 9.054726368159203842e-01 9.054726368159203842e-01
5.341685649202733144e-01 7.551252847380409694e-01 7.767653758542141240e-01 7.824601366742597319e-01 7.858769931662870079e-01 7.892938496583143948e-01 7.904328018223234498e-01 7.904328018223234498e-01 7.927107061503416707e-01 7.961275626423690577e-01
4.605633802816901379e-01 7.338028169014084723e-01 7.647887323943661775e-01 7.690140845070422282e-01 7.718309859154929287e-01 7.718309859154929287e-01 7.732394366197182789e-01 7.746478873239436291e-01 7.788732394366196798e-01 7.816901408450703803e-01
4.044795783926218857e-01 6.969696969696970168e-01 7.404479578392622052e-01 7.444005270092226567e-01 7.483530961791831082e-01 7.509881422924901129e-01 7.536231884057971175e-01 7.549407114624505644e-01 7.588932806324110159e-01 7.588932806324110159e-01
4.138335287221571179e-01 7.573270808909730034e-01 8.065650644783118883e-01 8.124267291910902689e-01 8.182883939038686494e-01 8.218053927315357443e-01 8.229777256740914426e-01 8.229777256740914426e-01 8.229777256740914426e-01 8.241500586166471409e-01
5.422035480859009882e-01 8.363211951447245829e-01 8.925303454715219909e-01 8.972922502334267358e-01 8.985994397759103913e-01 9.010270774976657515e-01 9.025210084033613578e-01 9.038281979458450133e-01 9.045751633986928164e-01 9.051353874883286688e-01
4.150343424065123243e-01 7.403968455863647602e-01 8.240905621979139895e-01 8.322309844823200242e-01 8.351564487407784343e-01 8.365555838209106643e-01 8.379547189010430053e-01 8.392266598829813962e-01 8.398626303739507026e-01 8.406257949631137372e-01
3.128197631925156985e-01 6.595526969741265511e-01 7.800029235491887647e-01 8.026604297617306871e-01 8.082151732202894623e-01 8.109925449495687388e-01 8.130390293816693870e-01 8.149393363543341318e-01 8.155240461920771899e-01 8.159625785703844558e-01
3.651722984275677653e-01 6.754767480762796650e-01 7.746738039478086035e-01 7.915690866510538548e-01 7.950819672131147486e-01 7.967547674807627933e-01 7.980930076948812291e-01 7.994312479089996648e-01 8.001003680160588827e-01 8.007694881231181006e-01
3.019729333115930281e-01 6.001956628077612654e-01 7.223218653187672977e-01 7.446600358715147472e-01 7.475949779879341728e-01 7.505299201043534874e-01 7.513451818033588525e-01 7.521604435023642177e-01 7.544431762595793511e-01 7.557475949779879354e-01
3.658051689860834788e-02 1.928429423459244452e-01 4.214711729622266367e-01 6.294234592445328014e-01 7.149105367793240351e-01 7.447316103379721941e-01 7.554671968190854736e-01 7.626242544731610673e-01 7.666003976143140886e-01 7.673956262425447594e-01
1.459143968871595351e-02 6.906614785992218342e-02 1.527237354085603238e-01 2.675097276264591373e-01 3.472762645914396762e-01 3.939688715953307274e-01 4.231517509727626414e-01 4.348249027237354181e-01 4.416342412451361721e-01 4.435797665369649589e-01
5.832944470368642276e-02 2.370508632757816203e-01 4.778348110125991699e-01 6.462902473168455897e-01 7.125524965002333344e-01 7.242183854409706134e-01 7.270181987867475604e-01 7.288847410172655250e-01 7.307512832477834896e-01 7.321511899206719631e-01
1.196172248803827748e-02 7.177033492822966487e-02 1.698564593301435388e-01 2.834928229665071853e-01 3.253588516746411252e-01 3.803827751196172113e-01 4.043062200956937802e-01 4.162679425837320646e-01 4.246411483253588748e-01 4.258373205741626810e-01
2.854209445585215721e-01 6.160164271047228191e-01 7.318275154004106886e-01 7.519507186858316317e-01 7.572895277207392084e-01 7.634496919917864721e-01 7.642710472279260481e-01 7.671457905544147859e-01 7.691991786447638368e-01 7.708418891170430998e-01
7.808564231738035488e-02 2.938706968933669228e-01 4.886649874055415399e-01 6.162888329135181031e-01 6.759026028547439058e-01 7.136859781696053284e-01 7.388748950461796472e-01 7.472712006717044941e-01 7.514693534844668621e-01 7.581863979848866286e-01
1.854140914709517807e-02 8.529048207663782188e-02 2.039555006180469587e-01 3.090234857849196715e-01 3.733003708281829591e-01 4.202719406674907399e-01 4.499381953028430137e-01 4.734239802224969318e-01 4.882571075401730409e-01 4.944375772558714521e-01
2.064220183486238647e-02 5.963302752293578313e-02 1.261467889908256812e-01 1.766055045871559592e-01 1.995412844036697220e-01 2.155963302752293698e-01 2.385321100917431325e-01 2.500000000000000000e-01 2.614678899082568675e-01 2.683486238532110102e-01
2.240325865580447898e-02 1.130346232179226112e-01 2.963340122199592530e-01 4.796334012219959364e-01 5.661914460285132344e-01 6.038696537678207577e-01 6.272912423625254252e-01 6.415478615071282809e-01 6.507128309572300928e-01 6.568228105906314118e-01
6.601248884924175442e-02 2.363960749330954458e-01 4.148082069580731335e-01 5.477252453166815416e-01 6.173059768064228514e-01 6.538804638715433049e-01 6.770740410347904081e-01 6.868867082961641612e-01 6.922390722569135013e-01 6.958073148974129873e-01
1.376701966717095438e-01 4.871406959152798644e-01 6.323751891074129716e-01 6.944024205748865475e-01 7.080181543116490506e-01 7.125567322239031443e-01 7.201210287443268188e-01 7.246596066565809124e-01 7.261724659606656473e-01 7.276853252647503822e-01
1.642969984202211631e-01 4.865718799368088376e-01 6.082148499210110471e-01 6.461295418641390675e-01 6.571879936808846523e-01 6.682464454976303481e-01 6.777251184834123254e-01 6.777251184834123254e-01 6.793048973143759328e-01 6.872037914691943028e-01
1.010101010101010083e-01 3.591470258136924554e-01 5.847362514029180725e-01 7.138047138047137752e-01 7.452300785634119462e-01 7.620650953984287046e-01 7.721661054994388707e-01 7.766554433221100062e-01 7.789001122334455740e-01 7.811447811447811418e-01
1.323251417769376048e-01 3.809073724007561168e-01 6.096408317580340741e-01 7.041587901701322760e-01 7.419659735349716234e-01 7.561436672967863926e-01 7.637051039697542176e-01 7.759924385633270028e-01 7.778827977315689868e-01 7.797731568998109708e-01
6.646525679758308325e-02 1.389728096676737246e-01 2.084592145015105868e-01 2.779456193353474491e-01 3.021148036253776259e-01 3.202416918429003001e-01 3.232628398791540514e-01 3.293051359516616095e-01 3.293051359516616095e-01 3.293051359516616095e-01
4.095453079651725087e-02 2.005804579168010415e-01 4.363108674621090088e-01 6.291518864882296169e-01 7.046114156723637389e-01 7.391164140599806309e-01 7.571751048049016886e-01 7.623347307320219590e-01 7.671718800386971848e-01 7.700741696227023647e-01
5.371393492940454428e-02 2.372621240024554989e-01 4.373848987108655550e-01 5.994475138121546642e-01 6.715776550030693182e-01 7.173112338858195214e-01 7.443216697360344192e-01 7.535297728667894601e-01 7.627378759975445011e-01 7.691835481890730852e-01
1.428571428571428492e-01 4.402207234825260551e-01 6.354996934396075492e-01 7.198038013488656794e-01 7.443286327406498648e-01 7.562844880441447204e-01 7.599632127529123427e-01 7.633353770692826723e-01 7.676272225628448798e-01 7.722256284488043798e-01
4.720692368214005064e-02 2.128245476003147174e-01 4.260424862313139105e-01 5.786782061369001307e-01 6.317859952793076772e-01 6.573564122738001503e-01 6.667977970102281216e-01 6.711250983477576870e-01 6.750590086546026658e-01 6.770259638080251552e-01
5.669902912621359314e-02 1.996116504854368867e-01 3.972815533980582625e-01 5.425242718446602330e-01 5.883495145631068013e-01 6.081553398058252569e-01 6.174757281553397981e-01 6.209708737864078065e-01 6.236893203883495662e-01 6.244660194174757040e-01
2.203423566878980888e-01 4.578025477707006186e-01 5.374203821656050595e-01 5.501592356687897700e-01 5.541401273885350198e-01 5.565286624203821253e-01 5.587181528662420460e-01 5.603105095541400793e-01 5.617038216560509278e-01 5.632961783439490722e-01
2.124471086036671397e-01 4.619181946403385086e-01 5.853314527503525877e-01 6.232369534555711743e-01 6.302891396332863660e-01 6.343441466854724542e-01 6.357545839210154703e-01 6.366361071932299387e-01 6.380465444287729548e-01 6.391043723554301614e-01
2.964273677114930838e-01 5.316818335018537178e-01 6.105493764745534291e-01 6.213346814964610942e-01 6.235254465790360801e-01 6.253791708796764270e-01 6.260532524435457047e-01 6.274014155712841490e-01 6.292551398719244959e-01 6.306033029996629402e-01
7.203487038311538748e-02 2.264280798348244916e-01 3.528332186281257221e-01 4.285386556549667381e-01 4.629502179398944928e-01 4.796971782518926197e-01 4.858912594631796256e-01 4.891030052764395730e-01 4.909382885983023526e-01 4.923147510896994650e-01
6.870910172516359049e-02 1.704342653182629452e-01 2.400356930398572231e-01 2.885187388459250490e-01 3.224271267102915006e-01 3.610945865556216550e-01 3.926234384295062552e-01 4.063057703747769422e-01 4.098750743604996916e-01 4.128494943486020197e-01
2.713101160862355088e-01 5.837479270315091284e-01 6.918739635157545864e-01 7.111111111111111382e-01 7.177446102819237117e-01 7.227197346600331418e-01 7.250414593698175647e-01 7.273631840796019876e-01 7.286898839137645467e-01 7.290215588723051310e-01
2.288918205804749417e-01 5.728891820580475081e-01 7.061345646437994228e-01 7.312005277044855145e-01 7.391160949868074148e-01 7.420844327176780997e-01 7.437335092348285048e-01 7.443931398416886447e-01 7.460422163588390498e-01 7.470316622691293151e-01
1.728871728871728963e-01 4.650364650364650632e-01 6.057486057486057840e-01 6.430716430716431065e-01 6.567996567996567947e-01 6.619476619476619694e-01 6.640926640926640978e-01 6.670956670956671442e-01 6.679536679536679511e-01 6.688116688116687580e-01
2.160645387583303989e-01 5.222728867064188041e-01 6.481936162749912800e-01 6.748509294984216256e-01 6.836197825324447086e-01 6.888810943528586028e-01 6.902841108383023228e-01 6.913363732023851682e-01 6.927393896878287771e-01 6.937916520519116226e-01
1.584832280019445871e-01 4.049586776859503967e-01 5.439961108410306112e-01 5.848322800194457605e-01 5.964997569275644063e-01 6.042780748663101331e-01 6.076810889645114511e-01 6.101118133203694560e-01 6.115702479338842590e-01 6.115702479338842590e-01
1.660899653979238666e-01 4.671280276816608956e-01 6.366782006920415071e-01 7.024221453287197159e-01 7.093425605536332057e-01 7.404844290657439654e-01 7.508650519031141446e-01 7.543252595155709450e-01 7.543252595155709450e-01 7.577854671280276344e-01
1.276595744680850963e-01 3.617021276595744905e-01 5.489361702127659726e-01 6.595744680851063357e-01 6.851063829787233939e-01 6.936170212765957466e-01 7.063829787234042756e-01 7.148936170212766283e-01 7.148936170212766283e-01 7.148936170212766283e-01
1.327014218009478774e-01 3.649289099526066282e-01 5.402843601895734871e-01 6.208530805687203502e-01 6.445497630331753491e-01 6.540284360189573265e-01 6.635071090047393039e-01 6.682464454976303481e-01 6.682464454976303481e-01 6.682464454976303481e-01
8.522727272727272096e-02 2.272727272727272652e-01 3.522727272727272929e-01 4.886363636363636465e-01 5.227272727272727071e-01 5.397727272727272929e-01 5.511363636363636465e-01 5.568181818181817677e-01 5.625000000000000000e-01 5.681818181818182323e-01
1.258503401360544227e-01 4.727891156462585287e-01 6.904761904761904656e-01 7.551020408163264808e-01 7.993197278911564618e-01 8.027210884353741527e-01 8.129251700680272252e-01 8.265306122448979886e-01 8.333333333333333703e-01 8.367346938775510612e-01
4.718566227947353919e-01 7.804536544385326513e-01 8.546625595071408732e-01 8.658639036684402379e-01 8.689442733127975549e-01 8.714645757490898648e-01 8.748249789974796853e-01 8.770652478297396026e-01 8.790254830579669054e-01 8.815457854942593263e-01
6.210658833403272933e-02 2.278640369282417255e-01 4.208980276961812872e-01 5.820394460763743671e-01 6.806546370121695499e-01 7.192614351657574678e-01 7.444397817876625689e-01 7.574485942089802526e-01 7.666806546370121822e-01 7.796894670583298659e-01
2.481751824817518201e-02 1.479318734793187429e-01 3.552311435523114458e-01 5.484184914841848668e-01 6.374695863746958624e-01 6.934306569343066107e-01 7.138686131386861033e-01 7.289537712895377553e-01 7.435523114355231389e-01 7.503649635036496734e-01
2.066532258064516028e-02 1.355846774193548432e-01 3.422379032258064391e-01 4.954637096774193727e-01 5.665322580645161255e-01 6.290322580645161255e-01 6.602822580645161255e-01 6.864919354838709964e-01 7.061491935483871218e-01 7.116935483870967527e-01
1.923076923076923184e-02 1.089743589743589758e-01 2.556980056980057148e-01 3.995726495726495964e-01 5.000000000000000000e-01 5.534188034188034511e-01 5.883190883190883014e-01 6.146723646723646350e-01 6.353276353276353650e-01 6.460113960113960108e-01
4.872320596458527553e-01 6.825722273998136025e-01 7.183597390493942081e-01 7.221808014911462736e-01 7.232059645852749741e-01 7.242311276794035635e-01 7.250698974836905508e-01 7.256290773532152460e-01 7.261882572227399413e-01 7.263746505125815434e-01
2.899561063774851455e-01 5.126516911954557276e-01 5.742318616059901570e-01 5.845597727859540571e-01 5.870126516911954306e-01 5.886909372579395283e-01 5.897237283759360071e-01 5.901110250451846451e-01 5.903692228246837370e-01 5.911438161631810129e-01
9.148329258353708748e-02 2.231051344743276155e-01 3.033822330888345520e-01 3.345558272208639106e-01 3.453545232273838583e-01 3.504482477587612110e-01 3.530969845150774278e-01 3.543194784026079680e-01 3.555419722901385637e-01 3.563569682151589424e-01
3.555128513091520420e-02 1.078549123228440959e-01 1.700696613019457015e-01 2.106653855392745522e-01 2.289214508767715706e-01 2.366082152294018692e-01 2.390103290895988497e-01 2.404515974057170324e-01 2.409320201777564174e-01 2.423732884938746002e-01
1.262315270935960611e-02 5.511083743842364741e-02 1.059113300492610793e-01 1.524014778325123165e-01 1.702586206896551657e-01 1.758004926108374388e-01 1.767241379310344751e-01 1.794950738916256117e-01 1.801108374384236543e-01 1.807266009852216693e-01
9.928891229918355987e-02 3.758230181722412300e-01 6.133789834079536041e-01 6.976560442454569078e-01 7.145114564129575463e-01 7.210956017908874971e-01 7.218856992362391312e-01 7.226757966815907652e-01 7.239926257571767110e-01 7.253094548327626567e-01
2.920284135753748941e-02 1.057616416732438808e-01 1.838989739542225832e-01 2.059984214680347370e-01 2.146803472770323629e-01 2.178374112075769642e-01 2.202052091554853874e-01 2.257300710339384398e-01 2.280978689818468907e-01 2.280978689818468907e-01
1.620591039084842699e-02 6.768350810295518938e-02 1.048617731172545309e-01 1.258341277407054315e-01 1.429933269780743477e-01 1.515729265967588058e-01 1.534795042897998119e-01 1.544327931363203010e-01 1.553860819828407902e-01 1.553860819828407902e-01
1.836547291092745574e-02 4.866850321395775614e-02 9.550045913682277121e-02 1.230486685032139565e-01 1.303948576675849347e-01 1.368227731864095631e-01 1.414141414141414088e-01 1.414141414141414088e-01 1.423324150596878002e-01 1.441689623507805273e-01
2.095557418273260794e-02 7.124895222129086492e-02 1.190276613579212134e-01 1.500419111483654588e-01 1.609388097233864223e-01 1.718357082984073858e-01 1.743503772003352770e-01 1.760268231349539081e-01 1.768650461022631959e-01 1.768650461022631959e-01
1.170871013802951000e-01 3.988576868158020261e-01 5.149928605425987405e-01 5.335554497858162604e-01 5.402189433603046265e-01 5.440266539742979468e-01 5.483103284150404599e-01 5.497382198952879273e-01 5.525940028557829731e-01 5.540218943360304404e-01
1.146304675716440374e-01 3.589743589743589758e-01 4.635495223730518033e-01 4.886877828054298489e-01 4.962292609351433015e-01 5.032679738562091387e-01 5.047762694821518181e-01 5.077928607340371769e-01 5.093011563599798563e-01 5.098039215686274161e-01
9.600925390399074610e-02 2.562174667437825404e-01 3.695777906304222316e-01 3.990746096009253896e-01 4.089068825910930904e-01 4.170040485829959453e-01 4.262579525737420494e-01 4.297281665702718523e-01 4.326200115673800028e-01 4.355118565644881534e-01
2.513089005235602177e-02 7.015706806282721864e-02 1.329842931937172679e-01 1.801047120418848291e-01 2.010471204188481742e-01 2.073298429319371805e-01 2.094240837696335067e-01 2.104712041884816698e-01 2.146596858638743499e-01 2.167539267015706761e-01
1.030150753768844241e-01 2.713567839195979992e-01 3.486180904522613311e-01 3.743718592964824232e-01 3.837939698492462415e-01 3.875628140703517577e-01 3.907035175879396971e-01 3.907035175879396971e-01 3.938442211055276365e-01 3.957286432160804224e-01
4.358727097396335459e-01 6.914175506268080973e-01 7.463837994214078675e-01 7.569913211186113378e-01 7.647058823529411242e-01 7.704918032786884918e-01 7.724204435872710217e-01 7.762777242044358594e-01 7.791706846673095432e-01 7.839922854387656459e-01
2.460606060606060630e-01 5.454545454545454142e-01 6.630303030303030809e-01 6.921212121212121371e-01 7.018181818181817855e-01 7.090909090909091050e-01 7.127272727272727648e-01 7.163636363636363136e-01 7.224242424242424132e-01 7.260606060606060730e-01
3.415492957746478764e-01 6.455399061032863761e-01 7.312206572769952562e-01 7.476525821596243793e-01 7.605633802816901268e-01 7.723004694835681194e-01 7.781690140845070047e-01 7.828638497652582462e-01 7.840375586854460010e-01 7.840375586854460010e-01
2.010489510489510412e-01 5.104895104895105229e-01 6.433566433566433318e-01 6.765734265734265618e-01 6.905594405594405183e-01 6.975524475524476076e-01 7.062937062937062471e-01 7.150349650349649977e-01 7.167832167832167700e-01 7.237762237762237483e-01
3.806228373702422174e-02 1.245674740484428999e-01 1.557093425605536319e-01 1.868512110726643638e-01 2.041522491349480883e-01 2.076124567474048332e-01 2.179930795847750957e-01 2.179930795847750957e-01 2.249134948096885855e-01 2.318339100346020754e-01
1.514084507042253447e-01 4.014084507042253724e-01 5.211267605633802535e-01 5.809859154929577496e-01 6.126760563380281299e-01 6.690140845070422504e-01 6.901408450704225039e-01 6.971830985915492551e-01 7.042253521126760063e-01 7.147887323943662441e-01
0.000000000000000000e+00 1.886792452830188607e-02 4.716981132075472039e-02 6.603773584905660299e-02 1.037735849056603821e-01 1.132075471698113234e-01 1.226415094339622647e-01 1.320754716981132060e-01 1.320754716981132060e-01 1.320754716981132060e-01
0.000000000000000000e+00 1.388888888888888812e-02 2.777777777777777624e-02 4.166666666666666435e-02 4.166666666666666435e-02 4.166666666666666435e-02 4.166666666666666435e-02 4.166666666666666435e-02 4.166666666666666435e-02 6.944444444444444753e-02
1.587301587301587213e-02 4.761904761904761640e-02 4.761904761904761640e-02 4.761904761904761640e-02 4.761904761904761640e-02 7.936507936507936067e-02 7.936507936507936067e-02 7.936507936507936067e-02 7.936507936507936067e-02 7.936507936507936067e-02
0.000000000000000000e+00 0.000000000000000000e+00 0.000000000000000000e+00 0.000000000000000000e+00 0.000000000000000000e+00 0.000000000000000000e+00 0.000000000000000000e+00 0.000000000000000000e+00 0.000000000000000000e+00 0.000000000000000000e+00
3.971845148315736318e-01 6.621417797888385914e-01 7.526395173453996890e-01 7.717445952740070725e-01 7.757667169431875509e-01 7.797888386123680293e-01 7.812971342383107087e-01 7.823026646556058283e-01 7.843137254901960675e-01 7.853192559074911872e-01
1.606060606060606133e-01 3.462121212121211933e-01 4.666666666666666741e-01 5.272727272727272263e-01 5.431818181818182101e-01 5.583333333333333481e-01 5.681818181818182323e-01 5.734848484848484862e-01 5.757575757575758013e-01 5.765151515151515360e-01
8.484848484848485362e-02 2.496969696969696950e-01 3.357575757575757547e-01 3.890909090909090984e-01 4.193939393939393745e-01 4.400000000000000022e-01 4.436363636363636620e-01 4.557575757575757502e-01 4.642424242424242342e-01 4.666666666666666741e-01
3.787878787878787984e-02 8.636363636363636465e-02 1.363636363636363535e-01 1.818181818181818232e-01 2.181818181818181712e-01 2.333333333333333370e-01 2.439393939393939281e-01 2.500000000000000000e-01 2.530303030303030498e-01 2.560606060606060441e-01
6.276150627615062656e-03 1.464435146443514649e-02 2.928870292887029297e-02 4.184100418410041655e-02 5.648535564853556651e-02 6.694560669456066371e-02 8.158995815899582060e-02 8.577405857740585948e-02 9.205020920502092474e-02 9.623430962343096362e-02
3.242804085422469895e-01 6.812906220984215055e-01 7.780872794800370862e-01 7.841225626740947474e-01 7.873723305478179668e-01 7.892293407613741874e-01 7.896935933147631870e-01 7.913184772516248522e-01 7.929433611884865174e-01 7.938718662952646277e-01
1.567810195575504995e-01 4.716255210003206244e-01 6.367425456877203738e-01 6.806668804103879200e-01 6.867585764668162618e-01 6.922090413594100822e-01 6.944533504328310736e-01 6.973388906700865864e-01 6.986213529977557402e-01 6.995831997435075778e-01
8.992628992628992624e-02 2.845208845208845316e-01 4.176904176904177035e-01 4.850122850122849938e-01 5.012285012285012664e-01 5.036855036855036882e-01 5.066339066339066166e-01 5.085995085995086429e-01 5.115479115479115713e-01 5.115479115479115713e-01
2.118689581095596075e-01 5.622986036519871389e-01 7.132116004296454870e-01 7.419441460794844456e-01 7.478517722878624818e-01 7.516111707841031109e-01 7.537593984962406291e-01 7.551020408163264808e-01 7.572502685284639989e-01 7.583243823845328135e-01
1.179727427597955652e-01 3.517887563884156688e-01 5.114991482112436483e-01 5.651618398637138219e-01 5.745315161839863460e-01 5.783645655877341918e-01 5.834752981260646898e-01 5.851788756388415225e-01 5.860306643952299943e-01 5.873083475298126466e-01
2.122015915119363494e-01 5.543766578249337273e-01 7.546419098143235527e-01 8.302387267904509649e-01 8.408488063660477518e-01 8.408488063660477518e-01 8.435013262599470041e-01 8.448275862068965747e-01 8.461538461538461453e-01 8.474801061007957159e-01
8.498583569405099292e-02 3.286118980169971948e-01 5.198300283286119150e-01 6.487252124645892515e-01 7.110481586402266352e-01 7.492917847025495348e-01 7.507082152974504652e-01 7.549575070821529232e-01 7.563739376770538536e-01 7.563739376770538536e-01
3.968095712861415825e-01 7.377866400797606916e-01 8.534396809571286324e-01 8.723828514456629657e-01 8.763708873379860709e-01 8.783649052841475680e-01 8.803589232303090650e-01 8.803589232303090650e-01 8.813559322033898136e-01 8.823529411764705621e-01
1.699846860643185187e-01 4.486983154670750595e-01 6.186830015313935505e-01 6.875957120980091819e-01 7.320061255742725814e-01 7.641653905053599205e-01 7.702909647779478952e-01 7.748851454823889595e-01 7.794793261868300238e-01 7.886676875957121524e-01
1.074380165289256228e-01 2.991735537190082783e-01 4.462809917355372025e-01 5.454545454545454142e-01 6.231404958677685402e-01 6.909090909090909172e-01 7.107438016528925262e-01 7.190082644628099651e-01 7.239669421487603396e-01 7.239669421487603396e-01
1.980482204362801479e-01 4.741676234213547669e-01 6.027554535017221049e-01 6.331802525832376238e-01 6.440872560275545666e-01 6.498277841561423962e-01 6.515499425947187673e-01 6.561423650975889421e-01 6.578645235361653132e-01 6.618828932261767717e-01
1.118110236220472425e-01 2.984251968503937036e-01 4.055118110236220486e-01 4.803149606299212393e-01 5.000000000000000000e-01 5.070866141732283117e-01 5.125984251968503935e-01 5.157480314960629642e-01 5.212598425196850460e-01 5.251968503937007871e-01
1.030567685589519611e-01 3.484716157205240417e-01 5.624454148471615955e-01 6.445414847161572425e-01 6.620087336244541154e-01 6.681222707423580820e-01 6.716157205240174122e-01 6.724890829694323280e-01 6.751091703056768534e-01 6.768558951965065740e-01
3.806228373702422174e-02 1.539792387543252594e-01 2.612456747404844348e-01 3.252595155709342434e-01 3.442906574394463681e-01 3.546712802768166028e-01 3.615916955017300927e-01 3.667820069204152378e-01 3.667820069204152378e-01 3.685121107266435825e-01
8.421052631578947179e-03 2.736842105263158006e-02 5.052631578947368307e-02 7.578947368421053155e-02 9.263157894736842590e-02 1.073684210526315852e-01 1.094736842105263203e-01 1.136842105263157904e-01 1.178947368421052605e-01 1.178947368421052605e-01
2.056866303690259995e-02 9.558378705384150409e-02 2.032667876588021838e-01 3.206291591046582234e-01 4.047186932849364815e-01 4.609800362976406718e-01 4.833635813672111370e-01 4.912280701754385692e-01 4.954627949183302849e-01 4.990925589836660570e-01
1.351351351351351426e-02 5.246422893481716976e-02 1.033386327503974522e-01 1.629570747217806148e-01 1.979332273449920521e-01 2.201907790143084187e-01 2.400635930047694822e-01 2.567567567567567433e-01 2.702702702702702853e-01 2.734499205087440599e-01
1.432654519471239785e-01 4.544480171489817533e-01 6.584494462307967089e-01 7.302608074312254560e-01 7.434798142193640436e-01 7.466952483029652976e-01 7.484816005716327103e-01 7.502679528403001230e-01 7.516970346552339644e-01 7.527688460164344564e-01
5.449936628643853309e-02 2.040557667934093655e-01 4.072665821715251155e-01 5.699197296155471548e-01 6.311787072243345564e-01 6.434305027460921478e-01 6.480777355302069775e-01 6.527249683143219183e-01 6.548373468525560126e-01 6.556822982678496281e-01
3.780718336483932050e-03 2.079395085066162649e-02 6.899810964083176457e-02 1.077504725897920623e-01 1.427221172022684337e-01 1.814744801512287453e-01 1.984877126654064350e-01 2.032136105860113395e-01 2.051039697542532958e-01 2.088846880907372361e-01
3.325339728217426294e-01 6.790567545963229756e-01 8.029576338928856583e-01 8.369304556354916214e-01 8.469224620303756890e-01 8.541167066346921910e-01 8.577138289368505530e-01 8.609112709832134058e-01 8.637090327737809714e-01 8.653077537969624533e-01
2.304216867469879582e-01 5.128012048192771566e-01 6.588855421686746761e-01 7.206325301204818956e-01 7.454819277108434283e-01 7.552710843373493521e-01 7.590361445783132543e-01 7.673192771084337283e-01 7.733433734939758608e-01 7.763554216867469826e-01
3.108901943063714368e-01 6.294622684139177249e-01 7.614098508811567578e-01 8.065973791233619350e-01 8.197017623136014786e-01 8.273836421147763298e-01 8.291911432444645236e-01 8.337098960686850635e-01 8.382286488929056034e-01 8.413917758698599147e-01
2.949886104783598917e-01 6.190205011389521284e-01 7.579726651480638289e-01 7.989749430523918061e-01 8.171981776765375738e-01 8.263097949886104576e-01 8.291571753986332061e-01 8.320045558086560655e-01 8.348519362186788140e-01 8.354214123006833415e-01
2.660977501939488232e-01 5.508145849495733604e-01 6.850271528316524972e-01 7.354538401861908659e-01 7.571761055081458469e-01 7.688130333591931542e-01 7.788983708301008280e-01 7.796741660201707003e-01 7.835531419705197287e-01 7.858805275407292346e-01
3.841642228739002851e-01 6.700879765395894028e-01 7.521994134897360684e-01 7.771260997067448439e-01 7.859237536656891177e-01 7.917888563049853001e-01 7.947214076246333914e-01 8.005865102639295738e-01 8.035190615835776651e-01 8.035190615835776651e-01
2.253922967189729010e-01 5.135520684736091246e-01 6.747503566333808989e-01 7.318116975748930608e-01 7.503566333808844302e-01 7.617689015691868626e-01 7.731811697574892950e-01 7.760342368045649586e-01 7.774607703281026794e-01 7.803138373751783430e-01
1.656686626746506907e-01 4.231536926147704825e-01 5.788423153692614509e-01 6.307385229540918292e-01 6.726546906187624852e-01 6.846307385229540854e-01 6.906187624750499410e-01 6.966067864271456855e-01 7.025948103792415411e-01 7.045908183632734190e-01
2.151898734177215278e-01 4.578059071729957963e-01 5.548523206751054815e-01 6.075949367088607778e-01 6.244725738396624815e-01 6.286919831223628519e-01 6.286919831223628519e-01 6.350210970464135185e-01 6.350210970464135185e-01 6.350210970464135185e-01
1.017441860465116282e-01 2.587209302325581550e-01 3.866279069767442067e-01 4.563953488372092804e-01 4.796511627906976938e-01 5.000000000000000000e-01 5.000000000000000000e-01 5.087209302325581550e-01 5.087209302325581550e-01 5.116279069767442067e-01
1.422466422466422409e-01 4.023199023199023339e-01 5.934065934065934078e-01 6.758241758241758657e-01 7.026862026862026323e-01 7.100122100122100433e-01 7.155067155067155182e-01 7.173382173382173432e-01 7.191697191697191682e-01 7.197802197802197766e-01
1.031991744066047406e-01 4.071207430340557099e-01 6.465428276573786937e-01 7.476780185758513664e-01 7.884416924664602311e-01 7.961816305469556765e-01 8.003095975232198400e-01 8.013415892672858254e-01 8.034055727554179072e-01 8.049535603715169962e-01
1.514406184118060328e-01 5.077301475755445770e-01 7.565003513703443261e-01 8.408292340126493070e-01 8.538299367533380702e-01 8.562895291637385720e-01 8.583977512297962242e-01 8.615600843288826471e-01 8.640196767392832600e-01 8.671820098383696829e-01
8.771929824561403022e-02 2.673684210526315885e-01 4.435087719298245745e-01 5.663157894736842168e-01 6.049122807017544012e-01 6.203508771929824306e-01 6.231578947368421328e-01 6.273684210526315752e-01 6.315789473684210176e-01 6.371929824561403111e-01
9.198423127463863092e-03 3.285151116951379874e-02 9.329829172141917981e-02 1.668856767411300845e-01 2.220762155059132770e-01 2.614980289093298271e-01 3.114323258869908240e-01 3.311432325886990991e-01 3.495400788436268114e-01 3.561103810775295697e-01
4.278074866310160318e-01 7.410873440285205005e-01 8.132798573975044132e-01 8.221925133689839127e-01 8.297682709447414817e-01 8.324420677361853427e-01 8.342245989304812870e-01 8.364527629233511341e-01 8.377896613190730646e-01 8.386809269162209812e-01
1.729879740980573566e-01 4.079555966697502312e-01 5.698427382053653512e-01 6.253469010175762843e-01 6.419981498612395976e-01 6.484736355226642379e-01 6.493987049028676628e-01 6.540240518038853423e-01 6.577243293246993749e-01 6.586493987049029109e-01
0.000000000000000000e+00 6.211180124223602064e-03 1.863354037267080793e-02 3.519668737060041575e-02 3.726708074534161586e-02 3.933747412008281596e-02 4.554865424430641629e-02 4.968944099378881651e-02 5.797101449275362389e-02 6.211180124223602411e-02
5.867346938775510473e-02 1.428571428571428492e-01 2.474489795918367319e-01 2.869897959183673741e-01 3.086734693877550839e-01 3.201530612244897767e-01 3.290816326530612290e-01 3.367346938775510057e-01 3.392857142857143016e-01 3.418367346938775420e-01
1.313868613138686157e-02 2.335766423357664087e-02 3.649635036496350071e-02 4.379562043795620641e-02 5.693430656934306278e-02 6.569343065693430961e-02 7.007299270072993302e-02 7.007299270072993302e-02 7.299270072992700142e-02 7.299270072992700142e-02
1.851761846901579522e-01 5.176184690157958901e-01 7.156743620899149727e-01 7.980558930741190604e-01 8.177399756986634127e-01 8.272174969623329321e-01 8.308626974483596106e-01 8.320777642770352811e-01 8.335358444714459081e-01 8.342648845686512216e-01
4.326923076923076816e-02 1.923076923076923184e-01 3.640734265734265618e-01 5.030594405594405183e-01 5.751748251748252105e-01 6.131993006993007311e-01 6.289335664335664600e-01 6.363636363636363535e-01 6.416083916083915595e-01 6.455419580419580194e-01
1.426854911384800306e-01 4.202463202162811662e-01 6.203063983178132013e-01 7.038149594472814519e-01 7.350555722439170436e-01 7.500750976269150438e-01 7.566836887954340174e-01 7.590868128567137552e-01 7.602883748873535685e-01 7.629918894562931486e-01
3.608529250956807322e-02 1.519956260251503488e-01 2.936030617823947586e-01 4.182613449972662489e-01 4.855112083105522225e-01 5.314379442318206692e-01 5.631492618917440796e-01 5.757244395844723917e-01 5.844723892837616619e-01 5.921268452706397456e-01
1.265822784810126563e-02 3.912543153049482386e-02 9.321058688147296212e-02 1.311852704257767677e-01 1.588032220943613460e-01 1.887226697353279747e-01 2.163406214039125530e-01 2.359033371691599545e-01 2.451093210586881566e-01 2.543153049482163586e-01
2.547169811320754707e-01 5.424528301886792914e-01 6.863207547169811740e-01 7.287735849056603543e-01 7.570754716981131782e-01 7.688679245283018826e-01 7.783018867924528239e-01 7.806603773584905870e-01 7.853773584905660021e-01 7.900943396226415283e-01
9.808612440191387394e-02 3.253588516746411252e-01 5.215311004784688453e-01 6.196172248803827332e-01 6.555023923444975864e-01 6.818181818181817677e-01 6.937799043062200521e-01 7.033492822966507241e-01 7.057416267942583366e-01 7.153110047846890085e-01
2.439024390243902524e-02 8.536585365853659180e-02 1.585365853658536606e-01 2.560975609756097615e-01 3.252032520325203180e-01 3.861788617886178776e-01 4.308943089430894435e-01 4.471544715447154372e-01 4.715447154471544833e-01 5.000000000000000000e-01
9.844559585492228260e-02 2.849740932642487179e-01 4.248704663212435340e-01 5.051813471502590858e-01 5.336787564766839465e-01 5.595854922279792643e-01 5.673575129533678929e-01 5.673575129533678929e-01 5.751295336787565216e-01 5.803108808290154963e-01
2.020202020202020374e-02 1.010101010101010083e-01 1.851851851851851749e-01 3.164983164983165009e-01 3.872053872053872192e-01 4.444444444444444198e-01 4.848484848484848619e-01 4.983164983164983242e-01 5.117845117845117864e-01 5.151515151515151381e-01
