2.347362181387077640e-01 6.206283343212803949e-01 7.866034380557201944e-01 8.233550681683461381e-01 8.328393598103142059e-01 8.429164196799051600e-01 8.488441019561351331e-01 8.535862477771191115e-01 8.565500889152340980e-01 8.601066982809721928e-01
2.267441860465116144e-01 5.476744186046511587e-01 7.511627906976744429e-01 8.279069767441860073e-01 8.372093023255814392e-01 8.465116279069767602e-01 8.511627906976744207e-01 8.558139534883720811e-01 8.593023255813952987e-01 8.639534883720930702e-01
6.875000000000000555e-02 2.000000000000000111e-01 2.812500000000000000e-01 3.750000000000000000e-01 4.124999999999999778e-01 4.375000000000000000e-01 4.500000000000000111e-01 4.562499999999999889e-01 4.562499999999999889e-01 4.562499999999999889e-01
1.181434599156118148e-01 3.628691983122362963e-01 6.090014064697608642e-01 6.947960618846694691e-01 7.482419127988748642e-01 7.834036568213783580e-01 7.960618846694795803e-01 8.030942334739803457e-01 8.045007032348804321e-01 8.045007032348804321e-01
2.521008403361344602e-02 1.008403361344537841e-01 2.016806722689075682e-01 3.277310924369747913e-01 3.697478991596638842e-01 3.781512605042016695e-01 4.117647058823529216e-01 4.117647058823529216e-01 4.117647058823529216e-01 4.201680672268907624e-01
1.865079365079365115e-01 5.555555555555555802e-01 7.976190476190476719e-01 8.373015873015873245e-01 8.492063492063491870e-01 8.690476190476190688e-01 8.769841269841269771e-01 8.809523809523809312e-01 8.888888888888888395e-01 8.968253968253968589e-01
1.195652173913043514e-01 5.760869565217391353e-01 8.804347826086956763e-01 9.021739130434782705e-01 9.021739130434782705e-01 9.130434782608695121e-01 9.130434782608695121e-01 9.239130434782608647e-01 9.239130434782608647e-01 9.239130434782608647e-01
7.317073170731706877e-02 2.682926829268292845e-01 4.390243902439024404e-01 5.609756097560976151e-01 6.097560975609755962e-01 6.097560975609755962e-01 6.585365853658536883e-01 6.585365853658536883e-01 6.829268292682927344e-01 6.829268292682927344e-01
6.504065040650407192e-02 4.227642276422764467e-01 6.178861788617886486e-01 7.479674796747967092e-01 7.560975609756097615e-01 7.560975609756097615e-01 7.642276422764228139e-01 7.642276422764228139e-01 7.642276422764228139e-01 7.723577235772357552e-01
4.166666666666666435e-02 5.000000000000000000e-01 7.083333333333333703e-01 8.750000000000000000e-01 9.166666666666666297e-01 9.166666666666666297e-01 9.166666666666666297e-01 9.166666666666666297e-01 9.166666666666666297e-01 9.166666666666666297e-01
4.335279972518035208e-01 7.487117828924768625e-01 8.344211611130195605e-01 8.538302988663689641e-01 8.588114050154586065e-01 8.646513225695636740e-01 8.670559945036070415e-01 8.708347646856750002e-01 8.737547234627275339e-01 8.775334936447956036e-01
2.111071555713777137e-01 5.920256318974723708e-01 7.949448202207191061e-01 8.426486294054823523e-01 8.515485938056247539e-01 8.551085795656817590e-01 8.583125667497329969e-01 8.608045567817729227e-01 8.629405482378070813e-01 8.647205411178355838e-01
1.425891181988742928e-01 4.202626641651032169e-01 5.975609756097560732e-01 6.622889305816135330e-01 6.838649155722326123e-01 6.969981238273921242e-01 7.016885553470919579e-01 7.054409005628518026e-01 7.101313320825516362e-01 7.120075046904315030e-01
1.188679245283018882e-01 3.698113207547169545e-01 5.226415094339622591e-01 5.867924528301886600e-01 6.056603773584905426e-01 6.132075471698112956e-01 6.188679245283018604e-01 6.283018867924528017e-01 6.301886792452829900e-01 6.339622641509433665e-01
1.572815533980582436e-01 4.466019417475728392e-01 5.941747572815534451e-01 6.291262135922329746e-01 6.427184466019417730e-01 6.427184466019417730e-01 6.466019417475727948e-01 6.466019417475727948e-01 6.485436893203883058e-01 6.485436893203883058e-01
1.459227467811158863e-01 4.506437768240343367e-01 4.978540772532188963e-01 5.064377682403433667e-01 5.064377682403433667e-01 5.064377682403433667e-01 5.064377682403433667e-01 5.064377682403433667e-01 5.064377682403433667e-01 5.064377682403433667e-01
5.882352941176470507e-02 2.058823529411764608e-01 2.647058823529411797e-01 2.882352941176470340e-01 2.882352941176470340e-01 2.999999999999999889e-01 3.058823529411764941e-01 3.058823529411764941e-01 3.117647058823529438e-01 3.117647058823529438e-01
2.261580381471389734e-01 4.087193460490463059e-01 5.000000000000000000e-01 5.258855585831062607e-01 5.286103542234332764e-01 5.286103542234332764e-01 5.299727520435967287e-01 5.299727520435967287e-01 5.299727520435967287e-01 5.299727520435967287e-01
0.000000000000000000e+00 0.000000000000000000e+00 0.000000000000000000e+00 5.555555555555555247e-02 5.555555555555555247e-02 5.555555555555555247e-02 5.555555555555555247e-02 5.555555555555555247e-02 5.555555555555555247e-02 5.555555555555555247e-02
3.933933933933934091e-01 5.765765765765765716e-01 5.975975975975975629e-01 5.975975975975975629e-01 6.006006006006006093e-01 6.066066066066065909e-01 6.066066066066065909e-01 6.066066066066065909e-01 6.066066066066065909e-01 6.096096096096096373e-01
1.505376344086021556e-01 4.946236559139784994e-01 7.849462365591397539e-01 8.602150537634408733e-01 8.602150537634408733e-01 8.709677419354838745e-01 8.709677419354838745e-01 8.709677419354838745e-01 8.709677419354838745e-01 8.709677419354838745e-01
0.000000000000000000e+00 5.084745762711864736e-02 8.474576271186440302e-02 1.016949152542372947e-01 1.694915254237288060e-01 1.694915254237288060e-01 1.694915254237288060e-01 1.694915254237288060e-01 2.033898305084745894e-01 2.033898305084745894e-01
8.695652173913043237e-02 5.652173913043477826e-01 6.956521739130434590e-01 6.956521739130434590e-01 6.956521739130434590e-01 6.956521739130434590e-01 6.956521739130434590e-01 6.956521739130434590e-01 6.956521739130434590e-01 6.956521739130434590e-01
0.000000000000000000e+00 0.000000000000000000e+00 0.000000000000000000e+00 0.000000000000000000e+00 0.000000000000000000e+00 0.000000000000000000e+00 0.000000000000000000e+00 0.000000000000000000e+00 0.000000000000000000e+00 0.000000000000000000e+00
2.723735408560311322e-02 1.517509727626459026e-01 2.645914396887159570e-01 3.424124513618677090e-01 3.929961089494163340e-01 4.046692607003891107e-01 4.085603112840466844e-01 4.163424124513618874e-01 4.163424124513618874e-01 4.241245136186770348e-01
1.237458193979933119e-01 3.623188405797101441e-01 6.298773690078037779e-01 7.859531772575251152e-01 8.662207357859531554e-01 8.974358974358974672e-01 9.119286510590858263e-01 9.130434782608695121e-01 9.141583054626533089e-01 9.141583054626533089e-01
0.000000000000000000e+00 5.357142857142856845e-02 2.142857142857142738e-01 3.571428571428571508e-01 5.535714285714286031e-01 6.071428571428570953e-01 6.964285714285713969e-01 7.321428571428570953e-01 7.321428571428570953e-01 7.321428571428570953e-01
2.041214750542299228e-01 5.305856832971800330e-01 7.511930585683297412e-01 8.464208242950108652e-01 8.837310195227765508e-01 8.978308026030368261e-01 9.071583514099783585e-01 9.125813449023860713e-01 9.156182212581345237e-01 9.182212581344902924e-01
2.764976958525345793e-02 1.705069124423963245e-01 3.963133640552995440e-01 5.668202764976958408e-01 6.635944700460829626e-01 7.695852534562211966e-01 8.156682027649769795e-01 8.248847926267280917e-01 8.248847926267280917e-01 8.341013824884793149e-01
0.000000000000000000e+00 0.000000000000000000e+00 3.333333333333333148e-01 3.333333333333333148e-01 6.666666666666666297e-01 6.666666666666666297e-01 6.666666666666666297e-01 6.666666666666666297e-01 1.000000000000000000e+00 1.000000000000000000e+00
2.500000000000000000e-01 5.250000000000000222e-01 6.656250000000000222e-01 6.843749999999999556e-01 6.875000000000000000e-01 6.875000000000000000e-01 6.875000000000000000e-01 6.875000000000000000e-01 6.906250000000000444e-01 6.937499999999999778e-01
2.154471544715447218e-01 5.975609756097560732e-01 7.479674796747967092e-01 7.560975609756097615e-01 7.601626016260162322e-01 7.601626016260162322e-01 7.601626016260162322e-01 7.601626016260162322e-01 7.601626016260162322e-01 7.601626016260162322e-01
2.758620689655172376e-01 6.091954022988506079e-01 6.551724137931034253e-01 6.551724137931034253e-01 6.551724137931034253e-01 6.551724137931034253e-01 6.551724137931034253e-01 6.551724137931034253e-01 6.551724137931034253e-01 6.551724137931034253e-01
5.205479452054794232e-01 8.027397260273972934e-01 8.356164383561643927e-01 8.356164383561643927e-01 8.356164383561643927e-01 8.356164383561643927e-01 8.356164383561643927e-01 8.356164383561643927e-01 8.356164383561643927e-01 8.356164383561643927e-01
3.359683794466403195e-01 6.403162055335968050e-01 7.154150197628458274e-01 7.154150197628458274e-01 7.154150197628458274e-01 7.154150197628458274e-01 7.154150197628458274e-01 7.154150197628458274e-01 7.154150197628458274e-01 7.154150197628458274e-01
2.848484848484848508e-01 6.593939393939394211e-01 8.177777777777778256e-01 8.707070707070706517e-01 8.848484848484848841e-01 8.949494949494949392e-01 8.973737373737373790e-01 9.034343434343434787e-01 9.090909090909090606e-01 9.147474747474747536e-01
2.468861209964412773e-01 6.423487544483985623e-01 8.491992882562278133e-01 9.074733096085408901e-01 9.212633451957294994e-01 9.279359430604982029e-01 9.323843416370106718e-01 9.372775800711743432e-01 9.417259786476868122e-01 9.470640569395017971e-01
2.417522985397512203e-01 6.446727961060032541e-01 8.464034613304488586e-01 8.983234180638183242e-01 9.085992428339643157e-01 9.167117360735532738e-01 9.204975662520281654e-01 9.253650621957815181e-01 9.280692266089778375e-01 9.307733910221741569e-01
1.360294117647058709e-01 4.044117647058823595e-01 6.262254901960784270e-01 7.009803921568626972e-01 7.291666666666666297e-01 7.450980392156862919e-01 7.524509803921568540e-01 7.610294117647058432e-01 7.659313725490196623e-01 7.781862745098039325e-01
1.324717285945072598e-01 4.184168012924071034e-01 6.397415185783521530e-01 7.754442649434571955e-01 8.190630048465266100e-01 8.449111470113085387e-01 8.642972536348949575e-01 8.869143780290791312e-01 9.046849757673667280e-01 9.127625201938610600e-01
1.413043478260869457e-01 4.021739130434782705e-01 4.891304347826087029e-01 5.217391304347825942e-01 5.217391304347825942e-01 5.434782608695651884e-01 5.543478260869565410e-01 5.652173913043477826e-01 5.760869565217391353e-01 5.760869565217391353e-01
0.000000000000000000e+00 0.000000000000000000e+00 0.000000000000000000e+00 0.000000000000000000e+00 0.000000000000000000e+00 0.000000000000000000e+00 0.000000000000000000e+00 0.000000000000000000e+00 0.000000000000000000e+00 0.000000000000000000e+00
3.569553805774278166e-01 6.456692913385826404e-01 7.296587926509185973e-01 7.716535433070865757e-01 7.821522309711286258e-01 7.979002624671915900e-01 8.057742782152230721e-01 8.057742782152230721e-01 8.110236220472440971e-01 8.136482939632545541e-01
0.000000000000000000e+00 1.818181818181818232e-01 3.636363636363636465e-01 3.636363636363636465e-01 3.636363636363636465e-01 3.636363636363636465e-01 3.636363636363636465e-01 3.636363636363636465e-01 4.545454545454545303e-01 4.545454545454545303e-01
6.557377049180328210e-02 2.295081967213114804e-01 2.622950819672131284e-01 2.950819672131147486e-01 3.606557377049180446e-01 3.606557377049180446e-01 3.606557377049180446e-01 4.262295081967212851e-01 4.262295081967212851e-01 4.262295081967212851e-01
4.262672811059907696e-01 7.788018433179723088e-01 8.709677419354838745e-01 8.755760368663594306e-01 8.767281105990782919e-01 8.813364055299539590e-01 8.836405529953916815e-01 8.847926267281106538e-01 8.882488479262672376e-01 8.905529953917050712e-01
3.864013266998341800e-01 7.578772802653399587e-01 8.208955223880597396e-01 8.258706467661691697e-01 8.291873963515754564e-01 8.325041459369817431e-01 8.341625207296848865e-01 8.341625207296848865e-01 8.341625207296848865e-01 8.358208955223880299e-01
5.202231520223151717e-01 8.228730822873082662e-01 8.953974895397489586e-01 9.051603905160390262e-01 9.065550906555090993e-01 9.107391910739190966e-01 9.121338912133891696e-01 9.121338912133891696e-01 9.121338912133891696e-01 9.121338912133891696e-01
3.515625000000000000e-01 5.468750000000000000e-01 6.171875000000000000e-01 6.406250000000000000e-01 6.484375000000000000e-01 6.718750000000000000e-01 6.875000000000000000e-01 7.109375000000000000e-01 7.187500000000000000e-01 7.187500000000000000e-01
3.823529411764705621e-01 5.392156862745097756e-01 5.882352941176470784e-01 5.882352941176470784e-01 6.078431372549019107e-01 6.078431372549019107e-01 6.078431372549019107e-01 6.078431372549019107e-01 6.078431372549019107e-01 6.078431372549019107e-01
3.791102514506770049e-01 7.949709864603481391e-01 9.303675048355899424e-01 9.419729206963249890e-01 9.419729206963249890e-01 9.439071566731140894e-01 9.439071566731140894e-01 9.439071566731140894e-01 9.439071566731140894e-01 9.439071566731140894e-01
1.843317972350230483e-01 5.207373271889400579e-01 7.465437788018433052e-01 8.110599078341014234e-01 8.294930875576036478e-01 8.341013824884793149e-01 8.341013824884793149e-01 8.387096774193548709e-01 8.387096774193548709e-01 8.387096774193548709e-01
1.125000000000000028e-01 3.906250000000000000e-01 5.812500000000000444e-01 6.937499999999999778e-01 7.375000000000000444e-01 7.437500000000000222e-01 7.500000000000000000e-01 7.500000000000000000e-01 7.531250000000000444e-01 7.531250000000000444e-01
4.716981132075472039e-02 1.674528301886792359e-01 2.948113207547169989e-01 4.221698113207547065e-01 4.740566037735848837e-01 5.141509433962264675e-01 5.306603773584905870e-01 5.424528301886792914e-01 5.613207547169811740e-01 5.707547169811321153e-01
0.000000000000000000e+00 0.000000000000000000e+00 2.941176470588235253e-02 2.941176470588235253e-02 2.941176470588235253e-02 2.941176470588235253e-02 2.941176470588235253e-02 2.941176470588235253e-02 2.941176470588235253e-02 2.941176470588235253e-02
3.837953091684435242e-02 6.823027718550106480e-02 7.675906183368870483e-02 7.675906183368870483e-02 7.675906183368870483e-02 7.675906183368870483e-02 7.675906183368870483e-02 7.675906183368870483e-02 7.675906183368870483e-02 7.675906183368870483e-02
4.000000000000000083e-02 2.000000000000000111e-01 2.000000000000000111e-01 2.399999999999999911e-01 2.399999999999999911e-01 2.800000000000000266e-01 2.800000000000000266e-01 2.800000000000000266e-01 2.800000000000000266e-01 2.800000000000000266e-01
2.786885245901639108e-01 5.081967213114754189e-01 6.721311475409835756e-01 7.213114754098360892e-01 7.213114754098360892e-01 7.213114754098360892e-01 7.213114754098360892e-01 7.213114754098360892e-01 7.213114754098360892e-01 7.213114754098360892e-01
3.916666666666666630e-01 7.383333333333332860e-01 8.233333333333333615e-01 8.416666666666666741e-01 8.433333333333333792e-01 8.449999999999999734e-01 8.449999999999999734e-01 8.466666666666666785e-01 8.483333333333333837e-01 8.483333333333333837e-01
3.603603603603603434e-01 6.801801801801802272e-01 7.927927927927927998e-01 8.153153153153153143e-01 8.153153153153153143e-01 8.153153153153153143e-01 8.153153153153153143e-01 8.153153153153153143e-01 8.153153153153153143e-01 8.153153153153153143e-01
2.081575246132208179e-01 5.907172995780590741e-01 8.368495077355836420e-01 9.521800281293951729e-01 9.662447257383965926e-01 9.676511954992967901e-01 9.676511954992967901e-01 9.676511954992967901e-01 9.676511954992967901e-01 9.676511954992967901e-01
2.189781021897810320e-02 9.489051094890510463e-02 3.576642335766423431e-01 6.423357664233576569e-01 8.540145985401459416e-01 9.124087591240875872e-01 9.197080291970802790e-01 9.197080291970802790e-01 9.197080291970802790e-01 9.197080291970802790e-01
3.847517730496453625e-01 7.907801418439716068e-01 9.308510638297872175e-01 9.556737588652481907e-01 9.556737588652481907e-01 9.556737588652481907e-01 9.574468085106383475e-01 9.592198581560283932e-01 9.592198581560283932e-01 9.592198581560283932e-01
2.187500000000000000e-01 5.312500000000000000e-01 7.539062500000000000e-01 8.632812500000000000e-01 8.867187500000000000e-01 8.945312500000000000e-01 8.945312500000000000e-01 8.984375000000000000e-01 8.984375000000000000e-01 8.984375000000000000e-01
1.166666666666666685e-01 2.500000000000000000e-01 4.666666666666666741e-01 5.166666666666667185e-01 5.166666666666667185e-01 5.166666666666667185e-01 5.166666666666667185e-01 5.166666666666667185e-01 5.166666666666667185e-01 5.166666666666667185e-01
3.374352331606217392e-01 6.949481865284974358e-01 8.296632124352331106e-01 8.471502590673575250e-01 8.536269430051813822e-01 8.607512953367875141e-01 8.633419689119170570e-01 8.652849740932642142e-01 8.685233160621761428e-01 8.730569948186528428e-01
4.081632653061224580e-01 7.448979591836735192e-01 8.061224489795918435e-01 8.163265306122449161e-01 8.265306122448979886e-01 8.265306122448979886e-01 8.265306122448979886e-01 8.265306122448979886e-01 8.265306122448979886e-01 8.265306122448979886e-01
3.178294573643410947e-01 7.209302325581394832e-01 8.372093023255814392e-01 8.527131782945736038e-01 8.527131782945736038e-01 8.527131782945736038e-01 8.527131782945736038e-01 8.527131782945736038e-01 8.527131782945736038e-01 8.527131782945736038e-01
2.173913043478260809e-01 7.391304347826086474e-01 7.826086956521739468e-01 8.260869565217391353e-01 8.260869565217391353e-01 8.260869565217391353e-01 8.260869565217391353e-01 8.260869565217391353e-01 8.260869565217391353e-01 8.260869565217391353e-01
5.982905982905983161e-02 2.336182336182336117e-01 3.276353276353276556e-01 3.532763532763532610e-01 3.561253561253561184e-01 3.589743589743589758e-01 3.589743589743589758e-01 3.618233618233618332e-01 3.618233618233618332e-01 3.646723646723646906e-01
5.811712379540400208e-01 9.034469977761304671e-01 9.512601927353595554e-01 9.542253521126760063e-01 9.545959970348406598e-01 9.549666419570052023e-01 9.549666419570052023e-01 9.549666419570052023e-01 9.549666419570052023e-01 9.549666419570052023e-01
4.803675856307434988e-01 8.479532163742690143e-01 9.281537176274018419e-01 9.351155666945140110e-01 9.365079365079365115e-01 9.367864104706209449e-01 9.367864104706209449e-01 9.367864104706209449e-01 9.367864104706209449e-01 9.367864104706209449e-01
3.288948069241012240e-01 6.870838881491344585e-01 7.922769640479361275e-01 8.069241011984020773e-01 8.082556591211718100e-01 8.089214380825565653e-01 8.089214380825565653e-01 8.089214380825565653e-01 8.089214380825565653e-01 8.095872170439414317e-01
1.442193087008343255e-01 3.802145411203813885e-01 4.660309892729440073e-01 4.910607866507747388e-01 4.982121573301549478e-01 4.982121573301549478e-01 4.982121573301549478e-01 4.994040524433849826e-01 4.994040524433849826e-01 4.994040524433849826e-01
1.449275362318840597e-02 3.864734299516908028e-02 4.347826086956521618e-02 4.830917874396135209e-02 5.314009661835748799e-02 5.797101449275362389e-02 5.797101449275362389e-02 5.797101449275362389e-02 5.797101449275362389e-02 5.797101449275362389e-02
1.437908496732026031e-01 4.771241830065359735e-01 7.038398692810458046e-01 7.965686274509803377e-01 8.206699346405228468e-01 8.292483660130719469e-01 8.329248366013072280e-01 8.341503267973856550e-01 8.345588235294117974e-01 8.357843137254902244e-01
7.042253521126760896e-02 2.366197183098591450e-01 3.633802816901408606e-01 4.309859154929577274e-01 4.507042253521126862e-01 4.591549295774647876e-01 4.591549295774647876e-01 4.591549295774647876e-01 4.647887323943661886e-01 4.647887323943661886e-01
9.361702127659574102e-02 3.365570599613152969e-01 6.081237911025144660e-01 7.872340425531915153e-01 8.526112185686653966e-01 8.723404255319149314e-01 8.789168278529980727e-01 8.820116054158607666e-01 8.847195357833655960e-01 8.870406189555125609e-01
1.873935264054514549e-01 5.042589437819420262e-01 7.291311754684838276e-01 8.211243611584326807e-01 8.407155025553663119e-01 8.407155025553663119e-01 8.424190800681431446e-01 8.432708688245315054e-01 8.441226575809199772e-01 8.441226575809199772e-01
2.406168169915623989e-01 6.464940354960722058e-01 8.559790514983998122e-01 9.004946173988943592e-01 9.031131800989234959e-01 9.063136456211812186e-01 9.074774512656386127e-01 9.080593540878673098e-01 9.080593540878673098e-01 9.086412569100960068e-01
2.807017543859648967e-01 5.789473684210526550e-01 6.432748538011695549e-01 6.666666666666666297e-01 6.725146198830409539e-01 6.725146198830409539e-01 6.783625730994151670e-01 6.842105263157894912e-01 6.959064327485380286e-01 7.017543859649122417e-01
2.741679873217115482e-01 6.782884310618066959e-01 8.341257263602747107e-01 8.695192815636555439e-01 8.758584257791864891e-01 8.848388800845219393e-01 8.906497622820919169e-01 8.927628103539355653e-01 8.991019545694665105e-01 9.006867406233491913e-01
2.409638554216867595e-02 3.614457831325301046e-02 4.819277108433735191e-02 4.819277108433735191e-02 6.024096385542168641e-02 6.024096385542168641e-02 7.228915662650602092e-02 7.228915662650602092e-02 8.433734939759035543e-02 1.204819277108433728e-01
7.291666666666667129e-02 3.020833333333333148e-01 4.166666666666666852e-01 4.791666666666666852e-01 5.000000000000000000e-01 5.208333333333333703e-01 5.312500000000000000e-01 5.416666666666666297e-01 5.416666666666666297e-01 5.520833333333333703e-01
2.000000000000000111e-01 2.000000000000000111e-01 2.000000000000000111e-01 4.000000000000000222e-01 4.000000000000000222e-01 4.000000000000000222e-01 4.000000000000000222e-01 4.000000000000000222e-01 4.000000000000000222e-01 4.000000000000000222e-01
4.521515735388567658e-01 7.788482123742239693e-01 8.372939413401840891e-01 8.402911582102333687e-01 8.405052451295226268e-01 8.409334189681010319e-01 8.413615928066795480e-01 8.426461143224148742e-01 8.450010704345964907e-01 8.460715050310425589e-01
1.266471449487554801e-01 3.367496339677891748e-01 4.531478770131771583e-01 4.934114202049780240e-01 5.073206442166910968e-01 5.131771595900439520e-01 5.146412884333820825e-01 5.175695461200585656e-01 5.190336749633968072e-01 5.212298682284041140e-01
4.258248895817095536e-01 7.303195635229929872e-01 7.937126526370485990e-01 8.067030397505845496e-01 8.103403481423746557e-01 8.126786178228111446e-01 8.129384255650818902e-01 8.147570797609768878e-01 8.168355416991426310e-01 8.178747726682255026e-01
2.279874213836477828e-02 9.119496855345911313e-02 1.816037735849056478e-01 2.727987421383648026e-01 3.349056603773584717e-01 3.569182389937106681e-01 3.639937106918239018e-01 3.702830188679245293e-01 3.710691823899370800e-01 3.742138364779873938e-01
8.048289738430583484e-02 2.907444668008048461e-01 4.175050301810865339e-01 4.768611670020120874e-01 4.949698189134809079e-01 5.010060362173037740e-01 5.070422535211267512e-01 5.120724346076458433e-01 5.130784708249497283e-01 5.150905432595573874e-01
6.818181818181817677e-02 2.840909090909091161e-01 3.750000000000000000e-01 4.090909090909091161e-01 4.431818181818181768e-01 4.545454545454545303e-01 4.659090909090908839e-01 4.772727272727272929e-01 4.772727272727272929e-01 4.772727272727272929e-01
0.000000000000000000e+00 0.000000000000000000e+00 1.250000000000000000e-01 1.666666666666666574e-01 2.916666666666666852e-01 3.333333333333333148e-01 3.333333333333333148e-01 3.333333333333333148e-01 3.333333333333333148e-01 3.750000000000000000e-01
1.411042944785275977e-01 3.987730061349692989e-01 6.012269938650306456e-01 6.441717791411042393e-01 6.687116564417178166e-01 6.687116564417178166e-01 6.748466257668711554e-01 6.871165644171779441e-01 6.871165644171779441e-01 6.932515337423312829e-01
1.666666666666666574e-01 3.518518518518518601e-01 5.000000000000000000e-01 6.666666666666666297e-01 7.222222222222222099e-01 7.592592592592593004e-01 7.592592592592593004e-01 7.592592592592593004e-01 7.592592592592593004e-01 7.592592592592593004e-01
1.666666666666666574e-01 3.888888888888888951e-01 5.555555555555555802e-01 8.333333333333333703e-01 8.333333333333333703e-01 8.333333333333333703e-01 8.333333333333333703e-01 8.333333333333333703e-01 8.333333333333333703e-01 8.333333333333333703e-01
2.154150197628458552e-01 5.691699604743083452e-01 7.332015810276679701e-01 7.895256916996047369e-01 8.053359683794466539e-01 8.132411067193675569e-01 8.260869565217391353e-01 8.330039525691699254e-01 8.379446640316206008e-01 8.428853754940711651e-01
1.538461538461538547e-01 4.230769230769230727e-01 6.461538461538461897e-01 6.846153846153846256e-01 7.269230769230768940e-01 7.461538461538461675e-01 7.576923076923076650e-01 7.730769230769231060e-01 7.807692307692307709e-01 7.884615384615384359e-01
1.690821256038647358e-01 3.985507246376811530e-01 5.990338164251207687e-01 6.884057971014492239e-01 7.342995169082126017e-01 7.536231884057971175e-01 7.608695652173913526e-01 7.729468599033816334e-01 7.801932367149758685e-01 7.922705314009661492e-01
4.459930313588850170e-01 8.054587688734030637e-01 8.826945412311265615e-01 8.983739837398373451e-01 9.076655052264808177e-01 9.210220673635307609e-01 9.314750290360046536e-01 9.355400696864111243e-01 9.378629500580719647e-01 9.436701509872241767e-01
5.882352941176470507e-02 2.941176470588235392e-01 4.117647058823529216e-01 4.588235294117646856e-01 5.058823529411764497e-01 5.176470588235294601e-01 5.411764705882352589e-01 5.411764705882352589e-01 5.411764705882352589e-01 5.411764705882352589e-01
4.467897977132805898e-01 7.695690413368513338e-01 8.522427440633245643e-01 8.645558487247141377e-01 8.671943711521548082e-01 8.689533861037819218e-01 8.689533861037819218e-01 8.698328935795954786e-01 8.698328935795954786e-01 8.707124010554089244e-01
5.636743215031315285e-02 2.484342379958246472e-01 4.989561586638830981e-01 6.409185803757828648e-01 6.617954070981211245e-01 6.868475991649268808e-01 6.931106471816284031e-01 6.993736951983298145e-01 7.056367432150313368e-01 7.098121085594989443e-01
1.863354037267080793e-02 3.726708074534161586e-02 1.739130434782608647e-01 3.478260869565217295e-01 3.913043478260869734e-01 4.223602484472049889e-01 4.347826086956521618e-01 4.409937888198757761e-01 4.534161490683230045e-01 4.658385093167701774e-01
1.326899879372738233e-01 4.390832328106151761e-01 7.008443908323280791e-01 7.997587454764777393e-01 8.443908323281061890e-01 8.540410132689988387e-01 8.612786489746683261e-01 8.636911942098914885e-01 8.661037394451146509e-01 8.673100120627261767e-01
7.792207792207792028e-02 3.419913419913420127e-01 5.411255411255411207e-01 6.363636363636363535e-01 6.580086580086580428e-01 6.926406926406926123e-01 7.142857142857143016e-01 7.272727272727272929e-01 7.359307359307358798e-01 7.359307359307358798e-01
2.207792207792207695e-01 5.844155844155843882e-01 7.792207792207792583e-01 8.398268398268398105e-01 8.528138528138528018e-01 8.614718614718614997e-01 8.744588744588744911e-01 8.831168831168830780e-01 8.917748917748917759e-01 9.004329004329004738e-01
1.331484049930651836e-01 4.174757281553397870e-01 7.489597780859916787e-01 8.418862690707350493e-01 8.626907073509014756e-01 8.765603328710125375e-01 8.765603328710125375e-01 8.793342579750347277e-01 8.807212205270458227e-01 8.834951456310680129e-01
5.312084993359893897e-02 2.337317397078353121e-01 4.116865869853917892e-01 6.387782204515272122e-01 7.755644090305444660e-01 8.286852589641434674e-01 8.353253652058433287e-01 8.406374501992032178e-01 8.472775564409030791e-01 8.512616201859229959e-01
1.847826086956521618e-01 5.217391304347825942e-01 7.173913043478260532e-01 7.826086956521739468e-01 8.043478260869565410e-01 8.260869565217391353e-01 8.260869565217391353e-01 8.260869565217391353e-01 8.260869565217391353e-01 8.260869565217391353e-01
6.666666666666666574e-02 2.800000000000000266e-01 5.133333333333333082e-01 7.133333333333333748e-01 7.666666666666667185e-01 7.800000000000000266e-01 7.866666666666666252e-01 7.933333333333333348e-01 8.000000000000000444e-01 8.000000000000000444e-01
2.148148148148148195e-01 3.407407407407407329e-01 4.074074074074073848e-01 4.888888888888888729e-01 5.037037037037036535e-01 5.481481481481481621e-01 5.629629629629629983e-01 5.703703703703704164e-01 5.777777777777777235e-01 5.925925925925925597e-01
1.235955056179775247e-01 2.696629213483145993e-01 3.033707865168539519e-01 3.595505617977527990e-01 4.269662921348314488e-01 4.606741573033708015e-01 4.943820224719100986e-01 5.056179775280899014e-01 5.617977528089888040e-01 5.730337078651684957e-01
0.000000000000000000e+00 0.000000000000000000e+00 0.000000000000000000e+00 0.000000000000000000e+00 0.000000000000000000e+00 0.000000000000000000e+00 0.000000000000000000e+00 0.000000000000000000e+00 0.000000000000000000e+00 0.000000000000000000e+00
0.000000000000000000e+00 0.000000000000000000e+00 0.000000000000000000e+00 0.000000000000000000e+00 0.000000000000000000e+00 0.000000000000000000e+00 0.000000000000000000e+00 0.000000000000000000e+00 0.000000000000000000e+00 1.000000000000000056e-01
0.000000000000000000e+00 0.000000000000000000e+00 0.000000000000000000e+00 0.000000000000000000e+00 0.000000000000000000e+00 0.000000000000000000e+00 0.000000000000000000e+00 0.000000000000000000e+00 0.000000000000000000e+00 0.000000000000000000e+00
2.375690607734806670e-01 6.114180478821362730e-01 8.093922651933701529e-01 8.779926335174953467e-01 8.945672191528545314e-01 9.010128913443830045e-01 9.037753222836095723e-01 9.069981583793738089e-01 9.093001841620625969e-01 9.102209944751381565e-01
8.726981585268214769e-02 3.098478783026420991e-01 5.172137710168134284e-01 6.709367493995196385e-01 7.510008006405124448e-01 7.926341072858286152e-01 8.134507606084867559e-01 8.246597277822257377e-01 8.286629303442754058e-01 8.342674139311448966e-01
8.608205953338696204e-02 3.169750603378921894e-01 5.776347546259050780e-01 7.055510860820595198e-01 7.747385358004826861e-01 7.956556717618664676e-01 8.117457763475462995e-01 8.213998390989541987e-01 8.238133547868060624e-01 8.254223652453740456e-01
7.317073170731707744e-03 6.341463414634146423e-02 1.585365853658536606e-01 3.390243902439024626e-01 4.780487804878048586e-01 5.463414634146341875e-01 5.780487804878048363e-01 6.195121951219512146e-01 6.365853658536585469e-01 6.463414634146341653e-01
0.000000000000000000e+00 1.276595744680850998e-02 5.106382978723403993e-02 1.574468085106383031e-01 2.340425531914893664e-01 3.829787234042553168e-01 4.510638297872340274e-01 5.063829787234042090e-01 5.191489361702127381e-01 5.276595744680850908e-01
3.798767967145790792e-01 7.602669404517453655e-01 8.749144421629021506e-01 8.951060917180013732e-01 9.034907597535933865e-01 9.089664613278576333e-01 9.118754277891855109e-01 9.129021218343600363e-01 9.147843942505133885e-01 9.156399726214921042e-01
2.893280632411067144e-01 5.996047430830039326e-01 7.260869565217391575e-01 7.557312252964426547e-01 7.675889328063241202e-01 7.743083003952568877e-01 7.778656126482212940e-01 7.802371541501976759e-01 7.830039525691699920e-01 7.853754940711462629e-01
1.009280742459396779e-01 2.900232018561484937e-01 4.199535962877030126e-01 4.524361948955916701e-01 4.733178654292343190e-01 4.860788863109048452e-01 4.918793503480278217e-01 4.953596287703015966e-01 4.965197215777262252e-01 4.965197215777262252e-01
2.843680709534368023e-01 6.524390243902439268e-01 7.838137472283813745e-01 8.043237250554323703e-01 8.087583148558757928e-01 8.126385809312638431e-01 8.154101995565410377e-01 8.165188470066518933e-01 8.176274944567627490e-01 8.192904656319290879e-01
1.200873362445414871e-01 2.489082969432314385e-01 3.100436681222707436e-01 3.296943231441047950e-01 3.318777292576419180e-01 3.340611353711790410e-01 3.340611353711790410e-01 3.384279475982532870e-01 3.384279475982532870e-01 3.384279475982532870e-01
2.490774907749077616e-01 6.088560885608855777e-01 7.619926199261992661e-01 8.118081180811808073e-01 8.302583025830257979e-01 8.450184501845018348e-01 8.542435424354243301e-01 8.579335793357933948e-01 8.597785977859778717e-01 8.634686346863468254e-01
4.000000000000000222e-01 6.810457516339869510e-01 7.712418300653595127e-01 8.052287581699346664e-01 8.209150326797385322e-01 8.326797385620915426e-01 8.392156862745098200e-01 8.470588235294117530e-01 8.522875816993463749e-01 8.549019607843136859e-01
4.255319148936170109e-02 1.489361702127659504e-01 2.553191489361701927e-01 3.936170212765957577e-01 4.361702127659574657e-01 4.787234042553191737e-01 4.893617021276595591e-01 5.000000000000000000e-01 5.000000000000000000e-01 5.000000000000000000e-01
1.906005221932114968e-01 4.804177545691906137e-01 6.422976501305482921e-01 7.362924281984334351e-01 7.780678851174934740e-01 7.989556135770234935e-01 8.198433420365535129e-01 8.276762402088773118e-01 8.276762402088773118e-01 8.328981723237598445e-01
0.000000000000000000e+00 1.694915254237288130e-02 3.389830508474576259e-02 5.084745762711864736e-02 1.016949152542372947e-01 1.694915254237288060e-01 2.033898305084745894e-01 2.372881355932203451e-01 2.542372881355932090e-01 2.542372881355932090e-01
4.021045918367346927e-01 7.471301020408163129e-01 8.415178571428570953e-01 8.533163265306122902e-01 8.596938775510204467e-01 8.641581632653061451e-01 8.679846938775510612e-01 8.698979591836735192e-01 8.727678571428570953e-01 8.756377551020407823e-01
3.431952662721893255e-01 6.568047337278106745e-01 7.573964497041419941e-01 7.692307692307692735e-01 7.692307692307692735e-01 7.751479289940828021e-01 7.751479289940828021e-01 7.751479289940828021e-01 7.751479289940828021e-01 7.751479289940828021e-01
1.923076923076923184e-01 5.128205128205127750e-01 6.153846153846154188e-01 6.282051282051281937e-01 6.282051282051281937e-01 6.282051282051281937e-01 6.282051282051281937e-01 6.282051282051281937e-01 6.282051282051281937e-01 6.282051282051281937e-01
2.676056338028168780e-01 6.056338028169013787e-01 6.760563380281690016e-01 6.760563380281690016e-01 6.760563380281690016e-01 6.760563380281690016e-01 6.760563380281690016e-01 6.760563380281690016e-01 6.760563380281690016e-01 6.760563380281690016e-01
1.626016260162601590e-01 2.886178861788618044e-01 3.170731707317073211e-01 3.170731707317073211e-01 3.211382113821138473e-01 3.333333333333333148e-01 3.373983739837398410e-01 3.414634146341463672e-01 3.495934959349593640e-01 3.617886178861788871e-01
4.169802445907808131e-01 7.836312323612417696e-01 8.802916274694261300e-01 8.922859830667920766e-01 8.951081843838193386e-01 8.958137347130762373e-01 8.958137347130762373e-01 8.967544684854186210e-01 8.972248353715898128e-01 8.974600188146754087e-01
1.256740914419695321e-01 4.030480656506447712e-01 6.194607268464243921e-01 7.212192262602579174e-01 7.645955451348183107e-01 7.864009378663540106e-01 7.988276670574443461e-01 8.051582649472450726e-01 8.107854630715123356e-01 8.159437280187573638e-01
1.047277079593058047e-01 3.183722321962896284e-01 4.614003590664272902e-01 5.493716337522441817e-01 5.769000598444045114e-01 6.014362657091562037e-01 6.205864751645721045e-01 6.307600239377618712e-01 6.391382405745063000e-01 6.445242369838419805e-01
1.168019987507807611e-01 3.769519050593378995e-01 6.055590256089943280e-01 7.257963772642098688e-01 7.748282323547782680e-01 8.023110555902560614e-01 8.185509056839475051e-01 8.257339163023110773e-01 8.304184884447221027e-01 8.319800124921923334e-01
5.882352941176470507e-02 2.159344750558451209e-01 4.005956813104988856e-01 5.323901712583767321e-01 5.979151154132539281e-01 6.262099776619508562e-01 6.455696202531645556e-01 6.604616530156366405e-01 6.671630677587491176e-01 6.716306775874907320e-01
2.416356877323420083e-01 6.481919567421425832e-01 8.371071307874281553e-01 8.786752281176073431e-01 8.881378844204123046e-01 8.921933085501858596e-01 8.945589726258871277e-01 8.962487326799594145e-01 8.979384927340318123e-01 8.996282527881040991e-01
2.857142857142857054e-02 1.142857142857142821e-01 2.057142857142857106e-01 3.314285714285714057e-01 3.771428571428571686e-01 4.000000000000000222e-01 4.171428571428571486e-01 4.228571428571428759e-01 4.285714285714285476e-01 4.285714285714285476e-01
1.440489432703003225e-01 4.471635150166852202e-01 7.497219132369299377e-01 8.576195773081201068e-01 8.793103448275861878e-01 8.848720800889877669e-01 8.859844271412681271e-01 8.926585094549499555e-01 8.926585094549499555e-01 8.937708565072302047e-01
6.646971935007385535e-02 2.895125553914327798e-01 5.361890694239290767e-01 6.351550960118168554e-01 6.691285081240767596e-01 6.809453471196454943e-01 6.898079763663219621e-01 6.927621861152142291e-01 6.942392909896603070e-01 6.942392909896603070e-01
3.264094955489614536e-02 1.721068249258160265e-01 3.323442136498516164e-01 4.183976261127596574e-01 4.629080118694361978e-01 4.747774480712166345e-01 4.866468842729970157e-01 4.896142433234421110e-01 4.925816023738872618e-01 4.925816023738872618e-01
1.541666666666666741e-01 2.958333333333333370e-01 3.833333333333333592e-01 4.249999999999999889e-01 4.354166666666666741e-01 4.416666666666666519e-01 4.437499999999999778e-01 4.479166666666666852e-01 4.500000000000000111e-01 4.500000000000000111e-01
7.246376811594202987e-03 1.449275362318840597e-02 6.521739130434782428e-02 1.014492753623188470e-01 1.376811594202898559e-01 1.666666666666666574e-01 1.739130434782608647e-01 1.739130434782608647e-01 1.811594202898550721e-01 1.884057971014492794e-01
3.347889374090247672e-01 6.375545851528384711e-01 7.561863173216885059e-01 7.714701601164483113e-01 7.758369723435225573e-01 7.823871906841338708e-01 7.860262008733623906e-01 7.867540029112081168e-01 7.867540029112081168e-01 7.882096069868995691e-01
1.190476190476190410e-02 4.166666666666666435e-02 1.011904761904761918e-01 1.726190476190476164e-01 2.023809523809523836e-01 2.083333333333333426e-01 2.083333333333333426e-01 2.083333333333333426e-01 2.083333333333333426e-01 2.083333333333333426e-01
4.629629629629629650e-01 8.703703703703703498e-01 9.629629629629629095e-01 1.000000000000000000e+00 1.000000000000000000e+00 1.000000000000000000e+00 1.000000000000000000e+00 1.000000000000000000e+00 1.000000000000000000e+00 1.000000000000000000e+00
4.176548089591567980e-01 7.215634606938954310e-01 7.927097057531840019e-01 8.045674132630654674e-01 8.085199824330259188e-01 8.115942028985507761e-01 8.159859464207290802e-01 8.194993412384716791e-01 8.243302591128678358e-01 8.256477821695212826e-01
3.010234798314268545e-01 5.761589403973509382e-01 6.857314870559904074e-01 7.068031306441902029e-01 7.122215532811558836e-01 7.206502107164358684e-01 7.236604455147501724e-01 7.284768211920529257e-01 7.332931968693557900e-01 7.357013847080072777e-01
1.541541541541541493e-01 3.853853853853853595e-01 4.984984984984984768e-01 5.375375375375375242e-01 5.425425425425425274e-01 5.535535535535535123e-01 5.585585585585585155e-01 5.625625625625625403e-01 5.645645645645646082e-01 5.685685685685685220e-01
5.681818181818181629e-02 1.590909090909090884e-01 2.064393939393939503e-01 2.348484848484848619e-01 2.481060606060606077e-01 2.575757575757575690e-01 2.575757575757575690e-01 2.613636363636363535e-01 2.632575757575757458e-01 2.670454545454545303e-01
7.434944237918215265e-03 2.602230483271375516e-02 2.973977695167286106e-02 3.345724907063196696e-02 3.345724907063196696e-02 4.089219330855018569e-02 4.089219330855018569e-02 4.460966542750929159e-02 4.460966542750929159e-02 4.832713754646840443e-02
3.209054593874833827e-01 7.323568575233022626e-01 8.974700399467376855e-01 9.254327563249001853e-01 9.347536617842876483e-01 9.374167776298268917e-01 9.427430093209054895e-01 9.427430093209054895e-01 9.480692410119839764e-01 9.494007989347537091e-01
1.176470588235294101e-01 3.321799307958477332e-01 5.397923875432526497e-01 7.301038062283736751e-01 7.923875432525951945e-01 8.096885813148788635e-01 8.166089965397923534e-01 8.166089965397923534e-01 8.235294117647058432e-01 8.235294117647058432e-01
4.285714285714285754e-02 2.071428571428571563e-01 2.714285714285714080e-01 2.857142857142856984e-01 2.857142857142856984e-01 2.928571428571428714e-01 2.928571428571428714e-01 2.999999999999999889e-01 2.999999999999999889e-01 2.999999999999999889e-01
0.000000000000000000e+00 0.000000000000000000e+00 0.000000000000000000e+00 0.000000000000000000e+00 0.000000000000000000e+00 0.000000000000000000e+00 0.000000000000000000e+00 0.000000000000000000e+00 0.000000000000000000e+00 0.000000000000000000e+00
0.000000000000000000e+00 0.000000000000000000e+00 0.000000000000000000e+00 0.000000000000000000e+00 0.000000000000000000e+00 0.000000000000000000e+00 0.000000000000000000e+00 0.000000000000000000e+00 0.000000000000000000e+00 0.000000000000000000e+00
1.986486486486486458e-01 4.972972972972973249e-01 6.999999999999999556e-01 7.567567567567567988e-01 7.635135135135134865e-01 7.770270270270269730e-01 7.824324324324324342e-01 7.932432432432432456e-01 8.027027027027027195e-01 8.067567567567567322e-01
7.650273224043716014e-02 2.377049180327868716e-01 4.562841530054644879e-01 6.092896174863388081e-01 6.502732240437157918e-01 6.721311475409835756e-01 6.748633879781420486e-01 6.830601092896174675e-01 6.939890710382513594e-01 6.994535519125683054e-01
1.492537313432835688e-01 4.179104477611940149e-01 6.082089552238806318e-01 6.772388059701492935e-01 6.902985074626866169e-01 6.940298507462686617e-01 7.033582089552238292e-01 7.070895522388059851e-01 7.126865671641791078e-01 7.145522388059701857e-01
0.000000000000000000e+00 8.917197452229298771e-02 2.101910828025477795e-01 3.694267515923566614e-01 4.076433121019108485e-01 4.203821656050955591e-01 4.522292993630573354e-01 4.649681528662420460e-01 4.777070063694267565e-01 4.840764331210191118e-01
4.501061571125265504e-01 7.430997876857748929e-01 8.046709129511677716e-01 8.110403397027601269e-01 8.152866242038216971e-01 8.174097664543524822e-01 8.195329087048832672e-01 8.259023354564756225e-01 8.259023354564756225e-01 8.259023354564756225e-01
7.243928194297782897e-01 9.197465681098204726e-01 9.334741288278775029e-01 9.387539598732840274e-01 9.398099260823653545e-01 9.440337909186905518e-01 9.472016895459345331e-01 9.472016895459345331e-01 9.482576557550158602e-01 9.482576557550158602e-01
5.148514851485148647e-01 7.475247524752475226e-01 7.574257425742574323e-01 7.623762376237623872e-01 7.673267326732673421e-01 7.673267326732673421e-01 7.772277227722772519e-01 7.772277227722772519e-01 7.821782178217822068e-01 7.821782178217822068e-01
5.223880597014924909e-01 7.462686567164179552e-01 8.059701492537313383e-01 8.059701492537313383e-01 8.059701492537313383e-01 8.208955223880597396e-01 8.208955223880597396e-01 8.208955223880597396e-01 8.208955223880597396e-01 8.208955223880597396e-01
4.634146341463414864e-01 8.048780487804878536e-01 8.414634146341463117e-01 8.414634146341463117e-01 8.414634146341463117e-01 8.414634146341463117e-01 8.414634146341463117e-01 8.414634146341463117e-01 8.536585365853658347e-01 8.536585365853658347e-01
5.000000000000000000e-01 8.599999999999999867e-01 8.900000000000000133e-01 8.900000000000000133e-01 8.900000000000000133e-01 8.900000000000000133e-01 8.900000000000000133e-01 8.900000000000000133e-01 8.900000000000000133e-01 8.900000000000000133e-01
5.763024435223604858e-01 8.745965882895343491e-01 9.296911018902720425e-01 9.340710004610419670e-01 9.360304287690179859e-01 9.386814200092208349e-01 9.400645458736744953e-01 9.409866297833102688e-01 9.419087136929460424e-01 9.428307976025818160e-01
4.311401716387412986e-01 7.764609726195341732e-01 8.669799754801797986e-01 8.747445852063751026e-01 8.780138945647731896e-01 8.794442174090723041e-01 8.804658765835716716e-01 8.812832039231712766e-01 8.823048630976706441e-01 8.829178586023702646e-01
3.320337881741390329e-01 7.485380116959063912e-01 9.135802469135801962e-01 9.298245614035087758e-01 9.356725146198829890e-01 9.376218323586744674e-01 9.389213775178687493e-01 9.408706952566601167e-01 9.408706952566601167e-01 9.408706952566601167e-01
3.800000000000000044e-01 6.761538461538461053e-01 7.892307692307691802e-01 8.115384615384615419e-01 8.130769230769230305e-01 8.153846153846153744e-01 8.169230769230769740e-01 8.176923076923077183e-01 8.184615384615384626e-01 8.192307692307692069e-01
3.411379657603222371e-01 6.701913393756293580e-01 7.925478348439073395e-01 8.136958710976838205e-01 8.169687814702920603e-01 8.199899295065458116e-01 8.220040281973817198e-01 8.227593152064450743e-01 8.252769385699899596e-01 8.267875125881167797e-01
3.212290502793296171e-02 2.234636871508379752e-01 4.860335195530726127e-01 6.773743016759776747e-01 7.402234636871508622e-01 7.737430167597765251e-01 7.891061452513966623e-01 7.988826815642458001e-01 8.072625698324021881e-01 8.100558659217876878e-01
0.000000000000000000e+00 7.812500000000000000e-02 2.343750000000000000e-01 3.281250000000000000e-01 4.375000000000000000e-01 4.531250000000000000e-01 5.625000000000000000e-01 5.781250000000000000e-01 5.781250000000000000e-01 5.937500000000000000e-01
8.125000000000000278e-02 2.781250000000000111e-01 5.093750000000000222e-01 6.156249999999999778e-01 6.687499999999999556e-01 6.843749999999999556e-01 6.937499999999999778e-01 6.968750000000000222e-01 6.999999999999999556e-01 7.031250000000000000e-01
0.000000000000000000e+00 0.000000000000000000e+00 0.000000000000000000e+00 0.000000000000000000e+00 0.000000000000000000e+00 0.000000000000000000e+00 5.555555555555555247e-02 5.555555555555555247e-02 5.555555555555555247e-02 5.555555555555555247e-02
3.067092651757188371e-01 6.773162939297124874e-01 8.210862619808306784e-01 8.482428115015974157e-01 8.546325878594249748e-01 8.642172523961660913e-01 8.674121405750798708e-01 8.706070287539936503e-01 8.769968051118210983e-01 8.769968051118210983e-01
1.030789825970548912e-01 3.560910307898259575e-01 5.769745649263721132e-01 7.028112449799196471e-01 7.550200803212850920e-01 7.858099062918340039e-01 8.018741633199464314e-01 8.085676037483265910e-01 8.099062918340026451e-01 8.152610441767068616e-01
2.500000000000000139e-02 1.218749999999999972e-01 2.937500000000000111e-01 3.812499999999999778e-01 4.249999999999999889e-01 4.562499999999999889e-01 4.968750000000000111e-01 5.124999999999999556e-01 5.250000000000000222e-01 5.312500000000000000e-01
0.000000000000000000e+00 0.000000000000000000e+00 0.000000000000000000e+00 2.500000000000000000e-01 2.500000000000000000e-01 2.500000000000000000e-01 2.500000000000000000e-01 2.500000000000000000e-01 2.500000000000000000e-01 2.500000000000000000e-01
2.352941176470588203e-02 1.458823529411764630e-01 3.788235294117647256e-01 5.976470588235294201e-01 6.705882352941175961e-01 7.035294117647058476e-01 7.176470588235294157e-01 7.294117647058823151e-01 7.294117647058823151e-01 7.364705882352940991e-01
8.093994778067885310e-02 2.989556135770234935e-01 5.078328981723237989e-01 6.592689295039164676e-01 7.180156657963446820e-01 7.545691906005221883e-01 7.754569190600522077e-01 7.832898172323760067e-01 7.911227154046996946e-01 7.963446475195822272e-01
1.491442542787285996e-01 5.501222493887530929e-01 7.041564792176039367e-01 7.726161369193154105e-01 7.823960880195599543e-01 7.946210268948655786e-01 7.995110024449877395e-01 8.044009779951100114e-01 8.092909535452322833e-01 8.141809290953545553e-01
1.862068965517241492e-01 5.827586206896552268e-01 7.310344827586207073e-01 7.793103448275862100e-01 7.862068965517241548e-01 8.034482758620690168e-01 8.034482758620690168e-01 8.068965517241378782e-01 8.103448275862068506e-01 8.137931034482758230e-01
1.483679525222551809e-01 4.688427299703263884e-01 6.646884272997032328e-01 7.922848664688427744e-01 8.130563798219584415e-01 8.278931750741840290e-01 8.397626112759644101e-01 8.456973293768546007e-01 8.456973293768546007e-01 8.486646884272996960e-01
1.594594594594594683e-01 4.175675675675675769e-01 6.540540540540540349e-01 7.472972972972973249e-01 7.716216216216216228e-01 7.797297297297297591e-01 7.837837837837837718e-01 8.000000000000000444e-01 8.067567567567567322e-01 8.067567567567567322e-01
1.086956521739130405e-01 1.956521739130434867e-01 2.500000000000000000e-01 3.260869565217391353e-01 3.804347826086956763e-01 4.239130434782608647e-01 4.347826086956521618e-01 4.347826086956521618e-01 4.347826086956521618e-01 4.347826086956521618e-01
4.180194805194804852e-02 2.090097402597402565e-01 4.460227272727272929e-01 6.428571428571429047e-01 7.167207792207792583e-01 7.491883116883116811e-01 7.711038961038960693e-01 7.792207792207792583e-01 7.869318181818182323e-01 7.913961038961039307e-01
6.594594594594595238e-02 2.399999999999999911e-01 4.227027027027027151e-01 5.805405405405404951e-01 6.475675675675676146e-01 7.010810810810810256e-01 7.254054054054054346e-01 7.405405405405405261e-01 7.535135135135134776e-01 7.654054054054053591e-01
1.279543602281988657e-01 4.343928280358598237e-01 6.291768541157294337e-01 7.326813365933170230e-01 7.693561532192338959e-01 7.872860635696821152e-01 7.962510187449062249e-01 8.035859820700896883e-01 8.125509372453137980e-01 8.215158924205379076e-01
3.681592039800995336e-02 1.611940298507462677e-01 3.830845771144278378e-01 5.711442786069651500e-01 6.437810945273632068e-01 6.756218905472637370e-01 6.865671641791044610e-01 6.935323383084577298e-01 7.014925373134328623e-01 7.054726368159204286e-01
7.250538406317301454e-02 2.189519023689877886e-01 4.192390524048815736e-01 5.750179468772433911e-01 6.267049533381191528e-01 6.525484565685570892e-01 6.625987078248384288e-01 6.719310839913854583e-01 6.769562096195261836e-01 6.798277099784637567e-01
3.139040680024286489e-01 6.223436551305403519e-01 7.188828172434730268e-01 7.292046144505160976e-01 7.334547662416515124e-01 7.352762598664237537e-01 7.352762598664237537e-01 7.358834244080145748e-01 7.364905889496053959e-01 7.370977534911961060e-01
2.789451998351874518e-01 5.681911825298722185e-01 7.227029254223320542e-01 7.696744952616398905e-01 7.803873094355171514e-01 7.849196538936958900e-01 7.861557478368356167e-01 7.873918417799752323e-01 7.882159044087350130e-01 7.898640296662546856e-01
3.898473788984737620e-01 6.804910418049103793e-01 7.577969475779694486e-01 7.704047777040478051e-01 7.720637027206370684e-01 7.730590577305905819e-01 7.733908427339084568e-01 7.747179827471798452e-01 7.753815527538154839e-01 7.770404777704047472e-01
1.079442086112795685e-01 2.983626440266828328e-01 4.633110976349302801e-01 5.530624620982413919e-01 6.003638568829593458e-01 6.240145542753183783e-01 6.282595512431776719e-01 6.306852637962401253e-01 6.325045482110369655e-01 6.349302607640994189e-01
1.471354166666666574e-01 3.294270833333333148e-01 4.322916666666666852e-01 4.960937500000000000e-01 5.520833333333333703e-01 6.054687500000000000e-01 6.601562500000000000e-01 6.809895833333333703e-01 6.861979166666666297e-01 6.875000000000000000e-01
3.401937046004842591e-01 7.118644067796610075e-01 8.607748184019370363e-01 8.789346246973365195e-01 8.825665859564164606e-01 8.886198547215495847e-01 8.886198547215495847e-01 8.898305084745762317e-01 8.898305084745762317e-01 8.922518159806295257e-01
2.480769230769230838e-01 6.961538461538461231e-01 8.423076923076923128e-01 8.740384615384615419e-01 8.788461538461538325e-01 8.836538461538461231e-01 8.846153846153845812e-01 8.855769230769230393e-01 8.884615384615384137e-01 8.894230769230768718e-01
1.702702702702702797e-01 4.702702702702702964e-01 6.189189189189189255e-01 6.810810810810811189e-01 7.081081081081080919e-01 7.108108108108107670e-01 7.135135135135135531e-01 7.189189189189189033e-01 7.189189189189189033e-01 7.189189189189189033e-01
2.522123893805309769e-01 6.489675516224189256e-01 8.259587020648967437e-01 8.613569321533923739e-01 8.657817109144543277e-01 8.687315634218288896e-01 8.716814159292035624e-01 8.746312684365781243e-01 8.761061946902655162e-01 8.761061946902655162e-01
1.496815286624203767e-01 3.025477707006369310e-01 4.394904458598726249e-01 4.745222929936305789e-01 4.777070063694267565e-01 4.840764331210191118e-01 4.904458598726114671e-01 4.936305732484076447e-01 4.968152866242038224e-01 4.968152866242038224e-01
1.674641148325358986e-01 4.593301435406698663e-01 6.411483253588516895e-01 7.272727272727272929e-01 7.320574162679426289e-01 7.607655502392344227e-01 7.751196172248804306e-01 7.846889952153109915e-01 7.846889952153109915e-01 7.894736842105263275e-01
1.387283236994219515e-01 3.988439306358381731e-01 6.127167630057803738e-01 7.456647398843930796e-01 7.687861271676300623e-01 7.861271676300578548e-01 7.919075144508670450e-01 8.034682080924855363e-01 8.034682080924855363e-01 8.034682080924855363e-01
1.642857142857142849e-01 3.857142857142857317e-01 5.999999999999999778e-01 6.999999999999999556e-01 7.285714285714285365e-01 7.428571428571428825e-01 7.642857142857142350e-01 7.642857142857142350e-01 7.642857142857142350e-01 7.642857142857142350e-01
1.142857142857142821e-01 3.238095238095238249e-01 4.761904761904761640e-01 6.761904761904762307e-01 7.142857142857143016e-01 7.238095238095237915e-01 7.333333333333332815e-01 7.428571428571428825e-01 7.428571428571428825e-01 7.523809523809523725e-01
1.538461538461538547e-01 5.664335664335664600e-01 7.832167832167832300e-01 8.601398601398601018e-01 8.951048951048951041e-01 8.951048951048951041e-01 8.951048951048951041e-01 9.020979020979020824e-01 9.090909090909090606e-01 9.160839160839160389e-01
4.729001584786053924e-01 7.841521394611727924e-01 8.633914421553090524e-01 8.776545166402535125e-01 8.830427892234548048e-01 8.896988906497622640e-01 8.960380348652932092e-01 9.033280507131536963e-01 9.103011093502376694e-01 9.150554675118859338e-01
3.773584905660377214e-02 2.293942403177755829e-01 4.975173783515392523e-01 7.100297914597815119e-01 8.202581926514399546e-01 8.579940417080437198e-01 8.748758689175769598e-01 8.907646474677258785e-01 8.947368421052631637e-01 9.026812313803376231e-01
2.738432483474976392e-02 1.926345609065155673e-01 4.372049102927290098e-01 6.657223796033994168e-01 7.554296506137866407e-01 8.016997167138810720e-01 8.158640226628894876e-01 8.281397544853635884e-01 8.366383380547686155e-01 8.451369216241737536e-01
3.508771929824561209e-02 2.067669172932330712e-01 5.087719298245614308e-01 6.917293233082706383e-01 7.543859649122807154e-01 8.032581453634085600e-01 8.258145363408521122e-01 8.308270676691729140e-01 8.358395989974937157e-01 8.408521303258145174e-01
1.250000000000000069e-02 1.187499999999999944e-01 3.062500000000000222e-01 4.812500000000000111e-01 5.937500000000000000e-01 6.687499999999999556e-01 6.999999999999999556e-01 7.500000000000000000e-01 7.812500000000000000e-01 7.937499999999999556e-01
5.447852760736195954e-01 7.681925436526663153e-01 8.082114204813590774e-01 8.133081642284096802e-01 8.157621519584710157e-01 8.179329872581406757e-01 8.194431335535630190e-01 8.213308164228410035e-01 8.232184992921188771e-01 8.252005663048608275e-01
3.625072212593876131e-01 6.335932986712882187e-01 7.073945696129404492e-01 7.193818601964182546e-01 7.234257654534951287e-01 7.253032928942807489e-01 7.280473714615829373e-01 7.292027729636048061e-01 7.310803004043905373e-01 7.329578278451761575e-01
1.393058161350844149e-01 3.447467166979362174e-01 4.596622889305815862e-01 5.018761726078799779e-01 5.196998123827392124e-01 5.257973733583489739e-01 5.290806754221388797e-01 5.290806754221388797e-01 5.309568480300187465e-01 5.323639774859286744e-01
4.914675767918088439e-02 1.460750853242320790e-01 2.416382252559726995e-01 3.064846416382252525e-01 3.324232081911263070e-01 3.419795221843003330e-01 3.447098976109215229e-01 3.453924914675767788e-01 3.467576791808873460e-01 3.474402730375426573e-01
7.785467128027681247e-03 6.401384083044982243e-02 1.332179930795847622e-01 1.825259515570934188e-01 2.058823529411764608e-01 2.171280276816608956e-01 2.197231833910034682e-01 2.231833910034602131e-01 2.240484429065743854e-01 2.249134948096885855e-01
9.930423782416192280e-02 4.003795066413662340e-01 6.369386464263124825e-01 7.115749525616698046e-01 7.210626185958254331e-01 7.248576850094876622e-01 7.267552182163188323e-01 7.267552182163188323e-01 7.280202403542062051e-01 7.292852624920935778e-01
5.405405405405405705e-03 4.864864864864865135e-02 1.297297297297297369e-01 1.513513513513513598e-01 1.783783783783783883e-01 1.783783783783783883e-01 1.783783783783783883e-01 1.783783783783783883e-01 1.783783783783783883e-01 1.837837837837837940e-01
0.000000000000000000e+00 1.315789473684210453e-02 5.263157894736841813e-02 7.894736842105262720e-02 1.052631578947368363e-01 1.315789473684210453e-01 1.447368421052631637e-01 1.447368421052631637e-01 1.447368421052631637e-01 1.447368421052631637e-01
1.587301587301587213e-02 3.174603174603174427e-02 7.936507936507936067e-02 1.269841269841269771e-01 1.269841269841269771e-01 1.269841269841269771e-01 1.269841269841269771e-01 1.269841269841269771e-01 1.269841269841269771e-01 1.269841269841269771e-01
1.041666666666666609e-02 2.083333333333333218e-02 3.125000000000000000e-02 5.208333333333333565e-02 7.291666666666667129e-02 7.291666666666667129e-02 7.291666666666667129e-02 7.291666666666667129e-02 7.291666666666667129e-02 7.291666666666667129e-02
1.501976284584980170e-01 5.928853754940711651e-01 7.351778656126481959e-01 7.391304347826086474e-01 7.430830039525692099e-01 7.430830039525692099e-01 7.509881422924901129e-01 7.509881422924901129e-01 7.549407114624505644e-01 7.549407114624505644e-01
3.061224489795918435e-01 6.870748299319727748e-01 7.482993197278912101e-01 7.551020408163264808e-01 7.551020408163264808e-01 7.619047619047618625e-01 7.687074829931972442e-01 7.687074829931972442e-01 7.755102040816326259e-01 7.755102040816326259e-01
1.544117647058823595e-01 3.235294117647058987e-01 5.808823529411765163e-01 6.176470588235294379e-01 6.176470588235294379e-01 6.250000000000000000e-01 6.250000000000000000e-01 6.250000000000000000e-01 6.250000000000000000e-01 6.323529411764705621e-01
0.000000000000000000e+00 4.347826086956521618e-02 8.695652173913043237e-02 1.304347826086956486e-01 1.304347826086956486e-01 1.304347826086956486e-01 1.739130434782608647e-01 1.739130434782608647e-01 1.739130434782608647e-01 1.739130434782608647e-01
1.724137931034482873e-01 4.482758620689655249e-01 4.827586206896551935e-01 5.172413793103448620e-01 5.172413793103448620e-01 5.172413793103448620e-01 5.172413793103448620e-01 5.172413793103448620e-01 5.172413793103448620e-01 5.172413793103448620e-01
4.949494949494949725e-01 7.818181818181818565e-01 8.444444444444444420e-01 8.565656565656565302e-01 8.666666666666666963e-01 8.747474747474747181e-01 8.767676767676767513e-01 8.787878787878787845e-01 8.787878787878787845e-01 8.787878787878787845e-01
3.307086614173228578e-01 7.007874015748031260e-01 8.818897637795275468e-01 9.055118110236219930e-01 9.055118110236219930e-01 9.212598425196850682e-01 9.212598425196850682e-01 9.370078740157480324e-01 9.527559055118109965e-01 9.527559055118109965e-01
3.310344827586206851e-01 7.448275862068965969e-01 8.620689655172413257e-01 8.827586206896551602e-01 9.034482758620689946e-01 9.103448275862069394e-01 9.103448275862069394e-01 9.172413793103447732e-01 9.172413793103447732e-01 9.172413793103447732e-01
2.800000000000000266e-01 5.799999999999999600e-01 6.999999999999999556e-01 7.199999999999999734e-01 7.399999999999999911e-01 7.600000000000000089e-01 7.600000000000000089e-01 7.600000000000000089e-01 8.000000000000000444e-01 8.000000000000000444e-01
6.666666666666666574e-02 3.333333333333333148e-01 4.000000000000000222e-01 5.333333333333333259e-01 5.999999999999999778e-01 5.999999999999999778e-01 5.999999999999999778e-01 5.999999999999999778e-01 5.999999999999999778e-01 5.999999999999999778e-01
1.145374449339207068e-01 3.788546255506607952e-01 5.066079295154185536e-01 5.814977973568281611e-01 6.167400881057268913e-01 6.828193832599118718e-01 7.136563876651982330e-01 7.312775330396475981e-01 7.356828193832599672e-01 7.533039647577092213e-01
0.000000000000000000e+00 0.000000000000000000e+00 0.000000000000000000e+00 7.692307692307692735e-02 7.692307692307692735e-02 7.692307692307692735e-02 7.692307692307692735e-02 7.692307692307692735e-02 7.692307692307692735e-02 7.692307692307692735e-02
0.000000000000000000e+00 0.000000000000000000e+00 9.090909090909091161e-02 1.818181818181818232e-01 1.818181818181818232e-01 1.818181818181818232e-01 1.818181818181818232e-01 1.818181818181818232e-01 1.818181818181818232e-01 1.818181818181818232e-01
0.000000000000000000e+00 0.000000000000000000e+00 0.000000000000000000e+00 0.000000000000000000e+00 0.000000000000000000e+00 0.000000000000000000e+00 0.000000000000000000e+00 0.000000000000000000e+00 0.000000000000000000e+00 0.000000000000000000e+00
0.000000000000000000e+00 0.000000000000000000e+00 0.000000000000000000e+00 0.000000000000000000e+00 0.000000000000000000e+00 0.000000000000000000e+00 0.000000000000000000e+00 0.000000000000000000e+00 0.000000000000000000e+00 0.000000000000000000e+00
4.571428571428571286e-01 7.519163763066202266e-01 8.487804878048780255e-01 8.703832752613240853e-01 8.766550522648083321e-01 8.815331010452961413e-01 8.829268292682926900e-01 8.850174216027874019e-01 8.864111498257839505e-01 8.871080139372822249e-01
1.819727891156462662e-01 3.894557823129251584e-01 5.442176870748299811e-01 6.241496598639455495e-01 6.445578231292516946e-01 6.615646258503401489e-01 6.768707482993197022e-01 6.870748299319727748e-01 6.904761904761904656e-01 6.904761904761904656e-01
8.143322475570032026e-02 2.442996742671009747e-01 3.257328990228012811e-01 3.876221498371335561e-01 4.299674267100977443e-01 4.527687296416937901e-01 4.560260586319218046e-01 4.755700325732898914e-01 4.820846905537459204e-01 4.885993485342019493e-01
2.272727272727272790e-02 1.022727272727272790e-01 2.045454545454545581e-01 2.500000000000000000e-01 3.522727272727272929e-01 3.863636363636363535e-01 4.090909090909091161e-01 4.090909090909091161e-01 4.090909090909091161e-01 4.204545454545454697e-01
0.000000000000000000e+00 0.000000000000000000e+00 0.000000000000000000e+00 1.333333333333333315e-01 1.333333333333333315e-01 1.333333333333333315e-01 1.333333333333333315e-01 1.333333333333333315e-01 1.333333333333333315e-01 1.333333333333333315e-01
3.618915159944366966e-01 7.554937413073713470e-01 8.573018080667593743e-01 8.639777468706536512e-01 8.670375521557719400e-01 8.687065368567454815e-01 8.700973574408901179e-01 8.717663421418636593e-01 8.723226703755215805e-01 8.728789986091793907e-01
1.741214057507987356e-01 5.388711395101171142e-01 7.199148029818955852e-01 7.630457933972311091e-01 7.678381256656017229e-01 7.731629392971246517e-01 7.758253461128860051e-01 7.779552715654951545e-01 7.784877529286474696e-01 7.806176783812566189e-01
9.197324414715718488e-02 3.210702341137123828e-01 4.648829431438127324e-01 5.484949832775919409e-01 5.702341137123745352e-01 5.719063545150501193e-01 5.735785953177257035e-01 5.785953177257524560e-01 5.819397993311036243e-01 5.836120401337793195e-01
2.371294851794071845e-01 6.232449297971919266e-01 7.971918876755069716e-01 8.280031201248050365e-01 8.342433697347894084e-01 8.381435257410296824e-01 8.408736349453977965e-01 8.424336973478938617e-01 8.451638065522620868e-01 8.471138845553821684e-01
1.210407239819004527e-01 3.993212669683258165e-01 5.712669683257918241e-01 6.266968325791855143e-01 6.425339366515837591e-01 6.527149321266968451e-01 6.572398190045248834e-01 6.583710407239818929e-01 6.583710407239818929e-01 6.583710407239818929e-01
2.495867768595041447e-01 6.099173553719008378e-01 8.082644628099173723e-01 8.826446280991735449e-01 8.942148760330578261e-01 8.975206611570247794e-01 8.975206611570247794e-01 8.975206611570247794e-01 8.975206611570247794e-01 8.975206611570247794e-01
1.040892193308550207e-01 3.921933085501858596e-01 6.003717472118959009e-01 7.323420074349442643e-01 7.899628252788104543e-01 8.215613382899628059e-01 8.234200743494424213e-01 8.252788104089219257e-01 8.252788104089219257e-01 8.271375464684015411e-01
4.094319399785637525e-01 7.556270096463022501e-01 8.692390139335477439e-01 8.863879957127545062e-01 8.917470525187567443e-01 8.949624866023579983e-01 8.981779206859592524e-01 8.981779206859592524e-01 8.992497320471597444e-01 9.003215434083601254e-01
2.299651567944250852e-01 5.052264808362368909e-01 6.306620209059233817e-01 6.968641114982578877e-01 7.142857142857143016e-01 7.247386759581881943e-01 7.247386759581881943e-01 7.386759581881533476e-01 7.421602787456446082e-01 7.491289198606271293e-01
1.314285714285714224e-01 3.314285714285714057e-01 4.971428571428571641e-01 5.999999999999999778e-01 7.057142857142857384e-01 7.714285714285714635e-01 7.971428571428571530e-01 8.085714285714286076e-01 8.114285714285713880e-01 8.114285714285713880e-01
2.124542124542124488e-01 4.652014652014652141e-01 6.043956043956043578e-01 6.556776556776556797e-01 6.666666666666666297e-01 6.739926739926740407e-01 6.813186813186813406e-01 6.849816849816849906e-01 6.886446886446886406e-01 6.959706959706959406e-01
1.623711340206185627e-01 3.840206185567010544e-01 5.025773195876288568e-01 5.773195876288659267e-01 5.953608247422680355e-01 6.108247422680412875e-01 6.211340206185567148e-01 6.262886597938144284e-01 6.288659793814432852e-01 6.340206185567009989e-01
1.538461538461538547e-01 5.000000000000000000e-01 7.307692307692307265e-01 7.692307692307692735e-01 8.076923076923077094e-01 8.076923076923077094e-01 8.076923076923077094e-01 8.076923076923077094e-01 8.461538461538461453e-01 8.461538461538461453e-01
4.081632653061224164e-02 1.224489795918367319e-01 1.836734693877551117e-01 3.265306122448979331e-01 3.265306122448979331e-01 3.673469387755102233e-01 3.877551020408163129e-01 3.877551020408163129e-01 3.877551020408163129e-01 3.877551020408163129e-01
0.000000000000000000e+00 0.000000000000000000e+00 0.000000000000000000e+00 0.000000000000000000e+00 0.000000000000000000e+00 0.000000000000000000e+00 0.000000000000000000e+00 0.000000000000000000e+00 0.000000000000000000e+00 0.000000000000000000e+00
3.306878306878306695e-02 1.349206349206349131e-01 2.936507936507936622e-01 4.484126984126984294e-01 5.740740740740740700e-01 6.626984126984126755e-01 6.944444444444444198e-01 7.063492063492063933e-01 7.116402116402116285e-01 7.169312169312169747e-01
3.953488372093023201e-02 1.116279069767441845e-01 1.883720930232558044e-01 2.674418604651162545e-01 3.186046511627906863e-01 3.348837209302325535e-01 3.558139534883720811e-01 3.720930232558139483e-01 3.953488372093023062e-01 4.000000000000000222e-01
1.703437660338635307e-01 5.274499743458184176e-01 7.685992816829143592e-01 8.578758337609030393e-01 8.727552591072345045e-01 8.794253463314519736e-01 8.809645972293483895e-01 8.814776808619805282e-01 8.830169317598768330e-01 8.845561826577732489e-01
6.671449067431850510e-02 2.596843615494978663e-01 5.193687230989957326e-01 7.295552367288379303e-01 8.091822094691535350e-01 8.271162123385940035e-01 8.314203730272596848e-01 8.357245337159253662e-01 8.371592539454806303e-01 8.385939741750358944e-01
8.547008547008547868e-03 1.709401709401709574e-02 6.410256410256409687e-02 1.068376068376068327e-01 1.538461538461538547e-01 1.752136752136752018e-01 2.094017094017094072e-01 2.136752136752136655e-01 2.179487179487179516e-01 2.264957264957264960e-01
3.622693096377306854e-01 7.477785372522214313e-01 8.721804511278195005e-01 9.002050580997948970e-01 9.090909090909090606e-01 9.131920710868078883e-01 9.152426520847573022e-01 9.172932330827067160e-01 9.207108680792891464e-01 9.213943950786056547e-01
1.914893617021276584e-01 5.319148936170212671e-01 6.382978723404255650e-01 6.914893617021277139e-01 7.340425531914893664e-01 7.340425531914893664e-01 7.340425531914893664e-01 7.659574468085106336e-01 7.659574468085106336e-01 7.659574468085106336e-01
3.580246913580246715e-01 6.913580246913579863e-01 8.279320987654320563e-01 8.719135802469135665e-01 8.888888888888888395e-01 8.958333333333333703e-01 8.973765432098765871e-01 9.020061728395061262e-01 9.074074074074074403e-01 9.081790123456789932e-01
3.443396226415094130e-01 6.981132075471697673e-01 8.207547169811321153e-01 8.915094339622641195e-01 9.103773584905660021e-01 9.245283018867924696e-01 9.245283018867924696e-01 9.245283018867924696e-01 9.245283018867924696e-01 9.245283018867924696e-01
2.297297297297297425e-01 4.054054054054054279e-01 5.000000000000000000e-01 5.675675675675675436e-01 6.081081081081081141e-01 6.216216216216216006e-01 6.486486486486486847e-01 6.486486486486486847e-01 6.486486486486486847e-01 6.486486486486486847e-01
4.364640883977900510e-01 8.232044198895027698e-01 8.839779005524861510e-01 8.950276243093923112e-01 9.005524861878453358e-01 9.005524861878453358e-01 9.005524861878453358e-01 9.060773480662983603e-01 9.116022099447513849e-01 9.116022099447513849e-01
2.631578947368420907e-01 5.526315789473684736e-01 7.443609022556391119e-01 8.082706766917293617e-01 8.233082706766917669e-01 8.233082706766917669e-01 8.270676691729322849e-01 8.308270676691729140e-01 8.345864661654135430e-01 8.383458646616541721e-01
1.428571428571428492e-01 3.609022556390977243e-01 5.112781954887217761e-01 5.488721804511278446e-01 6.090225563909774653e-01 6.165413533834586124e-01 6.240601503759398705e-01 6.315789473684210176e-01 6.390977443609022757e-01 6.390977443609022757e-01
2.857142857142856984e-01 6.785714285714286031e-01 7.678571428571429047e-01 8.214285714285713969e-01 8.214285714285713969e-01 8.303571428571429047e-01 8.303571428571429047e-01 8.392857142857143016e-01 8.482142857142856984e-01 8.482142857142856984e-01
7.446808510638297518e-02 1.489361702127659504e-01 2.234042553191489255e-01 2.765957446808510745e-01 2.978723404255319007e-01 2.978723404255319007e-01 2.978723404255319007e-01 3.085106382978723416e-01 3.085106382978723416e-01 3.085106382978723416e-01
1.728110599078341025e-01 4.539170506912442171e-01 6.612903225806451291e-01 7.442396313364055827e-01 7.799539170506912811e-01 7.914746543778802268e-01 8.029953917050691725e-01 8.064516129032257563e-01 8.076036866359447286e-01 8.122119815668202847e-01
1.124780316344463904e-01 3.690685413005272419e-01 5.553602811950790752e-01 6.414762741652021427e-01 6.871704745166959949e-01 6.959578207381370563e-01 7.029876977152900164e-01 7.100175746924428655e-01 7.117750439367310777e-01 7.135325131810192900e-01
1.545492314083921903e-01 5.238886580805982573e-01 7.864561695056085933e-01 8.741171582883257019e-01 8.878271707519733713e-01 8.928126298296634733e-01 8.957208142916494031e-01 8.998753635230577475e-01 9.036144578313253239e-01 9.073535521395929004e-01
1.177184466019417508e-01 3.276699029126213802e-01 5.339805825242718296e-01 6.844660194174757573e-01 7.269417475728154887e-01 7.390776699029125707e-01 7.427184466019417508e-01 7.487864077669902363e-01 7.572815533980582492e-01 7.682038834951456785e-01
0.000000000000000000e+00 6.086956521739130682e-02 1.043478260869565161e-01 1.565217391304347949e-01 1.652173913043478160e-01 1.739130434782608647e-01 1.913043478260869623e-01 2.000000000000000111e-01 2.000000000000000111e-01 2.173913043478260809e-01
4.772727272727272929e-01 8.265550239234449315e-01 8.917464114832536204e-01 9.001196172248804306e-01 9.102870813397129224e-01 9.138755980861243966e-01 9.174641148325358708e-01 9.222488038277512068e-01 9.240430622009568884e-01 9.264354066985646119e-01
1.814814814814814936e-01 3.814814814814814770e-01 4.888888888888888729e-01 5.444444444444443976e-01 5.592592592592592338e-01 5.777777777777777235e-01 5.814814814814814881e-01 5.888888888888889062e-01 5.962962962962963243e-01 5.962962962962963243e-01
0.000000000000000000e+00 1.098901098901098987e-02 1.098901098901098987e-02 1.098901098901098987e-02 1.098901098901098987e-02 2.197802197802197974e-02 2.197802197802197974e-02 4.395604395604395948e-02 4.395604395604395948e-02 5.494505494505494414e-02
5.862068965517241298e-02 1.620689655172413701e-01 2.896551724137931272e-01 3.275862068965517127e-01 3.655172413793103536e-01 3.862068965517241326e-01 4.000000000000000222e-01 4.172413793103448287e-01 4.241379310344827736e-01 4.379310344827586077e-01
6.666666666666667095e-03 1.333333333333333419e-02 5.333333333333333676e-02 5.333333333333333676e-02 5.333333333333333676e-02 5.333333333333333676e-02 5.999999999999999778e-02 5.999999999999999778e-02 7.333333333333333370e-02 7.333333333333333370e-02
2.012793176972281495e-01 5.650319829424307327e-01 7.859275053304903835e-01 8.780383795309167905e-01 8.997867803837953371e-01 9.104477611940298143e-01 9.130063965884861465e-01 9.138592750533048870e-01 9.164179104477612192e-01 9.176972281449893298e-01
4.347826086956521618e-02 1.826086956521739135e-01 3.782608695652173725e-01 5.260869565217390909e-01 6.115942028985507095e-01 6.855072463768115965e-01 7.086956521739130599e-01 7.217391304347826608e-01 7.304347826086956541e-01 7.376811594202898892e-01
1.276202219482120703e-01 3.871763255240444068e-01 6.103575832305795368e-01 7.176325524044390169e-01 7.570900123304562523e-01 7.749691738594327584e-01 7.829839704069050388e-01 7.848335388409370950e-01 7.897657213316893188e-01 7.916152897657213749e-01
3.143418467583496828e-02 1.552062868369351589e-01 3.143418467583496967e-01 5.088408644400785885e-01 6.267190569744597317e-01 6.994106090373281015e-01 7.367387033398821172e-01 7.485265225933201982e-01 7.544204322200392943e-01 7.603143418467583903e-01
1.342281879194630843e-02 5.369127516778523374e-02 1.409395973154362325e-01 1.879194630872483285e-01 2.483221476510067138e-01 2.953020134228188098e-01 3.288590604026845887e-01 3.758389261744966570e-01 3.825503355704698016e-01 4.161073825503355805e-01
2.768361581920903980e-01 5.762711864406779849e-01 6.892655367231638186e-01 7.288135593220338437e-01 7.457627118644067910e-01 7.457627118644067910e-01 7.740112994350282216e-01 7.740112994350282216e-01 7.796610169491525744e-01 7.796610169491525744e-01
9.459459459459459985e-02 3.175675675675675436e-01 5.202702702702702853e-01 6.081081081081081141e-01 6.351351351351350871e-01 6.621621621621621712e-01 6.756756756756756577e-01 6.756756756756756577e-01 6.756756756756756577e-01 6.824324324324324564e-01
2.000000000000000042e-02 1.199999999999999956e-01 1.600000000000000033e-01 2.600000000000000089e-01 2.800000000000000266e-01 3.400000000000000244e-01 3.800000000000000044e-01 4.000000000000000222e-01 4.199999999999999845e-01 4.199999999999999845e-01
6.211180124223602411e-02 1.987577639751552661e-01 3.105590062111800997e-01 3.726708074534161308e-01 4.037267080745341463e-01 4.409937888198757761e-01 4.534161490683230045e-01 4.534161490683230045e-01 4.596273291925465632e-01 4.596273291925465632e-01
1.176470588235294101e-02 7.058823529411764608e-02 1.529411764705882470e-01 2.117647058823529382e-01 2.235294117647058931e-01 2.352941176470588203e-01 2.588235294117647300e-01 2.588235294117647300e-01 2.823529411764705843e-01 2.823529411764705843e-01
