2.643097643097643279e-01 6.228956228956229468e-01 7.407407407407406996e-01 7.811447811447811418e-01 7.929292929292929282e-01 8.063973063973064459e-01 8.198653198653198526e-01 8.265993265993265560e-01 8.400673400673400737e-01 8.451178451178451567e-01
2.807017543859648967e-01 4.912280701754385692e-01 7.192982456140351033e-01 8.070175438596490780e-01 8.245614035087719396e-01 8.245614035087719396e-01 8.245614035087719396e-01 8.245614035087719396e-01 8.245614035087719396e-01 8.245614035087719396e-01
0.000000000000000000e+00 0.000000000000000000e+00 3.333333333333333148e-01 3.333333333333333148e-01 3.333333333333333148e-01 3.333333333333333148e-01 3.333333333333333148e-01 3.333333333333333148e-01 3.333333333333333148e-01 3.333333333333333148e-01
4.761904761904761640e-02 2.380952380952380820e-01 3.968253968253968034e-01 4.603174603174602919e-01 5.238095238095238360e-01 5.238095238095238360e-01 5.396825396825396526e-01 5.555555555555555802e-01 5.555555555555555802e-01 5.555555555555555802e-01
0.000000000000000000e+00 0.000000000000000000e+00 0.000000000000000000e+00 0.000000000000000000e+00 0.000000000000000000e+00 0.000000000000000000e+00 0.000000000000000000e+00 0.000000000000000000e+00 0.000000000000000000e+00 0.000000000000000000e+00
1.250000000000000000e-01 5.892857142857143016e-01 7.857142857142856984e-01 8.214285714285713969e-01 8.392857142857143016e-01 8.750000000000000000e-01 8.750000000000000000e-01 8.750000000000000000e-01 9.107142857142856984e-01 9.107142857142856984e-01
0.000000000000000000e+00 3.333333333333333148e-01 7.777777777777777901e-01 7.777777777777777901e-01 7.777777777777777901e-01 7.777777777777777901e-01 7.777777777777777901e-01 7.777777777777777901e-01 7.777777777777777901e-01 7.777777777777777901e-01
0.000000000000000000e+00 0.000000000000000000e+00 0.000000000000000000e+00 0.000000000000000000e+00 0.000000000000000000e+00 0.000000000000000000e+00 0.000000000000000000e+00 0.000000000000000000e+00 0.000000000000000000e+00 0.000000000000000000e+00
0.000000000000000000e+00 2.857142857142856984e-01 5.000000000000000000e-01 5.714285714285713969e-01 5.714285714285713969e-01 5.714285714285713969e-01 5.714285714285713969e-01 5.714285714285713969e-01 5.714285714285713969e-01 5.714285714285713969e-01
0.000000000000000000e+00 0.000000000000000000e+00 0.000000000000000000e+00 0.000000000000000000e+00 0.000000000000000000e+00 0.000000000000000000e+00 0.000000000000000000e+00 0.000000000000000000e+00 0.000000000000000000e+00 0.000000000000000000e+00
4.374045801526717514e-01 7.488549618320610168e-01 8.272264631043256822e-01 8.488549618320611057e-01 8.577608142493639010e-01 8.659033078880407075e-01 8.712468193384224069e-01 8.793893129770992134e-01 8.872773536895673940e-01 8.944020356234096969e-01
1.781376518218623362e-01 4.736842105263157632e-01 5.829959514170039991e-01 6.113360323886639636e-01 6.153846153846154188e-01 6.153846153846154188e-01 6.153846153846154188e-01 6.153846153846154188e-01 6.153846153846154188e-01 6.234817813765182182e-01
4.444444444444444614e-02 2.000000000000000111e-01 2.666666666666666630e-01 2.999999999999999889e-01 2.999999999999999889e-01 3.111111111111111160e-01 3.222222222222222432e-01 3.222222222222222432e-01 3.222222222222222432e-01 3.222222222222222432e-01
1.481481481481481399e-01 2.962962962962962798e-01 3.333333333333333148e-01 3.703703703703703498e-01 3.703703703703703498e-01 3.703703703703703498e-01 3.703703703703703498e-01 3.703703703703703498e-01 3.703703703703703498e-01 3.703703703703703498e-01
1.111111111111111049e-01 2.222222222222222099e-01 3.333333333333333148e-01 3.333333333333333148e-01 3.333333333333333148e-01 3.333333333333333148e-01 3.333333333333333148e-01 3.333333333333333148e-01 3.333333333333333148e-01 3.333333333333333148e-01
0.000000000000000000e+00 0.000000000000000000e+00 0.000000000000000000e+00 0.000000000000000000e+00 0.000000000000000000e+00 0.000000000000000000e+00 0.000000000000000000e+00 0.000000000000000000e+00 0.000000000000000000e+00 0.000000000000000000e+00
0.000000000000000000e+00 0.000000000000000000e+00 0.000000000000000000e+00 0.000000000000000000e+00 0.000000000000000000e+00 0.000000000000000000e+00 0.000000000000000000e+00 0.000000000000000000e+00 0.000000000000000000e+00 0.000000000000000000e+00
0.000000000000000000e+00 1.428571428571428492e-01 1.428571428571428492e-01 2.857142857142856984e-01 2.857142857142856984e-01 2.857142857142856984e-01 2.857142857142856984e-01 2.857142857142856984e-01 2.857142857142856984e-01 2.857142857142856984e-01
0.000000000000000000e+00 0.000000000000000000e+00 0.000000000000000000e+00 0.000000000000000000e+00 0.000000000000000000e+00 0.000000000000000000e+00 0.000000000000000000e+00 0.000000000000000000e+00 0.000000000000000000e+00 0.000000000000000000e+00
0.000000000000000000e+00 0.000000000000000000e+00 0.000000000000000000e+00 0.000000000000000000e+00 0.000000000000000000e+00 0.000000000000000000e+00 0.000000000000000000e+00 0.000000000000000000e+00 0.000000000000000000e+00 0.000000000000000000e+00
0.000000000000000000e+00 0.000000000000000000e+00 0.000000000000000000e+00 0.000000000000000000e+00 0.000000000000000000e+00 0.000000000000000000e+00 0.000000000000000000e+00 0.000000000000000000e+00 0.000000000000000000e+00 0.000000000000000000e+00
0.000000000000000000e+00 0.000000000000000000e+00 0.000000000000000000e+00 0.000000000000000000e+00 0.000000000000000000e+00 0.000000000000000000e+00 0.000000000000000000e+00 0.000000000000000000e+00 0.000000000000000000e+00 0.000000000000000000e+00
0.000000000000000000e+00 0.000000000000000000e+00 0.000000000000000000e+00 0.000000000000000000e+00 0.000000000000000000e+00 0.000000000000000000e+00 0.000000000000000000e+00 0.000000000000000000e+00 0.000000000000000000e+00 0.000000000000000000e+00
0.000000000000000000e+00 0.000000000000000000e+00 0.000000000000000000e+00 0.000000000000000000e+00 0.000000000000000000e+00 0.000000000000000000e+00 0.000000000000000000e+00 0.000000000000000000e+00 0.000000000000000000e+00 0.000000000000000000e+00
0.000000000000000000e+00 1.515151515151515194e-02 4.545454545454545581e-02 7.575757575757575968e-02 9.090909090909091161e-02 1.060606060606060635e-01 1.060606060606060635e-01 1.060606060606060635e-01 1.060606060606060635e-01 1.060606060606060635e-01
0.000000000000000000e+00 0.000000000000000000e+00 0.000000000000000000e+00 3.333333333333333148e-01 3.333333333333333148e-01 3.333333333333333148e-01 3.333333333333333148e-01 3.333333333333333148e-01 3.333333333333333148e-01 3.333333333333333148e-01
0.000000000000000000e+00 0.000000000000000000e+00 0.000000000000000000e+00 0.000000000000000000e+00 0.000000000000000000e+00 0.000000000000000000e+00 0.000000000000000000e+00 0.000000000000000000e+00 0.000000000000000000e+00 0.000000000000000000e+00
1.806722689075630217e-01 4.075630252100840289e-01 6.008403361344537563e-01 7.142857142857143016e-01 7.521008403361344463e-01 7.689075630252101279e-01 7.689075630252101279e-01 7.689075630252101279e-01 7.773109243697479132e-01 7.857142857142856984e-01
0.000000000000000000e+00 0.000000000000000000e+00 0.000000000000000000e+00 0.000000000000000000e+00 0.000000000000000000e+00 0.000000000000000000e+00 0.000000000000000000e+00 0.000000000000000000e+00 0.000000000000000000e+00 0.000000000000000000e+00
0.000000000000000000e+00 0.000000000000000000e+00 0.000000000000000000e+00 0.000000000000000000e+00 0.000000000000000000e+00 0.000000000000000000e+00 0.000000000000000000e+00 0.000000000000000000e+00 0.000000000000000000e+00 0.000000000000000000e+00
0.000000000000000000e+00 7.692307692307692735e-02 2.307692307692307820e-01 2.307692307692307820e-01 2.307692307692307820e-01 3.076923076923077094e-01 3.076923076923077094e-01 3.076923076923077094e-01 3.076923076923077094e-01 3.076923076923077094e-01
2.000000000000000111e-01 2.000000000000000111e-01 4.000000000000000222e-01 4.000000000000000222e-01 4.000000000000000222e-01 4.000000000000000222e-01 4.000000000000000222e-01 4.000000000000000222e-01 4.000000000000000222e-01 4.000000000000000222e-01
0.000000000000000000e+00 0.000000000000000000e+00 0.000000000000000000e+00 0.000000000000000000e+00 0.000000000000000000e+00 0.000000000000000000e+00 0.000000000000000000e+00 0.000000000000000000e+00 0.000000000000000000e+00 0.000000000000000000e+00
0.000000000000000000e+00 0.000000000000000000e+00 0.000000000000000000e+00 0.000000000000000000e+00 0.000000000000000000e+00 0.000000000000000000e+00 0.000000000000000000e+00 0.000000000000000000e+00 0.000000000000000000e+00 0.000000000000000000e+00
0.000000000000000000e+00 0.000000000000000000e+00 0.000000000000000000e+00 0.000000000000000000e+00 0.000000000000000000e+00 0.000000000000000000e+00 0.000000000000000000e+00 0.000000000000000000e+00 0.000000000000000000e+00 0.000000000000000000e+00
2.864749733759318628e-01 6.389776357827475772e-01 7.848775292864750286e-01 8.232161874334398277e-01 8.370607028753993539e-01 8.551650692225771788e-01 8.636847710330138872e-01 8.700745473908413352e-01 8.775292864749734134e-01 8.892438764643237903e-01
2.550335570469798863e-01 6.201342281879194118e-01 8.080536912751677958e-01 8.496644295302013816e-01 8.617449664429530642e-01 8.791946308724831738e-01 8.885906040268456429e-01 8.966442953020133944e-01 9.073825503355704702e-01 9.181208053691275461e-01
2.315112540192925950e-01 6.173633440514469939e-01 7.781350482315112504e-01 8.231511254019292512e-01 8.327974276527331243e-01 8.553054662379421247e-01 8.681672025723472519e-01 8.745980707395498710e-01 8.842443729903537442e-01 8.890675241157556252e-01
1.155555555555555503e-01 3.555555555555555691e-01 5.377777777777777990e-01 5.955555555555555047e-01 6.266666666666667052e-01 6.488888888888888484e-01 6.577777777777777946e-01 6.622222222222222676e-01 6.711111111111111027e-01 6.977777777777778301e-01
1.818181818181818232e-01 4.545454545454545303e-01 5.757575757575758013e-01 7.575757575757575690e-01 7.575757575757575690e-01 7.575757575757575690e-01 7.575757575757575690e-01 7.878787878787878451e-01 7.878787878787878451e-01 7.878787878787878451e-01
0.000000000000000000e+00 5.000000000000000000e-01 7.500000000000000000e-01 1.000000000000000000e+00 1.000000000000000000e+00 1.000000000000000000e+00 1.000000000000000000e+00 1.000000000000000000e+00 1.000000000000000000e+00 1.000000000000000000e+00
0.000000000000000000e+00 0.000000000000000000e+00 0.000000000000000000e+00 0.000000000000000000e+00 0.000000000000000000e+00 0.000000000000000000e+00 0.000000000000000000e+00 0.000000000000000000e+00 0.000000000000000000e+00 0.000000000000000000e+00
3.333333333333333148e-01 3.846153846153846367e-01 4.358974358974359031e-01 4.358974358974359031e-01 4.358974358974359031e-01 4.615384615384615641e-01 4.871794871794871695e-01 4.871794871794871695e-01 4.871794871794871695e-01 4.871794871794871695e-01
0.000000000000000000e+00 0.000000000000000000e+00 0.000000000000000000e+00 0.000000000000000000e+00 0.000000000000000000e+00 0.000000000000000000e+00 0.000000000000000000e+00 0.000000000000000000e+00 0.000000000000000000e+00 0.000000000000000000e+00
6.666666666666666297e-01 6.666666666666666297e-01 6.666666666666666297e-01 6.666666666666666297e-01 1.000000000000000000e+00 1.000000000000000000e+00 1.000000000000000000e+00 1.000000000000000000e+00 1.000000000000000000e+00 1.000000000000000000e+00
2.857142857142856984e-01 5.714285714285713969e-01 5.952380952380952328e-01 5.952380952380952328e-01 5.952380952380952328e-01 5.952380952380952328e-01 5.952380952380952328e-01 5.952380952380952328e-01 5.952380952380952328e-01 5.952380952380952328e-01
3.703703703703703498e-01 7.037037037037037202e-01 7.777777777777777901e-01 7.777777777777777901e-01 7.777777777777777901e-01 8.148148148148147696e-01 8.518518518518518601e-01 8.518518518518518601e-01 8.518518518518518601e-01 8.518518518518518601e-01
1.111111111111111049e-01 4.444444444444444198e-01 5.555555555555555802e-01 5.555555555555555802e-01 6.111111111111111605e-01 6.111111111111111605e-01 6.111111111111111605e-01 6.111111111111111605e-01 6.111111111111111605e-01 6.111111111111111605e-01
0.000000000000000000e+00 0.000000000000000000e+00 0.000000000000000000e+00 0.000000000000000000e+00 0.000000000000000000e+00 0.000000000000000000e+00 0.000000000000000000e+00 0.000000000000000000e+00 0.000000000000000000e+00 0.000000000000000000e+00
0.000000000000000000e+00 0.000000000000000000e+00 0.000000000000000000e+00 0.000000000000000000e+00 0.000000000000000000e+00 0.000000000000000000e+00 0.000000000000000000e+00 0.000000000000000000e+00 0.000000000000000000e+00 0.000000000000000000e+00
0.000000000000000000e+00 0.000000000000000000e+00 0.000000000000000000e+00 0.000000000000000000e+00 0.000000000000000000e+00 0.000000000000000000e+00 0.000000000000000000e+00 0.000000000000000000e+00 0.000000000000000000e+00 0.000000000000000000e+00
0.000000000000000000e+00 0.000000000000000000e+00 0.000000000000000000e+00 0.000000000000000000e+00 0.000000000000000000e+00 0.000000000000000000e+00 0.000000000000000000e+00 0.000000000000000000e+00 0.000000000000000000e+00 0.000000000000000000e+00
0.000000000000000000e+00 0.000000000000000000e+00 0.000000000000000000e+00 0.000000000000000000e+00 0.000000000000000000e+00 0.000000000000000000e+00 0.000000000000000000e+00 0.000000000000000000e+00 0.000000000000000000e+00 0.000000000000000000e+00
0.000000000000000000e+00 1.666666666666666574e-01 1.666666666666666574e-01 1.000000000000000000e+00 1.000000000000000000e+00 1.000000000000000000e+00 1.000000000000000000e+00 1.000000000000000000e+00 1.000000000000000000e+00 1.000000000000000000e+00
0.000000000000000000e+00 0.000000000000000000e+00 0.000000000000000000e+00 0.000000000000000000e+00 0.000000000000000000e+00 0.000000000000000000e+00 0.000000000000000000e+00 0.000000000000000000e+00 0.000000000000000000e+00 0.000000000000000000e+00
0.000000000000000000e+00 0.000000000000000000e+00 0.000000000000000000e+00 0.000000000000000000e+00 0.000000000000000000e+00 0.000000000000000000e+00 0.000000000000000000e+00 0.000000000000000000e+00 0.000000000000000000e+00 0.000000000000000000e+00
0.000000000000000000e+00 0.000000000000000000e+00 0.000000000000000000e+00 0.000000000000000000e+00 0.000000000000000000e+00 0.000000000000000000e+00 0.000000000000000000e+00 0.000000000000000000e+00 0.000000000000000000e+00 0.000000000000000000e+00
0.000000000000000000e+00 0.000000000000000000e+00 0.000000000000000000e+00 0.000000000000000000e+00 0.000000000000000000e+00 0.000000000000000000e+00 0.000000000000000000e+00 0.000000000000000000e+00 0.000000000000000000e+00 0.000000000000000000e+00
1.666666666666666574e-01 5.000000000000000000e-01 6.666666666666666297e-01 6.666666666666666297e-01 6.666666666666666297e-01 6.666666666666666297e-01 6.666666666666666297e-01 6.666666666666666297e-01 6.666666666666666297e-01 6.666666666666666297e-01
0.000000000000000000e+00 0.000000000000000000e+00 0.000000000000000000e+00 0.000000000000000000e+00 0.000000000000000000e+00 0.000000000000000000e+00 0.000000000000000000e+00 0.000000000000000000e+00 0.000000000000000000e+00 0.000000000000000000e+00
0.000000000000000000e+00 1.000000000000000000e+00 1.000000000000000000e+00 1.000000000000000000e+00 1.000000000000000000e+00 1.000000000000000000e+00 1.000000000000000000e+00 1.000000000000000000e+00 1.000000000000000000e+00 1.000000000000000000e+00
0.000000000000000000e+00 0.000000000000000000e+00 0.000000000000000000e+00 0.000000000000000000e+00 0.000000000000000000e+00 0.000000000000000000e+00 0.000000000000000000e+00 0.000000000000000000e+00 0.000000000000000000e+00 0.000000000000000000e+00
0.000000000000000000e+00 0.000000000000000000e+00 0.000000000000000000e+00 0.000000000000000000e+00 0.000000000000000000e+00 0.000000000000000000e+00 0.000000000000000000e+00 0.000000000000000000e+00 0.000000000000000000e+00 0.000000000000000000e+00
0.000000000000000000e+00 0.000000000000000000e+00 0.000000000000000000e+00 0.000000000000000000e+00 0.000000000000000000e+00 0.000000000000000000e+00 0.000000000000000000e+00 0.000000000000000000e+00 0.000000000000000000e+00 0.000000000000000000e+00
0.000000000000000000e+00 0.000000000000000000e+00 0.000000000000000000e+00 0.000000000000000000e+00 0.000000000000000000e+00 0.000000000000000000e+00 0.000000000000000000e+00 0.000000000000000000e+00 0.000000000000000000e+00 0.000000000000000000e+00
2.765957446808510745e-01 6.170212765957446832e-01 6.595744680851063357e-01 7.234042553191489811e-01 7.659574468085106336e-01 7.659574468085106336e-01 7.659574468085106336e-01 7.659574468085106336e-01 7.659574468085106336e-01 7.659574468085106336e-01
0.000000000000000000e+00 0.000000000000000000e+00 0.000000000000000000e+00 0.000000000000000000e+00 0.000000000000000000e+00 0.000000000000000000e+00 0.000000000000000000e+00 0.000000000000000000e+00 0.000000000000000000e+00 0.000000000000000000e+00
0.000000000000000000e+00 0.000000000000000000e+00 0.000000000000000000e+00 0.000000000000000000e+00 0.000000000000000000e+00 0.000000000000000000e+00 0.000000000000000000e+00 0.000000000000000000e+00 0.000000000000000000e+00 0.000000000000000000e+00
0.000000000000000000e+00 0.000000000000000000e+00 0.000000000000000000e+00 0.000000000000000000e+00 0.000000000000000000e+00 0.000000000000000000e+00 0.000000000000000000e+00 0.000000000000000000e+00 0.000000000000000000e+00 0.000000000000000000e+00
0.000000000000000000e+00 0.000000000000000000e+00 0.000000000000000000e+00 0.000000000000000000e+00 0.000000000000000000e+00 0.000000000000000000e+00 0.000000000000000000e+00 0.000000000000000000e+00 0.000000000000000000e+00 0.000000000000000000e+00
5.216262975778547251e-01 8.079584775086505744e-01 8.391003460207612230e-01 8.399653979238754786e-01 8.399653979238754786e-01 8.408304498269896232e-01 8.408304498269896232e-01 8.425605536332180234e-01 8.425605536332180234e-01 8.425605536332180234e-01
3.623595505617977497e-01 6.207865168539326017e-01 6.797752808988763995e-01 6.825842696629212947e-01 6.825842696629212947e-01 6.825842696629212947e-01 6.853932584269663009e-01 6.853932584269663009e-01 6.882022471910111960e-01 6.882022471910111960e-01
6.382978723404254817e-02 1.134751773049645363e-01 1.347517730496453903e-01 1.347517730496453903e-01 1.347517730496453903e-01 1.347517730496453903e-01 1.347517730496453903e-01 1.347517730496453903e-01 1.347517730496453903e-01 1.347517730496453903e-01
1.255230125523012531e-02 5.857740585774058595e-02 7.112970711297071646e-02 7.112970711297071646e-02 7.112970711297071646e-02 7.112970711297071646e-02 7.112970711297071646e-02 7.112970711297071646e-02 7.112970711297071646e-02 7.112970711297071646e-02
0.000000000000000000e+00 0.000000000000000000e+00 0.000000000000000000e+00 0.000000000000000000e+00 0.000000000000000000e+00 0.000000000000000000e+00 0.000000000000000000e+00 0.000000000000000000e+00 0.000000000000000000e+00 0.000000000000000000e+00
1.333333333333333315e-01 4.500000000000000111e-01 6.833333333333333481e-01 7.333333333333332815e-01 7.500000000000000000e-01 7.666666666666667185e-01 7.666666666666667185e-01 7.666666666666667185e-01 7.666666666666667185e-01 7.666666666666667185e-01
2.500000000000000000e-01 7.500000000000000000e-01 8.750000000000000000e-01 8.750000000000000000e-01 8.750000000000000000e-01 8.750000000000000000e-01 8.750000000000000000e-01 8.750000000000000000e-01 8.750000000000000000e-01 8.750000000000000000e-01
1.304347826086956486e-01 2.173913043478260809e-01 5.652173913043477826e-01 6.086956521739130821e-01 6.086956521739130821e-01 6.086956521739130821e-01 6.086956521739130821e-01 6.086956521739130821e-01 6.086956521739130821e-01 6.086956521739130821e-01
8.695652173913043237e-02 1.304347826086956486e-01 2.608695652173912971e-01 2.608695652173912971e-01 2.608695652173912971e-01 2.608695652173912971e-01 2.608695652173912971e-01 2.608695652173912971e-01 2.608695652173912971e-01 2.608695652173912971e-01
1.346153846153846090e-01 4.230769230769230727e-01 4.615384615384615641e-01 4.807692307692307820e-01 4.807692307692307820e-01 4.807692307692307820e-01 4.807692307692307820e-01 4.807692307692307820e-01 4.807692307692307820e-01 4.807692307692307820e-01
4.000000000000000083e-02 2.000000000000000111e-01 2.800000000000000266e-01 2.800000000000000266e-01 2.800000000000000266e-01 2.800000000000000266e-01 2.800000000000000266e-01 3.200000000000000067e-01 3.599999999999999867e-01 3.599999999999999867e-01
2.404643449419568701e-01 6.086235489220563899e-01 7.495854063018242419e-01 7.860696517412935069e-01 7.943615257048093348e-01 8.092868988391376250e-01 8.192371475953565962e-01 8.258706467661691697e-01 8.374792703150911732e-01 8.424543946932007144e-01
0.000000000000000000e+00 0.000000000000000000e+00 0.000000000000000000e+00 0.000000000000000000e+00 0.000000000000000000e+00 0.000000000000000000e+00 0.000000000000000000e+00 0.000000000000000000e+00 8.333333333333332871e-02 8.333333333333332871e-02
0.000000000000000000e+00 0.000000000000000000e+00 0.000000000000000000e+00 0.000000000000000000e+00 0.000000000000000000e+00 0.000000000000000000e+00 0.000000000000000000e+00 0.000000000000000000e+00 0.000000000000000000e+00 0.000000000000000000e+00
0.000000000000000000e+00 0.000000000000000000e+00 0.000000000000000000e+00 0.000000000000000000e+00 0.000000000000000000e+00 0.000000000000000000e+00 0.000000000000000000e+00 0.000000000000000000e+00 0.000000000000000000e+00 0.000000000000000000e+00
4.135843981170141404e-01 7.067921990585070979e-01 7.511768661735036545e-01 7.552118359112306445e-01 7.558843308675184947e-01 7.585743106926697843e-01 7.619367854741089241e-01 7.639542703429724746e-01 7.659717552118359141e-01 7.673167451244116144e-01
4.054054054054054279e-02 9.459459459459459985e-02 1.081081081081081141e-01 1.081081081081081141e-01 1.081081081081081141e-01 1.351351351351351426e-01 1.351351351351351426e-01 1.486486486486486569e-01 1.486486486486486569e-01 1.486486486486486569e-01
3.862212943632568063e-01 7.077244258872651406e-01 7.453027139874739415e-01 7.536534446764091566e-01 7.557411273486429604e-01 7.599164926931106789e-01 7.620041753653444827e-01 7.620041753653444827e-01 7.620041753653444827e-01 7.620041753653444827e-01
0.000000000000000000e+00 6.329113924050632813e-03 3.164556962025316666e-02 3.797468354430379861e-02 6.962025316455695834e-02 7.594936708860759722e-02 7.594936708860759722e-02 7.594936708860759722e-02 7.594936708860759722e-02 7.594936708860759722e-02
0.000000000000000000e+00 0.000000000000000000e+00 0.000000000000000000e+00 0.000000000000000000e+00 0.000000000000000000e+00 0.000000000000000000e+00 0.000000000000000000e+00 0.000000000000000000e+00 0.000000000000000000e+00 0.000000000000000000e+00
0.000000000000000000e+00 0.000000000000000000e+00 3.333333333333333148e-01 3.333333333333333148e-01 3.333333333333333148e-01 6.666666666666666297e-01 6.666666666666666297e-01 6.666666666666666297e-01 6.666666666666666297e-01 1.000000000000000000e+00
0.000000000000000000e+00 0.000000000000000000e+00 0.000000000000000000e+00 0.000000000000000000e+00 0.000000000000000000e+00 0.000000000000000000e+00 0.000000000000000000e+00 0.000000000000000000e+00 0.000000000000000000e+00 0.000000000000000000e+00
0.000000000000000000e+00 0.000000000000000000e+00 2.000000000000000111e-01 2.999999999999999889e-01 2.999999999999999889e-01 2.999999999999999889e-01 2.999999999999999889e-01 2.999999999999999889e-01 2.999999999999999889e-01 4.000000000000000222e-01
0.000000000000000000e+00 0.000000000000000000e+00 0.000000000000000000e+00 0.000000000000000000e+00 0.000000000000000000e+00 0.000000000000000000e+00 0.000000000000000000e+00 0.000000000000000000e+00 0.000000000000000000e+00 0.000000000000000000e+00
0.000000000000000000e+00 0.000000000000000000e+00 0.000000000000000000e+00 0.000000000000000000e+00 0.000000000000000000e+00 0.000000000000000000e+00 0.000000000000000000e+00 0.000000000000000000e+00 0.000000000000000000e+00 0.000000000000000000e+00
1.458333333333333426e-01 4.083333333333333259e-01 5.416666666666666297e-01 5.875000000000000222e-01 5.999999999999999778e-01 6.166666666666666963e-01 6.291666666666666519e-01 6.333333333333333037e-01 6.374999999999999556e-01 6.416666666666667185e-01
6.250000000000000000e-02 6.250000000000000000e-02 1.250000000000000000e-01 1.250000000000000000e-01 1.250000000000000000e-01 1.250000000000000000e-01 1.250000000000000000e-01 1.250000000000000000e-01 1.250000000000000000e-01 1.250000000000000000e-01
1.857142857142857206e-01 3.571428571428571508e-01 4.571428571428571286e-01 5.142857142857142350e-01 5.714285714285713969e-01 6.142857142857143238e-01 6.142857142857143238e-01 6.428571428571429047e-01 6.428571428571429047e-01 6.571428571428571397e-01
4.549180327868852514e-01 7.732240437158469648e-01 8.401639344262294973e-01 8.592896174863388081e-01 8.784153005464481190e-01 9.016393442622950838e-01 9.112021857923496837e-01 9.153005464480874487e-01 9.207650273224043946e-01 9.344262295081967595e-01
0.000000000000000000e+00 3.333333333333333148e-01 3.333333333333333148e-01 3.333333333333333148e-01 3.333333333333333148e-01 3.333333333333333148e-01 3.333333333333333148e-01 3.333333333333333148e-01 3.333333333333333148e-01 3.333333333333333148e-01
1.363636363636363535e-01 3.030303030303030387e-01 3.484848484848485084e-01 3.787878787878787845e-01 3.787878787878787845e-01 3.787878787878787845e-01 3.787878787878787845e-01 3.787878787878787845e-01 3.787878787878787845e-01 3.787878787878787845e-01
0.000000000000000000e+00 2.222222222222222307e-02 1.333333333333333315e-01 1.555555555555555580e-01 1.555555555555555580e-01 1.555555555555555580e-01 1.555555555555555580e-01 1.555555555555555580e-01 1.555555555555555580e-01 1.777777777777777846e-01
0.000000000000000000e+00 0.000000000000000000e+00 0.000000000000000000e+00 0.000000000000000000e+00 0.000000000000000000e+00 0.000000000000000000e+00 0.000000000000000000e+00 0.000000000000000000e+00 0.000000000000000000e+00 5.000000000000000000e-01
4.761904761904761640e-02 1.428571428571428492e-01 2.380952380952380820e-01 2.380952380952380820e-01 2.857142857142856984e-01 2.857142857142856984e-01 2.857142857142856984e-01 2.857142857142856984e-01 2.857142857142856984e-01 2.857142857142856984e-01
0.000000000000000000e+00 3.333333333333333148e-01 6.666666666666666297e-01 6.666666666666666297e-01 6.666666666666666297e-01 6.666666666666666297e-01 6.666666666666666297e-01 6.666666666666666297e-01 6.666666666666666297e-01 6.666666666666666297e-01
2.500000000000000000e-01 2.500000000000000000e-01 7.500000000000000000e-01 1.000000000000000000e+00 1.000000000000000000e+00 1.000000000000000000e+00 1.000000000000000000e+00 1.000000000000000000e+00 1.000000000000000000e+00 1.000000000000000000e+00
8.571428571428571508e-02 3.238095238095238249e-01 7.238095238095237915e-01 8.000000000000000444e-01 8.190476190476190244e-01 8.571428571428570953e-01 8.571428571428570953e-01 8.666666666666666963e-01 8.666666666666666963e-01 8.666666666666666963e-01
2.985074626865671585e-02 2.238805970149253810e-01 3.656716417910447769e-01 5.671641791044775838e-01 7.350746268656715987e-01 7.798507462686566916e-01 7.835820895522388474e-01 7.835820895522388474e-01 7.910447761194029370e-01 7.947761194029850929e-01
3.333333333333333148e-01 3.333333333333333148e-01 3.333333333333333148e-01 3.333333333333333148e-01 6.666666666666666297e-01 1.000000000000000000e+00 1.000000000000000000e+00 1.000000000000000000e+00 1.000000000000000000e+00 1.000000000000000000e+00
0.000000000000000000e+00 0.000000000000000000e+00 0.000000000000000000e+00 0.000000000000000000e+00 0.000000000000000000e+00 0.000000000000000000e+00 0.000000000000000000e+00 0.000000000000000000e+00 0.000000000000000000e+00 0.000000000000000000e+00
1.269841269841269771e-01 2.380952380952380820e-01 3.492063492063491870e-01 5.238095238095238360e-01 5.555555555555555802e-01 6.031746031746031411e-01 6.190476190476190688e-01 6.190476190476190688e-01 6.190476190476190688e-01 6.666666666666666297e-01
8.571428571428571508e-02 2.857142857142856984e-01 3.142857142857142794e-01 4.000000000000000222e-01 4.285714285714285476e-01 4.571428571428571286e-01 4.857142857142857095e-01 4.857142857142857095e-01 5.142857142857142350e-01 5.428571428571428159e-01
0.000000000000000000e+00 0.000000000000000000e+00 0.000000000000000000e+00 0.000000000000000000e+00 0.000000000000000000e+00 0.000000000000000000e+00 0.000000000000000000e+00 0.000000000000000000e+00 0.000000000000000000e+00 0.000000000000000000e+00
0.000000000000000000e+00 0.000000000000000000e+00 0.000000000000000000e+00 0.000000000000000000e+00 0.000000000000000000e+00 0.000000000000000000e+00 0.000000000000000000e+00 0.000000000000000000e+00 0.000000000000000000e+00 0.000000000000000000e+00
0.000000000000000000e+00 0.000000000000000000e+00 0.000000000000000000e+00 0.000000000000000000e+00 0.000000000000000000e+00 0.000000000000000000e+00 0.000000000000000000e+00 0.000000000000000000e+00 0.000000000000000000e+00 0.000000000000000000e+00
2.732026143790849404e-01 6.026143790849672888e-01 7.790849673202614456e-01 8.562091503267973414e-01 8.797385620915032511e-01 8.888888888888888395e-01 8.928104575163399170e-01 9.006535947712418499e-01 9.098039215686274384e-01 9.137254901960784048e-01
6.225680933852140164e-02 2.529182879377431803e-01 4.241245136186770348e-01 5.486381322957198936e-01 6.303501945525291639e-01 6.770428015564202706e-01 7.159533073929961189e-01 7.315175097276264138e-01 7.509727626459143934e-01 7.665369649805447994e-01
4.716981132075472039e-02 1.556603773584905592e-01 2.830188679245282946e-01 3.584905660377358250e-01 4.198113207547169989e-01 4.622641509433962348e-01 4.764150943396226467e-01 4.811320754716981174e-01 4.905660377358490587e-01 5.000000000000000000e-01
0.000000000000000000e+00 0.000000000000000000e+00 0.000000000000000000e+00 3.333333333333333287e-02 1.333333333333333315e-01 1.333333333333333315e-01 1.333333333333333315e-01 2.000000000000000111e-01 2.333333333333333370e-01 2.333333333333333370e-01
0.000000000000000000e+00 0.000000000000000000e+00 0.000000000000000000e+00 0.000000000000000000e+00 5.263157894736841813e-02 1.578947368421052544e-01 2.105263157894736725e-01 2.105263157894736725e-01 2.631578947368420907e-01 2.631578947368420907e-01
3.566787003610108475e-01 7.212996389891697113e-01 8.281588447653429608e-01 8.397111913357401258e-01 8.454873646209386528e-01 8.527075812274368394e-01 8.577617328519855366e-01 8.606498194945848557e-01 8.635379061371840637e-01 8.707581227436823612e-01
2.720207253886010590e-01 5.025906735751295429e-01 5.673575129533678929e-01 5.958549222797927536e-01 6.165803108808289856e-01 6.321243523316062429e-01 6.347150259067357858e-01 6.424870466321243034e-01 6.502590673575129321e-01 6.502590673575129321e-01
7.462686567164178442e-02 2.388059701492537268e-01 3.582089552238805763e-01 3.731343283582089776e-01 4.179104477611940149e-01 4.328358208955223607e-01 4.477611940298507620e-01 4.477611940298507620e-01 4.477611940298507620e-01 4.477611940298507620e-01
2.150537634408602183e-01 4.838709677419354982e-01 5.698924731182796188e-01 5.698924731182796188e-01 5.806451612903226200e-01 5.913978494623656212e-01 5.913978494623656212e-01 6.021505376344086224e-01 6.021505376344086224e-01 6.021505376344086224e-01
3.571428571428571230e-02 1.428571428571428492e-01 1.428571428571428492e-01 1.785714285714285754e-01 1.785714285714285754e-01 1.785714285714285754e-01 1.785714285714285754e-01 1.785714285714285754e-01 2.142857142857142738e-01 2.142857142857142738e-01
2.294372294372294396e-01 5.887445887445887927e-01 7.229437229437228885e-01 7.922077922077922496e-01 8.095238095238095344e-01 8.181818181818182323e-01 8.441558441558441039e-01 8.484848484848485084e-01 8.571428571428570953e-01 8.701298701298700866e-01
4.346076458752515248e-01 7.404426559356136472e-01 8.189134808853119063e-01 8.450704225352112520e-01 8.611670020120724134e-01 8.752515090543259157e-01 8.772635814889335748e-01 8.812877263581488929e-01 8.913480885311870772e-01 8.993963782696177134e-01
0.000000000000000000e+00 0.000000000000000000e+00 0.000000000000000000e+00 0.000000000000000000e+00 0.000000000000000000e+00 0.000000000000000000e+00 0.000000000000000000e+00 0.000000000000000000e+00 0.000000000000000000e+00 0.000000000000000000e+00
1.690140845070422504e-01 3.802816901408450634e-01 5.211267605633802535e-01 5.492957746478873693e-01 5.774647887323943740e-01 6.056338028169013787e-01 6.197183098591548811e-01 6.197183098591548811e-01 6.760563380281690016e-01 6.760563380281690016e-01
0.000000000000000000e+00 0.000000000000000000e+00 0.000000000000000000e+00 0.000000000000000000e+00 0.000000000000000000e+00 0.000000000000000000e+00 0.000000000000000000e+00 0.000000000000000000e+00 0.000000000000000000e+00 0.000000000000000000e+00
3.112449799196786993e-01 5.682730923694778724e-01 6.365461847389558558e-01 6.506024096385542022e-01 6.666666666666666297e-01 6.746987951807228434e-01 6.847389558232931384e-01 6.947791164658634333e-01 7.048192771084337283e-01 7.088353413654618906e-01
0.000000000000000000e+00 0.000000000000000000e+00 0.000000000000000000e+00 0.000000000000000000e+00 0.000000000000000000e+00 0.000000000000000000e+00 0.000000000000000000e+00 0.000000000000000000e+00 0.000000000000000000e+00 0.000000000000000000e+00
0.000000000000000000e+00 0.000000000000000000e+00 0.000000000000000000e+00 0.000000000000000000e+00 0.000000000000000000e+00 0.000000000000000000e+00 0.000000000000000000e+00 0.000000000000000000e+00 0.000000000000000000e+00 0.000000000000000000e+00
0.000000000000000000e+00 0.000000000000000000e+00 0.000000000000000000e+00 0.000000000000000000e+00 0.000000000000000000e+00 0.000000000000000000e+00 0.000000000000000000e+00 0.000000000000000000e+00 0.000000000000000000e+00 0.000000000000000000e+00
0.000000000000000000e+00 9.090909090909091161e-02 9.090909090909091161e-02 9.090909090909091161e-02 9.090909090909091161e-02 9.090909090909091161e-02 9.090909090909091161e-02 9.090909090909091161e-02 9.090909090909091161e-02 9.090909090909091161e-02
1.927710843373494076e-01 3.012048192771084598e-01 3.313253012048192891e-01 3.433734939759036098e-01 3.433734939759036098e-01 3.433734939759036098e-01 3.433734939759036098e-01 3.433734939759036098e-01 3.433734939759036098e-01 3.433734939759036098e-01
5.108055009823182779e-02 2.377210216110019758e-01 3.595284872298624701e-01 4.027504911591355818e-01 4.597249508840864363e-01 4.813359528487229921e-01 4.970530451866404520e-01 5.088408644400785885e-01 5.147347740667976845e-01 5.245579567779961039e-01
3.773584905660377214e-02 7.547169811320754429e-02 1.509433962264150886e-01 2.075471698113207641e-01 2.452830188679245293e-01 2.830188679245282946e-01 3.207547169811320598e-01 3.396226415094339424e-01 3.396226415094339424e-01 3.773584905660377631e-01
3.793103448275862016e-02 8.965517241379310220e-02 1.344827586206896464e-01 1.827586206896551768e-01 2.068965517241379282e-01 2.310344827586206795e-01 2.310344827586206795e-01 2.344827586206896519e-01 2.379310344827586243e-01 2.379310344827586243e-01
0.000000000000000000e+00 4.597701149425287293e-02 6.896551724137930939e-02 1.034482758620689641e-01 1.034482758620689641e-01 1.034482758620689641e-01 1.034482758620689641e-01 1.149425287356321823e-01 1.149425287356321823e-01 1.149425287356321823e-01
1.943319838056680182e-01 5.991902834008097090e-01 7.368421052631578538e-01 7.692307692307692735e-01 7.773279352226720729e-01 7.773279352226720729e-01 7.773279352226720729e-01 7.854251012145748723e-01 7.894736842105263275e-01 7.894736842105263275e-01
0.000000000000000000e+00 0.000000000000000000e+00 0.000000000000000000e+00 0.000000000000000000e+00 0.000000000000000000e+00 0.000000000000000000e+00 0.000000000000000000e+00 0.000000000000000000e+00 0.000000000000000000e+00 0.000000000000000000e+00
3.030303030303030387e-02 1.515151515151515194e-01 2.727272727272727071e-01 3.333333333333333148e-01 3.939393939393939226e-01 4.242424242424242542e-01 4.242424242424242542e-01 4.242424242424242542e-01 4.242424242424242542e-01 4.242424242424242542e-01
0.000000000000000000e+00 2.500000000000000000e-01 2.500000000000000000e-01 2.500000000000000000e-01 2.500000000000000000e-01 2.500000000000000000e-01 2.500000000000000000e-01 2.500000000000000000e-01 2.500000000000000000e-01 2.500000000000000000e-01
0.000000000000000000e+00 0.000000000000000000e+00 0.000000000000000000e+00 0.000000000000000000e+00 0.000000000000000000e+00 0.000000000000000000e+00 0.000000000000000000e+00 0.000000000000000000e+00 0.000000000000000000e+00 0.000000000000000000e+00
1.485148514851485080e-02 4.455445544554455239e-02 6.435643564356435808e-02 6.435643564356435808e-02 6.930693069306931298e-02 6.930693069306931298e-02 6.930693069306931298e-02 6.930693069306931298e-02 6.930693069306931298e-02 7.425742574257425399e-02
0.000000000000000000e+00 0.000000000000000000e+00 0.000000000000000000e+00 0.000000000000000000e+00 0.000000000000000000e+00 0.000000000000000000e+00 0.000000000000000000e+00 0.000000000000000000e+00 0.000000000000000000e+00 1.250000000000000000e-01
1.461538461538461620e-01 3.076923076923077094e-01 3.692307692307692513e-01 3.769230769230769162e-01 3.769230769230769162e-01 3.769230769230769162e-01 3.769230769230769162e-01 3.769230769230769162e-01 3.846153846153846367e-01 3.923076923076923017e-01
0.000000000000000000e+00 0.000000000000000000e+00 0.000000000000000000e+00 0.000000000000000000e+00 0.000000000000000000e+00 0.000000000000000000e+00 0.000000000000000000e+00 0.000000000000000000e+00 0.000000000000000000e+00 0.000000000000000000e+00
0.000000000000000000e+00 0.000000000000000000e+00 0.000000000000000000e+00 0.000000000000000000e+00 0.000000000000000000e+00 0.000000000000000000e+00 0.000000000000000000e+00 0.000000000000000000e+00 0.000000000000000000e+00 0.000000000000000000e+00
4.046345811051693664e-01 6.827094474153297954e-01 7.522281639928698471e-01 7.664884135472370685e-01 7.745098039215686514e-01 7.807486631016042899e-01 7.860962566844920119e-01 7.905525846702317061e-01 7.950089126559715114e-01 7.976827094474153723e-01
2.794918330308530097e-01 5.462794918330308169e-01 6.696914700544465138e-01 7.041742286751361268e-01 7.168784029038112182e-01 7.241379310344827624e-01 7.259528130671506485e-01 7.350272232304899678e-01 7.386569872958257399e-01 7.404718693284936260e-01
1.282051282051281937e-01 2.820512820512820484e-01 3.782051282051281937e-01 4.294871794871794601e-01 4.487179487179487336e-01 4.679487179487179516e-01 4.807692307692307820e-01 4.807692307692307820e-01 4.807692307692307820e-01 4.807692307692307820e-01
1.612903225806451568e-02 6.451612903225806273e-02 1.129032258064516098e-01 1.290322580645161255e-01 1.290322580645161255e-01 1.290322580645161255e-01 1.290322580645161255e-01 1.290322580645161255e-01 1.290322580645161255e-01 1.290322580645161255e-01
0.000000000000000000e+00 0.000000000000000000e+00 0.000000000000000000e+00 0.000000000000000000e+00 0.000000000000000000e+00 0.000000000000000000e+00 0.000000000000000000e+00 0.000000000000000000e+00 0.000000000000000000e+00 0.000000000000000000e+00
2.857142857142856984e-01 6.071428571428570953e-01 7.857142857142856984e-01 8.214285714285713969e-01 8.928571428571429047e-01 8.928571428571429047e-01 8.928571428571429047e-01 8.928571428571429047e-01 8.928571428571429047e-01 8.928571428571429047e-01
0.000000000000000000e+00 1.666666666666666574e-01 3.333333333333333148e-01 3.333333333333333148e-01 3.333333333333333148e-01 3.333333333333333148e-01 3.333333333333333148e-01 3.333333333333333148e-01 3.333333333333333148e-01 3.333333333333333148e-01
0.000000000000000000e+00 0.000000000000000000e+00 5.000000000000000000e-01 5.000000000000000000e-01 5.000000000000000000e-01 5.000000000000000000e-01 5.000000000000000000e-01 5.000000000000000000e-01 5.000000000000000000e-01 5.000000000000000000e-01
0.000000000000000000e+00 0.000000000000000000e+00 0.000000000000000000e+00 0.000000000000000000e+00 0.000000000000000000e+00 0.000000000000000000e+00 0.000000000000000000e+00 0.000000000000000000e+00 0.000000000000000000e+00 0.000000000000000000e+00
0.000000000000000000e+00 0.000000000000000000e+00 0.000000000000000000e+00 0.000000000000000000e+00 0.000000000000000000e+00 0.000000000000000000e+00 0.000000000000000000e+00 0.000000000000000000e+00 0.000000000000000000e+00 0.000000000000000000e+00
1.100917431192660612e-01 3.669724770642202039e-01 6.605504587155963669e-01 6.788990825688073771e-01 6.880733944954128267e-01 7.155963302752293975e-01 7.247706422018348471e-01 7.339449541284404077e-01 7.431192660550458573e-01 7.522935779816514179e-01
0.000000000000000000e+00 1.052631578947368363e-01 5.000000000000000000e-01 6.315789473684210176e-01 7.368421052631578538e-01 7.368421052631578538e-01 7.368421052631578538e-01 7.368421052631578538e-01 7.631578947368421462e-01 7.894736842105263275e-01
1.111111111111111049e-01 2.407407407407407274e-01 3.703703703703703498e-01 4.259259259259259300e-01 4.259259259259259300e-01 4.444444444444444198e-01 4.444444444444444198e-01 4.629629629629629650e-01 4.629629629629629650e-01 4.814814814814814548e-01
0.000000000000000000e+00 8.695652173913043237e-02 8.695652173913043237e-02 8.695652173913043237e-02 8.695652173913043237e-02 8.695652173913043237e-02 8.695652173913043237e-02 1.304347826086956486e-01 1.739130434782608647e-01 1.739130434782608647e-01
2.222222222222222099e-01 4.444444444444444198e-01 4.444444444444444198e-01 4.444444444444444198e-01 4.444444444444444198e-01 4.444444444444444198e-01 4.444444444444444198e-01 4.444444444444444198e-01 4.444444444444444198e-01 4.444444444444444198e-01
6.734693877551020114e-01 8.775510204081632404e-01 8.775510204081632404e-01 9.183673469387755306e-01 9.183673469387755306e-01 9.183673469387755306e-01 9.183673469387755306e-01 9.183673469387755306e-01 9.183673469387755306e-01 9.183673469387755306e-01
0.000000000000000000e+00 0.000000000000000000e+00 0.000000000000000000e+00 0.000000000000000000e+00 0.000000000000000000e+00 0.000000000000000000e+00 0.000000000000000000e+00 0.000000000000000000e+00 0.000000000000000000e+00 0.000000000000000000e+00
0.000000000000000000e+00 0.000000000000000000e+00 0.000000000000000000e+00 0.000000000000000000e+00 3.571428571428571230e-02 3.571428571428571230e-02 3.571428571428571230e-02 3.571428571428571230e-02 3.571428571428571230e-02 3.571428571428571230e-02
0.000000000000000000e+00 0.000000000000000000e+00 0.000000000000000000e+00 0.000000000000000000e+00 0.000000000000000000e+00 0.000000000000000000e+00 0.000000000000000000e+00 0.000000000000000000e+00 0.000000000000000000e+00 0.000000000000000000e+00
0.000000000000000000e+00 0.000000000000000000e+00 0.000000000000000000e+00 0.000000000000000000e+00 0.000000000000000000e+00 0.000000000000000000e+00 0.000000000000000000e+00 0.000000000000000000e+00 0.000000000000000000e+00 0.000000000000000000e+00
5.347661188369152718e-01 7.692793931731984891e-01 8.122629582806574211e-01 8.166877370417193749e-01 8.179519595448798697e-01 8.204804045512009703e-01 8.217446270543615761e-01 8.242730720606826766e-01 8.249051833122629240e-01 8.268015170670037772e-01
3.596059113300492660e-01 5.993431855500821470e-01 6.781609195402298340e-01 6.863711001642036624e-01 6.912972085385878929e-01 6.962233169129721233e-01 6.962233169129721233e-01 6.995073891625616103e-01 7.011494252873563537e-01 7.060755336617405842e-01
0.000000000000000000e+00 0.000000000000000000e+00 5.000000000000000000e-01 5.000000000000000000e-01 5.000000000000000000e-01 5.000000000000000000e-01 5.000000000000000000e-01 5.000000000000000000e-01 5.000000000000000000e-01 5.000000000000000000e-01
1.956521739130434867e-01 2.608695652173912971e-01 3.043478260869565410e-01 3.695652173913043237e-01 3.695652173913043237e-01 3.695652173913043237e-01 3.695652173913043237e-01 3.695652173913043237e-01 3.695652173913043237e-01 3.695652173913043237e-01
2.696897374701670569e-01 4.916467780429594203e-01 5.799522673031026754e-01 6.109785202863962095e-01 6.181384248210023413e-01 6.205250596658711260e-01 6.252983293556085842e-01 6.276849642004773688e-01 6.324582338902148271e-01 6.324582338902148271e-01
0.000000000000000000e+00 2.857142857142856984e-01 4.571428571428571286e-01 5.999999999999999778e-01 6.571428571428571397e-01 7.142857142857143016e-01 7.428571428571428825e-01 7.714285714285714635e-01 7.714285714285714635e-01 7.714285714285714635e-01
0.000000000000000000e+00 0.000000000000000000e+00 0.000000000000000000e+00 0.000000000000000000e+00 0.000000000000000000e+00 0.000000000000000000e+00 0.000000000000000000e+00 0.000000000000000000e+00 0.000000000000000000e+00 0.000000000000000000e+00
0.000000000000000000e+00 0.000000000000000000e+00 3.333333333333333148e-01 3.333333333333333148e-01 5.000000000000000000e-01 6.666666666666666297e-01 6.666666666666666297e-01 6.666666666666666297e-01 6.666666666666666297e-01 6.666666666666666297e-01
0.000000000000000000e+00 0.000000000000000000e+00 0.000000000000000000e+00 0.000000000000000000e+00 0.000000000000000000e+00 0.000000000000000000e+00 0.000000000000000000e+00 0.000000000000000000e+00 0.000000000000000000e+00 0.000000000000000000e+00
4.000000000000000083e-02 2.399999999999999911e-01 3.599999999999999867e-01 3.599999999999999867e-01 3.599999999999999867e-01 3.599999999999999867e-01 3.599999999999999867e-01 3.599999999999999867e-01 3.599999999999999867e-01 3.599999999999999867e-01
7.075471698113207364e-02 3.632075471698112956e-01 5.990566037735849392e-01 7.216981132075471761e-01 7.783018867924528239e-01 7.830188679245283501e-01 7.924528301886792914e-01 7.971698113207547065e-01 7.971698113207547065e-01 7.971698113207547065e-01
2.898550724637681195e-02 1.014492753623188470e-01 2.318840579710144956e-01 2.463768115942029102e-01 2.608695652173912971e-01 2.753623188405797118e-01 2.898550724637681264e-01 3.188405797101449002e-01 3.333333333333333148e-01 3.333333333333333148e-01
0.000000000000000000e+00 0.000000000000000000e+00 0.000000000000000000e+00 0.000000000000000000e+00 0.000000000000000000e+00 0.000000000000000000e+00 0.000000000000000000e+00 0.000000000000000000e+00 0.000000000000000000e+00 0.000000000000000000e+00
0.000000000000000000e+00 0.000000000000000000e+00 8.333333333333332871e-02 2.916666666666666852e-01 3.750000000000000000e-01 3.750000000000000000e-01 3.750000000000000000e-01 3.958333333333333148e-01 3.958333333333333148e-01 4.166666666666666852e-01
7.017543859649122417e-02 2.412280701754385970e-01 4.649122807017543879e-01 6.228070175438596978e-01 6.447368421052631637e-01 6.710526315789473450e-01 6.885964912280702066e-01 7.105263157894736725e-01 7.236842105263158187e-01 7.368421052631578538e-01
2.777777777777777624e-02 4.166666666666666852e-01 6.111111111111111605e-01 6.944444444444444198e-01 6.944444444444444198e-01 7.222222222222222099e-01 7.222222222222222099e-01 7.222222222222222099e-01 7.222222222222222099e-01 7.222222222222222099e-01
0.000000000000000000e+00 3.636363636363636465e-01 6.363636363636363535e-01 6.363636363636363535e-01 6.363636363636363535e-01 7.272727272727272929e-01 7.272727272727272929e-01 7.272727272727272929e-01 7.272727272727272929e-01 7.272727272727272929e-01
1.000000000000000056e-01 2.999999999999999889e-01 4.000000000000000222e-01 5.000000000000000000e-01 5.000000000000000000e-01 5.000000000000000000e-01 5.000000000000000000e-01 5.000000000000000000e-01 5.000000000000000000e-01 5.000000000000000000e-01
7.189542483660130157e-02 2.287581699346405151e-01 4.901960784313725283e-01 6.013071895424836333e-01 6.470588235294117974e-01 6.535947712418300748e-01 6.666666666666666297e-01 6.928104575163398504e-01 6.993464052287581278e-01 7.124183006535947937e-01
0.000000000000000000e+00 0.000000000000000000e+00 0.000000000000000000e+00 0.000000000000000000e+00 0.000000000000000000e+00 0.000000000000000000e+00 0.000000000000000000e+00 0.000000000000000000e+00 0.000000000000000000e+00 0.000000000000000000e+00
4.145936981757877143e-02 1.575456053067993412e-01 3.283582089552238847e-01 5.041459369817579139e-01 5.555555555555555802e-01 5.704809286898838705e-01 5.837479270315091284e-01 5.953565505804311320e-01 6.086235489220563899e-01 6.152570480928689634e-01
1.683501683501683471e-02 1.346801346801346777e-01 2.053872053872053960e-01 3.030303030303030387e-01 4.040404040404040331e-01 5.117845117845117864e-01 5.488215488215488769e-01 5.656565656565656353e-01 5.892255892255892080e-01 6.060606060606060774e-01
3.571428571428571230e-02 1.285714285714285587e-01 3.071428571428571619e-01 5.071428571428571175e-01 5.642857142857142794e-01 6.071428571428570953e-01 6.142857142857143238e-01 6.285714285714285587e-01 6.357142857142856762e-01 6.500000000000000222e-01
6.930693069306931298e-02 9.900990099009901457e-02 2.277227722772277307e-01 4.059405940594059681e-01 4.356435643564356419e-01 4.554455445544554615e-01 4.554455445544554615e-01 4.653465346534653713e-01 4.653465346534653713e-01 4.752475247524752255e-01
3.816793893129771104e-02 9.923664122137404453e-02 1.717557251908397031e-01 2.748091603053435250e-01 2.786259541984733024e-01 2.862595419847328015e-01 2.938931297709923562e-01 2.977099236641221336e-01 3.091603053435114656e-01 3.091603053435114656e-01
4.878048780487805047e-02 1.951219512195122019e-01 2.682926829268292845e-01 2.926829268292682751e-01 2.926829268292682751e-01 2.926829268292682751e-01 2.926829268292682751e-01 2.926829268292682751e-01 2.926829268292682751e-01 2.926829268292682751e-01
4.950495049504950729e-02 2.574257425742574323e-01 4.455445544554455517e-01 5.049504950495049549e-01 5.346534653465346842e-01 5.544554455445545038e-01 5.742574257425742124e-01 5.742574257425742124e-01 5.841584158415841221e-01 5.841584158415841221e-01
1.704545454545454419e-01 3.295454545454545303e-01 3.806818181818181768e-01 3.863636363636363535e-01 3.863636363636363535e-01 3.863636363636363535e-01 3.977272727272727071e-01 4.034090909090908839e-01 4.034090909090908839e-01 4.034090909090908839e-01
1.041666666666666609e-02 8.333333333333332871e-02 1.666666666666666574e-01 1.979166666666666574e-01 2.395833333333333426e-01 2.812500000000000000e-01 3.020833333333333148e-01 3.020833333333333148e-01 3.020833333333333148e-01 3.020833333333333148e-01
1.250000000000000000e-01 2.500000000000000000e-01 3.125000000000000000e-01 3.125000000000000000e-01 4.375000000000000000e-01 6.875000000000000000e-01 7.500000000000000000e-01 7.500000000000000000e-01 7.500000000000000000e-01 7.500000000000000000e-01
1.428571428571428492e-01 3.571428571428571508e-01 4.285714285714285476e-01 5.000000000000000000e-01 5.000000000000000000e-01 5.000000000000000000e-01 5.000000000000000000e-01 5.000000000000000000e-01 5.000000000000000000e-01 5.000000000000000000e-01
1.250000000000000000e-01 5.312500000000000000e-01 6.562500000000000000e-01 6.875000000000000000e-01 6.875000000000000000e-01 6.875000000000000000e-01 6.875000000000000000e-01 6.875000000000000000e-01 6.875000000000000000e-01 7.187500000000000000e-01
1.250000000000000000e-01 1.250000000000000000e-01 1.250000000000000000e-01 2.500000000000000000e-01 2.500000000000000000e-01 2.500000000000000000e-01 2.500000000000000000e-01 2.500000000000000000e-01 2.500000000000000000e-01 2.500000000000000000e-01
0.000000000000000000e+00 7.500000000000000000e-01 7.500000000000000000e-01 7.500000000000000000e-01 7.500000000000000000e-01 7.500000000000000000e-01 7.500000000000000000e-01 7.500000000000000000e-01 7.500000000000000000e-01 7.500000000000000000e-01
5.263157894736841813e-02 5.263157894736841813e-02 5.263157894736841813e-02 1.052631578947368363e-01 1.052631578947368363e-01 1.052631578947368363e-01 1.052631578947368363e-01 1.052631578947368363e-01 1.052631578947368363e-01 1.052631578947368363e-01
1.287128712871287162e-01 4.356435643564356419e-01 6.138613861386138515e-01 7.128712871287128383e-01 7.128712871287128383e-01 7.524752475247524774e-01 7.524752475247524774e-01 7.524752475247524774e-01 7.524752475247524774e-01 7.623762376237623872e-01
1.641791044776119424e-01 3.731343283582089776e-01 4.925373134328357994e-01 6.417910447761193682e-01 6.865671641791044610e-01 7.014925373134328623e-01 7.014925373134328623e-01 7.014925373134328623e-01 7.164179104477611526e-01 7.164179104477611526e-01
1.311475409836065642e-01 2.622950819672131284e-01 3.442622950819672067e-01 4.262295081967212851e-01 4.262295081967212851e-01 4.754098360655737432e-01 4.918032786885245811e-01 4.918032786885245811e-01 4.918032786885245811e-01 4.918032786885245811e-01
4.545454545454545581e-02 1.818181818181818232e-01 2.727272727272727071e-01 5.000000000000000000e-01 6.363636363636363535e-01 6.818181818181817677e-01 6.818181818181817677e-01 7.727272727272727071e-01 7.727272727272727071e-01 7.727272727272727071e-01
1.250000000000000000e-01 5.000000000000000000e-01 7.500000000000000000e-01 7.500000000000000000e-01 7.500000000000000000e-01 7.500000000000000000e-01 7.500000000000000000e-01 7.500000000000000000e-01 7.500000000000000000e-01 7.500000000000000000e-01
4.590069284064665078e-01 7.494226327944573107e-01 8.181293302540415535e-01 8.342956120092378525e-01 8.441108545034642363e-01 8.539260969976905091e-01 8.643187066974595822e-01 8.706697459584296084e-01 8.793302540415703916e-01 8.851039260969977285e-01
1.840490797546012400e-02 2.392638036809816016e-01 5.214723926380367969e-01 7.177914110429447492e-01 8.036809815950920477e-01 8.282208588957055140e-01 8.466257668711656414e-01 8.588957055214724301e-01 8.588957055214724301e-01 8.711656441717791077e-01
4.347826086956521618e-02 2.000000000000000111e-01 4.173913043478260643e-01 5.913043478260869845e-01 6.521739130434782705e-01 7.043478260869565633e-01 7.130434782608695565e-01 7.130434782608695565e-01 7.130434782608695565e-01 7.391304347826086474e-01
2.097902097902097987e-02 1.258741258741258862e-01 3.636363636363636465e-01 4.615384615384615641e-01 5.104895104895105229e-01 5.104895104895105229e-01 5.104895104895105229e-01 5.174825174825175012e-01 5.174825174825175012e-01 5.244755244755244794e-01
0.000000000000000000e+00 0.000000000000000000e+00 7.692307692307692735e-02 1.538461538461538547e-01 1.538461538461538547e-01 1.538461538461538547e-01 1.538461538461538547e-01 1.538461538461538547e-01 1.538461538461538547e-01 1.538461538461538547e-01
5.735993657505285004e-01 8.047040169133192755e-01 8.457980972515856122e-01 8.528012684989428882e-01 8.553118393234672157e-01 8.582188160676532673e-01 8.611257928118393190e-01 8.639006342494714996e-01 8.682610993657505771e-01 8.714323467230443709e-01
4.133333333333333304e-01 7.217777777777777404e-01 8.004444444444444029e-01 8.151111111111111196e-01 8.208888888888888902e-01 8.262222222222221912e-01 8.293333333333333668e-01 8.297777777777777253e-01 8.328888888888889008e-01 8.351111111111111374e-01
1.808510638297872453e-01 4.787234042553191737e-01 6.170212765957446832e-01 6.489361702127659504e-01 6.595744680851063357e-01 6.595744680851063357e-01 6.702127659574468321e-01 6.702127659574468321e-01 6.702127659574468321e-01 6.702127659574468321e-01
4.285714285714285754e-02 7.142857142857142461e-02 1.142857142857142821e-01 1.428571428571428492e-01 1.571428571428571397e-01 1.571428571428571397e-01 1.571428571428571397e-01 1.571428571428571397e-01 1.571428571428571397e-01 1.571428571428571397e-01
0.000000000000000000e+00 1.408450704225352144e-02 4.929577464788732072e-02 5.633802816901408578e-02 6.338028169014084390e-02 6.338028169014084390e-02 6.338028169014084390e-02 7.042253521126760896e-02 7.042253521126760896e-02 7.042253521126760896e-02
2.400000000000000050e-02 2.159999999999999976e-01 3.519999999999999796e-01 3.599999999999999867e-01 3.599999999999999867e-01 3.599999999999999867e-01 3.599999999999999867e-01 3.599999999999999867e-01 3.599999999999999867e-01 3.599999999999999867e-01
0.000000000000000000e+00 0.000000000000000000e+00 0.000000000000000000e+00 0.000000000000000000e+00 0.000000000000000000e+00 0.000000000000000000e+00 0.000000000000000000e+00 0.000000000000000000e+00 0.000000000000000000e+00 0.000000000000000000e+00
0.000000000000000000e+00 0.000000000000000000e+00 0.000000000000000000e+00 0.000000000000000000e+00 0.000000000000000000e+00 0.000000000000000000e+00 0.000000000000000000e+00 0.000000000000000000e+00 0.000000000000000000e+00 0.000000000000000000e+00
0.000000000000000000e+00 0.000000000000000000e+00 0.000000000000000000e+00 0.000000000000000000e+00 0.000000000000000000e+00 0.000000000000000000e+00 0.000000000000000000e+00 0.000000000000000000e+00 0.000000000000000000e+00 0.000000000000000000e+00
0.000000000000000000e+00 0.000000000000000000e+00 0.000000000000000000e+00 0.000000000000000000e+00 0.000000000000000000e+00 0.000000000000000000e+00 0.000000000000000000e+00 0.000000000000000000e+00 0.000000000000000000e+00 0.000000000000000000e+00
0.000000000000000000e+00 0.000000000000000000e+00 0.000000000000000000e+00 0.000000000000000000e+00 0.000000000000000000e+00 0.000000000000000000e+00 0.000000000000000000e+00 0.000000000000000000e+00 0.000000000000000000e+00 0.000000000000000000e+00
0.000000000000000000e+00 0.000000000000000000e+00 0.000000000000000000e+00 0.000000000000000000e+00 0.000000000000000000e+00 0.000000000000000000e+00 0.000000000000000000e+00 0.000000000000000000e+00 0.000000000000000000e+00 0.000000000000000000e+00
0.000000000000000000e+00 1.000000000000000000e+00 1.000000000000000000e+00 1.000000000000000000e+00 1.000000000000000000e+00 1.000000000000000000e+00 1.000000000000000000e+00 1.000000000000000000e+00 1.000000000000000000e+00 1.000000000000000000e+00
0.000000000000000000e+00 0.000000000000000000e+00 0.000000000000000000e+00 0.000000000000000000e+00 0.000000000000000000e+00 0.000000000000000000e+00 0.000000000000000000e+00 0.000000000000000000e+00 0.000000000000000000e+00 0.000000000000000000e+00
0.000000000000000000e+00 0.000000000000000000e+00 0.000000000000000000e+00 0.000000000000000000e+00 0.000000000000000000e+00 0.000000000000000000e+00 0.000000000000000000e+00 0.000000000000000000e+00 0.000000000000000000e+00 0.000000000000000000e+00
3.030303030303030387e-01 6.969696969696970168e-01 7.878787878787878451e-01 8.484848484848485084e-01 8.787878787878787845e-01 9.090909090909090606e-01 9.090909090909090606e-01 9.090909090909090606e-01 9.090909090909090606e-01 9.090909090909090606e-01
4.285714285714285476e-01 1.000000000000000000e+00 1.000000000000000000e+00 1.000000000000000000e+00 1.000000000000000000e+00 1.000000000000000000e+00 1.000000000000000000e+00 1.000000000000000000e+00 1.000000000000000000e+00 1.000000000000000000e+00
0.000000000000000000e+00 0.000000000000000000e+00 0.000000000000000000e+00 0.000000000000000000e+00 0.000000000000000000e+00 0.000000000000000000e+00 0.000000000000000000e+00 0.000000000000000000e+00 0.000000000000000000e+00 0.000000000000000000e+00
0.000000000000000000e+00 0.000000000000000000e+00 0.000000000000000000e+00 0.000000000000000000e+00 0.000000000000000000e+00 0.000000000000000000e+00 0.000000000000000000e+00 0.000000000000000000e+00 0.000000000000000000e+00 0.000000000000000000e+00
0.000000000000000000e+00 0.000000000000000000e+00 0.000000000000000000e+00 0.000000000000000000e+00 0.000000000000000000e+00 0.000000000000000000e+00 0.000000000000000000e+00 0.000000000000000000e+00 0.000000000000000000e+00 0.000000000000000000e+00
1.132075471698113234e-01 3.396226415094339424e-01 4.905660377358490587e-01 5.660377358490565891e-01 6.037735849056603543e-01 6.792452830188678847e-01 6.792452830188678847e-01 7.169811320754716499e-01 7.358490566037735325e-01 7.547169811320755262e-01
0.000000000000000000e+00 0.000000000000000000e+00 0.000000000000000000e+00 0.000000000000000000e+00 0.000000000000000000e+00 0.000000000000000000e+00 0.000000000000000000e+00 0.000000000000000000e+00 0.000000000000000000e+00 0.000000000000000000e+00
0.000000000000000000e+00 0.000000000000000000e+00 0.000000000000000000e+00 0.000000000000000000e+00 0.000000000000000000e+00 0.000000000000000000e+00 0.000000000000000000e+00 0.000000000000000000e+00 0.000000000000000000e+00 0.000000000000000000e+00
0.000000000000000000e+00 0.000000000000000000e+00 0.000000000000000000e+00 0.000000000000000000e+00 0.000000000000000000e+00 0.000000000000000000e+00 0.000000000000000000e+00 0.000000000000000000e+00 0.000000000000000000e+00 0.000000000000000000e+00
0.000000000000000000e+00 0.000000000000000000e+00 0.000000000000000000e+00 0.000000000000000000e+00 0.000000000000000000e+00 0.000000000000000000e+00 0.000000000000000000e+00 0.000000000000000000e+00 0.000000000000000000e+00 0.000000000000000000e+00
4.177777777777778034e-01 7.466666666666667007e-01 8.311111111111111338e-01 8.533333333333333881e-01 8.622222222222222232e-01 8.711111111111110583e-01 8.755555555555555314e-01 8.800000000000000044e-01 8.844444444444444775e-01 8.844444444444444775e-01
1.212121212121212155e-01 1.515151515151515194e-01 2.424242424242424310e-01 2.727272727272727071e-01 2.727272727272727071e-01 3.030303030303030387e-01 3.030303030303030387e-01 3.333333333333333148e-01 3.333333333333333148e-01 3.333333333333333148e-01
2.500000000000000000e-01 2.500000000000000000e-01 2.500000000000000000e-01 2.500000000000000000e-01 2.500000000000000000e-01 2.500000000000000000e-01 2.500000000000000000e-01 2.500000000000000000e-01 2.500000000000000000e-01 2.500000000000000000e-01
0.000000000000000000e+00 0.000000000000000000e+00 0.000000000000000000e+00 0.000000000000000000e+00 0.000000000000000000e+00 0.000000000000000000e+00 0.000000000000000000e+00 0.000000000000000000e+00 0.000000000000000000e+00 0.000000000000000000e+00
0.000000000000000000e+00 0.000000000000000000e+00 0.000000000000000000e+00 0.000000000000000000e+00 0.000000000000000000e+00 0.000000000000000000e+00 0.000000000000000000e+00 0.000000000000000000e+00 0.000000000000000000e+00 0.000000000000000000e+00
3.285238623751387532e-01 6.870144284128746337e-01 7.869034406215316135e-01 7.991120976692563938e-01 8.024417314095450005e-01 8.046614872364039606e-01 8.057713651498334961e-01 8.057713651498334961e-01 8.068812430632630317e-01 8.091009988901221028e-01
1.309523809523809590e-01 3.035714285714285476e-01 4.464285714285714524e-01 4.642857142857143016e-01 4.761904761904761640e-01 4.761904761904761640e-01 4.821428571428571508e-01 4.821428571428571508e-01 4.821428571428571508e-01 4.821428571428571508e-01
6.666666666666666574e-02 6.666666666666666574e-02 6.666666666666666574e-02 6.666666666666666574e-02 6.666666666666666574e-02 6.666666666666666574e-02 6.666666666666666574e-02 6.666666666666666574e-02 6.666666666666666574e-02 6.666666666666666574e-02
1.736526946107784519e-01 5.069860279441117390e-01 6.906187624750499410e-01 7.245508982035928636e-01 7.325349301397205970e-01 7.385229540918163416e-01 7.445109780439121971e-01 7.524950099800399306e-01 7.664670658682635196e-01 7.744510978043912530e-01
3.703703703703703498e-02 1.111111111111111049e-01 1.481481481481481399e-01 1.481481481481481399e-01 1.481481481481481399e-01 1.851851851851851749e-01 1.851851851851851749e-01 1.851851851851851749e-01 1.851851851851851749e-01 1.851851851851851749e-01
2.151898734177215278e-01 4.810126582278481111e-01 5.443037974683544444e-01 6.329113924050633333e-01 6.455696202531645556e-01 6.455696202531645556e-01 6.455696202531645556e-01 6.455696202531645556e-01 6.455696202531645556e-01 6.455696202531645556e-01
1.400000000000000133e-01 2.899999999999999800e-01 4.099999999999999756e-01 4.600000000000000200e-01 4.799999999999999822e-01 4.899999999999999911e-01 5.000000000000000000e-01 5.000000000000000000e-01 5.000000000000000000e-01 5.000000000000000000e-01
3.580246913580246715e-01 7.037037037037037202e-01 7.695473251028807082e-01 7.942386831275720649e-01 7.942386831275720649e-01 7.942386831275720649e-01 8.024691358024691468e-01 8.024691358024691468e-01 8.024691358024691468e-01 8.024691358024691468e-01
0.000000000000000000e+00 0.000000000000000000e+00 3.157894736842105088e-01 3.157894736842105088e-01 3.157894736842105088e-01 3.157894736842105088e-01 3.157894736842105088e-01 3.157894736842105088e-01 3.684210526315789269e-01 3.684210526315789269e-01
3.636363636363636465e-01 4.545454545454545303e-01 5.454545454545454142e-01 6.363636363636363535e-01 6.363636363636363535e-01 6.363636363636363535e-01 6.363636363636363535e-01 6.363636363636363535e-01 6.363636363636363535e-01 6.363636363636363535e-01
0.000000000000000000e+00 1.111111111111111049e-01 1.111111111111111049e-01 2.222222222222222099e-01 4.444444444444444198e-01 4.444444444444444198e-01 4.444444444444444198e-01 4.444444444444444198e-01 4.444444444444444198e-01 4.444444444444444198e-01
1.206896551724137984e-01 2.068965517241379282e-01 2.413793103448275967e-01 2.931034482758620441e-01 3.103448275862069061e-01 3.620689655172413812e-01 3.620689655172413812e-01 3.620689655172413812e-01 3.793103448275861878e-01 3.793103448275861878e-01
0.000000000000000000e+00 0.000000000000000000e+00 0.000000000000000000e+00 0.000000000000000000e+00 0.000000000000000000e+00 0.000000000000000000e+00 0.000000000000000000e+00 0.000000000000000000e+00 0.000000000000000000e+00 0.000000000000000000e+00
0.000000000000000000e+00 0.000000000000000000e+00 0.000000000000000000e+00 0.000000000000000000e+00 0.000000000000000000e+00 0.000000000000000000e+00 0.000000000000000000e+00 0.000000000000000000e+00 0.000000000000000000e+00 0.000000000000000000e+00
0.000000000000000000e+00 0.000000000000000000e+00 0.000000000000000000e+00 0.000000000000000000e+00 0.000000000000000000e+00 0.000000000000000000e+00 0.000000000000000000e+00 0.000000000000000000e+00 0.000000000000000000e+00 0.000000000000000000e+00
6.185567010309278579e-02 2.061855670103092675e-01 3.195876288659793563e-01 4.845360824742268036e-01 5.979381443298968923e-01 6.907216494845360710e-01 7.113402061855670366e-01 7.113402061855670366e-01 7.216494845360824639e-01 7.216494845360824639e-01
6.521739130434782428e-02 1.304347826086956486e-01 1.956521739130434867e-01 2.826086956521738913e-01 3.043478260869565410e-01 3.043478260869565410e-01 3.043478260869565410e-01 3.260869565217391353e-01 3.695652173913043237e-01 3.695652173913043237e-01
1.600000000000000033e-01 4.571428571428571286e-01 7.542857142857143371e-01 8.685714285714285499e-01 8.800000000000000044e-01 8.800000000000000044e-01 8.857142857142856762e-01 8.857142857142856762e-01 8.857142857142856762e-01 8.857142857142856762e-01
8.108108108108108558e-02 2.702702702702702853e-01 4.459459459459459429e-01 6.824324324324324564e-01 7.972972972972972583e-01 8.040540540540540571e-01 8.040540540540540571e-01 8.108108108108108558e-01 8.108108108108108558e-01 8.108108108108108558e-01
0.000000000000000000e+00 0.000000000000000000e+00 0.000000000000000000e+00 0.000000000000000000e+00 0.000000000000000000e+00 0.000000000000000000e+00 0.000000000000000000e+00 0.000000000000000000e+00 0.000000000000000000e+00 0.000000000000000000e+00
2.380952380952380820e-01 5.333333333333333259e-01 6.952380952380952106e-01 7.428571428571428825e-01 7.619047619047618625e-01 7.714285714285714635e-01 7.809523809523809534e-01 7.809523809523809534e-01 7.809523809523809534e-01 8.095238095238095344e-01
0.000000000000000000e+00 0.000000000000000000e+00 0.000000000000000000e+00 0.000000000000000000e+00 0.000000000000000000e+00 0.000000000000000000e+00 0.000000000000000000e+00 0.000000000000000000e+00 0.000000000000000000e+00 0.000000000000000000e+00
2.892561983471074183e-01 5.123966942148759918e-01 6.363636363636363535e-01 6.446280991735536814e-01 6.694214876033057759e-01 6.776859504132231038e-01 6.776859504132231038e-01 6.859504132231405427e-01 7.024793388429751984e-01 7.190082644628099651e-01
0.000000000000000000e+00 0.000000000000000000e+00 0.000000000000000000e+00 0.000000000000000000e+00 0.000000000000000000e+00 0.000000000000000000e+00 0.000000000000000000e+00 0.000000000000000000e+00 0.000000000000000000e+00 0.000000000000000000e+00
0.000000000000000000e+00 0.000000000000000000e+00 0.000000000000000000e+00 0.000000000000000000e+00 0.000000000000000000e+00 0.000000000000000000e+00 0.000000000000000000e+00 0.000000000000000000e+00 0.000000000000000000e+00 0.000000000000000000e+00
5.000000000000000000e-01 1.000000000000000000e+00 1.000000000000000000e+00 1.000000000000000000e+00 1.000000000000000000e+00 1.000000000000000000e+00 1.000000000000000000e+00 1.000000000000000000e+00 1.000000000000000000e+00 1.000000000000000000e+00
0.000000000000000000e+00 1.111111111111111049e-01 3.333333333333333148e-01 4.444444444444444198e-01 4.444444444444444198e-01 5.555555555555555802e-01 6.666666666666666297e-01 6.666666666666666297e-01 6.666666666666666297e-01 7.777777777777777901e-01
0.000000000000000000e+00 0.000000000000000000e+00 5.000000000000000000e-01 5.000000000000000000e-01 1.000000000000000000e+00 1.000000000000000000e+00 1.000000000000000000e+00 1.000000000000000000e+00 1.000000000000000000e+00 1.000000000000000000e+00
0.000000000000000000e+00 0.000000000000000000e+00 0.000000000000000000e+00 0.000000000000000000e+00 0.000000000000000000e+00 0.000000000000000000e+00 0.000000000000000000e+00 0.000000000000000000e+00 0.000000000000000000e+00 0.000000000000000000e+00
0.000000000000000000e+00 0.000000000000000000e+00 0.000000000000000000e+00 0.000000000000000000e+00 0.000000000000000000e+00 0.000000000000000000e+00 0.000000000000000000e+00 0.000000000000000000e+00 0.000000000000000000e+00 0.000000000000000000e+00
1.896551724137930939e-01 4.137931034482758563e-01 5.000000000000000000e-01 5.000000000000000000e-01 5.000000000000000000e-01 5.172413793103448620e-01 5.344827586206896131e-01 5.344827586206896131e-01 5.344827586206896131e-01 5.517241379310344751e-01
1.071428571428571369e-01 4.642857142857143016e-01 5.000000000000000000e-01 5.714285714285713969e-01 5.714285714285713969e-01 5.714285714285713969e-01 5.714285714285713969e-01 5.714285714285713969e-01 5.714285714285713969e-01 5.714285714285713969e-01
1.591737545565005962e-01 4.775212636695018165e-01 7.545565006075334313e-01 8.383961117861482570e-01 8.529769137302551929e-01 8.614823815309842203e-01 8.651275820170108988e-01 8.675577156743621288e-01 8.760631834750911562e-01 8.809234507897933941e-01
6.060606060606060774e-02 2.272727272727272652e-01 4.242424242424242542e-01 6.212121212121212155e-01 6.666666666666666297e-01 6.969696969696970168e-01 7.121212121212121549e-01 7.121212121212121549e-01 7.272727272727272929e-01 7.272727272727272929e-01
0.000000000000000000e+00 0.000000000000000000e+00 0.000000000000000000e+00 0.000000000000000000e+00 0.000000000000000000e+00 0.000000000000000000e+00 0.000000000000000000e+00 0.000000000000000000e+00 0.000000000000000000e+00 0.000000000000000000e+00
3.831775700934579310e-01 6.915887850467289377e-01 7.429906542056075036e-01 7.523364485981308691e-01 7.616822429906542347e-01 7.663551401869158619e-01 7.663551401869158619e-01 7.803738317757009657e-01 7.850467289719625930e-01 7.897196261682243312e-01
2.000000000000000111e-01 3.200000000000000067e-01 4.799999999999999822e-01 4.799999999999999822e-01 4.799999999999999822e-01 4.799999999999999822e-01 4.799999999999999822e-01 4.799999999999999822e-01 4.799999999999999822e-01 4.799999999999999822e-01
0.000000000000000000e+00 0.000000000000000000e+00 0.000000000000000000e+00 0.000000000000000000e+00 0.000000000000000000e+00 0.000000000000000000e+00 0.000000000000000000e+00 0.000000000000000000e+00 0.000000000000000000e+00 0.000000000000000000e+00
3.773584905660377214e-02 3.773584905660377214e-02 1.886792452830188815e-01 2.641509433962264120e-01 3.018867924528301772e-01 3.207547169811320598e-01 3.207547169811320598e-01 3.773584905660377631e-01 3.773584905660377631e-01 3.773584905660377631e-01
0.000000000000000000e+00 0.000000000000000000e+00 0.000000000000000000e+00 0.000000000000000000e+00 0.000000000000000000e+00 0.000000000000000000e+00 0.000000000000000000e+00 0.000000000000000000e+00 0.000000000000000000e+00 0.000000000000000000e+00
1.562500000000000000e-01 4.427083333333333148e-01 5.989583333333333703e-01 7.239583333333333703e-01 7.447916666666666297e-01 7.552083333333333703e-01 7.604166666666666297e-01 7.604166666666666297e-01 7.604166666666666297e-01 7.604166666666666297e-01
4.545454545454545581e-02 4.545454545454545581e-02 1.363636363636363535e-01 2.272727272727272652e-01 2.272727272727272652e-01 2.727272727272727071e-01 2.727272727272727071e-01 2.727272727272727071e-01 2.727272727272727071e-01 2.727272727272727071e-01
6.666666666666666574e-02 2.512820512820512775e-01 5.076923076923076650e-01 6.205128205128205288e-01 6.461538461538461897e-01 6.564102564102564097e-01 6.615384615384615197e-01 6.717948717948717396e-01 6.769230769230769607e-01 6.769230769230769607e-01
2.777777777777777624e-02 1.666666666666666574e-01 2.500000000000000000e-01 3.611111111111111049e-01 3.888888888888888951e-01 3.888888888888888951e-01 3.888888888888888951e-01 3.888888888888888951e-01 4.166666666666666852e-01 4.166666666666666852e-01
0.000000000000000000e+00 0.000000000000000000e+00 0.000000000000000000e+00 0.000000000000000000e+00 0.000000000000000000e+00 0.000000000000000000e+00 0.000000000000000000e+00 0.000000000000000000e+00 0.000000000000000000e+00 0.000000000000000000e+00
1.111111111111111049e-01 5.555555555555555802e-01 6.666666666666666297e-01 6.666666666666666297e-01 6.666666666666666297e-01 6.666666666666666297e-01 7.777777777777777901e-01 8.888888888888888395e-01 8.888888888888888395e-01 8.888888888888888395e-01
5.000000000000000278e-02 1.499999999999999944e-01 3.499999999999999778e-01 4.000000000000000222e-01 4.000000000000000222e-01 4.000000000000000222e-01 4.000000000000000222e-01 4.000000000000000222e-01 4.000000000000000222e-01 4.000000000000000222e-01
0.000000000000000000e+00 0.000000000000000000e+00 0.000000000000000000e+00 0.000000000000000000e+00 3.333333333333333148e-01 3.333333333333333148e-01 3.333333333333333148e-01 3.333333333333333148e-01 3.333333333333333148e-01 3.333333333333333148e-01
7.692307692307692735e-02 2.307692307692307820e-01 3.076923076923077094e-01 3.846153846153846367e-01 3.846153846153846367e-01 3.846153846153846367e-01 3.846153846153846367e-01 3.846153846153846367e-01 3.846153846153846367e-01 3.846153846153846367e-01
0.000000000000000000e+00 1.666666666666666574e-01 1.666666666666666574e-01 1.666666666666666574e-01 1.666666666666666574e-01 1.666666666666666574e-01 1.666666666666666574e-01 1.666666666666666574e-01 1.666666666666666574e-01 1.666666666666666574e-01
