2.477477477477477430e-01 6.252252252252252784e-01 7.882882882882883413e-01 8.270270270270270174e-01 8.441441441441441818e-01 8.567567567567567766e-01 8.639639639639639102e-01 8.648648648648649129e-01 8.729729729729729382e-01 8.783783783783783994e-01
2.681564245810055813e-01 5.586592178770949380e-01 7.597765363128491378e-01 8.547486033519553494e-01 8.603351955307262378e-01 8.659217877094972371e-01 8.715083798882681254e-01 8.715083798882681254e-01 8.715083798882681254e-01 8.715083798882681254e-01
0.000000000000000000e+00 8.333333333333332871e-02 1.666666666666666574e-01 4.166666666666666852e-01 5.000000000000000000e-01 5.000000000000000000e-01 5.000000000000000000e-01 5.000000000000000000e-01 5.000000000000000000e-01 5.000000000000000000e-01
1.688311688311688319e-01 4.350649350649350433e-01 6.688311688311687764e-01 7.402597402597402843e-01 7.727272727272727071e-01 7.857142857142856984e-01 7.987012987012986898e-01 7.987012987012986898e-01 7.987012987012986898e-01 7.987012987012986898e-01
0.000000000000000000e+00 1.250000000000000000e-01 5.000000000000000000e-01 6.250000000000000000e-01 6.250000000000000000e-01 6.250000000000000000e-01 6.250000000000000000e-01 6.250000000000000000e-01 6.250000000000000000e-01 6.250000000000000000e-01
1.637931034482758563e-01 5.603448275862068506e-01 7.844827586206896131e-01 8.448275862068965747e-01 8.534482758620689502e-01 8.620689655172413257e-01 8.620689655172413257e-01 8.620689655172413257e-01 8.620689655172413257e-01 8.620689655172413257e-01
0.000000000000000000e+00 2.916666666666666852e-01 9.166666666666666297e-01 9.583333333333333703e-01 9.583333333333333703e-01 9.583333333333333703e-01 9.583333333333333703e-01 9.583333333333333703e-01 9.583333333333333703e-01 9.583333333333333703e-01
0.000000000000000000e+00 0.000000000000000000e+00 0.000000000000000000e+00 1.666666666666666574e-01 1.666666666666666574e-01 1.666666666666666574e-01 1.666666666666666574e-01 1.666666666666666574e-01 1.666666666666666574e-01 1.666666666666666574e-01
4.000000000000000083e-02 4.799999999999999822e-01 6.800000000000000488e-01 6.999999999999999556e-01 7.199999999999999734e-01 7.199999999999999734e-01 7.199999999999999734e-01 7.199999999999999734e-01 7.199999999999999734e-01 7.399999999999999911e-01
0.000000000000000000e+00 2.000000000000000111e-01 4.000000000000000222e-01 4.000000000000000222e-01 4.000000000000000222e-01 4.000000000000000222e-01 4.000000000000000222e-01 4.000000000000000222e-01 4.000000000000000222e-01 4.000000000000000222e-01
4.415823367065317417e-01 7.578656853725851406e-01 8.437902483900644457e-01 8.636614535418583039e-01 8.689972401103955857e-01 8.770929162833486226e-01 8.837166513339466123e-01 8.877644894204231862e-01 8.945722171113155152e-01 9.006439742410303761e-01
2.126661454261141448e-01 5.918686473807662773e-01 7.912431587177481962e-01 8.264268960125097374e-01 8.350273651290069932e-01 8.397185301016418801e-01 8.428459734167318418e-01 8.459734167318216924e-01 8.491008600469116541e-01 8.514464425332290975e-01
8.895705521472392630e-02 2.576687116564417290e-01 3.742331288343558326e-01 4.079754601226993627e-01 4.171779141104294264e-01 4.202453987730061513e-01 4.263803680981594901e-01 4.263803680981594901e-01 4.263803680981594901e-01 4.263803680981594901e-01
1.181818181818181795e-01 3.272727272727272707e-01 3.727272727272727404e-01 4.181818181818181546e-01 4.454545454545454364e-01 4.454545454545454364e-01 4.454545454545454364e-01 4.454545454545454364e-01 4.454545454545454364e-01 4.454545454545454364e-01
1.437125748502993960e-01 3.712574850299401041e-01 4.790419161676646720e-01 5.089820359281437279e-01 5.149700598802394724e-01 5.149700598802394724e-01 5.209580838323353280e-01 5.209580838323353280e-01 5.329341317365269282e-01 5.329341317365269282e-01
0.000000000000000000e+00 0.000000000000000000e+00 0.000000000000000000e+00 0.000000000000000000e+00 0.000000000000000000e+00 0.000000000000000000e+00 0.000000000000000000e+00 0.000000000000000000e+00 0.000000000000000000e+00 0.000000000000000000e+00
0.000000000000000000e+00 0.000000000000000000e+00 0.000000000000000000e+00 0.000000000000000000e+00 0.000000000000000000e+00 0.000000000000000000e+00 0.000000000000000000e+00 0.000000000000000000e+00 0.000000000000000000e+00 0.000000000000000000e+00
5.555555555555555247e-02 3.333333333333333148e-01 4.722222222222222099e-01 5.555555555555555802e-01 5.555555555555555802e-01 5.555555555555555802e-01 5.555555555555555802e-01 5.555555555555555802e-01 5.555555555555555802e-01 5.555555555555555802e-01
0.000000000000000000e+00 0.000000000000000000e+00 0.000000000000000000e+00 0.000000000000000000e+00 0.000000000000000000e+00 0.000000000000000000e+00 0.000000000000000000e+00 0.000000000000000000e+00 0.000000000000000000e+00 0.000000000000000000e+00
0.000000000000000000e+00 1.000000000000000000e+00 1.000000000000000000e+00 1.000000000000000000e+00 1.000000000000000000e+00 1.000000000000000000e+00 1.000000000000000000e+00 1.000000000000000000e+00 1.000000000000000000e+00 1.000000000000000000e+00
0.000000000000000000e+00 3.846153846153846367e-01 6.923076923076922906e-01 7.692307692307692735e-01 7.692307692307692735e-01 8.461538461538461453e-01 8.461538461538461453e-01 8.461538461538461453e-01 8.461538461538461453e-01 8.461538461538461453e-01
0.000000000000000000e+00 1.111111111111111049e-01 1.111111111111111049e-01 1.111111111111111049e-01 2.222222222222222099e-01 2.222222222222222099e-01 2.222222222222222099e-01 2.222222222222222099e-01 3.333333333333333148e-01 3.333333333333333148e-01
0.000000000000000000e+00 0.000000000000000000e+00 0.000000000000000000e+00 0.000000000000000000e+00 0.000000000000000000e+00 0.000000000000000000e+00 0.000000000000000000e+00 0.000000000000000000e+00 0.000000000000000000e+00 0.000000000000000000e+00
0.000000000000000000e+00 0.000000000000000000e+00 0.000000000000000000e+00 0.000000000000000000e+00 0.000000000000000000e+00 0.000000000000000000e+00 0.000000000000000000e+00 0.000000000000000000e+00 0.000000000000000000e+00 0.000000000000000000e+00
0.000000000000000000e+00 4.587155963302752548e-02 1.192660550458715663e-01 1.467889908256880815e-01 1.559633027522935866e-01 1.559633027522935866e-01 1.651376146788990917e-01 1.651376146788990917e-01 1.651376146788990917e-01 1.651376146788990917e-01
5.555555555555555247e-02 2.592592592592592449e-01 4.814814814814814548e-01 6.203703703703703498e-01 7.500000000000000000e-01 8.518518518518518601e-01 9.074074074074074403e-01 9.074074074074074403e-01 9.074074074074074403e-01 9.074074074074074403e-01
2.000000000000000111e-01 4.000000000000000222e-01 4.000000000000000222e-01 4.000000000000000222e-01 4.000000000000000222e-01 4.000000000000000222e-01 4.000000000000000222e-01 4.000000000000000222e-01 4.000000000000000222e-01 4.000000000000000222e-01
1.915535444947209787e-01 4.894419306184011886e-01 7.081447963800905354e-01 8.295625942684766718e-01 8.800904977375565430e-01 8.981900452488688069e-01 9.072398190045248834e-01 9.110105580693815819e-01 9.147812971342382804e-01 9.170437405731522995e-01
0.000000000000000000e+00 0.000000000000000000e+00 2.857142857142856984e-01 4.285714285714285476e-01 4.285714285714285476e-01 7.142857142857143016e-01 7.142857142857143016e-01 7.142857142857143016e-01 7.142857142857143016e-01 7.142857142857143016e-01
0.000000000000000000e+00 0.000000000000000000e+00 0.000000000000000000e+00 0.000000000000000000e+00 0.000000000000000000e+00 0.000000000000000000e+00 0.000000000000000000e+00 0.000000000000000000e+00 0.000000000000000000e+00 0.000000000000000000e+00
1.730769230769230727e-01 4.230769230769230727e-01 5.480769230769231282e-01 5.576923076923077094e-01 5.576923076923077094e-01 5.576923076923077094e-01 5.576923076923077094e-01 5.576923076923077094e-01 5.576923076923077094e-01 5.576923076923077094e-01
1.600000000000000033e-01 4.799999999999999822e-01 5.999999999999999778e-01 5.999999999999999778e-01 5.999999999999999778e-01 5.999999999999999778e-01 5.999999999999999778e-01 5.999999999999999778e-01 5.999999999999999778e-01 5.999999999999999778e-01
0.000000000000000000e+00 0.000000000000000000e+00 0.000000000000000000e+00 0.000000000000000000e+00 0.000000000000000000e+00 0.000000000000000000e+00 0.000000000000000000e+00 0.000000000000000000e+00 0.000000000000000000e+00 0.000000000000000000e+00
6.666666666666666574e-02 2.666666666666666630e-01 2.666666666666666630e-01 2.666666666666666630e-01 2.666666666666666630e-01 2.666666666666666630e-01 2.666666666666666630e-01 2.666666666666666630e-01 2.666666666666666630e-01 2.666666666666666630e-01
2.926829268292682751e-01 5.365853658536585691e-01 6.341463414634146423e-01 6.341463414634146423e-01 6.341463414634146423e-01 6.341463414634146423e-01 6.341463414634146423e-01 6.341463414634146423e-01 6.341463414634146423e-01 6.341463414634146423e-01
2.992788461538461453e-01 6.730769230769231282e-01 8.287259615384615641e-01 8.731971153846154188e-01 8.894230769230768718e-01 9.044471153846154188e-01 9.146634615384615641e-01 9.200721153846154188e-01 9.248798076923077094e-01 9.326923076923077094e-01
2.554233729881035808e-01 6.627011896431070914e-01 8.579426172148355567e-01 8.999300209937018957e-01 9.104268719384184250e-01 9.223233030090972617e-01 9.279216235129461587e-01 9.342197340797760985e-01 9.412176347095870810e-01 9.496151154653603710e-01
2.685102586975914307e-01 6.690454950936663980e-01 8.608385370205173803e-01 9.134701159678858540e-01 9.206066012488849370e-01 9.295272078501337631e-01 9.348795718108831032e-01 9.375557537912577732e-01 9.438001784121320403e-01 9.446922390722569673e-01
1.310344827586207017e-01 3.931034482758620774e-01 5.999999999999999778e-01 6.712643678160920002e-01 6.965517241379309832e-01 7.172413793103448176e-01 7.287356321839080220e-01 7.379310344827586521e-01 7.448275862068965969e-01 7.632183908045977461e-01
1.465517241379310220e-01 3.706896551724138122e-01 5.948275862068965747e-01 7.931034482758620996e-01 8.362068965517240882e-01 8.448275862068965747e-01 8.706896551724138122e-01 8.706896551724138122e-01 8.793103448275861878e-01 8.793103448275861878e-01
3.333333333333333148e-01 6.666666666666666297e-01 1.000000000000000000e+00 1.000000000000000000e+00 1.000000000000000000e+00 1.000000000000000000e+00 1.000000000000000000e+00 1.000000000000000000e+00 1.000000000000000000e+00 1.000000000000000000e+00
0.000000000000000000e+00 0.000000000000000000e+00 0.000000000000000000e+00 0.000000000000000000e+00 0.000000000000000000e+00 0.000000000000000000e+00 0.000000000000000000e+00 0.000000000000000000e+00 0.000000000000000000e+00 0.000000000000000000e+00
4.782608695652174058e-01 6.847826086956522174e-01 7.826086956521739468e-01 8.586956521739130821e-01 8.804347826086956763e-01 8.804347826086956763e-01 8.804347826086956763e-01 8.804347826086956763e-01 8.804347826086956763e-01 9.021739130434782705e-01
0.000000000000000000e+00 0.000000000000000000e+00 0.000000000000000000e+00 0.000000000000000000e+00 0.000000000000000000e+00 0.000000000000000000e+00 0.000000000000000000e+00 0.000000000000000000e+00 0.000000000000000000e+00 0.000000000000000000e+00
2.500000000000000000e-01 2.500000000000000000e-01 2.500000000000000000e-01 2.500000000000000000e-01 3.750000000000000000e-01 3.750000000000000000e-01 3.750000000000000000e-01 3.750000000000000000e-01 3.750000000000000000e-01 3.750000000000000000e-01
4.043321299638988897e-01 7.689530685920578090e-01 8.555956678700360474e-01 8.592057761732851962e-01 8.592057761732851962e-01 8.628158844765343449e-01 8.664259927797833827e-01 8.664259927797833827e-01 8.700361010830325315e-01 8.700361010830325315e-01
4.027777777777777901e-01 7.500000000000000000e-01 8.194444444444444198e-01 8.263888888888888395e-01 8.263888888888888395e-01 8.263888888888888395e-01 8.263888888888888395e-01 8.333333333333333703e-01 8.333333333333333703e-01 8.402777777777777901e-01
5.289855072463768293e-01 8.043478260869565410e-01 8.913043478260869179e-01 8.913043478260869179e-01 8.913043478260869179e-01 8.913043478260869179e-01 8.913043478260869179e-01 8.913043478260869179e-01 8.913043478260869179e-01 8.913043478260869179e-01
2.999999999999999889e-01 4.666666666666666741e-01 5.666666666666666519e-01 5.666666666666666519e-01 5.666666666666666519e-01 5.666666666666666519e-01 5.666666666666666519e-01 5.666666666666666519e-01 5.666666666666666519e-01 5.666666666666666519e-01
2.162162162162162282e-01 2.702702702702702853e-01 2.972972972972973138e-01 2.972972972972973138e-01 2.972972972972973138e-01 2.972972972972973138e-01 2.972972972972973138e-01 2.972972972972973138e-01 2.972972972972973138e-01 2.972972972972973138e-01
2.727272727272727071e-01 5.454545454545454142e-01 5.454545454545454142e-01 5.454545454545454142e-01 5.454545454545454142e-01 5.454545454545454142e-01 5.454545454545454142e-01 5.454545454545454142e-01 5.454545454545454142e-01 5.454545454545454142e-01
0.000000000000000000e+00 5.000000000000000000e-01 1.000000000000000000e+00 1.000000000000000000e+00 1.000000000000000000e+00 1.000000000000000000e+00 1.000000000000000000e+00 1.000000000000000000e+00 1.000000000000000000e+00 1.000000000000000000e+00
4.000000000000000083e-02 2.399999999999999911e-01 3.599999999999999867e-01 4.799999999999999822e-01 5.200000000000000178e-01 5.200000000000000178e-01 5.200000000000000178e-01 5.200000000000000178e-01 5.200000000000000178e-01 5.200000000000000178e-01
2.040816326530612082e-02 1.836734693877551117e-01 3.265306122448979331e-01 4.387755102040816202e-01 4.591836734693877653e-01 5.000000000000000000e-01 5.102040816326530726e-01 5.102040816326530726e-01 5.102040816326530726e-01 5.102040816326530726e-01
0.000000000000000000e+00 0.000000000000000000e+00 0.000000000000000000e+00 0.000000000000000000e+00 0.000000000000000000e+00 0.000000000000000000e+00 0.000000000000000000e+00 0.000000000000000000e+00 0.000000000000000000e+00 0.000000000000000000e+00
1.351351351351351426e-02 1.351351351351351426e-02 1.351351351351351426e-02 1.351351351351351426e-02 1.351351351351351426e-02 1.351351351351351426e-02 1.351351351351351426e-02 1.351351351351351426e-02 1.351351351351351426e-02 1.351351351351351426e-02
0.000000000000000000e+00 0.000000000000000000e+00 0.000000000000000000e+00 0.000000000000000000e+00 0.000000000000000000e+00 0.000000000000000000e+00 0.000000000000000000e+00 0.000000000000000000e+00 0.000000000000000000e+00 0.000000000000000000e+00
0.000000000000000000e+00 5.000000000000000000e-01 1.000000000000000000e+00 1.000000000000000000e+00 1.000000000000000000e+00 1.000000000000000000e+00 1.000000000000000000e+00 1.000000000000000000e+00 1.000000000000000000e+00 1.000000000000000000e+00
3.809523809523809312e-01 6.190476190476190688e-01 7.142857142857143016e-01 7.222222222222222099e-01 7.222222222222222099e-01 7.222222222222222099e-01 7.222222222222222099e-01 7.222222222222222099e-01 7.222222222222222099e-01 7.222222222222222099e-01
2.333333333333333370e-01 5.999999999999999778e-01 9.000000000000000222e-01 9.666666666666666741e-01 9.666666666666666741e-01 9.666666666666666741e-01 9.666666666666666741e-01 9.666666666666666741e-01 9.666666666666666741e-01 9.666666666666666741e-01
2.727272727272727071e-01 6.363636363636363535e-01 8.181818181818182323e-01 1.000000000000000000e+00 1.000000000000000000e+00 1.000000000000000000e+00 1.000000000000000000e+00 1.000000000000000000e+00 1.000000000000000000e+00 1.000000000000000000e+00
0.000000000000000000e+00 0.000000000000000000e+00 0.000000000000000000e+00 0.000000000000000000e+00 0.000000000000000000e+00 0.000000000000000000e+00 0.000000000000000000e+00 0.000000000000000000e+00 0.000000000000000000e+00 0.000000000000000000e+00
3.333333333333333148e-01 1.000000000000000000e+00 1.000000000000000000e+00 1.000000000000000000e+00 1.000000000000000000e+00 1.000000000000000000e+00 1.000000000000000000e+00 1.000000000000000000e+00 1.000000000000000000e+00 1.000000000000000000e+00
0.000000000000000000e+00 5.000000000000000000e-01 5.000000000000000000e-01 5.000000000000000000e-01 5.000000000000000000e-01 5.000000000000000000e-01 5.000000000000000000e-01 5.000000000000000000e-01 1.000000000000000000e+00 1.000000000000000000e+00
0.000000000000000000e+00 0.000000000000000000e+00 1.000000000000000000e+00 1.000000000000000000e+00 1.000000000000000000e+00 1.000000000000000000e+00 1.000000000000000000e+00 1.000000000000000000e+00 1.000000000000000000e+00 1.000000000000000000e+00
3.125000000000000000e-01 6.607142857142856984e-01 7.857142857142856984e-01 8.080357142857143016e-01 8.169642857142856984e-01 8.303571428571429047e-01 8.392857142857143016e-01 8.392857142857143016e-01 8.392857142857143016e-01 8.392857142857143016e-01
0.000000000000000000e+00 0.000000000000000000e+00 0.000000000000000000e+00 1.666666666666666574e-01 1.666666666666666574e-01 1.666666666666666574e-01 1.666666666666666574e-01 1.666666666666666574e-01 1.666666666666666574e-01 1.666666666666666574e-01
0.000000000000000000e+00 7.500000000000000000e-01 7.500000000000000000e-01 7.500000000000000000e-01 7.500000000000000000e-01 7.500000000000000000e-01 7.500000000000000000e-01 7.500000000000000000e-01 7.500000000000000000e-01 7.500000000000000000e-01
0.000000000000000000e+00 0.000000000000000000e+00 0.000000000000000000e+00 0.000000000000000000e+00 0.000000000000000000e+00 0.000000000000000000e+00 0.000000000000000000e+00 0.000000000000000000e+00 0.000000000000000000e+00 0.000000000000000000e+00
0.000000000000000000e+00 3.125000000000000000e-02 3.125000000000000000e-02 3.125000000000000000e-02 3.125000000000000000e-02 3.125000000000000000e-02 3.125000000000000000e-02 3.125000000000000000e-02 3.125000000000000000e-02 3.125000000000000000e-02
5.764854614412137090e-01 8.884323640960809509e-01 9.282553729456384239e-01 9.298356510745890979e-01 9.298356510745890979e-01 9.301517067003792771e-01 9.304677623261694563e-01 9.307838179519595245e-01 9.310998735777497037e-01 9.310998735777497037e-01
4.301255230125523021e-01 8.025104602510459983e-01 8.719665271966526854e-01 8.794979079497907692e-01 8.803347280334727909e-01 8.803347280334727909e-01 8.803347280334727909e-01 8.811715481171548126e-01 8.811715481171548126e-01 8.811715481171548126e-01
2.031250000000000000e-01 3.906250000000000000e-01 4.625000000000000222e-01 4.749999999999999778e-01 4.749999999999999778e-01 4.781250000000000222e-01 4.781250000000000222e-01 4.781250000000000222e-01 4.812500000000000111e-01 4.812500000000000111e-01
7.207207207207207145e-02 2.252252252252252285e-01 2.552552552552552756e-01 2.672672672672672944e-01 2.702702702702702853e-01 2.702702702702702853e-01 2.702702702702702853e-01 2.702702702702702853e-01 2.702702702702702853e-01 2.702702702702702853e-01
0.000000000000000000e+00 0.000000000000000000e+00 2.857142857142857054e-02 2.857142857142857054e-02 2.857142857142857054e-02 2.857142857142857054e-02 2.857142857142857054e-02 2.857142857142857054e-02 2.857142857142857054e-02 2.857142857142857054e-02
1.589958158995815884e-01 4.644351464435146348e-01 6.359832635983263538e-01 6.987447698744769786e-01 7.112970711297070814e-01 7.238493723849371841e-01 7.280334728033472924e-01 7.322175732217572897e-01 7.322175732217572897e-01 7.322175732217572897e-01
1.250000000000000000e-01 4.249999999999999889e-01 6.999999999999999556e-01 7.500000000000000000e-01 8.000000000000000444e-01 8.000000000000000444e-01 8.000000000000000444e-01 8.000000000000000444e-01 8.000000000000000444e-01 8.000000000000000444e-01
6.788511749347259094e-02 2.637075718015665649e-01 5.691906005221931686e-01 7.754569190600522077e-01 8.381201044386422661e-01 8.563968668407310192e-01 8.642297650130548181e-01 8.668407310704960844e-01 8.720626631853786170e-01 8.720626631853786170e-01
3.458646616541353191e-01 6.090225563909774653e-01 7.894736842105263275e-01 8.120300751879698797e-01 8.270676691729322849e-01 8.270676691729322849e-01 8.270676691729322849e-01 8.270676691729322849e-01 8.270676691729322849e-01 8.270676691729322849e-01
3.029259896729776247e-01 6.609294320137694134e-01 8.261617900172116835e-01 8.468158347676419950e-01 8.502581755593803248e-01 8.537005163511187655e-01 8.554216867469879304e-01 8.571428571428570953e-01 8.571428571428570953e-01 8.571428571428570953e-01
2.894736842105263275e-01 6.315789473684210176e-01 7.105263157894736725e-01 7.105263157894736725e-01 7.105263157894736725e-01 7.105263157894736725e-01 7.105263157894736725e-01 7.105263157894736725e-01 7.105263157894736725e-01 7.105263157894736725e-01
2.894736842105263275e-01 6.953748006379585345e-01 8.405103668261563188e-01 8.708133971291865949e-01 8.787878787878787845e-01 8.883572567783094565e-01 8.923444976076555513e-01 9.003189792663477409e-01 9.106858054226475430e-01 9.162679425837320091e-01
0.000000000000000000e+00 0.000000000000000000e+00 0.000000000000000000e+00 0.000000000000000000e+00 0.000000000000000000e+00 0.000000000000000000e+00 0.000000000000000000e+00 0.000000000000000000e+00 0.000000000000000000e+00 2.000000000000000111e-01
9.090909090909091161e-02 3.636363636363636465e-01 5.454545454545454142e-01 5.454545454545454142e-01 5.454545454545454142e-01 5.454545454545454142e-01 5.454545454545454142e-01 5.454545454545454142e-01 5.454545454545454142e-01 5.454545454545454142e-01
0.000000000000000000e+00 0.000000000000000000e+00 0.000000000000000000e+00 0.000000000000000000e+00 0.000000000000000000e+00 0.000000000000000000e+00 0.000000000000000000e+00 0.000000000000000000e+00 0.000000000000000000e+00 0.000000000000000000e+00
4.727608494921514137e-01 8.039396737457679132e-01 8.630347799322868330e-01 8.654970760233917648e-01 8.670360110803324583e-01 8.682671591258849242e-01 8.688827331486611572e-01 8.698060941828255066e-01 8.722683902739304385e-01 8.728839642967066714e-01
1.292134831460674260e-01 2.696629213483145993e-01 3.426966292134831504e-01 3.595505617977527990e-01 3.651685393258427004e-01 3.707865168539326017e-01 3.707865168539326017e-01 3.707865168539326017e-01 3.820224719101123489e-01 3.876404494382022503e-01
4.550597108736643692e-01 7.561282212445002981e-01 8.101822752985543552e-01 8.214959145191703671e-01 8.246385920804525371e-01 8.277812696417347071e-01 8.284098051539912078e-01 8.290383406662475974e-01 8.296668761785040980e-01 8.302954116907604876e-01
5.586592178770949900e-03 4.469273743016759920e-02 9.497206703910614223e-02 1.480446927374301780e-01 1.787709497206703968e-01 1.955307262569832283e-01 2.011173184357541999e-01 2.039106145251396718e-01 2.067039106145251437e-01 2.094972067039106156e-01
1.791044776119402882e-01 3.731343283582089776e-01 5.074626865671642006e-01 5.373134328358208922e-01 5.373134328358208922e-01 5.522388059701492935e-01 5.522388059701492935e-01 5.671641791044775838e-01 5.671641791044775838e-01 5.671641791044775838e-01
1.666666666666666574e-01 1.666666666666666574e-01 1.666666666666666574e-01 1.666666666666666574e-01 1.666666666666666574e-01 1.666666666666666574e-01 1.666666666666666574e-01 1.666666666666666574e-01 1.666666666666666574e-01 3.333333333333333148e-01
0.000000000000000000e+00 0.000000000000000000e+00 0.000000000000000000e+00 0.000000000000000000e+00 0.000000000000000000e+00 0.000000000000000000e+00 0.000000000000000000e+00 0.000000000000000000e+00 0.000000000000000000e+00 0.000000000000000000e+00
5.000000000000000278e-02 4.000000000000000222e-01 5.000000000000000000e-01 5.999999999999999778e-01 5.999999999999999778e-01 5.999999999999999778e-01 6.500000000000000222e-01 6.500000000000000222e-01 6.500000000000000222e-01 7.500000000000000000e-01
3.333333333333333148e-01 6.666666666666666297e-01 6.666666666666666297e-01 1.000000000000000000e+00 1.000000000000000000e+00 1.000000000000000000e+00 1.000000000000000000e+00 1.000000000000000000e+00 1.000000000000000000e+00 1.000000000000000000e+00
0.000000000000000000e+00 0.000000000000000000e+00 0.000000000000000000e+00 0.000000000000000000e+00 0.000000000000000000e+00 0.000000000000000000e+00 0.000000000000000000e+00 0.000000000000000000e+00 0.000000000000000000e+00 0.000000000000000000e+00
1.783295711060948197e-01 4.943566591422121625e-01 6.388261851015801795e-01 7.133182844243792786e-01 7.268623024830699331e-01 7.404063205417606985e-01 7.562076749435665546e-01 7.607223476297968467e-01 7.697516930022573201e-01 7.787810383747177934e-01
1.282051282051281937e-01 3.589743589743589758e-01 4.102564102564102422e-01 4.358974358974359031e-01 4.615384615384615641e-01 4.871794871794871695e-01 4.871794871794871695e-01 5.128205128205127750e-01 5.128205128205127750e-01 5.128205128205127750e-01
1.631578947368421129e-01 3.947368421052631637e-01 5.631578947368420796e-01 6.315789473684210176e-01 6.578947368421053099e-01 6.894736842105263497e-01 6.894736842105263497e-01 7.105263157894736725e-01 7.105263157894736725e-01 7.263157894736842479e-01
4.394904458598726249e-01 7.898089171974522760e-01 8.574840764331209675e-01 8.781847133757961776e-01 8.957006369426752102e-01 9.100318471337579540e-01 9.195859872611464869e-01 9.227707006369426646e-01 9.291401273885350198e-01 9.378980891719744806e-01
1.176470588235294101e-01 5.294117647058823595e-01 6.470588235294117974e-01 7.058823529411765163e-01 7.058823529411765163e-01 7.058823529411765163e-01 7.647058823529411242e-01 7.647058823529411242e-01 7.647058823529411242e-01 7.647058823529411242e-01
4.308300395256917104e-01 7.272727272727272929e-01 8.003952569169960896e-01 8.122529644268774440e-01 8.162055335968378955e-01 8.181818181818182323e-01 8.181818181818182323e-01 8.181818181818182323e-01 8.201581027667984580e-01 8.201581027667984580e-01
2.919708029197080196e-02 1.532846715328467224e-01 3.211678832116788285e-01 4.233576642335766249e-01 4.598540145985401395e-01 4.671532846715328313e-01 4.817518248175182705e-01 4.890510948905109623e-01 5.036496350364964014e-01 5.255474452554744769e-01
0.000000000000000000e+00 0.000000000000000000e+00 0.000000000000000000e+00 6.250000000000000000e-02 6.250000000000000000e-02 1.875000000000000000e-01 1.875000000000000000e-01 1.875000000000000000e-01 1.875000000000000000e-01 1.875000000000000000e-01
1.310679611650485410e-01 4.174757281553397870e-01 6.650485436893204261e-01 7.330097087378640852e-01 7.669902912621359148e-01 7.815533980582524132e-01 7.912621359223300788e-01 7.912621359223300788e-01 7.961165048543689116e-01 7.961165048543689116e-01
4.761904761904761640e-02 9.523809523809523281e-02 2.857142857142856984e-01 6.190476190476190688e-01 6.666666666666666297e-01 6.666666666666666297e-01 6.666666666666666297e-01 7.142857142857143016e-01 7.142857142857143016e-01 7.142857142857143016e-01
2.999999999999999889e-01 5.749999999999999556e-01 6.500000000000000222e-01 6.750000000000000444e-01 6.750000000000000444e-01 6.999999999999999556e-01 6.999999999999999556e-01 7.500000000000000000e-01 7.750000000000000222e-01 8.000000000000000444e-01
8.487084870848708718e-02 3.837638376383764038e-01 8.044280442804427889e-01 9.225092250922509729e-01 9.372693726937268988e-01 9.594095940959409541e-01 9.594095940959409541e-01 9.630996309963099078e-01 9.667896678966789725e-01 9.704797047970479262e-01
4.255319148936170109e-02 2.420212765957446832e-01 4.015957446808510745e-01 6.409574468085106336e-01 7.952127659574468321e-01 8.404255319148936643e-01 8.404255319148936643e-01 8.457446808510638014e-01 8.457446808510638014e-01 8.457446808510638014e-01
1.875000000000000000e-01 3.125000000000000000e-01 5.000000000000000000e-01 5.625000000000000000e-01 6.250000000000000000e-01 6.875000000000000000e-01 6.875000000000000000e-01 6.875000000000000000e-01 6.875000000000000000e-01 6.875000000000000000e-01
0.000000000000000000e+00 5.000000000000000278e-02 2.000000000000000111e-01 2.999999999999999889e-01 3.499999999999999778e-01 3.499999999999999778e-01 3.499999999999999778e-01 3.499999999999999778e-01 3.499999999999999778e-01 3.499999999999999778e-01
1.976744186046511531e-01 3.023255813953488191e-01 3.837209302325581550e-01 4.883720930232557933e-01 5.116279069767442067e-01 5.465116279069767158e-01 5.581395348837209225e-01 5.697674418604651292e-01 5.697674418604651292e-01 6.046511627906976383e-01
9.302325581395348708e-02 3.255813953488372325e-01 3.255813953488372325e-01 3.953488372093023062e-01 4.186046511627907196e-01 4.418604651162790775e-01 4.651162790697674354e-01 4.651162790697674354e-01 4.883720930232557933e-01 5.116279069767442067e-01
0.000000000000000000e+00 0.000000000000000000e+00 0.000000000000000000e+00 0.000000000000000000e+00 0.000000000000000000e+00 0.000000000000000000e+00 0.000000000000000000e+00 0.000000000000000000e+00 0.000000000000000000e+00 0.000000000000000000e+00
0.000000000000000000e+00 0.000000000000000000e+00 0.000000000000000000e+00 0.000000000000000000e+00 0.000000000000000000e+00 0.000000000000000000e+00 0.000000000000000000e+00 0.000000000000000000e+00 0.000000000000000000e+00 0.000000000000000000e+00
0.000000000000000000e+00 0.000000000000000000e+00 0.000000000000000000e+00 0.000000000000000000e+00 0.000000000000000000e+00 0.000000000000000000e+00 0.000000000000000000e+00 0.000000000000000000e+00 0.000000000000000000e+00 0.000000000000000000e+00
2.385057471264367679e-01 6.224137931034482429e-01 8.183908045977011936e-01 8.885057471264368179e-01 9.040229885057471382e-01 9.120689655172413701e-01 9.155172413793103425e-01 9.189655172413793149e-01 9.235632183908045745e-01 9.270114942528735469e-01
8.945686900958466081e-02 3.258785942492012921e-01 5.415335463258785786e-01 6.869009584664537149e-01 7.667731629392970927e-01 8.146964856230032304e-01 8.322683706070287402e-01 8.482428115015974157e-01 8.546325878594249748e-01 8.626198083067092570e-01
1.029702970297029646e-01 2.891089108910890881e-01 5.346534653465346842e-01 6.237623762376237613e-01 7.089108910891088744e-01 7.405940594059405857e-01 7.643564356435643692e-01 7.722772277227722970e-01 7.762376237623762609e-01 7.881188118811881527e-01
0.000000000000000000e+00 1.030927835051546372e-02 6.185567010309278579e-02 1.855670103092783574e-01 2.783505154639175361e-01 3.505154639175257492e-01 3.814432989690721421e-01 4.329896907216495006e-01 4.742268041237113207e-01 4.948453608247422864e-01
0.000000000000000000e+00 2.325581395348837177e-02 9.302325581395348708e-02 2.093023255813953598e-01 2.093023255813953598e-01 3.023255813953488191e-01 3.720930232558139483e-01 3.953488372093023062e-01 4.418604651162790775e-01 4.418604651162790775e-01
3.802024746906636499e-01 7.722159730033745229e-01 8.897637795275590289e-01 9.038245219347581516e-01 9.114173228346457156e-01 9.167604049493813800e-01 9.198537682789651448e-01 9.212598425196850682e-01 9.226659167604049916e-01 9.235095613048368568e-01
2.714025500910746680e-01 5.637522768670309992e-01 6.748633879781420486e-01 7.021857923497267784e-01 7.185792349726776163e-01 7.313296903460837495e-01 7.377049180327869271e-01 7.422586520947176414e-01 7.440801457194899937e-01 7.477231329690345873e-01
1.150000000000000050e-01 2.949999999999999845e-01 4.600000000000000200e-01 4.949999999999999956e-01 5.300000000000000266e-01 5.350000000000000311e-01 5.350000000000000311e-01 5.400000000000000355e-01 5.400000000000000355e-01 5.400000000000000355e-01
2.459349593495935016e-01 5.975609756097560732e-01 6.808943089430894435e-01 6.910569105691056757e-01 6.991869918699187281e-01 7.052845528455284896e-01 7.073170731707316694e-01 7.073170731707316694e-01 7.073170731707316694e-01 7.093495934959349603e-01
4.918032786885245811e-02 8.196721311475409222e-02 1.065573770491803213e-01 1.147540983606557402e-01 1.229508196721311453e-01 1.229508196721311453e-01 1.229508196721311453e-01 1.229508196721311453e-01 1.311475409836065642e-01 1.393442622950819554e-01
2.938005390835579655e-01 6.522911051212938460e-01 7.843665768194070242e-01 8.544474393530997469e-01 8.706199460916441701e-01 8.894878706199460527e-01 9.029649595687331276e-01 9.083557951482479353e-01 9.083557951482479353e-01 9.164420485175202025e-01
4.243827160493827133e-01 7.114197530864198038e-01 7.947530864197530631e-01 8.271604938271605034e-01 8.410493827160493430e-01 8.595679012345679437e-01 8.672839506172839164e-01 8.734567901234567833e-01 8.904320987654320563e-01 8.935185185185184897e-01
0.000000000000000000e+00 5.555555555555555247e-02 2.777777777777777901e-01 3.888888888888888951e-01 4.444444444444444198e-01 4.444444444444444198e-01 5.000000000000000000e-01 5.000000000000000000e-01 5.000000000000000000e-01 5.000000000000000000e-01
2.108433734939759163e-01 5.722891566265060348e-01 7.469879518072288782e-01 8.072289156626506479e-01 8.373493975903614217e-01 8.493975903614457978e-01 8.795180722891565717e-01 8.795180722891565717e-01 8.855421686746988152e-01 8.855421686746988152e-01
0.000000000000000000e+00 1.000000000000000056e-01 1.000000000000000056e-01 1.000000000000000056e-01 1.000000000000000056e-01 1.000000000000000056e-01 1.000000000000000056e-01 1.000000000000000056e-01 1.000000000000000056e-01 1.000000000000000056e-01
4.266777133388566789e-01 7.688483844241922327e-01 8.574979287489643553e-01 8.674399337199668603e-01 8.757249378624689662e-01 8.782104391052195647e-01 8.823529411764705621e-01 8.831814415907207616e-01 8.856669428334714711e-01 8.873239436619718701e-01
0.000000000000000000e+00 0.000000000000000000e+00 0.000000000000000000e+00 0.000000000000000000e+00 0.000000000000000000e+00 0.000000000000000000e+00 0.000000000000000000e+00 0.000000000000000000e+00 0.000000000000000000e+00 0.000000000000000000e+00
1.000000000000000000e+00 1.000000000000000000e+00 1.000000000000000000e+00 1.000000000000000000e+00 1.000000000000000000e+00 1.000000000000000000e+00 1.000000000000000000e+00 1.000000000000000000e+00 1.000000000000000000e+00 1.000000000000000000e+00
1.000000000000000000e+00 1.000000000000000000e+00 1.000000000000000000e+00 1.000000000000000000e+00 1.000000000000000000e+00 1.000000000000000000e+00 1.000000000000000000e+00 1.000000000000000000e+00 1.000000000000000000e+00 1.000000000000000000e+00
2.631578947368420907e-01 4.210526315789473450e-01 4.210526315789473450e-01 4.210526315789473450e-01 4.210526315789473450e-01 4.210526315789473450e-01 4.210526315789473450e-01 4.210526315789473450e-01 4.210526315789473450e-01 4.473684210526315819e-01
3.611111111111111049e-01 6.736111111111111605e-01 7.413194444444444198e-01 7.465277777777777901e-01 7.482638888888888395e-01 7.482638888888888395e-01 7.482638888888888395e-01 7.500000000000000000e-01 7.500000000000000000e-01 7.517361111111111605e-01
1.273408239700374589e-01 4.096441947565542807e-01 6.189138576779026346e-01 7.102059925093633375e-01 7.500000000000000000e-01 7.720037453183520304e-01 7.883895131086142705e-01 7.986891385767790341e-01 8.029026217228464324e-01 8.085205992509363337e-01
6.273062730627305961e-02 1.881918819188191927e-01 3.062730627306273212e-01 4.243542435424354498e-01 4.833948339483394863e-01 5.055350553505535416e-01 5.239852398523985322e-01 5.313653136531365506e-01 5.387453874538745691e-01 5.498154981549815412e-01
1.218529707955689767e-01 3.434038267875125783e-01 5.518630412890231929e-01 6.636455186304128784e-01 7.180261832829808455e-01 7.522658610271902857e-01 7.683786505538771072e-01 7.774420946626384721e-01 7.814702920443101775e-01 7.814702920443101775e-01
4.214559386973180249e-02 2.068965517241379282e-01 3.639846743295019338e-01 4.904214559386972927e-01 5.172413793103448620e-01 5.363984674329501656e-01 5.555555555555555802e-01 5.593869731800765743e-01 5.632183908045976795e-01 5.632183908045976795e-01
2.391469916222391523e-01 6.549885757806549469e-01 8.271134805788271649e-01 8.674790555978675322e-01 8.773800456968773309e-01 8.819497334348819217e-01 8.849961919268849453e-01 8.880426504188880799e-01 8.888042650418888080e-01 8.926123381568925597e-01
0.000000000000000000e+00 0.000000000000000000e+00 0.000000000000000000e+00 0.000000000000000000e+00 0.000000000000000000e+00 0.000000000000000000e+00 0.000000000000000000e+00 0.000000000000000000e+00 0.000000000000000000e+00 0.000000000000000000e+00
1.333333333333333315e-01 3.384615384615384803e-01 5.794871794871795379e-01 7.230769230769230616e-01 7.538461538461538325e-01 7.589743589743589425e-01 7.641025641025640525e-01 7.641025641025640525e-01 7.641025641025640525e-01 7.641025641025640525e-01
1.481481481481481399e-01 2.222222222222222099e-01 4.444444444444444198e-01 5.185185185185184897e-01 5.925925925925925597e-01 5.925925925925925597e-01 5.925925925925925597e-01 5.925925925925925597e-01 6.296296296296296502e-01 6.296296296296296502e-01
0.000000000000000000e+00 3.225806451612903136e-02 1.612903225806451568e-01 2.258064516129032195e-01 2.580645161290322509e-01 2.580645161290322509e-01 2.580645161290322509e-01 2.580645161290322509e-01 2.580645161290322509e-01 2.580645161290322509e-01
1.166666666666666685e-01 2.333333333333333370e-01 2.833333333333333259e-01 3.333333333333333148e-01 3.333333333333333148e-01 3.333333333333333148e-01 3.416666666666666741e-01 3.416666666666666741e-01 3.416666666666666741e-01 3.499999999999999778e-01
0.000000000000000000e+00 0.000000000000000000e+00 0.000000000000000000e+00 5.263157894736841813e-02 5.263157894736841813e-02 1.052631578947368363e-01 1.052631578947368363e-01 1.052631578947368363e-01 1.052631578947368363e-01 1.052631578947368363e-01
2.739018087855297212e-01 5.322997416020671668e-01 6.434108527131783273e-01 6.589147286821704919e-01 6.666666666666666297e-01 6.718346253229974252e-01 6.718346253229974252e-01 6.718346253229974252e-01 6.744186046511627675e-01 6.795865633074935630e-01
0.000000000000000000e+00 0.000000000000000000e+00 4.761904761904761640e-02 9.523809523809523281e-02 9.523809523809523281e-02 9.523809523809523281e-02 9.523809523809523281e-02 9.523809523809523281e-02 9.523809523809523281e-02 9.523809523809523281e-02
0.000000000000000000e+00 0.000000000000000000e+00 0.000000000000000000e+00 0.000000000000000000e+00 0.000000000000000000e+00 0.000000000000000000e+00 0.000000000000000000e+00 0.000000000000000000e+00 0.000000000000000000e+00 0.000000000000000000e+00
4.125874125874126053e-01 7.145581691036236860e-01 7.914812460267005578e-01 8.041958041958041647e-01 8.111888111888111430e-01 8.150031786395423028e-01 8.200890019071837012e-01 8.232676414494596306e-01 8.258105530832803298e-01 8.289891926255562593e-01
3.089832181638696995e-01 6.041461006910168186e-01 7.206317867719644887e-01 7.472852912142151638e-01 7.561697926949654258e-01 7.690029615004936314e-01 7.749259624876604358e-01 7.818361303060217260e-01 7.857847976307995586e-01 7.877591312931885303e-01
1.333333333333333315e-01 3.958333333333333148e-01 5.333333333333333259e-01 5.854166666666666963e-01 5.875000000000000222e-01 6.020833333333333037e-01 6.104166666666667185e-01 6.145833333333333703e-01 6.187500000000000222e-01 6.208333333333333481e-01
5.633802816901408578e-02 1.338028169014084390e-01 2.042253521126760618e-01 2.112676056338028130e-01 2.253521126760563431e-01 2.394366197183098455e-01 2.464788732394366244e-01 2.464788732394366244e-01 2.535211267605633756e-01 2.676056338028168780e-01
0.000000000000000000e+00 0.000000000000000000e+00 0.000000000000000000e+00 0.000000000000000000e+00 0.000000000000000000e+00 0.000000000000000000e+00 0.000000000000000000e+00 0.000000000000000000e+00 0.000000000000000000e+00 0.000000000000000000e+00
3.588516746411483105e-01 7.655502392344497586e-01 9.234449760765550685e-01 9.521531100478468623e-01 9.521531100478468623e-01 9.569377990430621983e-01 9.569377990430621983e-01 9.569377990430621983e-01 9.569377990430621983e-01 9.569377990430621983e-01
4.081632653061224164e-02 1.836734693877551117e-01 4.081632653061224580e-01 5.714285714285713969e-01 6.122448979591836871e-01 6.122448979591836871e-01 6.530612244897958663e-01 6.530612244897958663e-01 6.530612244897958663e-01 6.734693877551020114e-01
0.000000000000000000e+00 4.000000000000000083e-02 1.199999999999999956e-01 1.199999999999999956e-01 1.199999999999999956e-01 1.199999999999999956e-01 1.199999999999999956e-01 1.199999999999999956e-01 1.199999999999999956e-01 1.199999999999999956e-01
0.000000000000000000e+00 0.000000000000000000e+00 0.000000000000000000e+00 0.000000000000000000e+00 0.000000000000000000e+00 0.000000000000000000e+00 0.000000000000000000e+00 0.000000000000000000e+00 0.000000000000000000e+00 0.000000000000000000e+00
0.000000000000000000e+00 0.000000000000000000e+00 0.000000000000000000e+00 0.000000000000000000e+00 0.000000000000000000e+00 0.000000000000000000e+00 0.000000000000000000e+00 0.000000000000000000e+00 0.000000000000000000e+00 0.000000000000000000e+00
1.512195121951219468e-01 4.243902439024390127e-01 7.121951219512194786e-01 7.756097560975609984e-01 7.804878048780488076e-01 8.048780487804878536e-01 8.048780487804878536e-01 8.097560975609756628e-01 8.195121951219511702e-01 8.243902439024389794e-01
2.040816326530612082e-02 1.836734693877551117e-01 4.897959183673469274e-01 7.653061224489795533e-01 8.163265306122449161e-01 8.265306122448979886e-01 8.265306122448979886e-01 8.265306122448979886e-01 8.469387755102041337e-01 8.571428571428570953e-01
1.315789473684210453e-01 3.508771929824561209e-01 5.000000000000000000e-01 5.701754385964912242e-01 5.877192982456140857e-01 6.052631578947368363e-01 6.052631578947368363e-01 6.315789473684210176e-01 6.403508771929824483e-01 6.491228070175438791e-01
0.000000000000000000e+00 3.125000000000000000e-02 1.250000000000000000e-01 2.812500000000000000e-01 3.125000000000000000e-01 3.125000000000000000e-01 3.750000000000000000e-01 3.750000000000000000e-01 3.750000000000000000e-01 3.750000000000000000e-01
5.400000000000000355e-01 8.399999999999999689e-01 8.599999999999999867e-01 8.800000000000000044e-01 8.800000000000000044e-01 8.800000000000000044e-01 9.000000000000000222e-01 9.000000000000000222e-01 9.000000000000000222e-01 9.000000000000000222e-01
7.063953488372093359e-01 9.069767441860464574e-01 9.186046511627906641e-01 9.244186046511627675e-01 9.273255813953488191e-01 9.273255813953488191e-01 9.273255813953488191e-01 9.273255813953488191e-01 9.302325581395348708e-01 9.331395348837209225e-01
6.875000000000000000e-01 8.750000000000000000e-01 8.750000000000000000e-01 9.375000000000000000e-01 9.375000000000000000e-01 9.375000000000000000e-01 9.375000000000000000e-01 9.375000000000000000e-01 9.375000000000000000e-01 9.375000000000000000e-01
5.000000000000000000e-01 5.000000000000000000e-01 5.000000000000000000e-01 5.000000000000000000e-01 5.000000000000000000e-01 5.000000000000000000e-01 5.000000000000000000e-01 5.000000000000000000e-01 5.000000000000000000e-01 5.000000000000000000e-01
3.333333333333333148e-01 3.333333333333333148e-01 3.333333333333333148e-01 3.333333333333333148e-01 3.333333333333333148e-01 3.333333333333333148e-01 3.333333333333333148e-01 3.333333333333333148e-01 3.333333333333333148e-01 3.333333333333333148e-01
0.000000000000000000e+00 5.000000000000000000e-01 5.000000000000000000e-01 5.000000000000000000e-01 5.000000000000000000e-01 5.000000000000000000e-01 5.000000000000000000e-01 5.000000000000000000e-01 5.000000000000000000e-01 5.000000000000000000e-01
5.772377882469625909e-01 8.581700967022067861e-01 9.109843788742871817e-01 9.151996032729977637e-01 9.174311926605505096e-01 9.194148276717084567e-01 9.201586908008926313e-01 9.211505083064716048e-01 9.213984626828664037e-01 9.228861889412348640e-01
4.189622037155669165e-01 7.290198590647021248e-01 8.161434977578475580e-01 8.206278026905829970e-01 8.231902626521460098e-01 8.251121076233184359e-01 8.263933376040999423e-01 8.295964125560537639e-01 8.308776425368353813e-01 8.308776425368353813e-01
3.636363636363636465e-01 8.181818181818182323e-01 8.181818181818182323e-01 8.181818181818182323e-01 8.181818181818182323e-01 8.181818181818182323e-01 8.181818181818182323e-01 8.181818181818182323e-01 8.181818181818182323e-01 8.181818181818182323e-01
3.937823834196891304e-01 6.787564766839377928e-01 8.031088082901554071e-01 8.290155440414507249e-01 8.290155440414507249e-01 8.290155440414507249e-01 8.290155440414507249e-01 8.290155440414507249e-01 8.290155440414507249e-01 8.290155440414507249e-01
3.053691275167785268e-01 5.989932885906040783e-01 6.963087248322147316e-01 7.206375838926174504e-01 7.231543624161074213e-01 7.290268456375839090e-01 7.307046979865772229e-01 7.315436241610738799e-01 7.323825503355704258e-01 7.340604026845637398e-01
2.097902097902097987e-02 2.377622377622377603e-01 4.685314685314685423e-01 6.643356643356643776e-01 7.272727272727272929e-01 7.692307692307692735e-01 7.902097902097902082e-01 7.972027972027971865e-01 7.972027972027971865e-01 8.041958041958041647e-01
0.000000000000000000e+00 0.000000000000000000e+00 2.000000000000000111e-01 2.000000000000000111e-01 4.000000000000000222e-01 4.000000000000000222e-01 4.000000000000000222e-01 4.000000000000000222e-01 4.000000000000000222e-01 4.000000000000000222e-01
3.703703703703703498e-02 2.592592592592592449e-01 5.555555555555555802e-01 7.037037037037037202e-01 7.407407407407406996e-01 7.407407407407406996e-01 8.148148148148147696e-01 8.518518518518518601e-01 8.518518518518518601e-01 8.518518518518518601e-01
0.000000000000000000e+00 0.000000000000000000e+00 0.000000000000000000e+00 0.000000000000000000e+00 0.000000000000000000e+00 0.000000000000000000e+00 0.000000000000000000e+00 0.000000000000000000e+00 0.000000000000000000e+00 0.000000000000000000e+00
3.913043478260869734e-01 6.739130434782608647e-01 8.152173913043477826e-01 8.369565217391304879e-01 8.478260869565217295e-01 8.695652173913043237e-01 8.695652173913043237e-01 8.695652173913043237e-01 8.695652173913043237e-01 8.695652173913043237e-01
9.014084507042254002e-02 3.774647887323943629e-01 6.197183098591548811e-01 7.323943661971831220e-01 7.802816901408450301e-01 8.197183098591549477e-01 8.366197183098591506e-01 8.507042253521126529e-01 8.507042253521126529e-01 8.563380281690140539e-01
3.571428571428571230e-02 1.214285714285714274e-01 3.071428571428571619e-01 3.785714285714285587e-01 4.214285714285714302e-01 4.785714285714285920e-01 5.071428571428571175e-01 5.428571428571428159e-01 5.571428571428571619e-01 5.571428571428571619e-01
0.000000000000000000e+00 0.000000000000000000e+00 0.000000000000000000e+00 0.000000000000000000e+00 0.000000000000000000e+00 0.000000000000000000e+00 0.000000000000000000e+00 0.000000000000000000e+00 0.000000000000000000e+00 0.000000000000000000e+00
0.000000000000000000e+00 1.587301587301587213e-02 9.523809523809523281e-02 3.650793650793650591e-01 4.603174603174602919e-01 4.920634920634920362e-01 4.920634920634920362e-01 5.079365079365079083e-01 5.079365079365079083e-01 5.079365079365079083e-01
9.882352941176469896e-02 3.529411764705882582e-01 5.741176470588235103e-01 7.317647058823529838e-01 7.741176470588235770e-01 7.976470588235293757e-01 8.164705882352941702e-01 8.188235294117647278e-01 8.329411764705881849e-01 8.352941176470588536e-01
1.368421052631579038e-01 5.789473684210526550e-01 7.684210526315788936e-01 8.736842105263158409e-01 8.842105263157894468e-01 8.947368421052631637e-01 9.052631578947368807e-01 9.052631578947368807e-01 9.052631578947368807e-01 9.052631578947368807e-01
8.823529411764706454e-02 4.411764705882352811e-01 7.352941176470588758e-01 7.647058823529411242e-01 7.647058823529411242e-01 7.647058823529411242e-01 7.647058823529411242e-01 7.647058823529411242e-01 7.647058823529411242e-01 7.647058823529411242e-01
6.976744186046511531e-02 3.604651162790697416e-01 5.581395348837209225e-01 7.441860465116278966e-01 7.674418604651163101e-01 7.674418604651163101e-01 7.906976744186046124e-01 7.906976744186046124e-01 8.023255813953488191e-01 8.255813953488372325e-01
1.578947368421052544e-01 3.947368421052631637e-01 6.315789473684210176e-01 7.598684210526315264e-01 7.894736842105263275e-01 8.026315789473684736e-01 8.059210526315789824e-01 8.157894736842105088e-01 8.223684210526315264e-01 8.355263157894736725e-01
0.000000000000000000e+00 0.000000000000000000e+00 0.000000000000000000e+00 2.500000000000000000e-01 2.500000000000000000e-01 5.000000000000000000e-01 5.000000000000000000e-01 5.000000000000000000e-01 5.000000000000000000e-01 5.000000000000000000e-01
4.724409448818897572e-02 2.196850393700787440e-01 4.472440944881889702e-01 6.440944881889764106e-01 7.039370078740156966e-01 7.181102362204724310e-01 7.299212598425196541e-01 7.385826771653543066e-01 7.503937007874015297e-01 7.598425196850393526e-01
3.338632750397456384e-02 1.780604133545309886e-01 2.941176470588235392e-01 4.451510333863274993e-01 5.325914149443561341e-01 6.120826709062002768e-01 6.470588235294117974e-01 6.613672496025436720e-01 6.852146263910969815e-01 7.154213036565977291e-01
7.692307692307692735e-02 2.724358974358974117e-01 4.615384615384615641e-01 6.378205128205127750e-01 7.051282051282051766e-01 7.339743589743589203e-01 7.435897435897436125e-01 7.500000000000000000e-01 7.564102564102563875e-01 7.756410256410256610e-01
2.734375000000000000e-02 1.015625000000000000e-01 3.046875000000000000e-01 4.531250000000000000e-01 5.273437500000000000e-01 5.585937500000000000e-01 5.781250000000000000e-01 5.898437500000000000e-01 6.132812500000000000e-01 6.171875000000000000e-01
6.340579710144927938e-02 1.757246376811594235e-01 3.315217391304347561e-01 4.836956521739130266e-01 5.126811594202898004e-01 5.380434782608695121e-01 5.434782608695651884e-01 5.507246376811594235e-01 5.579710144927536586e-01 5.688405797101449002e-01
1.428571428571428492e-01 2.971428571428571530e-01 3.571428571428571508e-01 3.714285714285714413e-01 3.742857142857142771e-01 3.742857142857142771e-01 3.742857142857142771e-01 3.742857142857142771e-01 3.742857142857142771e-01 3.742857142857142771e-01
2.670068027210884543e-01 5.408163265306122902e-01 6.836734693877550839e-01 7.261904761904761640e-01 7.414965986394558284e-01 7.482993197278912101e-01 7.517006802721087899e-01 7.517006802721087899e-01 7.534013605442176909e-01 7.568027210884353817e-01
3.325415676959619926e-01 5.807600950118765315e-01 6.484560570071259411e-01 6.567695961995249077e-01 6.603325415676959409e-01 6.603325415676959409e-01 6.615201900237529520e-01 6.627078384798099631e-01 6.627078384798099631e-01 6.662707838479809963e-01
6.379310344827586465e-02 1.862068965517241492e-01 3.155172413793103647e-01 4.258620689655172598e-01 4.913793103448275690e-01 5.275862068965517793e-01 5.379310344827585855e-01 5.431034482758620996e-01 5.465517241379310720e-01 5.500000000000000444e-01
7.913669064748200810e-02 1.798561151079136611e-01 2.014388489208633060e-01 2.158273381294963933e-01 2.589928057553956831e-01 3.597122302158273222e-01 4.532374100719424592e-01 4.964028776978417490e-01 4.964028776978417490e-01 5.035971223021582510e-01
3.333333333333333148e-01 6.603773584905660021e-01 8.238993710691824290e-01 8.301886792452830566e-01 8.427672955974843116e-01 8.553459119496855667e-01 8.679245283018868218e-01 8.742138364779874493e-01 8.742138364779874493e-01 8.742138364779874493e-01
2.692307692307692180e-01 6.923076923076922906e-01 8.418803418803418870e-01 8.717948717948718063e-01 8.760683760683760646e-01 8.888888888888888395e-01 8.931623931623932089e-01 8.931623931623932089e-01 8.931623931623932089e-01 8.931623931623932089e-01
2.000000000000000111e-01 3.647058823529411575e-01 4.823529411764705954e-01 5.647058823529411686e-01 5.647058823529411686e-01 5.647058823529411686e-01 5.764705882352940680e-01 5.764705882352940680e-01 5.764705882352940680e-01 5.764705882352940680e-01
2.222222222222222099e-01 6.296296296296296502e-01 7.222222222222222099e-01 7.777777777777777901e-01 7.870370370370370905e-01 7.870370370370370905e-01 7.870370370370370905e-01 7.962962962962962798e-01 7.962962962962962798e-01 7.962962962962962798e-01
1.454545454545454475e-01 4.000000000000000222e-01 5.090909090909090384e-01 5.454545454545454142e-01 5.454545454545454142e-01 5.454545454545454142e-01 5.454545454545454142e-01 5.454545454545454142e-01 5.454545454545454142e-01 5.454545454545454142e-01
1.883116883116883189e-01 4.610389610389610260e-01 6.493506493506493449e-01 7.272727272727272929e-01 7.337662337662337331e-01 7.597402597402597157e-01 7.792207792207792583e-01 7.792207792207792583e-01 7.792207792207792583e-01 7.922077922077922496e-01
1.344537815126050362e-01 3.697478991596638842e-01 5.546218487394958263e-01 6.806722689075630495e-01 7.058823529411765163e-01 7.226890756302520868e-01 7.394957983193277684e-01 7.394957983193277684e-01 7.478991596638655537e-01 7.563025210084033390e-01
1.714285714285714302e-01 3.714285714285714413e-01 5.285714285714285809e-01 6.571428571428571397e-01 6.714285714285713746e-01 6.714285714285713746e-01 6.999999999999999556e-01 6.999999999999999556e-01 7.142857142857143016e-01 7.142857142857143016e-01
4.761904761904761640e-02 1.904761904761904656e-01 3.571428571428571508e-01 5.238095238095238360e-01 5.476190476190476719e-01 5.714285714285713969e-01 5.714285714285713969e-01 5.952380952380952328e-01 5.952380952380952328e-01 6.190476190476190688e-01
8.571428571428571508e-02 4.285714285714285476e-01 6.285714285714285587e-01 6.285714285714285587e-01 7.142857142857143016e-01 7.142857142857143016e-01 7.142857142857143016e-01 7.142857142857143016e-01 7.142857142857143016e-01 7.428571428571428825e-01
4.900527811611855578e-01 7.945594803085668234e-01 8.741372310190824724e-01 8.891595615103532468e-01 8.960617133576939120e-01 9.053999187982135766e-01 9.127080795777506861e-01 9.175801867641087961e-01 9.216402760860739063e-01 9.252943564758424611e-01
2.615694164989939771e-02 2.253521126760563431e-01 5.090543259557344102e-01 7.505030181086519425e-01 8.672032193158953906e-01 8.893360160965795291e-01 9.074446680080482386e-01 9.195171026156941929e-01 9.195171026156941929e-01 9.275653923541247181e-01
3.987730061349693128e-02 2.331288343558282072e-01 5.214723926380367969e-01 7.300613496932515378e-01 8.190184049079755058e-01 8.435582822085889720e-01 8.619631901840490995e-01 8.742331288343557771e-01 8.834355828220858964e-01 8.987730061349693544e-01
4.191616766467065602e-02 1.856287425149700521e-01 5.000000000000000000e-01 6.407185628742515515e-01 6.976047904191616800e-01 7.155688622754491357e-01 7.305389221556886081e-01 7.365269461077844637e-01 7.365269461077844637e-01 7.425149700598802083e-01
6.250000000000000000e-02 1.875000000000000000e-01 3.750000000000000000e-01 4.375000000000000000e-01 4.375000000000000000e-01 5.000000000000000000e-01 5.000000000000000000e-01 5.000000000000000000e-01 5.000000000000000000e-01 5.000000000000000000e-01
5.717375630857967073e-01 8.061592337006900921e-01 8.474611185497991084e-01 8.543619322278298567e-01 8.569368627047069253e-01 8.596147904006591345e-01 8.621897208775363142e-01 8.645586569162632129e-01 8.672365846122154220e-01 8.696055206509424318e-01
4.024460156697878821e-01 7.003630804509841656e-01 7.775654500286642845e-01 7.886489585323905871e-01 7.928530479648385754e-01 7.955283776036690124e-01 7.982037072424995605e-01 7.993502770877125574e-01 8.010701318555322192e-01 8.033632715459583240e-01
1.994680851063829752e-01 4.627659574468084847e-01 6.090425531914893664e-01 6.250000000000000000e-01 6.329787234042553168e-01 6.356382978723403854e-01 6.382978723404255650e-01 6.382978723404255650e-01 6.409574468085106336e-01 6.409574468085106336e-01
3.020134228187919614e-02 8.724832214765100569e-02 1.543624161073825496e-01 2.181208053691275073e-01 2.315436241610738244e-01 2.348993288590603967e-01 2.382550335570469691e-01 2.382550335570469691e-01 2.382550335570469691e-01 2.416107382550335692e-01
3.773584905660377388e-03 1.132075471698113130e-02 3.773584905660377214e-02 7.169811320754716777e-02 7.924528301886792081e-02 7.924528301886792081e-02 7.924528301886792081e-02 8.301886792452829733e-02 8.301886792452829733e-02 8.301886792452829733e-02
1.081794195250659618e-01 3.984168865435356310e-01 6.068601583113456543e-01 6.675461741424801865e-01 6.728232189973615274e-01 6.728232189973615274e-01 6.754617414248020868e-01 6.781002638522427572e-01 6.781002638522427572e-01 6.781002638522427572e-01
0.000000000000000000e+00 0.000000000000000000e+00 0.000000000000000000e+00 0.000000000000000000e+00 0.000000000000000000e+00 0.000000000000000000e+00 0.000000000000000000e+00 0.000000000000000000e+00 0.000000000000000000e+00 0.000000000000000000e+00
0.000000000000000000e+00 0.000000000000000000e+00 0.000000000000000000e+00 0.000000000000000000e+00 1.666666666666666574e-01 1.666666666666666574e-01 1.666666666666666574e-01 1.666666666666666574e-01 1.666666666666666574e-01 1.666666666666666574e-01
0.000000000000000000e+00 0.000000000000000000e+00 0.000000000000000000e+00 8.333333333333332871e-02 8.333333333333332871e-02 8.333333333333332871e-02 8.333333333333332871e-02 8.333333333333332871e-02 8.333333333333332871e-02 8.333333333333332871e-02
0.000000000000000000e+00 0.000000000000000000e+00 0.000000000000000000e+00 0.000000000000000000e+00 0.000000000000000000e+00 0.000000000000000000e+00 0.000000000000000000e+00 0.000000000000000000e+00 0.000000000000000000e+00 0.000000000000000000e+00
2.272727272727272652e-01 4.545454545454545303e-01 5.454545454545454142e-01 5.909090909090909394e-01 5.909090909090909394e-01 5.909090909090909394e-01 5.909090909090909394e-01 5.909090909090909394e-01 5.909090909090909394e-01 5.909090909090909394e-01
2.000000000000000111e-01 8.000000000000000444e-01 8.000000000000000444e-01 8.000000000000000444e-01 8.000000000000000444e-01 8.000000000000000444e-01 8.000000000000000444e-01 8.000000000000000444e-01 8.000000000000000444e-01 8.000000000000000444e-01
5.000000000000000000e-01 5.000000000000000000e-01 5.000000000000000000e-01 1.000000000000000000e+00 1.000000000000000000e+00 1.000000000000000000e+00 1.000000000000000000e+00 1.000000000000000000e+00 1.000000000000000000e+00 1.000000000000000000e+00
0.000000000000000000e+00 0.000000000000000000e+00 0.000000000000000000e+00 0.000000000000000000e+00 0.000000000000000000e+00 0.000000000000000000e+00 0.000000000000000000e+00 0.000000000000000000e+00 0.000000000000000000e+00 0.000000000000000000e+00
0.000000000000000000e+00 0.000000000000000000e+00 0.000000000000000000e+00 0.000000000000000000e+00 0.000000000000000000e+00 0.000000000000000000e+00 0.000000000000000000e+00 0.000000000000000000e+00 0.000000000000000000e+00 0.000000000000000000e+00
5.104895104895105229e-01 8.671328671328670801e-01 9.160839160839160389e-01 9.230769230769231282e-01 9.300699300699301064e-01 9.370629370629370847e-01 9.370629370629370847e-01 9.370629370629370847e-01 9.370629370629370847e-01 9.370629370629370847e-01
1.481481481481481399e-01 5.185185185185184897e-01 8.888888888888888395e-01 9.259259259259259300e-01 9.259259259259259300e-01 9.259259259259259300e-01 9.259259259259259300e-01 9.259259259259259300e-01 9.629629629629629095e-01 9.629629629629629095e-01
3.529411764705882582e-01 6.470588235294117974e-01 8.823529411764705621e-01 8.823529411764705621e-01 8.823529411764705621e-01 8.823529411764705621e-01 8.823529411764705621e-01 8.823529411764705621e-01 8.823529411764705621e-01 9.411764705882352811e-01
5.000000000000000000e-01 1.000000000000000000e+00 1.000000000000000000e+00 1.000000000000000000e+00 1.000000000000000000e+00 1.000000000000000000e+00 1.000000000000000000e+00 1.000000000000000000e+00 1.000000000000000000e+00 1.000000000000000000e+00
0.000000000000000000e+00 1.000000000000000000e+00 1.000000000000000000e+00 1.000000000000000000e+00 1.000000000000000000e+00 1.000000000000000000e+00 1.000000000000000000e+00 1.000000000000000000e+00 1.000000000000000000e+00 1.000000000000000000e+00
1.168831168831168804e-01 3.766233766233766378e-01 4.805194805194805130e-01 6.233766233766233622e-01 6.753246753246753276e-01 7.662337662337662669e-01 7.662337662337662669e-01 7.922077922077922496e-01 8.051948051948052409e-01 8.311688311688312236e-01
0.000000000000000000e+00 0.000000000000000000e+00 0.000000000000000000e+00 0.000000000000000000e+00 0.000000000000000000e+00 0.000000000000000000e+00 0.000000000000000000e+00 0.000000000000000000e+00 0.000000000000000000e+00 0.000000000000000000e+00
0.000000000000000000e+00 0.000000000000000000e+00 0.000000000000000000e+00 0.000000000000000000e+00 0.000000000000000000e+00 0.000000000000000000e+00 0.000000000000000000e+00 0.000000000000000000e+00 0.000000000000000000e+00 0.000000000000000000e+00
0.000000000000000000e+00 0.000000000000000000e+00 0.000000000000000000e+00 0.000000000000000000e+00 0.000000000000000000e+00 0.000000000000000000e+00 0.000000000000000000e+00 0.000000000000000000e+00 0.000000000000000000e+00 0.000000000000000000e+00
0.000000000000000000e+00 0.000000000000000000e+00 0.000000000000000000e+00 0.000000000000000000e+00 0.000000000000000000e+00 0.000000000000000000e+00 0.000000000000000000e+00 0.000000000000000000e+00 0.000000000000000000e+00 0.000000000000000000e+00
4.632086851628468005e-01 7.696019300361881532e-01 8.781664656212303521e-01 9.010856453558504509e-01 9.083232810615199382e-01 9.119420989143546263e-01 9.143546441495777888e-01 9.155609167671894255e-01 9.167671893848009512e-01 9.167671893848009512e-01
1.428571428571428492e-01 2.912087912087912289e-01 3.571428571428571508e-01 4.285714285714285476e-01 4.780219780219780445e-01 5.164835164835165360e-01 5.329670329670329609e-01 5.439560439560439109e-01 5.439560439560439109e-01 5.439560439560439109e-01
9.433962264150944077e-02 1.320754716981132060e-01 2.264150943396226467e-01 2.452830188679245293e-01 3.018867924528301772e-01 3.207547169811320598e-01 3.396226415094339424e-01 3.396226415094339424e-01 3.396226415094339424e-01 3.396226415094339424e-01
0.000000000000000000e+00 1.250000000000000000e-01 1.250000000000000000e-01 2.500000000000000000e-01 3.750000000000000000e-01 3.750000000000000000e-01 6.250000000000000000e-01 6.250000000000000000e-01 6.250000000000000000e-01 6.250000000000000000e-01
0.000000000000000000e+00 0.000000000000000000e+00 0.000000000000000000e+00 0.000000000000000000e+00 6.666666666666666574e-02 6.666666666666666574e-02 1.333333333333333315e-01 1.333333333333333315e-01 1.333333333333333315e-01 1.333333333333333315e-01
3.527164685908319441e-01 7.474533106960951079e-01 8.459252971137520838e-01 8.535653650254668712e-01 8.578098471986417284e-01 8.616298811544991221e-01 8.637521222410865507e-01 8.641765704584041252e-01 8.646010186757215887e-01 8.667232597623090173e-01
1.753846153846153888e-01 5.215384615384615064e-01 6.769230769230769607e-01 7.184615384615384848e-01 7.261538461538461497e-01 7.323076923076923261e-01 7.323076923076923261e-01 7.384615384615385025e-01 7.384615384615385025e-01 7.430769230769230793e-01
2.531645569620253125e-02 1.012658227848101250e-01 1.265822784810126667e-01 1.392405063291139167e-01 1.518987341772151944e-01 1.645569620253164445e-01 1.645569620253164445e-01 1.645569620253164445e-01 1.645569620253164445e-01 1.645569620253164445e-01
2.244008714596949783e-01 6.151053013798112312e-01 8.010167029774872827e-01 8.278867102396514355e-01 8.351488743645606450e-01 8.409586056644879903e-01 8.445896877269426506e-01 8.460421205519245147e-01 8.503994190268699960e-01 8.518518518518518601e-01
4.761904761904761640e-02 1.984126984126984017e-01 3.015873015873015706e-01 3.412698412698412787e-01 3.492063492063491870e-01 3.650793650793650591e-01 3.650793650793650591e-01 3.650793650793650591e-01 3.650793650793650591e-01 3.650793650793650591e-01
2.791666666666666741e-01 6.291666666666666519e-01 7.958333333333332815e-01 8.666666666666666963e-01 8.791666666666666519e-01 8.791666666666666519e-01 8.791666666666666519e-01 8.791666666666666519e-01 8.791666666666666519e-01 8.791666666666666519e-01
1.937172774869110048e-01 4.502617801047120172e-01 6.649214659685863671e-01 7.905759162303664933e-01 8.115183246073298662e-01 8.324607329842932391e-01 8.429319371727748145e-01 8.429319371727748145e-01 8.429319371727748145e-01 8.429319371727748145e-01
4.244741873804971366e-01 7.571701720841300665e-01 8.623326959847036344e-01 8.871892925430210353e-01 8.871892925430210353e-01 8.891013384321223567e-01 8.948374760994264321e-01 8.967495219885277535e-01 8.986615678776290750e-01 9.024856596558317179e-01
1.851851851851851749e-01 3.703703703703703498e-01 5.000000000000000000e-01 5.740740740740740700e-01 5.740740740740740700e-01 5.740740740740740700e-01 5.740740740740740700e-01 5.740740740740740700e-01 5.740740740740740700e-01 5.925925925925925597e-01
2.124999999999999944e-01 3.875000000000000111e-01 5.374999999999999778e-01 6.624999999999999778e-01 6.875000000000000000e-01 6.999999999999999556e-01 7.125000000000000222e-01 7.125000000000000222e-01 7.125000000000000222e-01 7.249999999999999778e-01
2.264150943396226467e-01 5.471698113207547065e-01 7.358490566037735325e-01 7.735849056603774088e-01 8.113207547169811740e-01 8.301886792452830566e-01 8.301886792452830566e-01 8.490566037735849392e-01 8.490566037735849392e-01 8.490566037735849392e-01
2.812500000000000000e-01 4.583333333333333148e-01 5.520833333333333703e-01 6.250000000000000000e-01 6.250000000000000000e-01 6.562500000000000000e-01 6.666666666666666297e-01 6.666666666666666297e-01 6.770833333333333703e-01 6.770833333333333703e-01
0.000000000000000000e+00 0.000000000000000000e+00 0.000000000000000000e+00 0.000000000000000000e+00 0.000000000000000000e+00 0.000000000000000000e+00 0.000000000000000000e+00 0.000000000000000000e+00 0.000000000000000000e+00 0.000000000000000000e+00
0.000000000000000000e+00 0.000000000000000000e+00 0.000000000000000000e+00 0.000000000000000000e+00 0.000000000000000000e+00 0.000000000000000000e+00 0.000000000000000000e+00 0.000000000000000000e+00 0.000000000000000000e+00 0.000000000000000000e+00
0.000000000000000000e+00 0.000000000000000000e+00 0.000000000000000000e+00 0.000000000000000000e+00 0.000000000000000000e+00 0.000000000000000000e+00 0.000000000000000000e+00 5.000000000000000000e-01 5.000000000000000000e-01 5.000000000000000000e-01
4.430379746835443056e-02 1.582278481012658333e-01 3.386075949367088334e-01 4.905063291139240556e-01 6.297468354430380000e-01 6.772151898734176667e-01 7.025316455696202222e-01 7.120253164556962222e-01 7.151898734177215555e-01 7.183544303797468888e-01
6.086956521739130682e-02 1.478260869565217461e-01 2.000000000000000111e-01 2.869565217391304435e-01 3.304347826086956319e-01 3.391304347826086807e-01 3.739130434782608758e-01 4.000000000000000222e-01 4.086956521739130710e-01 4.086956521739130710e-01
1.484063745019920388e-01 5.049800796812748960e-01 7.988047808764939806e-01 9.013944223107569487e-01 9.133466135458166990e-01 9.163346613545816366e-01 9.183266932270915950e-01 9.193227091633465742e-01 9.223107569721115118e-01 9.233067729083664910e-01
9.262435677530017619e-02 3.087478559176672355e-01 5.488850771869639988e-01 7.667238421955403505e-01 8.662092624356775294e-01 8.799313893653516461e-01 8.850771869639794120e-01 8.902229845626071780e-01 8.936535162950257627e-01 8.936535162950257627e-01
0.000000000000000000e+00 0.000000000000000000e+00 0.000000000000000000e+00 0.000000000000000000e+00 0.000000000000000000e+00 0.000000000000000000e+00 3.333333333333333287e-02 3.333333333333333287e-02 3.333333333333333287e-02 3.333333333333333287e-02
3.784461152882205304e-01 7.343358395989975085e-01 8.395989974937343447e-01 8.696741854636591551e-01 8.796992481203007586e-01 8.847117794486215603e-01 8.872180451127819056e-01 8.897243107769423620e-01 8.922305764411027074e-01 8.972431077694235091e-01
5.000000000000000000e-01 1.000000000000000000e+00 1.000000000000000000e+00 1.000000000000000000e+00 1.000000000000000000e+00 1.000000000000000000e+00 1.000000000000000000e+00 1.000000000000000000e+00 1.000000000000000000e+00 1.000000000000000000e+00
3.208430913348946367e-01 6.463700234192037986e-01 7.868852459016393297e-01 8.313817330210773182e-01 8.477751756440281561e-01 8.548009367681498327e-01 8.618266978922716204e-01 8.688524590163934080e-01 8.735362997658079331e-01 8.805620608899297208e-01
4.285714285714285476e-01 5.714285714285713969e-01 7.142857142857143016e-01 1.000000000000000000e+00 1.000000000000000000e+00 1.000000000000000000e+00 1.000000000000000000e+00 1.000000000000000000e+00 1.000000000000000000e+00 1.000000000000000000e+00
2.500000000000000000e-01 2.500000000000000000e-01 2.500000000000000000e-01 2.500000000000000000e-01 2.500000000000000000e-01 2.500000000000000000e-01 5.000000000000000000e-01 5.000000000000000000e-01 5.000000000000000000e-01 5.000000000000000000e-01
0.000000000000000000e+00 5.000000000000000000e-01 5.000000000000000000e-01 5.000000000000000000e-01 5.000000000000000000e-01 5.000000000000000000e-01 5.000000000000000000e-01 5.000000000000000000e-01 5.000000000000000000e-01 5.000000000000000000e-01
1.764705882352941291e-01 2.941176470588235392e-01 4.705882352941176405e-01 4.705882352941176405e-01 5.294117647058823595e-01 5.294117647058823595e-01 5.294117647058823595e-01 5.294117647058823595e-01 5.294117647058823595e-01 5.294117647058823595e-01
0.000000000000000000e+00 2.142857142857142738e-01 5.000000000000000000e-01 5.000000000000000000e-01 5.714285714285713969e-01 5.714285714285713969e-01 5.714285714285713969e-01 5.714285714285713969e-01 5.714285714285713969e-01 5.714285714285713969e-01
3.333333333333333148e-01 3.333333333333333148e-01 3.333333333333333148e-01 3.333333333333333148e-01 3.333333333333333148e-01 3.333333333333333148e-01 3.333333333333333148e-01 3.333333333333333148e-01 3.333333333333333148e-01 3.333333333333333148e-01
1.724137931034482735e-02 5.172413793103448204e-02 6.896551724137930939e-02 1.034482758620689641e-01 1.034482758620689641e-01 1.034482758620689641e-01 1.034482758620689641e-01 1.034482758620689641e-01 1.034482758620689641e-01 1.034482758620689641e-01
1.660777385159010466e-01 4.204946996466430997e-01 6.042402826855123310e-01 6.713780918727915159e-01 6.996466431095406113e-01 7.102473498233216054e-01 7.279151943462897068e-01 7.349823321554770361e-01 7.420494699646643655e-01 7.455830388692579191e-01
7.594936708860759722e-02 3.797468354430380000e-01 4.936708860759493889e-01 5.316455696202531112e-01 5.443037974683544444e-01 5.443037974683544444e-01 5.443037974683544444e-01 5.569620253164556667e-01 5.569620253164556667e-01 5.696202531645570000e-01
1.591179976162097609e-01 5.339690107270560482e-01 8.045292014302741768e-01 8.891537544696066497e-01 9.010727056019069980e-01 9.040524433849821406e-01 9.100119189511323148e-01 9.147794994040524541e-01 9.195470798569725934e-01 9.231227651966626979e-01
1.093333333333333379e-01 3.573333333333333361e-01 5.200000000000000178e-01 7.146666666666666723e-01 7.493333333333332957e-01 7.653333333333333099e-01 7.706666666666667220e-01 7.733333333333333171e-01 7.786666666666666181e-01 7.813333333333333242e-01
0.000000000000000000e+00 0.000000000000000000e+00 0.000000000000000000e+00 0.000000000000000000e+00 0.000000000000000000e+00 0.000000000000000000e+00 0.000000000000000000e+00 0.000000000000000000e+00 0.000000000000000000e+00 0.000000000000000000e+00
4.927536231884058204e-01 8.212560386473429785e-01 8.768115942028985588e-01 8.864734299516908722e-01 8.973429951690821138e-01 9.070048309178744272e-01 9.082125603864734664e-01 9.166666666666666297e-01 9.166666666666666297e-01 9.178743961352656688e-01
1.264367816091954144e-01 3.563218390804597790e-01 4.712643678160919336e-01 5.172413793103448620e-01 5.402298850574712707e-01 5.517241379310344751e-01 5.632183908045976795e-01 5.747126436781608838e-01 5.862068965517240882e-01 5.862068965517240882e-01
0.000000000000000000e+00 0.000000000000000000e+00 0.000000000000000000e+00 0.000000000000000000e+00 0.000000000000000000e+00 0.000000000000000000e+00 0.000000000000000000e+00 4.347826086956521618e-02 4.347826086956521618e-02 4.347826086956521618e-02
2.272727272727272790e-02 6.818181818181817677e-02 1.931818181818181768e-01 2.386363636363636465e-01 2.613636363636363535e-01 2.613636363636363535e-01 2.840909090909091161e-01 2.954545454545454697e-01 2.954545454545454697e-01 3.181818181818181768e-01
0.000000000000000000e+00 1.612903225806451568e-02 4.838709677419354704e-02 4.838709677419354704e-02 4.838709677419354704e-02 4.838709677419354704e-02 6.451612903225806273e-02 6.451612903225806273e-02 6.451612903225806273e-02 6.451612903225806273e-02
1.790830945558739284e-01 5.100286532951289198e-01 7.392550143266475304e-01 8.395415472779369503e-01 8.724928366762177978e-01 8.825214899713467176e-01 8.839541547277937061e-01 8.853868194842406947e-01 8.868194842406876832e-01 8.882521489971346718e-01
1.948051948051948007e-02 9.740259740259740728e-02 2.272727272727272652e-01 3.506493506493506551e-01 4.090909090909091161e-01 4.870129870129870087e-01 5.389610389610389740e-01 5.649350649350649567e-01 5.844155844155843882e-01 6.038961038961039307e-01
7.063197026022305369e-02 2.862453531598512790e-01 5.241635687732342230e-01 6.486988847583643469e-01 6.858736059479554337e-01 7.081784386617100413e-01 7.174721189591077852e-01 7.211895910780669050e-01 7.267657992565055292e-01 7.304832713754646489e-01
4.545454545454545581e-02 1.590909090909090884e-01 2.954545454545454697e-01 5.113636363636363535e-01 6.136363636363636465e-01 6.590909090909090606e-01 6.931818181818182323e-01 6.931818181818182323e-01 6.931818181818182323e-01 6.931818181818182323e-01
0.000000000000000000e+00 0.000000000000000000e+00 1.818181818181818232e-01 2.727272727272727071e-01 2.727272727272727071e-01 2.727272727272727071e-01 2.727272727272727071e-01 4.545454545454545303e-01 4.545454545454545303e-01 5.454545454545454142e-01
2.727272727272727071e-01 6.969696969696970168e-01 8.484848484848485084e-01 8.787878787878787845e-01 8.787878787878787845e-01 8.787878787878787845e-01 9.393939393939394478e-01 9.393939393939394478e-01 9.393939393939394478e-01 9.393939393939394478e-01
1.086956521739130405e-01 3.478260869565217295e-01 5.217391304347825942e-01 6.086956521739130821e-01 6.086956521739130821e-01 6.086956521739130821e-01 6.304347826086956763e-01 6.304347826086956763e-01 6.304347826086956763e-01 6.304347826086956763e-01
0.000000000000000000e+00 0.000000000000000000e+00 0.000000000000000000e+00 2.000000000000000111e-01 2.999999999999999889e-01 2.999999999999999889e-01 2.999999999999999889e-01 4.000000000000000222e-01 4.000000000000000222e-01 5.000000000000000000e-01
7.692307692307692735e-02 1.538461538461538547e-01 2.564102564102563875e-01 2.820512820512820484e-01 2.820512820512820484e-01 2.820512820512820484e-01 3.076923076923077094e-01 3.076923076923077094e-01 3.076923076923077094e-01 3.076923076923077094e-01
5.882352941176470507e-02 5.882352941176470507e-02 5.882352941176470507e-02 1.764705882352941291e-01 1.764705882352941291e-01 1.764705882352941291e-01 1.764705882352941291e-01 1.764705882352941291e-01 1.764705882352941291e-01 1.764705882352941291e-01
