2.207139265962795305e-01 5.786827551533434422e-01 7.355455002513826557e-01 7.732528908999497519e-01 7.858220211161387470e-01 7.928607340372045842e-01 7.978883861236802932e-01 8.024132730015083315e-01 8.039215686274510109e-01 8.064353946706888099e-01
2.000000000000000111e-01 5.113475177304964703e-01 7.049645390070922168e-01 7.822695035460992541e-01 7.921985815602836656e-01 7.971631205673759268e-01 8.000000000000000444e-01 8.021276595744680771e-01 8.056737588652482795e-01 8.099290780141843449e-01
4.780876494023904300e-02 2.091633466135458252e-01 3.386454183266932039e-01 4.601593625498007767e-01 5.557768924302788349e-01 5.896414342629482386e-01 5.976095617529880721e-01 6.035856573705179473e-01 6.055776892430279057e-01 6.055776892430279057e-01
1.020576131687242760e-01 3.119341563786008353e-01 5.259259259259259078e-01 6.213991769547324573e-01 6.732510288065843840e-01 7.028806584362139454e-01 7.185185185185185563e-01 7.259259259259259744e-01 7.275720164609053020e-01 7.283950617283950768e-01
6.175771971496436807e-02 1.496437054631828967e-01 2.565320665083135609e-01 3.752969121140142250e-01 4.418052256532066235e-01 4.774346793349168450e-01 5.178147268408550552e-01 5.605700712589073431e-01 5.700712589073634318e-01 5.724465558194774539e-01
2.021660649819494449e-01 5.956678700361011103e-01 8.194945848375451147e-01 8.592057761732851962e-01 8.736462093862815692e-01 8.808664259927797557e-01 8.880866425992779423e-01 8.916967509025270910e-01 8.989169675090252776e-01 9.025270758122743153e-01
1.534653465346534629e-01 5.148514851485148647e-01 7.722772277227722970e-01 8.217821782178217349e-01 8.267326732673266898e-01 8.316831683168316447e-01 8.316831683168316447e-01 8.415841584158415545e-01 8.415841584158415545e-01 8.415841584158415545e-01
7.368421052631578261e-02 2.105263157894736725e-01 4.210526315789473450e-01 5.368421052631578982e-01 5.684210526315789380e-01 5.789473684210526550e-01 5.789473684210526550e-01 5.894736842105262609e-01 6.210526315789474117e-01 6.315789473684210176e-01
7.594936708860759722e-02 4.556962025316455556e-01 6.962025316455696666e-01 8.101265822784810000e-01 8.227848101265823333e-01 8.227848101265823333e-01 8.291139240506328889e-01 8.291139240506328889e-01 8.291139240506328889e-01 8.291139240506328889e-01
1.165048543689320426e-01 4.757281553398058360e-01 6.893203883495145901e-01 8.252427184466019083e-01 8.543689320388349051e-01 8.543689320388349051e-01 8.640776699029125707e-01 8.640776699029125707e-01 8.737864077669902363e-01 8.737864077669902363e-01
4.202874607632579029e-01 7.279035189162398334e-01 8.101767718486700964e-01 8.281843713860895795e-01 8.311581034197917939e-01 8.339666281182884777e-01 8.356187014703453375e-01 8.382620188336362688e-01 8.395836775152816234e-01 8.415661655377498773e-01
2.052995941752208120e-01 5.614705180233946491e-01 7.479111959894962913e-01 7.899259966579136316e-01 7.987586536166149109e-01 8.030556218667940227e-01 8.066364287419431900e-01 8.087849128670326904e-01 8.114108379088087464e-01 8.130818811172116911e-01
1.281708945260347232e-01 3.684913217623497772e-01 5.336003560302625681e-01 5.910102358700489722e-01 6.088117489986648589e-01 6.208277703604806463e-01 6.257231864708500124e-01 6.283934134401424343e-01 6.315086782376502228e-01 6.332888295505118004e-01
8.829300196206671392e-02 2.786134728580771935e-01 4.153041203400915649e-01 4.767822105951602385e-01 4.957488554610856579e-01 5.062132112491825042e-01 5.101373446697187175e-01 5.140614780902550418e-01 5.166775670372792950e-01 5.192936559843034372e-01
1.146732429099876632e-01 3.692971639950677898e-01 5.098643649815043366e-01 5.665844636251541333e-01 5.819975339087546384e-01 5.869297163995067512e-01 5.912453760789149193e-01 5.924784217016029197e-01 5.949445129469790317e-01 5.967940813810110878e-01
2.599843382928739288e-01 5.888801879404854667e-01 6.836335160532498456e-01 6.961628817541112291e-01 6.985121378230226830e-01 6.992952231793265749e-01 7.008613938919342479e-01 7.008613938919342479e-01 7.008613938919342479e-01 7.024275646045419208e-01
1.429503916449086087e-01 4.242819843342036656e-01 6.201044386422976951e-01 6.945169712793733963e-01 6.990861618798955845e-01 7.023498694516970842e-01 7.030026109660574285e-01 7.043080939947781172e-01 7.049608355091383505e-01 7.049608355091383505e-01
2.118119975262832411e-01 5.572047000618429724e-01 7.053184910327767732e-01 7.356215213358070493e-01 7.393320964749535706e-01 7.399505256648113427e-01 7.405689548546691148e-01 7.411873840445268868e-01 7.418058132343846589e-01 7.421150278293134894e-01
4.633204633204632966e-02 1.428571428571428492e-01 2.239382239382239348e-01 2.625482625482625232e-01 2.857142857142856984e-01 3.011583011583011671e-01 3.108108108108108003e-01 3.166023166023165802e-01 3.243243243243243423e-01 3.243243243243243423e-01
4.077134986225895430e-01 6.331496786042241087e-01 6.584022038567493018e-01 6.620752984389347562e-01 6.643709825528006929e-01 6.662075298438935311e-01 6.671258034894398392e-01 6.671258034894398392e-01 6.671258034894398392e-01 6.671258034894398392e-01
2.050304878048780366e-01 6.006097560975609539e-01 8.277439024390244038e-01 8.902439024390244038e-01 9.009146341463414309e-01 9.100609756097560732e-01 9.138719512195121464e-01 9.176829268292683306e-01 9.192073170731707155e-01 9.207317073170732113e-01
5.415162454873646142e-02 1.877256317689530718e-01 2.924187725631768875e-01 3.465703971119133420e-01 3.898916967509025167e-01 3.971119133574007032e-01 4.079422382671480385e-01 4.151624548736462250e-01 4.259927797833935048e-01 4.296028880866425981e-01
2.028985507246376940e-01 4.347826086956521618e-01 5.333333333333333259e-01 5.855072463768116187e-01 6.057971014492753437e-01 6.115942028985507095e-01 6.115942028985507095e-01 6.115942028985507095e-01 6.144927536231884480e-01 6.144927536231884480e-01
1.724137931034482735e-02 1.034482758620689641e-01 2.931034482758620441e-01 3.448275862068965747e-01 3.965517241379310498e-01 3.965517241379310498e-01 3.965517241379310498e-01 3.965517241379310498e-01 3.965517241379310498e-01 3.965517241379310498e-01
4.690117252931323005e-02 2.144053601340033532e-01 3.768844221105527859e-01 4.723618090452261220e-01 5.108877721943048122e-01 5.393634840871022185e-01 5.477386934673367236e-01 5.561139028475712287e-01 5.611390284757118430e-01 5.711892797319932935e-01
9.659714599341383268e-02 3.216245883644346937e-01 5.463776070252469585e-01 6.975850713501646760e-01 7.875960482985729927e-01 8.463227222832052643e-01 8.861141602634468040e-01 8.959934138309549878e-01 8.992864983534577528e-01 9.006586169045005530e-01
1.038715769593956569e-02 7.271010387157696153e-02 1.860245514636449382e-01 3.862134088762984030e-01 4.966949952785646993e-01 5.835694050991501181e-01 6.468366383380547147e-01 6.893295561850802944e-01 7.186024551463644494e-01 7.271010387157695876e-01
1.951827242524916961e-01 5.126245847176079673e-01 7.323920265780731187e-01 8.332225913621262858e-01 8.744186046511628341e-01 8.923588039867109689e-01 9.013289036544850363e-01 9.078073089700996467e-01 9.107973421926910396e-01 9.131229235880398143e-01
3.692976104272266413e-02 1.469949312092686533e-01 3.222302679217958210e-01 4.938450398262128616e-01 5.923244026068066326e-01 6.727009413468501009e-01 7.393193338160752859e-01 7.791455467052860184e-01 8.073859522085445883e-01 8.131788559015206141e-01
1.052631578947368397e-02 6.315789473684210731e-02 1.578947368421052544e-01 2.210526315789473617e-01 3.368421052631578871e-01 4.526315789473684403e-01 4.947368421052631415e-01 5.263157894736841813e-01 5.578947368421052211e-01 5.684210526315789380e-01
2.573623559539052752e-01 5.595390524967990276e-01 7.029449423815621323e-01 7.208706786171574787e-01 7.247119078104993228e-01 7.259923175416133079e-01 7.272727272727272929e-01 7.298335467349551520e-01 7.298335467349551520e-01 7.298335467349551520e-01
2.077363896848137548e-01 5.501432664756447100e-01 7.277936962750716221e-01 7.349570200573065648e-01 7.378223495702005419e-01 7.378223495702005419e-01 7.392550143266475304e-01 7.421203438395415075e-01 7.421203438395415075e-01 7.421203438395415075e-01
4.305317324185248817e-01 7.993138936535163497e-01 8.902229845626071780e-01 8.902229845626071780e-01 8.902229845626071780e-01 8.902229845626071780e-01 8.902229845626071780e-01 8.902229845626071780e-01 8.902229845626071780e-01 8.902229845626071780e-01
4.385964912280701511e-01 6.650717703349282584e-01 6.985645933014353881e-01 6.985645933014353881e-01 6.985645933014353881e-01 6.985645933014353881e-01 6.985645933014353881e-01 6.985645933014353881e-01 6.985645933014353881e-01 6.985645933014353881e-01
2.392156862745098145e-01 4.411764705882352811e-01 4.921568627450980116e-01 4.921568627450980116e-01 4.921568627450980116e-01 4.921568627450980116e-01 4.921568627450980116e-01 4.921568627450980116e-01 4.921568627450980116e-01 4.921568627450980116e-01
2.739145781856688888e-01 6.498411577832686747e-01 8.143310977762089342e-01 8.662195552417931710e-01 8.785739498764560951e-01 8.891634309918814427e-01 8.933992234380515596e-01 8.969290504765266014e-01 9.018708083303917933e-01 9.061066007765619101e-01
2.306574645840900883e-01 6.146022520886306184e-01 8.434435161641845591e-01 9.008354522339265813e-01 9.160915365056302440e-01 9.219033781329458721e-01 9.255357791500181674e-01 9.295314202687976479e-01 9.349800217944060909e-01 9.364329822012350535e-01
2.283901665344964249e-01 6.201427438540840775e-01 8.259318001586042346e-01 8.834258524980174165e-01 8.965107057890563391e-01 9.052339413164155468e-01 9.095955590800951507e-01 9.127676447264075899e-01 9.167327517842981388e-01 9.199048374306105780e-01
1.154879140555058192e-01 3.652641002685765304e-01 5.863921217547001241e-01 6.794986571172784151e-01 7.036705461056400601e-01 7.224709042076992160e-01 7.260519247985676161e-01 7.332139659803044163e-01 7.376902417188898609e-01 7.439570277529096165e-01
1.138318994043679699e-01 3.904698874917273410e-01 6.154864328259430639e-01 7.729980145598941421e-01 8.266048974189278420e-01 8.517538054268696257e-01 8.623428193249503826e-01 8.762409000661813829e-01 8.861681005956320023e-01 8.934480476505625157e-01
1.608187134502923887e-01 3.888888888888888951e-01 5.029239766081871066e-01 5.497076023391812560e-01 5.672514619883041176e-01 5.906432748538011923e-01 5.964912280701754055e-01 6.052631578947368363e-01 6.111111111111111605e-01 6.140350877192982670e-01
2.380952380952380820e-02 4.761904761904761640e-02 5.952380952380952051e-02 9.523809523809523281e-02 9.523809523809523281e-02 1.071428571428571369e-01 1.190476190476190410e-01 1.190476190476190410e-01 1.190476190476190410e-01 1.190476190476190410e-01
3.320158102766798680e-01 6.073781291172595243e-01 6.811594202898550998e-01 7.154150197628458274e-01 7.312252964426877444e-01 7.457180500658761035e-01 7.470355731225296614e-01 7.509881422924901129e-01 7.562582345191041222e-01 7.602108036890645737e-01
8.181818181818181768e-02 2.000000000000000111e-01 2.818181818181818010e-01 3.090909090909090828e-01 3.272727272727272707e-01 3.545454545454545525e-01 3.636363636363636465e-01 3.636363636363636465e-01 3.727272727272727404e-01 3.909090909090909283e-01
1.106719367588932801e-01 2.648221343873518041e-01 3.359683794466403195e-01 3.913043478260869734e-01 4.268774703557312034e-01 4.466403162055335718e-01 4.505928853754940788e-01 4.624505928853754888e-01 4.624505928853754888e-01 4.743083003952568988e-01
4.492641363284275990e-01 7.885360185902401398e-01 8.636715724244771186e-01 8.714175058094499882e-01 8.729666924864446509e-01 8.752904725019364784e-01 8.752904725019364784e-01 8.768396591789310301e-01 8.791634391944229687e-01 8.791634391944229687e-01
3.914438502673796560e-01 7.240641711229947042e-01 7.935828877005347559e-01 8.010695187165775000e-01 8.064171122994652219e-01 8.096256684491978106e-01 8.106951871657753772e-01 8.106951871657753772e-01 8.117647058823529438e-01 8.117647058823529438e-01
4.879227053140096637e-01 7.979066022544283321e-01 8.574879227053140429e-01 8.671497584541062453e-01 8.679549114331722715e-01 8.703703703703703498e-01 8.703703703703703498e-01 8.703703703703703498e-01 8.703703703703703498e-01 8.703703703703703498e-01
4.319999999999999951e-01 6.895999999999999908e-01 7.695999999999999508e-01 7.743999999999999773e-01 7.760000000000000231e-01 7.808000000000000496e-01 7.855999999999999650e-01 8.047999999999999599e-01 8.095999999999999863e-01 8.095999999999999863e-01
3.660531697341513069e-01 6.503067484662576891e-01 6.952965235173823588e-01 6.993865030674846217e-01 7.055214723926380715e-01 7.055214723926380715e-01 7.055214723926380715e-01 7.055214723926380715e-01 7.055214723926380715e-01 7.055214723926380715e-01
3.156966490299823458e-01 6.693121693121693028e-01 7.874779541446208508e-01 8.059964726631393406e-01 8.104056437389770551e-01 8.174603174603174427e-01 8.201058201058201158e-01 8.209876543209876365e-01 8.209876543209876365e-01 8.218694885361551572e-01
1.360634081902245829e-01 4.293262879788639630e-01 6.248348745046234942e-01 7.107001321003962868e-01 7.503302509907530116e-01 7.622192866578599846e-01 7.648612945838837440e-01 7.675033025099075035e-01 7.727873183619551334e-01 7.741083223249669576e-01
1.005847953216374296e-01 3.333333333333333148e-01 5.040935672514620380e-01 6.198830409356724802e-01 6.678362573099415611e-01 6.900584795321637044e-01 7.005847953216374213e-01 7.029239766081871732e-01 7.087719298245613864e-01 7.087719298245613864e-01
4.727272727272727182e-02 1.624242424242424154e-01 2.933333333333333348e-01 3.939393939393939226e-01 4.460606060606060463e-01 4.860606060606060819e-01 5.030303030303030498e-01 5.151515151515151381e-01 5.321212121212121060e-01 5.430303030303030853e-01
1.395348837209302306e-02 2.790697674418604612e-02 4.651162790697674354e-02 8.372093023255813837e-02 9.767441860465116144e-02 1.116279069767441845e-01 1.116279069767441845e-01 1.255813953488372214e-01 1.255813953488372214e-01 1.302325581395348819e-01
2.102272727272727348e-01 3.715909090909090828e-01 4.102272727272727182e-01 4.136363636363636354e-01 4.159090909090908950e-01 4.159090909090908950e-01 4.193181818181818121e-01 4.227272727272727293e-01 4.238636363636363869e-01 4.238636363636363869e-01
6.666666666666666574e-02 2.235294117647058931e-01 3.529411764705882582e-01 3.686274509803921795e-01 3.764705882352941124e-01 3.843137254901961009e-01 3.882352941176470673e-01 3.882352941176470673e-01 3.882352941176470673e-01 3.882352941176470673e-01
2.627118644067796827e-01 6.065375302663438273e-01 7.203389830508474256e-01 7.578692493946731501e-01 7.627118644067796271e-01 7.651331719128329212e-01 7.651331719128329212e-01 7.651331719128329212e-01 7.663438256658595682e-01 7.699757869249395092e-01
4.586884031122637762e-01 7.973323453130789495e-01 8.517969618377176921e-01 8.606891441274545640e-01 8.618006669136717424e-01 8.629121896998888097e-01 8.629121896998888097e-01 8.629121896998888097e-01 8.629121896998888097e-01 8.629121896998888097e-01
3.461747151383613441e-01 6.880086814975583387e-01 7.623440043407487821e-01 8.041237113402062153e-01 8.117200217037439103e-01 8.117200217037439103e-01 8.122626153011394123e-01 8.144329896907216426e-01 8.155181768855127578e-01 8.171459576776993750e-01
2.474482758620689671e-01 6.601379310344827056e-01 8.673103448275861771e-01 9.503448275862068639e-01 9.649655172413793558e-01 9.688275862068965738e-01 9.699310344827586361e-01 9.710344827586206984e-01 9.715862068965517295e-01 9.715862068965517295e-01
7.648320228734810378e-02 3.087919942816297336e-01 5.532523230879199394e-01 7.340957827019299886e-01 8.591851322373124100e-01 9.220872051465331953e-01 9.463902787705503750e-01 9.471050750536097462e-01 9.471050750536097462e-01 9.485346676197283777e-01
2.991850989522700788e-01 7.275902211874272218e-01 9.126891734575087733e-01 9.537252619324796399e-01 9.575087310826542186e-01 9.610011641443538810e-01 9.621653084982537685e-01 9.633294528521536559e-01 9.636204889406286833e-01 9.647846332945285708e-01
1.798732171156893767e-01 4.849445324881140884e-01 7.083993660855784080e-01 8.034865293185420310e-01 8.304278922345483815e-01 8.383518225039620075e-01 8.407290015847860287e-01 8.407290015847860287e-01 8.438985736925515013e-01 8.462757527733756335e-01
6.880733944954128822e-02 1.834862385321101019e-01 3.463302752293577758e-01 4.288990825688073216e-01 4.587155963302752548e-01 4.678899082568807599e-01 4.770642201834862650e-01 4.770642201834862650e-01 4.793577981651376274e-01 4.793577981651376274e-01
3.256601218686526744e-01 6.922816519972918581e-01 8.178740690589031415e-01 8.432633716993906958e-01 8.517264725795531399e-01 8.578199052132701175e-01 8.601895734597156951e-01 8.622207176709546506e-01 8.639133378469870950e-01 8.666215301286391837e-01
3.928836174944403403e-01 6.886582653817642230e-01 7.590808005930318458e-01 7.746478873239436291e-01 7.761304670126019101e-01 7.761304670126019101e-01 7.776130467012601910e-01 7.776130467012601910e-01 7.783543365455892760e-01 7.783543365455892760e-01
2.477876106194690231e-01 5.703048180924287225e-01 6.843657817109144448e-01 7.050147492625368217e-01 7.109144542772861675e-01 7.168141592920354022e-01 7.177974434611602561e-01 7.177974434611602561e-01 7.187807276302851101e-01 7.207472959685349290e-01
2.178217821782178210e-01 5.330033003300329586e-01 6.732673267326733102e-01 6.947194719471947444e-01 7.013201320132013139e-01 7.046204620462046542e-01 7.046204620462046542e-01 7.046204620462046542e-01 7.046204620462046542e-01 7.062706270627062688e-01
9.624197983501374398e-02 2.868927589367552544e-01 3.913840513290559042e-01 4.271310724106324730e-01 4.326306141154903639e-01 4.390467461044912922e-01 4.399633363886342741e-01 4.417965169569202377e-01 4.445462878093492387e-01 4.472960586617781842e-01
5.720122574055158671e-01 8.954715696288729765e-01 9.453524004085801513e-01 9.485869935308137713e-01 9.490977187606400856e-01 9.494382022471909988e-01 9.494382022471909988e-01 9.496084439904665109e-01 9.496084439904665109e-01 9.496084439904665109e-01
4.666958808063102482e-01 8.282208588957055140e-01 9.070990359333918063e-01 9.134531113058720342e-01 9.145486415425065907e-01 9.149868536371603689e-01 9.149868536371603689e-01 9.149868536371603689e-01 9.149868536371603689e-01 9.149868536371603689e-01
3.487858719646799166e-01 7.093451066961000695e-01 8.182487122884474218e-01 8.351729212656364698e-01 8.373804267844002780e-01 8.381162619573215844e-01 8.381162619573215844e-01 8.381162619573215844e-01 8.381162619573215844e-01 8.381162619573215844e-01
1.797593772116065081e-01 4.600141542816701956e-01 5.612172682236375998e-01 5.937721160651097119e-01 5.987261146496815067e-01 6.001415428167020671e-01 6.001415428167020671e-01 6.001415428167020671e-01 6.001415428167020671e-01 6.008492569002122918e-01
3.311258278145695622e-02 7.781456953642383600e-02 1.092715231788079500e-01 1.158940397350993329e-01 1.192052980132450313e-01 1.208609271523178874e-01 1.208609271523178874e-01 1.208609271523178874e-01 1.208609271523178874e-01 1.225165562913907297e-01
1.482271831910702553e-01 5.106697307944845221e-01 7.733092580433355012e-01 8.796782665791201827e-01 9.059422193040052029e-01 9.149704530531844737e-01 9.182534471437950874e-01 9.208798424162836227e-01 9.218647406434667957e-01 9.235062376887721580e-01
9.221183800623053428e-02 3.327102803738317682e-01 5.096573208722741111e-01 6.286604361370716765e-01 6.866043613707165649e-01 7.102803738317756688e-01 7.183800623052959411e-01 7.202492211838006364e-01 7.233644859813084249e-01 7.239875389408099160e-01
8.954926206621459384e-02 3.330674112485041971e-01 5.913442361388113744e-01 7.656561627443159157e-01 8.438372556840845196e-01 8.679696848823295063e-01 8.763462305544474917e-01 8.793378540087753992e-01 8.809333865177503275e-01 8.825289190267251449e-01
1.960414703110273382e-01 5.411875589066917902e-01 7.802073515551366523e-01 8.720075400565504564e-01 8.878416588124411479e-01 8.916116870876531486e-01 8.933081998114985600e-01 8.942507068803016157e-01 8.951932139491046714e-01 8.968897266729500828e-01
2.410514541387024645e-01 6.466722595078300273e-01 8.678691275167784713e-01 9.211409395973154668e-01 9.263143176733781292e-01 9.295302013422819254e-01 9.316275167785235123e-01 9.328859060402684422e-01 9.335850111856823785e-01 9.337248322147650992e-01
3.183023872679044963e-01 6.321839080459770166e-01 7.365163572060123842e-01 7.612732095490716278e-01 7.763041556145003907e-01 7.851458885941644539e-01 7.886825817860300125e-01 7.966401414677276582e-01 8.001768346595933279e-01 8.028293545534924691e-01
2.657232704402515688e-01 6.599842767295597268e-01 8.235062893081761537e-01 8.604559748427672572e-01 8.675314465408805464e-01 8.777515723270440384e-01 8.816823899371069029e-01 8.860062893081761537e-01 8.883647798742138058e-01 8.903301886792452935e-01
7.006369426751592189e-02 1.624203821656050872e-01 2.165605095541401348e-01 2.261146496815286677e-01 2.484076433121019112e-01 2.643312101910827994e-01 2.738853503184713323e-01 2.770700636942675099e-01 2.834394904458598652e-01 2.866242038216560428e-01
7.051282051282051211e-02 2.195512820512820484e-01 2.868589743589743390e-01 3.429487179487179516e-01 3.637820512820512664e-01 3.750000000000000000e-01 3.766025641025640969e-01 3.862179487179487336e-01 3.926282051282051211e-01 3.958333333333333148e-01
1.129943502824858753e-02 2.824858757062146883e-02 7.344632768361582242e-02 9.604519774011299749e-02 1.016949152542372947e-01 1.073446327683615781e-01 1.186440677966101725e-01 1.242937853107344698e-01 1.299435028248587531e-01 1.299435028248587531e-01
4.237672397506140332e-01 7.334215000944643847e-01 7.916115624409597595e-01 7.942565652748914129e-01 7.948233515964481244e-01 7.959569242395616584e-01 7.970904968826751924e-01 7.991687133950500233e-01 8.006801435858681426e-01 8.016247874551294395e-01
1.014171833480956575e-01 2.940655447298494152e-01 4.162976085031001028e-01 4.623560673162090406e-01 4.778565101860053344e-01 4.840566873339238185e-01 4.853852967227634818e-01 4.880425155004428639e-01 4.893711248892825272e-01 4.915854738706820215e-01
4.007123775601068583e-01 6.934550311665182987e-01 7.655832591273374899e-01 7.796081923419412307e-01 7.831700801424754665e-01 7.847284060552092155e-01 7.858414959928762267e-01 7.878450578806767135e-01 7.889581478183437246e-01 7.905164737310774736e-01
2.518756698821007431e-02 9.646302250803857892e-02 1.902465166130760943e-01 2.749196141479099409e-01 3.349410503751339974e-01 3.542336548767416882e-01 3.633440514469453153e-01 3.681672025723472519e-01 3.703108252947481249e-01 3.724544480171489980e-01
6.617647058823529493e-02 2.333333333333333370e-01 3.568627450980392246e-01 4.215686274509803932e-01 4.416666666666666519e-01 4.519607843137254943e-01 4.563725490196078316e-01 4.593137254901960564e-01 4.607843137254901689e-01 4.627450980392157076e-01
1.834532374100719399e-01 3.776978417266186883e-01 5.143884892086331151e-01 5.683453237410072134e-01 5.827338129496403285e-01 5.935251798561150816e-01 6.007194244604316946e-01 6.151079136690646987e-01 6.151079136690646987e-01 6.223021582733813117e-01
1.680672268907562952e-02 9.243697478991597105e-02 2.184873949579831942e-01 2.689075630252100724e-01 2.773109243697479132e-01 2.857142857142856984e-01 3.025210084033613245e-01 3.025210084033613245e-01 3.025210084033613245e-01 3.025210084033613245e-01
1.346389228886168965e-01 3.757649938800489697e-01 5.189718482252142495e-01 5.740514075887392931e-01 5.850673194614443018e-01 5.862913096695226978e-01 5.887392900856792677e-01 5.936352509179926296e-01 5.973072215422277065e-01 5.985312117503059914e-01
8.500000000000000611e-02 3.275000000000000133e-01 5.174999999999999600e-01 6.225000000000000533e-01 6.574999999999999734e-01 7.075000000000000178e-01 7.249999999999999778e-01 7.574999999999999512e-01 7.674999999999999600e-01 7.750000000000000222e-01
6.282722513089004923e-02 2.146596858638743499e-01 3.926701570680628528e-01 6.178010471204188336e-01 6.387434554973822065e-01 6.596858638743455794e-01 6.753926701570680535e-01 6.858638743455497400e-01 6.963350785340314264e-01 7.068062827225131128e-01
2.299503193754435793e-01 5.727466288147622375e-01 7.558552164655784056e-01 8.140525195173882178e-01 8.367636621717530199e-01 8.466997870830376138e-01 8.566359119943222078e-01 8.616039744499645048e-01 8.672817601135557330e-01 8.701206529453513472e-01
1.595273264401772528e-01 4.608567208271787119e-01 6.779911373707533384e-01 7.429837518463811019e-01 7.636632200886263044e-01 7.813884785819793510e-01 7.991137370753323976e-01 8.050221565731167095e-01 8.094534711964549434e-01 8.124076809453470993e-01
1.375515818431911896e-01 3.878954607977991853e-01 5.667125171939477735e-01 6.547455295735901126e-01 7.180192572214580959e-01 7.427785419532324518e-01 7.537826685006877581e-01 7.647867950481430643e-01 7.716643741403026446e-01 7.799174690508940966e-01
4.307692307692307931e-01 7.934731934731934500e-01 8.769230769230769162e-01 8.927738927738927410e-01 9.030303030303030720e-01 9.104895104895104341e-01 9.170163170163170285e-01 9.207459207459207651e-01 9.240093240093240068e-01 9.286713286713286220e-01
6.349206349206348854e-02 2.031746031746031744e-01 3.333333333333333148e-01 3.841269841269841501e-01 4.349206349206349298e-01 4.634920634920635107e-01 4.793650793650793829e-01 4.825396825396825462e-01 4.857142857142857095e-01 4.857142857142857095e-01
4.305845511482254695e-01 7.604384133611691299e-01 8.439457202505219469e-01 8.601252609603340371e-01 8.643006263048016447e-01 8.663883089770354484e-01 8.663883089770354484e-01 8.669102296450938994e-01 8.669102296450938994e-01 8.700417536534447160e-01
6.674907292954264382e-02 2.558714462299134795e-01 5.018541409147094789e-01 6.353522867737948499e-01 6.724351050679852060e-01 6.983930778739184664e-01 7.119901112484549044e-01 7.255871446229913424e-01 7.292954264524104113e-01 7.391841779975277804e-01
1.886792452830188607e-02 6.289308176100628922e-02 2.075471698113207641e-01 3.647798742138364525e-01 4.025157232704402732e-01 4.276729559748427834e-01 4.308176100628930971e-01 4.339622641509434109e-01 4.465408805031446660e-01 4.591194968553459210e-01
1.098820058997050098e-01 3.908554572271386585e-01 6.430678466076695798e-01 7.802359882005899250e-01 8.414454277286135264e-01 8.576696165191740606e-01 8.643067846607669358e-01 8.709439528023599220e-01 8.724188790560472029e-01 8.738938053097344838e-01
7.370517928286852982e-02 3.067729083665338696e-01 5.059760956175298752e-01 6.055776892430279057e-01 6.354581673306772815e-01 6.613545816733067406e-01 6.932270916334661859e-01 7.151394422310757282e-01 7.250996015936255201e-01 7.270916334661354785e-01
1.560846560846560760e-01 4.708994708994708733e-01 7.098765432098765871e-01 8.201058201058201158e-01 8.474426807760141456e-01 8.606701940035272891e-01 8.668430335097001560e-01 8.703703703703703498e-01 8.747795414462080643e-01 8.791887125220458898e-01
1.628638867033831705e-01 5.066876475216365305e-01 7.938630999213217576e-01 8.654602675059008821e-01 8.898505114083399281e-01 9.103068450039338844e-01 9.134539732494099118e-01 9.158143194335168769e-01 9.173878835562548906e-01 9.213217938630998693e-01
5.723124516627996899e-02 2.335653518948182517e-01 4.091260634184067935e-01 6.249033255993813318e-01 7.424593967517401083e-01 7.981438515081206164e-01 8.105181747873163589e-01 8.174787316318639085e-01 8.267594740912606044e-01 8.329466357308584756e-01
1.656703672075149347e-01 5.072587532023911105e-01 7.514944491887275424e-01 8.351836037574722482e-01 8.625106746370623245e-01 8.812980358667805714e-01 8.821520068317677543e-01 8.838599487617421202e-01 8.838599487617421202e-01 8.847139197267293032e-01
5.832320777642770182e-02 2.199270959902794587e-01 4.058323207776427521e-01 5.929526123936816884e-01 6.585662211421627887e-01 7.326852976913730275e-01 7.897934386391251005e-01 8.128797083839610638e-01 8.201701093560145317e-01 8.274605103280679996e-01
1.705882352941176516e-01 2.882352941176470340e-01 3.647058823529411575e-01 4.294117647058823262e-01 4.470588235294117863e-01 4.823529411764705954e-01 4.882352941176470451e-01 4.941176470588235503e-01 5.117647058823528994e-01 5.294117647058823595e-01
1.063829787234042562e-01 2.056737588652482185e-01 2.269503546099290725e-01 2.765957446808510745e-01 3.262411347517730764e-01 3.617021276595744905e-01 4.042553191489361430e-01 4.113475177304964370e-01 4.255319148936170248e-01 4.397163120567376127e-01
0.000000000000000000e+00 0.000000000000000000e+00 3.225806451612903136e-02 3.225806451612903136e-02 3.225806451612903136e-02 3.225806451612903136e-02 3.225806451612903136e-02 6.451612903225806273e-02 6.451612903225806273e-02 6.451612903225806273e-02
0.000000000000000000e+00 2.325581395348837177e-02 4.651162790697674354e-02 6.976744186046511531e-02 1.162790697674418589e-01 1.162790697674418589e-01 1.162790697674418589e-01 1.162790697674418589e-01 1.162790697674418589e-01 1.627906976744186163e-01
0.000000000000000000e+00 8.571428571428571508e-02 8.571428571428571508e-02 8.571428571428571508e-02 8.571428571428571508e-02 8.571428571428571508e-02 8.571428571428571508e-02 8.571428571428571508e-02 1.142857142857142821e-01 1.142857142857142821e-01
2.227826817990752328e-01 5.838587641866330724e-01 7.683900798654896835e-01 8.322824716267339662e-01 8.453131567885666664e-01 8.499369482976040224e-01 8.520386717108028307e-01 8.545607398066414895e-01 8.566624632198402978e-01 8.587641866330391061e-01
7.246376811594203160e-02 2.759420289855072372e-01 4.742028985507246164e-01 6.295652173913043326e-01 7.002898550724637738e-01 7.333333333333332815e-01 7.484057971014492772e-01 7.576811594202899069e-01 7.617391304347825853e-01 7.669565217391304257e-01
7.192575406032482299e-02 2.819025522041763154e-01 5.411832946635730668e-01 6.803944315545243926e-01 7.407192575406031931e-01 7.592807424593968069e-01 7.720417633410673330e-01 7.784222737819025406e-01 7.807424593967516868e-01 7.842227378190255171e-01
1.107754279959718112e-02 6.646525679758308325e-02 1.661631419939577081e-01 3.323262839879154162e-01 4.521651560926485125e-01 5.146022155085598904e-01 5.407854984894260308e-01 5.639476334340383090e-01 5.740181268882175170e-01 5.790533736153071764e-01
2.645502645502645356e-03 2.513227513227513088e-02 7.010582010582010193e-02 2.063492063492063378e-01 3.068783068783068613e-01 4.021164021164020941e-01 4.365079365079365115e-01 4.603174603174602919e-01 4.748677248677248830e-01 4.801587301587301737e-01
3.698146513680494185e-01 7.469844071785819439e-01 8.739335098558399517e-01 8.967343336275375165e-01 9.070314798470138218e-01 9.123271550456016898e-01 9.151220947337451728e-01 9.158576051779935279e-01 9.167402177110914874e-01 9.173286260664901270e-01
2.758818468597648565e-01 5.801548609119586697e-01 7.074849440780039966e-01 7.456266131344995163e-01 7.565242328649268710e-01 7.636937195296816805e-01 7.651276168626326424e-01 7.662747347289934341e-01 7.682821909951247363e-01 7.702896472612560386e-01
1.223974763406940058e-01 3.217665615141955815e-01 4.479495268138801167e-01 4.883280757097791525e-01 5.078864353312302349e-01 5.167192429022081646e-01 5.223974763406940003e-01 5.268138801261830206e-01 5.274447949526813728e-01 5.287066246056781882e-01
2.644009216589861544e-01 6.273041474654378336e-01 7.811059907834101423e-01 8.153801843317972642e-01 8.248847926267280917e-01 8.294930875576036478e-01 8.323732718894009119e-01 8.341013824884793149e-01 8.346774193548387455e-01 8.358294930875576068e-01
1.287553648068669454e-01 2.961373390557939800e-01 3.871244635193132888e-01 4.137339055793991527e-01 4.231759656652360757e-01 4.248927038626609254e-01 4.248927038626609254e-01 4.257510729613733780e-01 4.283261802575107358e-01 4.300429184549356409e-01
2.338461538461538425e-01 5.661538461538461187e-01 7.138461538461537970e-01 7.692307692307692735e-01 7.984615384615384448e-01 8.092307692307691980e-01 8.230769230769230393e-01 8.323076923076923039e-01 8.369230769230768807e-01 8.384615384615384803e-01
3.849878934624697546e-01 6.731234866828087471e-01 7.663438256658595682e-01 8.014527845036319986e-01 8.159806295399515408e-01 8.268765133171912529e-01 8.341404358353511350e-01 8.389830508474576121e-01 8.426150121065375531e-01 8.462469733656173831e-01
3.921568627450980338e-02 1.503267973856209083e-01 3.006535947712418166e-01 4.313725490196078649e-01 4.771241830065359735e-01 5.228758169934640820e-01 5.424836601307189143e-01 5.620915032679738577e-01 6.013071895424836333e-01 6.078431372549019107e-01
1.553191489361702149e-01 4.148936170212765839e-01 5.936170212765957688e-01 6.914893617021277139e-01 7.361702127659573991e-01 7.510638297872340718e-01 7.723404255319148426e-01 7.851063829787233717e-01 7.936170212765957244e-01 8.000000000000000444e-01
7.462686567164178962e-03 7.462686567164178442e-02 1.119402985074626905e-01 1.567164179104477695e-01 1.940298507462686617e-01 2.388059701492537268e-01 2.611940298507462455e-01 2.910447761194029925e-01 3.059701492537313383e-01 3.059701492537313383e-01
3.817627635255270713e-01 7.254254508509017096e-01 8.265176530353061102e-01 8.425196850393700254e-01 8.491236982473965300e-01 8.526797053594107334e-01 8.562357124714249368e-01 8.580137160274320385e-01 8.605537211074422155e-01 8.620777241554483661e-01
3.993316624895572042e-01 7.318295739348370521e-01 8.170426065162906815e-01 8.287385129490392188e-01 8.295739348370927413e-01 8.337510442773600206e-01 8.345864661654135430e-01 8.354218880534669545e-01 8.354218880534669545e-01 8.354218880534669545e-01
2.496909765142150683e-01 6.254635352286773697e-01 7.737948084054387943e-01 7.849196538936958900e-01 7.873918417799752323e-01 7.898640296662546856e-01 7.911001236093943012e-01 7.911001236093943012e-01 7.911001236093943012e-01 7.911001236093943012e-01
3.139745916515426227e-01 6.225045372050816983e-01 6.914700544464610354e-01 7.005444646098003547e-01 7.005444646098003547e-01 7.005444646098003547e-01 7.005444646098003547e-01 7.005444646098003547e-01 7.023593466424682408e-01 7.023593466424682408e-01
2.211055276381909684e-01 3.944723618090452133e-01 4.283919597989949701e-01 4.309045226130653328e-01 4.334170854271356954e-01 4.359296482412060025e-01 4.371859296482412116e-01 4.371859296482412116e-01 4.371859296482412116e-01 4.384422110552763652e-01
3.914421553090332573e-01 7.459059693608030006e-01 8.473322768092974577e-01 8.635323120267652808e-01 8.675823208311322920e-01 8.691671068850149728e-01 8.696953689029758294e-01 8.702236309209367970e-01 8.707518929388976536e-01 8.709279802782180502e-01
1.148971193415637831e-01 3.772839506172839252e-01 5.996707818930041567e-01 7.096296296296296102e-01 7.573662551440328849e-01 7.809053497942386457e-01 7.925925925925926263e-01 7.980246913580246737e-01 8.032921810699588105e-01 8.079012345679011942e-01
1.005545286506469432e-01 3.349353049907578539e-01 4.905730129390018512e-01 5.737523105360443632e-01 6.033271719038817427e-01 6.221811460258780402e-01 6.347504621072088682e-01 6.425138632162661345e-01 6.484288354898336548e-01 6.510166358595194103e-01
1.091396740251702052e-01 3.606354446049102602e-01 5.789147926552506984e-01 6.971322467505673970e-01 7.518052403548586282e-01 7.844027233340210570e-01 8.025582834743140159e-01 8.124613162781101350e-01 8.184443985970702995e-01 8.207138436146069749e-01
6.510416666666667129e-02 2.399553571428571508e-01 4.270833333333333148e-01 5.505952380952381375e-01 6.071428571428570953e-01 6.372767857142856984e-01 6.569940476190476719e-01 6.677827380952381375e-01 6.729910714285713969e-01 6.815476190476190688e-01
2.327628361858190831e-01 6.139364303178483917e-01 8.041564792176039145e-01 8.574572127139363786e-01 8.687041564792176151e-01 8.757946210268948706e-01 8.789731051344743529e-01 8.804400977995110456e-01 8.850855745721271095e-01 8.870415647921759961e-01
5.921601334445371345e-02 2.118432026688907288e-01 4.070058381984987261e-01 5.387823185988324104e-01 5.963302752293577758e-01 6.280233527939950156e-01 6.530442035029191405e-01 6.713928273561301507e-01 6.830692243536280461e-01 6.855713094245203809e-01
1.401590457256461364e-01 4.430086149768058257e-01 7.123923127899270957e-01 8.187541418157719963e-01 8.419483101391650459e-01 8.489065606361828609e-01 8.508946322067594270e-01 8.545394300861497427e-01 8.555334658714380813e-01 8.568588469184890144e-01
7.828746177370030090e-02 3.088685015290519864e-01 5.314984709480122804e-01 6.599388379204893518e-01 6.966360856269112611e-01 7.088685015290520086e-01 7.180428134556574582e-01 7.211009174311926451e-01 7.235474006116208168e-01 7.241590214067278319e-01
4.573804573804574058e-02 1.881496881496881601e-01 3.523908523908523827e-01 4.750519750519750506e-01 5.311850311850311313e-01 5.530145530145530453e-01 5.623700623700623735e-01 5.696465696465696782e-01 5.727650727650727136e-01 5.738045738045738364e-01
1.964418087472201702e-01 4.833209785025945338e-01 6.530763528539659246e-01 7.101556708673091300e-01 7.205337286879169856e-01 7.272053372868791943e-01 7.301704966641956451e-01 7.309117865085248411e-01 7.323943661971831220e-01 7.346182357301704879e-01
1.190476190476190410e-02 3.571428571428571230e-02 8.333333333333332871e-02 1.547619047619047672e-01 2.351190476190476164e-01 2.857142857142856984e-01 3.035714285714285476e-01 3.095238095238095344e-01 3.125000000000000000e-01 3.184523809523809312e-01
3.705624252094136262e-01 6.852812126047068686e-01 8.125249301954526882e-01 8.412445153570003997e-01 8.456322297566812862e-01 8.496210610291184961e-01 8.516154766653371011e-01 8.532110091743119185e-01 8.536098923015555950e-01 8.548065416832868468e-01
3.183520599250936473e-02 1.460674157303370746e-01 2.528089887640449507e-01 3.745318352059925360e-01 4.307116104868913831e-01 4.494382022471909988e-01 4.531835205992509330e-01 4.531835205992509330e-01 4.550561797752809001e-01 4.550561797752809001e-01
4.071082390953150165e-01 7.738287560581583735e-01 9.240710823909531468e-01 9.676898222940226724e-01 9.741518578352180713e-01 9.741518578352180713e-01 9.757673667205170043e-01 9.773828756058158262e-01 9.773828756058158262e-01 9.789983844911146482e-01
4.079159935379644830e-01 7.075928917609046742e-01 7.766558966074313952e-01 7.879644588045233711e-01 7.911954765751211260e-01 7.940226171243941478e-01 7.972536348949919027e-01 7.988691437802908357e-01 8.025040387722132129e-01 8.033117932148626794e-01
2.778658214474379329e-01 5.504490227152667448e-01 6.561014263074484987e-01 6.767036450079239041e-01 6.840993132593766735e-01 6.914949815108293318e-01 6.936080295826729802e-01 6.983623877443211336e-01 7.015319598520866062e-01 7.036450079239302546e-01
1.315589353612167389e-01 3.505703422053231821e-01 4.532319391634980765e-01 4.904942965779467423e-01 4.988593155893535913e-01 5.064638783269962419e-01 5.117870722433459640e-01 5.140684410646387814e-01 5.178707224334601067e-01 5.216730038022813210e-01
5.361596009975062166e-02 1.658354114713216920e-01 2.182044887780548725e-01 2.406483790523690769e-01 2.581047381546134889e-01 2.630922693266832812e-01 2.630922693266832812e-01 2.630922693266832812e-01 2.655860349127182052e-01 2.705735660847880530e-01
7.168458781362007162e-03 1.612903225806451568e-02 2.329749103942652458e-02 2.688172043010752729e-02 2.688172043010752729e-02 2.688172043010752729e-02 2.688172043010752729e-02 2.867383512544802865e-02 3.225806451612903136e-02 3.225806451612903136e-02
2.759825327510916915e-01 6.393013100436680807e-01 8.192139737991266379e-01 8.689956331877729534e-01 8.812227074235807756e-01 8.908296943231440723e-01 8.986899563318777595e-01 9.004366812227073691e-01 9.039301310043668103e-01 9.048034934497816151e-01
9.702457956015524132e-02 3.027166882276843274e-01 5.019404915912031306e-01 6.778783958602846438e-01 7.671410090556274319e-01 7.852522639068564292e-01 8.046571798188874025e-01 8.111254851228978380e-01 8.150064683053039882e-01 8.163001293661060753e-01
7.216494845360824084e-02 2.113402061855670089e-01 3.041237113402061598e-01 3.427835051546391787e-01 3.659793814432989456e-01 3.814432989690721421e-01 4.020618556701031077e-01 4.097938144329896781e-01 4.226804123711340178e-01 4.278350515463917314e-01
1.123595505617977497e-02 4.494382022471909988e-02 6.741573033707864981e-02 6.741573033707864981e-02 7.865168539325842478e-02 7.865168539325842478e-02 7.865168539325842478e-02 8.988764044943819975e-02 1.123595505617977497e-01 1.348314606741572996e-01
0.000000000000000000e+00 1.851851851851851749e-02 1.851851851851851749e-02 1.851851851851851749e-02 1.851851851851851749e-02 1.851851851851851749e-02 1.851851851851851749e-02 1.851851851851851749e-02 1.851851851851851749e-02 1.851851851851851749e-02
2.007147111375818804e-01 5.032757593805836649e-01 6.783799880881477007e-01 7.230494341870160602e-01 7.307921381774865610e-01 7.421083978558665750e-01 7.468731387730792592e-01 7.564026206075045167e-01 7.599761762954139188e-01 7.629541393686718465e-01
6.955530216647662356e-02 2.280501710376282853e-01 3.968072976054732304e-01 5.131128848346636628e-01 5.381984036488027812e-01 5.507411630558722848e-01 5.541619156214366848e-01 5.632839224629418995e-01 5.746864310148233068e-01 5.815279361459521068e-01
1.718849840255591011e-01 5.335463258785942964e-01 7.220447284345048455e-01 7.699680511182108722e-01 7.801916932907347890e-01 7.853035143769968585e-01 7.936102236421724854e-01 7.968051118210862649e-01 8.025559105431310236e-01 8.044728434504792025e-01
9.900990099009901110e-03 6.600660066006600046e-02 1.716171617161716123e-01 2.854785478547854916e-01 3.399339933993399399e-01 3.729372937293729540e-01 3.894389438943894333e-01 3.976897689768976729e-01 4.257425742574257321e-01 4.438943894389438816e-01
4.624829467939972627e-01 7.646657571623465266e-01 8.369713506139153658e-01 8.444747612551160021e-01 8.458390177353342088e-01 8.472032742155525264e-01 8.485675306957708441e-01 8.499317871759890508e-01 8.506139154160982097e-01 8.512960436562073685e-01
7.064846416382252192e-01 8.993174061433446553e-01 9.223549488054607615e-01 9.300341296928327228e-01 9.325938566552901543e-01 9.351535836177474748e-01 9.351535836177474748e-01 9.351535836177474748e-01 9.368600682593856144e-01 9.368600682593856144e-01
5.714285714285713969e-01 8.055077452667813720e-01 8.227194492254733538e-01 8.278829604130808484e-01 8.296041308089501243e-01 8.313253012048192891e-01 8.330464716006884540e-01 8.330464716006884540e-01 8.364888123924268948e-01 8.399311531841652245e-01
5.454545454545454142e-01 8.077922077922078392e-01 8.363636363636363091e-01 8.389610389610389074e-01 8.441558441558441039e-01 8.441558441558441039e-01 8.467532467532467022e-01 8.493506493506493005e-01 8.545454545454544970e-01 8.545454545454544970e-01
4.511278195488721554e-01 7.744360902255639223e-01 8.070175438596490780e-01 8.070175438596490780e-01 8.070175438596490780e-01 8.120300751879698797e-01 8.145363408521303361e-01 8.170426065162906815e-01 8.170426065162906815e-01 8.170426065162906815e-01
4.621993127147766556e-01 8.470790378006872734e-01 9.020618556701031077e-01 9.089347079037800592e-01 9.140893470790377728e-01 9.140893470790377728e-01 9.140893470790377728e-01 9.140893470790377728e-01 9.140893470790377728e-01 9.140893470790377728e-01
5.553837231780398564e-01 8.544364971969843348e-01 9.112700560603131938e-01 9.161028416779432026e-01 9.175526773632322053e-01 9.202590373091049658e-01 9.217088729943939684e-01 9.227720858302725926e-01 9.234486758167407272e-01 9.241252658032089728e-01
4.362960924600990387e-01 7.784810126582278889e-01 8.640616400660429131e-01 8.727297743533296570e-01 8.758943313153549903e-01 8.776829939460649710e-01 8.786461199779856956e-01 8.797468354430380000e-01 8.804347826086956763e-01 8.816730875068794493e-01
3.512677798392084272e-01 7.410843125128839803e-01 8.792001649144506326e-01 9.027004741290455270e-01 9.082663368377653645e-01 9.101216244073386807e-01 9.113584827870542249e-01 9.123891981034838450e-01 9.130076272933416170e-01 9.132137703566275411e-01
4.138143062102889735e-01 7.589670014347201787e-01 8.696454191432670955e-01 8.874769419963106643e-01 8.913711826193891907e-01 8.934207829473252982e-01 8.948555031768805623e-01 8.956753433080549831e-01 8.960852633736421380e-01 8.967001434720229813e-01
3.241391743284658400e-01 6.486389039120245004e-01 7.793401838831800488e-01 8.043987741121326751e-01 8.078240490355147463e-01 8.107084910762574204e-01 8.121507120966288129e-01 8.132323778619073851e-01 8.150351541373715980e-01 8.161168199026500591e-01
3.787878787878787984e-02 2.002840909090909116e-01 4.446022727272727071e-01 6.709280303030302761e-01 7.589962121212121549e-01 7.907196969696970168e-01 8.025568181818182323e-01 8.125000000000000000e-01 8.153409090909090606e-01 8.162878787878787845e-01
1.661129568106312418e-02 7.641196013289036637e-02 2.026578073089700949e-01 3.289036544850498234e-01 4.152823920265780733e-01 4.584717607973421982e-01 4.883720930232557933e-01 5.016611295681062677e-01 5.083056478405315604e-01 5.116279069767442067e-01
6.517445687952599931e-02 2.462146148782093369e-01 4.996708360763660317e-01 6.866359447004608541e-01 7.577353522053983381e-01 7.709019091507570698e-01 7.722185648452929430e-01 7.755102040816326259e-01 7.774851876234364356e-01 7.807768268597761185e-01
1.759530791788856477e-02 9.970674486803518533e-02 2.023460410557184619e-01 3.196480938416422224e-01 3.519061583577712815e-01 3.812316715542521939e-01 4.076246334310850705e-01 4.193548387096774355e-01 4.222873900293255267e-01 4.222873900293255267e-01
3.035897435897436103e-01 6.502564102564102333e-01 7.702564102564102289e-01 7.907692307692307798e-01 7.958974358974358898e-01 8.025641025641025994e-01 8.030769230769230216e-01 8.071794871794871762e-01 8.097435897435897312e-01 8.123076923076922862e-01
8.388312912346843064e-02 3.213949104618284425e-01 5.259189443920829765e-01 6.635249764373233328e-01 7.219604147031102315e-01 7.577756833176249041e-01 7.775683317624881852e-01 7.832233741753062972e-01 7.869934024505184089e-01 7.935909519321394656e-01
2.484472049689440826e-02 1.086956521739130405e-01 2.468944099378881929e-01 3.680124223602484479e-01 4.472049689440993903e-01 5.000000000000000000e-01 5.434782608695651884e-01 5.714285714285713969e-01 5.900621118012422395e-01 5.931677018633539911e-01
0.000000000000000000e+00 5.645161290322580488e-02 1.612903225806451568e-01 2.258064516129032195e-01 2.500000000000000000e-01 2.661290322580645018e-01 2.903225806451613100e-01 3.225806451612903136e-01 3.306451612903225645e-01 3.548387096774193727e-01
2.351485148514851492e-02 1.212871287128712838e-01 3.316831683168317002e-01 5.210396039603960583e-01 6.039603960396039417e-01 6.398514851485148647e-01 6.621287128712871617e-01 6.757425742574257876e-01 6.831683168316832200e-01 6.868811881188119361e-01
7.367387033398821450e-02 2.612966601178781656e-01 4.636542239685658151e-01 6.090373280943025547e-01 6.777996070726916011e-01 7.151277013752456169e-01 7.406679764243614406e-01 7.504911591355599709e-01 7.554027504911591251e-01 7.593320235756385594e-01
1.567944250871080025e-01 5.540069686411149830e-01 7.125435540069686713e-01 7.735191637630661754e-01 7.839721254355400681e-01 7.909407665505227003e-01 7.979094076655052215e-01 8.031358885017421123e-01 8.066202090592334839e-01 8.101045296167247445e-01
1.970954356846472966e-01 5.560165975103734670e-01 6.867219917012448160e-01 7.302904564315352287e-01 7.406639004149377925e-01 7.551867219917012264e-01 7.655601659751036792e-01 7.676348547717842807e-01 7.697095435684647713e-01 7.697095435684647713e-01
1.257225433526011626e-01 4.234104046242774810e-01 6.661849710982659101e-01 8.121387283236993770e-01 8.453757225433525813e-01 8.583815028901734534e-01 8.699421965317919447e-01 8.742774566473988651e-01 8.757225433526011349e-01 8.771676300578035157e-01
1.485355648535564843e-01 4.079497907949790614e-01 6.412133891213389614e-01 7.343096234309622883e-01 7.730125523012552069e-01 7.866108786610879200e-01 7.928870292887029159e-01 8.064853556485355179e-01 8.138075313807531241e-01 8.158995815899581228e-01
7.812500000000000000e-02 1.875000000000000000e-01 2.916666666666666852e-01 3.802083333333333148e-01 4.062500000000000000e-01 4.375000000000000000e-01 4.427083333333333148e-01 4.479166666666666852e-01 4.479166666666666852e-01 4.479166666666666852e-01
4.126132170412612904e-02 2.103321033210332203e-01 4.619255283461925488e-01 6.642066420664206605e-01 7.423683327742368609e-01 7.802750754780275466e-01 7.987252599798725372e-01 8.071117074807111491e-01 8.114726601811472761e-01 8.151626970815162299e-01
5.888324873096446865e-02 2.504230118443316333e-01 4.619289340101522812e-01 6.318104906937394016e-01 7.052453468697122974e-01 7.536379018612521241e-01 7.769881556683586599e-01 7.881556683587140899e-01 8.006768189509306799e-01 8.098138747884940924e-01
1.458256029684601163e-01 4.515769944341372910e-01 6.549165120593691825e-01 7.521335807050092415e-01 7.825602968460111386e-01 7.970315398886826941e-01 8.011131725417439675e-01 8.055658627087198820e-01 8.115027829313543606e-01 8.163265306122449161e-01
4.918032786885245811e-02 2.195727769498261317e-01 4.426229508196721230e-01 6.095380029806258815e-01 6.716343765524093179e-01 7.064083457526080245e-01 7.173373075012419164e-01 7.208147044212618315e-01 7.247888723298558933e-01 7.292598112270243238e-01
6.391848077813802598e-02 2.204724409448818867e-01 4.377026401111625553e-01 5.933302454840203577e-01 6.410375173691523765e-01 6.655859194071329643e-01 6.776285317276516951e-01 6.817971283001389438e-01 6.855025474756831771e-01 6.882816118573413799e-01
2.634436401240951575e-01 5.398138572905895050e-01 6.295243019648396610e-01 6.432264736297828023e-01 6.460703205791106241e-01 6.478800413650465106e-01 6.502068252326783648e-01 6.517580144777662676e-01 6.527921406411582028e-01 6.543433298862461056e-01
2.421422663358147320e-01 5.161290322580645018e-01 6.495037220843672410e-01 6.892059553349876300e-01 6.968569065343258595e-01 7.011993382961124732e-01 7.024400330851944263e-01 7.038875103391232235e-01 7.053349875930521318e-01 7.065756823821339738e-01
3.558178752107925558e-01 6.304806070826306508e-01 7.158516020236087574e-01 7.282883642495784349e-01 7.310286677908938158e-01 7.331365935919055277e-01 7.339797639123102346e-01 7.346121416526137926e-01 7.360876897133220575e-01 7.375632377740303225e-01
8.157099697885196454e-02 2.592694314748695272e-01 4.007140895358418109e-01 4.932710793737983823e-01 5.322713540236199137e-01 5.525954408129635231e-01 5.602856358143367688e-01 5.630321340291128962e-01 5.657786322438890236e-01 5.682504806371876382e-01
9.090909090909091161e-02 2.215644820295983031e-01 3.044397463002114224e-01 3.615221987315010432e-01 4.021141649048625699e-01 4.490486257928118508e-01 4.904862579281183965e-01 5.090909090909090384e-01 5.145877378435518290e-01 5.175475687103594513e-01
3.265835929387331249e-01 6.853582554517133607e-01 8.141225337487020264e-01 8.369678089304257718e-01 8.437175493250259617e-01 8.499480789200415387e-01 8.535825545171339401e-01 8.551401869158878899e-01 8.561786085150571157e-01 8.572170301142263416e-01
2.564778216952129930e-01 6.552481335090031278e-01 8.120333772507685177e-01 8.418972332015810522e-01 8.515590689503732547e-01 8.555116381203338172e-01 8.581466842336407108e-01 8.590250329380764160e-01 8.612209046991655681e-01 8.625384277558190149e-01
1.930379746835443056e-01 5.101265822784810666e-01 6.765822784810127111e-01 7.246835443037974445e-01 7.424050632911392000e-01 7.481012658227848000e-01 7.506329113924050667e-01 7.537974683544304000e-01 7.556962025316456000e-01 7.575949367088608000e-01
2.566277836691410186e-01 6.230116648992576334e-01 7.762460233297985290e-01 8.075291622481441944e-01 8.191940615058324049e-01 8.255567338282078227e-01 8.276776246023329620e-01 8.297985153764581012e-01 8.308589607635207264e-01 8.313891834570519279e-01
1.798732171156893767e-01 4.484944532488114310e-01 5.998415213946117763e-01 6.489698890649762131e-01 6.616481774960379925e-01 6.711568938193344103e-01 6.759112519809825637e-01 6.798732171156893767e-01 6.822503961965135089e-01 6.830427892234548493e-01
1.649122807017543990e-01 4.701754385964912464e-01 6.421052631578947345e-01 7.122807017543859587e-01 7.192982456140351033e-01 7.508771929824561431e-01 7.614035087719298600e-01 7.649122807017544323e-01 7.649122807017544323e-01 7.684210526315788936e-01
1.296296296296296224e-01 3.750000000000000000e-01 5.740740740740740700e-01 6.944444444444444198e-01 7.268518518518518601e-01 7.407407407407406996e-01 7.546296296296296502e-01 7.638888888888888395e-01 7.638888888888888395e-01 7.638888888888888395e-01
1.293532338308457652e-01 3.532338308457711462e-01 5.174129353233830608e-01 6.019900497512438164e-01 6.318407960199005080e-01 6.417910447761193682e-01 6.567164179104477695e-01 6.616915422885571996e-01 6.616915422885571996e-01 6.616915422885571996e-01
1.056338028169014065e-01 2.816901408450704358e-01 4.366197183098591283e-01 5.845070422535211252e-01 6.197183098591548811e-01 6.338028169014084945e-01 6.478873239436619969e-01 6.549295774647887480e-01 6.549295774647887480e-01 6.619718309859154992e-01
1.462450592885375378e-01 5.059288537549406772e-01 7.391304347826086474e-01 8.102766798418972183e-01 8.537549407114624067e-01 8.577075098814229692e-01 8.616600790513834207e-01 8.774703557312253377e-01 8.853754940711462407e-01 8.893280632411066922e-01
4.751491053677932563e-01 7.841522294802613091e-01 8.622550411814825511e-01 8.753195115024140494e-01 8.801476853166714243e-01 8.846918489065606073e-01 8.889520022720818204e-01 8.932121556376029226e-01 8.957682476569156504e-01 8.986083499005964592e-01
5.712815234173957563e-02 2.429233144621718854e-01 4.626865671641791078e-01 6.412763767370046608e-01 7.472979927946474810e-01 7.905301080802882296e-01 8.203808543489449212e-01 8.347915594441585041e-01 8.425115800308801139e-01 8.512609366958311385e-01
2.967525195968645155e-02 1.707726763717805074e-01 4.020156774916013309e-01 6.259798432250839317e-01 7.290033594624859559e-01 7.833146696528555664e-01 8.051511758118701234e-01 8.174692049272116456e-01 8.297872340425531679e-01 8.381858902575587411e-01
2.498476538695917210e-02 1.651432053625837837e-01 4.088970140158439959e-01 5.892748324192566001e-01 6.642291285801340539e-01 7.300426569165142654e-01 7.617306520414381943e-01 7.812309567336989113e-01 7.958561852528945879e-01 8.001218769043266787e-01
2.212389380530973421e-02 1.471238938053097411e-01 3.451327433628318397e-01 5.143805309734513775e-01 6.294247787610619538e-01 6.935840707964602281e-01 7.212389380530973559e-01 7.444690265486725300e-01 7.654867256637167827e-01 7.721238938053097689e-01
5.104823747680891088e-01 7.168831168831168998e-01 7.538033395176252371e-01 7.584415584415584721e-01 7.595547309833023952e-01 7.608534322820037499e-01 7.618738404452690682e-01 7.628014842300556708e-01 7.639146567717995939e-01 7.642857142857142350e-01
3.141985947235848009e-01 5.538910247911971174e-01 6.180564762031022230e-01 6.289274824340448378e-01 6.314463741217022363e-01 6.334349728224843989e-01 6.346281320429537631e-01 6.351584250298289991e-01 6.359538645101419085e-01 6.370144504838923805e-01
1.093373493975903638e-01 2.825301204819277157e-01 3.786144578313253017e-01 4.129518072289156683e-01 4.246987951807228989e-01 4.304216867469879415e-01 4.322289156626505924e-01 4.334337349397590633e-01 4.343373493975903887e-01 4.352409638554217142e-01
4.889975550122249714e-02 1.393643031784841113e-01 2.155082081732448418e-01 2.661543835137967218e-01 2.860635696821515750e-01 2.965420887181278164e-01 2.996856444289207055e-01 3.007334963325183352e-01 3.014320642682500884e-01 3.031784841075794712e-01
1.460823373173970700e-02 6.374501992031872399e-02 1.261620185922974757e-01 1.810535635236830421e-01 2.049579459938025705e-01 2.111553784860557836e-01 2.133687472332890522e-01 2.177954847277556449e-01 2.191235059760956172e-01 2.200088534749889413e-01
1.079180678691531586e-01 4.069092020788749875e-01 6.615713848975848244e-01 7.542036074594925532e-01 7.716294711097523296e-01 7.789666768572302002e-01 7.798838275756649896e-01 7.808009782940996679e-01 7.817181290125343462e-01 7.832467135432589211e-01
3.919239904988123385e-02 1.306413301662707749e-01 2.292161520190023616e-01 2.541567695961995388e-01 2.660332541567695941e-01 2.684085510688836163e-01 2.695961995249406273e-01 2.707838479809976384e-01 2.731591448931116606e-01 2.743467933491686717e-01
1.945525291828793801e-02 6.420233463035018850e-02 1.147859922178988273e-01 1.342412451361867654e-01 1.556420233463035041e-01 1.692607003891050677e-01 1.731517509727626414e-01 1.731517509727626414e-01 1.750972762645914282e-01 1.750972762645914282e-01
1.535508637236084398e-02 4.414587332053742513e-02 9.788867562380038079e-02 1.228406909788867518e-01 1.285988483685220618e-01 1.362763915547025029e-01 1.458733205374280195e-01 1.458733205374280195e-01 1.477927063339731228e-01 1.477927063339731228e-01
1.843317972350230413e-02 5.069124423963133896e-02 9.984639016897081665e-02 1.274961597542242642e-01 1.413210445468509879e-01 1.505376344086021556e-01 1.536098310291858782e-01 1.536098310291858782e-01 1.551459293394777395e-01 1.551459293394777395e-01
1.307643714466203422e-01 4.699936828806064448e-01 6.146557169930512154e-01 6.355022109917877193e-01 6.430827542640555894e-01 6.475047378395452080e-01 6.506632975363234594e-01 6.531901452937460828e-01 6.563487049905243342e-01 6.582438408085913295e-01
1.232575201760821720e-01 3.932501834189288115e-01 5.069699192956713674e-01 5.363169479090241776e-01 5.421863536316947618e-01 5.451210564930301095e-01 5.458547322083638909e-01 5.473220836390315647e-01 5.495231107850330199e-01 5.502567865003668013e-01
1.082004555808656066e-01 2.984054669703872231e-01 4.419134396355353100e-01 4.817767653758542323e-01 4.931662870159453371e-01 5.068337129840546629e-01 5.170842824601367127e-01 5.182232346241457677e-01 5.216400911161731546e-01 5.227790432801822096e-01
2.471482889733840269e-02 9.695817490494296198e-02 1.806083650190113965e-01 2.471482889733840338e-01 2.851711026615969535e-01 2.908745247148288859e-01 3.022813688212927508e-01 3.060836501901140760e-01 3.155893536121672782e-01 3.174904942965779409e-01
9.670079635949943575e-02 2.787258248009101269e-01 3.845278725824801125e-01 4.163822525597269397e-01 4.277588168373151478e-01 4.345847554038680394e-01 4.379977246871444851e-01 4.391353811149033004e-01 4.402730375426621157e-01 4.425483503981797462e-01
4.689578713968957646e-01 7.361419068736141380e-01 7.993348115299334644e-01 8.126385809312638431e-01 8.237250554323725105e-01 8.281596452328159330e-01 8.325942350332594666e-01 8.370288248337028891e-01 8.392461197339246004e-01 8.436807095343680230e-01
2.916666666666666852e-01 6.416666666666667185e-01 7.833333333333333259e-01 8.083333333333333481e-01 8.199999999999999512e-01 8.299999999999999600e-01 8.316666666666666652e-01 8.383333333333333748e-01 8.449999999999999734e-01 8.483333333333333837e-01
3.879056047197639856e-01 7.345132743362832173e-01 8.333333333333333703e-01 8.510324483775810744e-01 8.672566371681416086e-01 8.805309734513274700e-01 8.849557522123894238e-01 8.879056047197639856e-01 8.893805309734513775e-01 8.908554572271386585e-01
2.354368932038835016e-01 5.873786407766989903e-01 7.402912621359223344e-01 7.621359223300970820e-01 7.791262135922329968e-01 7.864077669902912460e-01 7.936893203883494952e-01 8.009708737864077444e-01 8.033980582524271608e-01 8.155339805825242427e-01
4.901960784313725422e-02 2.156862745098039325e-01 2.450980392156862642e-01 3.235294117647058987e-01 3.529411764705882582e-01 3.529411764705882582e-01 3.529411764705882582e-01 3.529411764705882582e-01 3.725490196078431460e-01 3.725490196078431460e-01
1.379310344827586188e-01 4.068965517241379115e-01 5.275862068965517793e-01 5.931034482758620330e-01 6.241379310344827847e-01 6.827586206896552046e-01 7.068965517241379004e-01 7.137931034482758452e-01 7.241379310344827624e-01 7.344827586206896797e-01
1.492537313432835792e-02 4.477611940298507204e-02 7.462686567164178442e-02 1.343283582089552231e-01 1.791044776119402882e-01 1.940298507462686617e-01 2.089552238805970075e-01 2.089552238805970075e-01 2.089552238805970075e-01 2.089552238805970075e-01
0.000000000000000000e+00 2.040816326530612082e-02 4.081632653061224164e-02 6.122448979591836593e-02 6.122448979591836593e-02 6.122448979591836593e-02 6.122448979591836593e-02 6.122448979591836593e-02 6.122448979591836593e-02 6.122448979591836593e-02
2.272727272727272790e-02 4.545454545454545581e-02 4.545454545454545581e-02 4.545454545454545581e-02 4.545454545454545581e-02 4.545454545454545581e-02 4.545454545454545581e-02 4.545454545454545581e-02 4.545454545454545581e-02 4.545454545454545581e-02
0.000000000000000000e+00 0.000000000000000000e+00 0.000000000000000000e+00 0.000000000000000000e+00 0.000000000000000000e+00 0.000000000000000000e+00 0.000000000000000000e+00 0.000000000000000000e+00 0.000000000000000000e+00 0.000000000000000000e+00
4.203371397498640305e-01 6.965742251223491222e-01 7.901033170201195999e-01 8.107667210440456795e-01 8.145731375747689018e-01 8.189233278955954098e-01 8.200108754758020924e-01 8.210984230560086639e-01 8.227297444263186321e-01 8.232735182164219179e-01
1.903052064631956808e-01 4.021543985637343055e-01 5.350089766606822561e-01 6.005385996409335903e-01 6.184919210053859695e-01 6.364452423698384598e-01 6.490125673249551586e-01 6.552962298025134524e-01 6.579892280071812927e-01 6.579892280071812927e-01
1.038011695906432691e-01 2.880116959064327742e-01 3.874269005847953418e-01 4.459064327485380286e-01 4.751461988304093720e-01 5.014619883040936088e-01 5.058479532163743242e-01 5.204678362573099681e-01 5.292397660818713989e-01 5.321637426900585055e-01
5.223880597014925187e-02 1.194029850746268634e-01 1.940298507462686617e-01 2.537313432835821003e-01 2.985074626865671377e-01 3.208955223880596841e-01 3.358208955223880854e-01 3.457711442786069456e-01 3.507462686567164312e-01 3.557213930348258613e-01
4.329004329004329001e-03 1.731601731601731600e-02 3.896103896103896014e-02 5.194805194805195148e-02 7.359307359307359908e-02 8.658008658008657654e-02 9.523809523809523281e-02 9.523809523809523281e-02 1.125541125541125592e-01 1.125541125541125592e-01
3.422473012757605293e-01 7.237487733071639173e-01 8.263002944062807220e-01 8.331697742885181279e-01 8.366045142296368864e-01 8.383218842001962656e-01 8.400392541707556449e-01 8.412659470068695189e-01 8.424926398429832819e-01 8.432286555446516507e-01
1.703832752613240464e-01 5.160278745644599763e-01 6.954703832752613391e-01 7.435540069686411568e-01 7.508710801393728707e-01 7.567944250871080358e-01 7.592334494773519404e-01 7.627177700348432010e-01 7.644599303135888313e-01 7.658536585365853799e-01
1.071186440677966145e-01 3.484745762711864425e-01 5.098305084745762272e-01 5.905084745762712028e-01 6.047457627118644208e-01 6.088135593220338482e-01 6.122033898305084820e-01 6.155932203389830049e-01 6.183050847457627341e-01 6.183050847457627341e-01
2.274315666860803609e-01 6.030867792661619431e-01 7.673267326732673421e-01 7.996505532906231783e-01 8.066394874781596114e-01 8.104251601630750867e-01 8.130460104834013046e-01 8.142108328479906731e-01 8.168316831683167800e-01 8.179965055329062595e-01
1.387341772151898800e-01 4.141772151898734378e-01 6.020253164556962355e-01 6.663291139240505867e-01 6.779746835443037911e-01 6.840506329113924533e-01 6.896202531645569955e-01 6.916455696202531422e-01 6.936708860759494000e-01 6.951898734177215378e-01
2.292263610315186384e-01 5.959885386819484543e-01 8.065902578796562139e-01 8.868194842406876832e-01 8.982808022922635915e-01 8.997134670487105801e-01 8.997134670487105801e-01 9.025787965616045572e-01 9.054441260744985343e-01 9.054441260744985343e-01
9.606299212598425064e-02 3.606299212598425008e-01 5.685039370078740495e-01 7.039370078740156966e-01 7.669291338582676643e-01 8.094488188976377563e-01 8.125984251968504379e-01 8.157480314960630086e-01 8.173228346456692384e-01 8.188976377952755792e-01
4.020304568527918732e-01 7.451776649746192360e-01 8.629441624365482566e-01 8.802030456852791840e-01 8.842639593908629969e-01 8.862944162436547924e-01 8.923857868020305117e-01 8.923857868020305117e-01 8.934010152284264095e-01 8.944162436548223072e-01
1.884615384615384581e-01 4.865384615384615308e-01 6.538461538461538547e-01 7.211538461538461453e-01 7.576923076923076650e-01 7.923076923076922684e-01 7.980769230769231282e-01 8.057692307692307931e-01 8.115384615384615419e-01 8.211538461538461231e-01
1.252371916508538963e-01 3.320683111954459421e-01 5.028462998102466441e-01 6.110056925996204535e-01 7.020872865275141761e-01 7.836812144212523812e-01 8.064516129032257563e-01 8.159392789373813848e-01 8.216318785578747841e-01 8.235294117647058432e-01
2.176514584891548199e-01 5.213163799551233657e-01 6.649214659685863671e-01 7.008227374719521174e-01 7.105459985041137072e-01 7.187733732236349926e-01 7.270007479431562780e-01 7.337322363500373701e-01 7.397157816005983655e-01 7.456993268511593609e-01
1.228915662650602453e-01 3.168674698795180822e-01 4.445783132530120585e-01 5.349397590361445465e-01 5.626506024096386005e-01 5.698795180722892040e-01 5.759036144578313365e-01 5.795180722891566383e-01 5.927710843373493743e-01 5.963855421686746761e-01
1.156716417910447769e-01 3.880597014925373234e-01 6.305970149253731227e-01 7.288557213930347833e-01 7.512437810945273853e-01 7.587064676616915859e-01 7.624378109452736307e-01 7.636815920398010160e-01 7.649253731343284013e-01 7.661691542288556755e-01
3.597122302158273222e-02 1.402877697841726501e-01 3.309352517985611475e-01 4.316546762589927866e-01 4.712230215827338253e-01 4.820143884892086339e-01 4.856115107913668849e-01 4.928057553956834425e-01 4.928057553956834425e-01 4.964028776978417490e-01
1.351351351351351426e-02 6.081081081081081419e-02 8.108108108108108558e-02 1.081081081081081141e-01 1.216216216216216284e-01 1.283783783783783716e-01 1.351351351351351426e-01 1.351351351351351426e-01 1.418918918918918859e-01 1.486486486486486569e-01
2.356406480117820279e-02 1.119293078055964702e-01 2.407952871870397693e-01 3.792341678939616934e-01 4.801178203240059061e-01 5.463917525773195338e-01 5.706921944035345806e-01 5.802650957290133027e-01 5.854197349042710163e-01 5.891016200294550975e-01
1.849836779107725745e-02 7.072905331882481383e-02 1.425462459194777043e-01 2.263329706202393821e-01 2.742110990206746424e-01 3.003264417845484258e-01 3.275299238302502580e-01 3.427638737758433307e-01 3.601741022850925011e-01 3.645266594124048076e-01
1.555555555555555580e-01 4.948412698412698596e-01 7.150793650793650924e-01 7.908730158730158388e-01 8.031746031746032077e-01 8.067460317460317665e-01 8.091269841269841390e-01 8.111111111111111160e-01 8.130952380952380931e-01 8.138888888888888840e-01
5.960896518836433094e-02 2.188841201716738294e-01 4.430138292799237210e-01 6.232713400095374334e-01 6.866952789699570792e-01 7.010014306151645114e-01 7.057701478302336184e-01 7.110157367668097361e-01 7.134000953743443452e-01 7.134000953743443452e-01
5.148005148005147837e-03 2.574002574002573832e-02 8.751608751608751235e-02 1.428571428571428492e-01 1.853281853281853186e-01 2.252252252252252285e-01 2.445302445302445227e-01 2.483912483912484037e-01 2.483912483912484037e-01 2.522522522522522292e-01
3.481228668941979687e-01 7.120307167235494505e-01 8.361774744027303807e-01 8.703071672354948385e-01 8.818259385665528916e-01 8.890784982935153735e-01 8.941979522184300144e-01 8.971843003412969253e-01 8.997440273037542458e-01 9.018771331058020868e-01
2.722170252572497784e-01 5.958840037418148272e-01 7.577174929840972961e-01 8.250701590271281027e-01 8.465855940130962987e-01 8.521983161833489584e-01 8.568755846585593972e-01 8.643592142188961658e-01 8.690364826941066045e-01 8.709073900841908245e-01
3.323657474600870687e-01 6.690856313497822727e-01 8.069666182873730387e-01 8.553459119496855667e-01 8.693759071117561632e-01 8.780841799709724338e-01 8.805031446540880768e-01 8.867924528301887044e-01 8.916303821964198795e-01 8.964683115626511656e-01
3.298755186721991639e-01 6.915629322268326273e-01 8.326417704011065402e-01 8.769017980636237830e-01 8.928077455048409883e-01 8.997233748271092901e-01 9.038727524204702712e-01 9.087136929460580825e-01 9.100968188105117429e-01 9.107883817427385731e-01
3.014553014553014720e-01 6.237006237006237352e-01 7.785862785862786017e-01 8.336798336798336706e-01 8.575883575883576082e-01 8.700623700623700829e-01 8.794178794178794112e-01 8.794178794178794112e-01 8.804573804573804230e-01 8.804573804573804230e-01
4.420803782505910440e-01 7.517730496453900457e-01 8.226950354609928739e-01 8.368794326241134618e-01 8.416075650118203244e-01 8.486997635933806183e-01 8.486997635933806183e-01 8.486997635933806183e-01 8.486997635933806183e-01 8.486997635933806183e-01
2.392426850258175530e-01 5.370051635111876553e-01 7.108433734939758608e-01 7.710843373493976305e-01 7.917383820998278310e-01 8.003442340791738774e-01 8.072289156626506479e-01 8.106712564543889776e-01 8.158347676419965833e-01 8.175559380378657481e-01
1.722595078299776206e-01 4.519015659955257225e-01 6.107382550335570537e-01 6.666666666666666297e-01 7.114093959731543348e-01 7.270693512304250428e-01 7.337807606263981874e-01 7.382550335570470246e-01 7.449664429530201692e-01 7.494407158836688954e-01
2.471910112359550493e-01 5.468164794007490670e-01 6.479400749063670695e-01 6.816479400749063666e-01 6.853932584269663009e-01 6.891385767790262351e-01 6.891385767790262351e-01 6.928838951310861693e-01 6.928838951310861693e-01 6.928838951310861693e-01
1.317365269461077959e-01 2.574850299401197362e-01 3.532934131736527039e-01 4.191616766467065602e-01 4.371257485029940160e-01 4.550898203592814162e-01 4.550898203592814162e-01 4.670658682634730718e-01 4.670658682634730718e-01 4.670658682634730718e-01
1.647058823529411742e-01 4.566176470588235170e-01 6.757352941176471006e-01 7.647058823529411242e-01 7.963235294117646523e-01 8.051470588235294379e-01 8.125000000000000000e-01 8.161764705882352811e-01 8.176470588235293935e-01 8.191176470588235059e-01
1.041958041958041953e-01 4.244755244755245016e-01 6.622377622377622064e-01 7.601398601398601240e-01 8.097902097902097696e-01 8.195804195804196057e-01 8.251748251748252105e-01 8.286713286713286442e-01 8.321678321678321888e-01 8.335664335664335622e-01
1.559497413155949697e-01 5.229120473022912385e-01 7.852919438285291820e-01 8.728750923872875545e-01 8.861788617886179331e-01 8.898743532889874519e-01 8.917220990391722113e-01 8.961566888396156338e-01 8.994826311899483118e-01 9.035476718403547824e-01
1.020052310374890969e-01 3.156059285091543098e-01 5.161290322580645018e-01 6.660854402789886386e-01 7.044463818657367149e-01 7.201394943330426957e-01 7.236268526591107531e-01 7.271142109851786994e-01 7.340889276373147032e-01 7.393199651264167338e-01
1.023017902813299317e-02 4.347826086956521618e-02 1.202046035805626606e-01 2.378516624040920846e-01 3.094629156010230142e-01 3.478260869565217295e-01 3.887468030690536813e-01 4.066496163682864484e-01 4.271099744245524521e-01 4.322250639386189253e-01
4.587426326129666054e-01 7.917485265225933100e-01 8.644400785854616798e-01 8.737721021611002392e-01 8.806483300589390550e-01 8.850687622789783493e-01 8.880157170923379528e-01 8.899803536345776145e-01 8.904715127701374744e-01 8.919449901768172762e-01
1.966364812419146291e-01 4.385510996119016958e-01 6.002587322121604174e-01 6.571798188874514723e-01 6.765847347994825567e-01 6.817593790426907940e-01 6.830530401034928811e-01 6.895213454075032056e-01 6.959896507115135300e-01 6.985769728331177042e-01
0.000000000000000000e+00 5.376344086021505805e-03 1.612903225806451568e-02 3.225806451612903136e-02 3.763440860215053890e-02 4.301075268817204644e-02 5.376344086021505458e-02 6.451612903225806273e-02 6.451612903225806273e-02 8.064516129032257841e-02
5.769230769230769551e-02 1.520979020979021101e-01 2.762237762237761962e-01 3.216783216783216659e-01 3.426573426573426562e-01 3.566433566433566682e-01 3.653846153846153633e-01 3.758741258741258862e-01 3.793706293706293753e-01 3.828671328671328644e-01
1.362397820163487733e-02 2.179836512261580303e-02 4.632152588555858014e-02 5.449591280653950931e-02 5.994550408719345747e-02 7.084468664850136765e-02 7.629427792915531581e-02 7.629427792915531581e-02 8.174386920980926396e-02 8.174386920980926396e-02
1.974154522958482261e-01 5.548529007423700365e-01 7.737145999450095735e-01 8.666483365411052908e-01 8.869947759142150501e-01 8.966180918339290429e-01 8.999175144349739197e-01 9.007423700852350557e-01 9.032169370360186855e-01 9.045916964531206528e-01
5.129789864029666441e-02 2.268232385661310135e-01 4.381953028430160546e-01 5.920889987639060825e-01 6.817058096415327118e-01 7.336217552533992325e-01 7.521631644004944661e-01 7.608158220024722196e-01 7.669962917181706308e-01 7.719406674907293153e-01
1.397326852976913669e-01 4.358039692183069969e-01 6.678817334953421891e-01 7.703523693803159267e-01 8.092345078979343853e-01 8.262454434993924401e-01 8.339408667476710946e-01 8.363710004050223246e-01 8.388011340623734435e-01 8.412312677197245625e-01
3.241182078169685399e-02 1.496663489037178274e-01 3.021925643469971501e-01 4.575786463298379680e-01 5.490943755958055394e-01 6.158245948522402813e-01 6.549094375595805317e-01 6.711153479504289310e-01 6.796949475691134168e-01 6.882745471877979027e-01
1.084010840108401083e-02 4.607046070460704690e-02 1.192411924119241157e-01 1.788617886178861804e-01 2.303523035230352345e-01 2.872628726287262957e-01 3.279132791327913354e-01 3.577235772357723609e-01 3.712737127371273926e-01 3.821138211382114069e-01
2.792022792022791911e-01 5.669515669515668987e-01 6.980056980056980054e-01 7.350427350427350959e-01 7.606837606837606458e-01 7.749287749287748772e-01 7.863247863247863068e-01 7.891737891737892197e-01 7.920227920227920215e-01 7.948717948717948234e-01
1.165048543689320426e-01 3.592233009708737934e-01 5.501618122977346426e-01 6.375404530744336329e-01 6.699029126213592589e-01 7.055016181229772920e-01 7.152103559870550686e-01 7.249190938511327342e-01 7.281553398058252524e-01 7.346278317152103998e-01
5.952380952380952051e-03 8.928571428571428770e-02 1.666666666666666574e-01 2.797619047619047672e-01 3.571428571428571508e-01 4.047619047619047672e-01 4.642857142857143016e-01 4.880952380952380820e-01 5.119047619047618625e-01 5.357142857142856984e-01
9.646302250803857892e-02 2.990353697749196238e-01 4.533762057877813723e-01 5.241157556270096274e-01 5.594855305466237549e-01 5.916398713826366285e-01 6.012861736334405016e-01 6.045016077170417557e-01 6.109324758842443748e-01 6.141479099678456288e-01
2.463054187192118341e-02 1.182266009852216693e-01 2.413793103448275967e-01 3.743842364532019573e-01 4.334975369458128336e-01 4.876847290640394239e-01 5.320197044334975534e-01 5.467980295566502447e-01 5.615763546798029360e-01 5.714285714285713969e-01
