2.229070364663585102e-01 5.870570107858243958e-01 7.478171545968156364e-01 7.899332306111966906e-01 7.991782229070364396e-01 8.079096045197740050e-01 8.135593220338983578e-01 8.176682074987159377e-01 8.222907036466358122e-01 8.238315356959424740e-01
1.994156318480642676e-01 5.339663988312637333e-01 7.414170927684441414e-01 8.203067932797662998e-01 8.290723155588020088e-01 8.341855368882395982e-01 8.371073776479182049e-01 8.451424397370342900e-01 8.502556610664718795e-01 8.539079620160701101e-01
4.473684210526315819e-02 2.026315789473684126e-01 3.315789473684210287e-01 4.421052631578947234e-01 5.394736842105263275e-01 5.710526315789473673e-01 5.868421052631579427e-01 5.921052631578946901e-01 5.921052631578946901e-01 5.921052631578946901e-01
1.049011177987962118e-01 3.310404127257093876e-01 5.494411006018916632e-01 6.440240756663800914e-01 6.990541702493551224e-01 7.300085984522786120e-01 7.472055030094583161e-01 7.540842648323301534e-01 7.558039552880481127e-01 7.575236457437660720e-01
5.506607929515418276e-02 1.651982378854625622e-01 2.863436123348017670e-01 4.118942731277532854e-01 4.933920704845815020e-01 5.286343612334801767e-01 5.748898678414097185e-01 6.233480176211453339e-01 6.343612334801762564e-01 6.365638766519823299e-01
1.875000000000000000e-01 5.477941176470588758e-01 7.683823529411765163e-01 8.088235294117647189e-01 8.345588235294117974e-01 8.455882352941176405e-01 8.492647058823529216e-01 8.529411764705882026e-01 8.566176470588234837e-01 8.566176470588234837e-01
1.497005988023951961e-01 5.209580838323353280e-01 7.724550898203592642e-01 8.143712574850299202e-01 8.263473053892215203e-01 8.263473053892215203e-01 8.263473053892215203e-01 8.383233532934131205e-01 8.383233532934131205e-01 8.383233532934131205e-01
6.741573033707864981e-02 2.022471910112359494e-01 3.707865168539326017e-01 4.943820224719100986e-01 5.280898876404493958e-01 5.280898876404493958e-01 5.280898876404493958e-01 5.280898876404493958e-01 5.617977528089888040e-01 5.617977528089888040e-01
7.361963190184049599e-02 4.478527607361963425e-01 6.503067484662576891e-01 7.423312883435583265e-01 7.546012269938650041e-01 7.546012269938650041e-01 7.607361963190184539e-01 7.607361963190184539e-01 7.607361963190184539e-01 7.607361963190184539e-01
9.859154929577464144e-02 3.943661971830985657e-01 6.338028169014084945e-01 7.605633802816901268e-01 7.887323943661971315e-01 7.887323943661971315e-01 8.028169014084507449e-01 8.028169014084507449e-01 8.028169014084507449e-01 8.028169014084507449e-01
4.259843827878385114e-01 7.363349393586974267e-01 8.197374979232430192e-01 8.383452400731018495e-01 8.416680511712909540e-01 8.464861272636650114e-01 8.478152517029406976e-01 8.508057816913108251e-01 8.531317494600432205e-01 8.556238577836849934e-01
2.201166180758017399e-01 5.871720116618075469e-01 7.836734693877550617e-01 8.282798833819241535e-01 8.364431486880467004e-01 8.408163265306122236e-01 8.446064139941691362e-01 8.466472303206996619e-01 8.486880466472302986e-01 8.504373177842565745e-01
1.347473487211478527e-01 3.936369307548346907e-01 5.801621958827198888e-01 6.431690580162195969e-01 6.631316281971303406e-01 6.781035558328134538e-01 6.824703680598876998e-01 6.855895196506550660e-01 6.880848409232688256e-01 6.905801621958826964e-01
9.959758551307847096e-02 2.977867203219315972e-01 4.416498993963782760e-01 5.080482897384306362e-01 5.271629778672032307e-01 5.382293762575453000e-01 5.422535211267606181e-01 5.482897384305834843e-01 5.492957746478873693e-01 5.523138832997988024e-01
1.369257950530035350e-01 4.187279151943462674e-01 5.627208480565371040e-01 6.183745583038868787e-01 6.325088339222615375e-01 6.369257950530035073e-01 6.413427561837455881e-01 6.422261484098940043e-01 6.439929328621908367e-01 6.448763250883392528e-01
2.824074074074073848e-01 6.620370370370370905e-01 7.754629629629629095e-01 7.870370370370370905e-01 7.870370370370370905e-01 7.881944444444444198e-01 7.881944444444444198e-01 7.881944444444444198e-01 7.881944444444444198e-01 7.905092592592593004e-01
1.595598349381017744e-01 4.910591471801925567e-01 7.083906464924346613e-01 7.606602475928473384e-01 7.647867950481430643e-01 7.661623108665749360e-01 7.675378266850069187e-01 7.689133425034387903e-01 7.702888583218706620e-01 7.702888583218706620e-01
2.340733590733590774e-01 5.444015444015444238e-01 6.776061776061775843e-01 7.133204633204632827e-01 7.191119691119690627e-01 7.195945945945946276e-01 7.200772200772200815e-01 7.220077220077220082e-01 7.224903474903474621e-01 7.224903474903474621e-01
6.578947368421052266e-03 9.868421052631579093e-02 1.315789473684210453e-01 1.578947368421052544e-01 1.710526315789473728e-01 1.842105263157894635e-01 1.842105263157894635e-01 2.039473684210526272e-01 2.039473684210526272e-01 2.039473684210526272e-01
5.042333019755409484e-01 7.375352775164628616e-01 7.582314205079961900e-01 7.582314205079961900e-01 7.610536218250235629e-01 7.619943555973659466e-01 7.619943555973659466e-01 7.619943555973659466e-01 7.629350893697083302e-01 7.629350893697083302e-01
1.747572815533980639e-01 5.864077669902912904e-01 8.252427184466019083e-01 8.873786407766990347e-01 9.009708737864077222e-01 9.048543689320388550e-01 9.087378640776698768e-01 9.126213592233010097e-01 9.126213592233010097e-01 9.126213592233010097e-01
4.566210045662100203e-02 1.826484018264840081e-01 3.150684931506849140e-01 3.744292237442922167e-01 4.063926940639269181e-01 4.063926940639269181e-01 4.200913242009132187e-01 4.246575342465753189e-01 4.383561643835616195e-01 4.383561643835616195e-01
2.290502793296089468e-01 5.474860335195530503e-01 6.927374301675978119e-01 7.374301675977653625e-01 7.597765363128491378e-01 7.653631284916201372e-01 7.653631284916201372e-01 7.653631284916201372e-01 7.709497206703910255e-01 7.709497206703910255e-01
2.222222222222222099e-01 2.222222222222222099e-01 2.222222222222222099e-01 3.333333333333333148e-01 4.444444444444444198e-01 4.444444444444444198e-01 4.444444444444444198e-01 4.444444444444444198e-01 4.444444444444444198e-01 4.444444444444444198e-01
4.104477611940298559e-02 1.996268656716417844e-01 3.432835820895522305e-01 4.458955223880596841e-01 4.888059701492537545e-01 5.167910447761193682e-01 5.261194029850746468e-01 5.373134328358208922e-01 5.410447761194029370e-01 5.485074626865671377e-01
1.019036954087346042e-01 3.389324374766704007e-01 5.711086226203807570e-01 7.245240761478163316e-01 8.185890257558791072e-01 8.749533407988054901e-01 9.096677864874953556e-01 9.186263531168346042e-01 9.197461739455020657e-01 9.204927211646136698e-01
1.270417422867513649e-02 8.529945553539020064e-02 2.214156079854809334e-01 4.065335753176043676e-01 5.281306715063520674e-01 6.079854809437386098e-01 6.751361161524500609e-01 7.223230490018148764e-01 7.495462794918330562e-01 7.622504537205081476e-01
1.992474466941408229e-01 5.223078301379681099e-01 7.434151585737323042e-01 8.435764199964164156e-01 8.833542375918294054e-01 8.994803798602400979e-01 9.093352445798243977e-01 9.145314459774234184e-01 9.177566744311055347e-01 9.206235441677118603e-01
4.031007751937984440e-02 1.767441860465116255e-01 3.674418604651162878e-01 5.271317829457364823e-01 6.217054263565890970e-01 7.007751937984496582e-01 7.550387596899225118e-01 7.844961240310077688e-01 7.968992248062015671e-01 8.062015503875968880e-01
0.000000000000000000e+00 0.000000000000000000e+00 0.000000000000000000e+00 4.166666666666666435e-02 8.333333333333332871e-02 2.083333333333333426e-01 2.916666666666666852e-01 2.916666666666666852e-01 3.333333333333333148e-01 3.333333333333333148e-01
2.804005722460657934e-01 5.994277539341916761e-01 7.610872675250357489e-01 7.811158798283261984e-01 7.854077253218884058e-01 7.882689556509299145e-01 7.896995708154506133e-01 7.896995708154506133e-01 7.896995708154506133e-01 7.911301859799714231e-01
2.406716417910447769e-01 6.268656716417910779e-01 8.078358208955224162e-01 8.171641791044775838e-01 8.208955223880597396e-01 8.208955223880597396e-01 8.208955223880597396e-01 8.208955223880597396e-01 8.208955223880597396e-01 8.208955223880597396e-01
4.614003590664272902e-01 8.815080789946140305e-01 9.874326750448833012e-01 9.874326750448833012e-01 9.874326750448833012e-01 9.874326750448833012e-01 9.874326750448833012e-01 9.874326750448833012e-01 9.874326750448833012e-01 9.874326750448833012e-01
4.865350089766606878e-01 7.432675044883303439e-01 7.737881508078994219e-01 7.737881508078994219e-01 7.737881508078994219e-01 7.737881508078994219e-01 7.737881508078994219e-01 7.737881508078994219e-01 7.737881508078994219e-01 7.737881508078994219e-01
2.867647058823529216e-01 5.367647058823529216e-01 6.004901960784313486e-01 6.004901960784313486e-01 6.004901960784313486e-01 6.004901960784313486e-01 6.004901960784313486e-01 6.004901960784313486e-01 6.004901960784313486e-01 6.004901960784313486e-01
2.807991120976692789e-01 6.581576026637070420e-01 8.246392896781353787e-01 8.793932667406585413e-01 8.919718830928597963e-01 9.012208657047724447e-01 9.052904180540141121e-01 9.086200517943026078e-01 9.130595634480207501e-01 9.174990751017387813e-01
2.314713399050748466e-01 6.162833150784957637e-01 8.400876232201532900e-01 8.999634903249360551e-01 9.156626506024095891e-01 9.215041986126323303e-01 9.240598758671048074e-01 9.277108433734939652e-01 9.339174881343556001e-01 9.368382621394669707e-01
2.344013490725126436e-01 6.378583473861719755e-01 8.473861720067453751e-01 9.005059021922428020e-01 9.106239460370995076e-01 9.207419898819561022e-01 9.245362563237774500e-01 9.287521079258009848e-01 9.329679595278246307e-01 9.363406408094434585e-01
1.168091168091168058e-01 3.608736942070275289e-01 5.840455840455840431e-01 6.733143399810066487e-01 6.989553656220323097e-01 7.169990503323836473e-01 7.217473884140550577e-01 7.274453941120607725e-01 7.312440645773978787e-01 7.397910731244065063e-01
1.319751992914083294e-01 4.047829937998228544e-01 6.288751107174490595e-01 7.927369353410097519e-01 8.396811337466785208e-01 8.671390611160318951e-01 8.795394154118688634e-01 8.937112488928254939e-01 9.034543844109831356e-01 9.078830823737821243e-01
1.563517915309446116e-01 3.941368078175895850e-01 5.211726384364820941e-01 5.667752442996742968e-01 5.830618892508143691e-01 6.026058631921824560e-01 6.156351791530945139e-01 6.286644951140064608e-01 6.384364820846905042e-01 6.416938110749185187e-01
2.000000000000000042e-02 8.000000000000000167e-02 1.000000000000000056e-01 1.199999999999999956e-01 1.400000000000000133e-01 1.400000000000000133e-01 1.400000000000000133e-01 1.600000000000000033e-01 1.600000000000000033e-01 1.600000000000000033e-01
3.157121879588840052e-01 5.888399412628487761e-01 6.578560939794420026e-01 6.872246696035242408e-01 7.033773861967694829e-01 7.165932452276064790e-01 7.209985315712188481e-01 7.224669603524228600e-01 7.254038179148311061e-01 7.283406754772393521e-01
9.090909090909091161e-02 2.727272727272727071e-01 3.434343434343434254e-01 3.737373737373737570e-01 3.838383838383838120e-01 3.939393939393939226e-01 3.939393939393939226e-01 3.939393939393939226e-01 4.040404040404040331e-01 4.343434343434343647e-01
1.203703703703703637e-01 3.287037037037037202e-01 4.120370370370370350e-01 4.490740740740740700e-01 4.953703703703703498e-01 5.138888888888888395e-01 5.138888888888888395e-01 5.324074074074074403e-01 5.324074074074074403e-01 5.555555555555555802e-01
4.552429667519181655e-01 8.039215686274510109e-01 8.823529411764705621e-01 8.908780903665813877e-01 8.925831202046036195e-01 8.942881500426257402e-01 8.959931798806478609e-01 8.968456947996590323e-01 9.002557544757032737e-01 9.002557544757032737e-01
3.907910271546635173e-01 7.402597402597402843e-01 8.122786304604486807e-01 8.205430932703660085e-01 8.229043683589137848e-01 8.252656434474616720e-01 8.264462809917355601e-01 8.264462809917355601e-01 8.276269185360094482e-01 8.299881936245572245e-01
5.089369708372530887e-01 8.193791157102540135e-01 8.795860771401693423e-01 8.899341486359360065e-01 8.908748824082785012e-01 8.936970837253057631e-01 8.936970837253057631e-01 8.936970837253057631e-01 8.946378174976481468e-01 8.955785512699906414e-01
4.402390438247011928e-01 7.191235059760956450e-01 7.908366533864541470e-01 7.968127490039840222e-01 7.968127490039840222e-01 8.027888446215138973e-01 8.107569721115537309e-01 8.326693227091633842e-01 8.386454183266932594e-01 8.386454183266932594e-01
4.229390681003584174e-01 6.881720430107527431e-01 7.240143369175626731e-01 7.347670250896057853e-01 7.419354838709677491e-01 7.455197132616487865e-01 7.455197132616487865e-01 7.455197132616487865e-01 7.455197132616487865e-01 7.455197132616487865e-01
3.464730290456431439e-01 7.271784232365144929e-01 8.516597510373443702e-01 8.734439834024896321e-01 8.765560165975103679e-01 8.807053941908713490e-01 8.817427385892115943e-01 8.827800829875518396e-01 8.827800829875518396e-01 8.838174273858920849e-01
1.455696202531645556e-01 4.873417721518987222e-01 6.930379746835443333e-01 7.816455696202531112e-01 8.306962025316455556e-01 8.401898734177215555e-01 8.417721518987342222e-01 8.433544303797468888e-01 8.481012658227847778e-01 8.512658227848101111e-01
1.178294573643410836e-01 3.627906976744186274e-01 5.503875968992247847e-01 6.651162790697674465e-01 7.116279069767441623e-01 7.348837209302325757e-01 7.457364341085270798e-01 7.472868217054263740e-01 7.503875968992248513e-01 7.519379844961240345e-01
4.166666666666666435e-02 1.635802469135802517e-01 3.148148148148148251e-01 4.228395061728394966e-01 4.737654320987654266e-01 5.200617283950617065e-01 5.385802469135801962e-01 5.509259259259259300e-01 5.679012345679012030e-01 5.771604938271605034e-01
2.631578947368420907e-02 3.947368421052631360e-02 7.894736842105262720e-02 1.250000000000000000e-01 1.447368421052631637e-01 1.842105263157894635e-01 1.842105263157894635e-01 1.907894736842105365e-01 1.907894736842105365e-01 1.973684210526315819e-01
3.464730290456431439e-01 5.975103734439833891e-01 6.410788381742739128e-01 6.452282157676348939e-01 6.473029045643153845e-01 6.473029045643153845e-01 6.514522821576763656e-01 6.514522821576763656e-01 6.514522821576763656e-01 6.514522821576763656e-01
1.061946902654867242e-01 2.566371681415929307e-01 4.336283185840708043e-01 4.955752212389380462e-01 4.955752212389380462e-01 5.044247787610619538e-01 5.132743362831858613e-01 5.132743362831858613e-01 5.132743362831858613e-01 5.132743362831858613e-01
3.189873417721518778e-01 6.987341772151898223e-01 8.405063291139240889e-01 8.734177215189873333e-01 8.759493670886076000e-01 8.784810126582278667e-01 8.784810126582278667e-01 8.784810126582278667e-01 8.810126582278481333e-01 8.860759493670885556e-01
4.605128205128204977e-01 8.005128205128204666e-01 8.574358974358974317e-01 8.671794871794872295e-01 8.687179487179487181e-01 8.692307692307692513e-01 8.692307692307692513e-01 8.692307692307692513e-01 8.692307692307692513e-01 8.692307692307692513e-01
3.933601609657947917e-01 7.867203219315895835e-01 8.772635814889335748e-01 9.104627766599597827e-01 9.144869215291751008e-01 9.144869215291751008e-01 9.154929577464788748e-01 9.175050301810865339e-01 9.175050301810865339e-01 9.195171026156941929e-01
2.251805054151624630e-01 6.272563176895307180e-01 8.465703971119133975e-01 9.354693140794223538e-01 9.526173285198555885e-01 9.557761732851985936e-01 9.580324909747292006e-01 9.589350180505414878e-01 9.589350180505414878e-01 9.593862815884476314e-01
6.073446327683616058e-02 2.189265536723163930e-01 4.675141242937853048e-01 6.920903954802259950e-01 8.206214689265536322e-01 8.912429378531073754e-01 9.081920903954802116e-01 9.081920903954802116e-01 9.081920903954802116e-01 9.081920903954802116e-01
3.112518265952264884e-01 7.403799318071115909e-01 9.118363370677058377e-01 9.434973209936677874e-01 9.449585971748660773e-01 9.454456892352655073e-01 9.464198733560642562e-01 9.464198733560642562e-01 9.464198733560642562e-01 9.469069654164636862e-01
1.742522756827048214e-01 4.668400520156046896e-01 6.866059817945383559e-01 7.750325097529259244e-01 8.049414824447334027e-01 8.088426527958387791e-01 8.101430429128738675e-01 8.101430429128738675e-01 8.114434330299089559e-01 8.140442132639792439e-01
8.356545961002785627e-02 1.727019498607242354e-01 3.091922005571030585e-01 3.732590529247911126e-01 4.094707520891364694e-01 4.094707520891364694e-01 4.122562674094707447e-01 4.150417827298050200e-01 4.150417827298050200e-01 4.150417827298050200e-01
3.247058823529411775e-01 6.909803921568627993e-01 8.145098039215685759e-01 8.388235294117647456e-01 8.494117647058823106e-01 8.549019607843136859e-01 8.572549019607843546e-01 8.580392156862745034e-01 8.603921568627450611e-01 8.615686274509803955e-01
3.885630498533724220e-01 6.920821114369501981e-01 7.668621700879765246e-01 7.815249266862169808e-01 7.844574780058650720e-01 7.859237536656891177e-01 7.873900293255131633e-01 7.873900293255131633e-01 7.888563049853372089e-01 7.888563049853372089e-01
2.718631178707224261e-01 6.596958174904943295e-01 7.965779467680608183e-01 8.193916349809885480e-01 8.212927756653992661e-01 8.269961977186311985e-01 8.288973384030418057e-01 8.288973384030418057e-01 8.288973384030418057e-01 8.326996197718631310e-01
1.854304635761589437e-01 4.437086092715231689e-01 5.596026490066224879e-01 5.761589403973509382e-01 5.827814569536423628e-01 5.860927152317880751e-01 5.860927152317880751e-01 5.860927152317880751e-01 5.860927152317880751e-01 5.894039735099337873e-01
1.008771929824561348e-01 3.201754385964912242e-01 4.254385964912280604e-01 4.473684210526315819e-01 4.532163742690058506e-01 4.590643274853801192e-01 4.605263157894736725e-01 4.619883040935672258e-01 4.634502923976608346e-01 4.649122807017543879e-01
5.773337926283155230e-01 9.016534619359283242e-01 9.517740268687564509e-01 9.555632104719256059e-01 9.560799173269032281e-01 9.564243885635549391e-01 9.565966241818808502e-01 9.567688598002066502e-01 9.569410954185325613e-01 9.569410954185325613e-01
4.671706263498919820e-01 8.377969762419006372e-01 9.198704103671706545e-01 9.263498920086392641e-01 9.274298056155507730e-01 9.278617710583153544e-01 9.278617710583153544e-01 9.278617710583153544e-01 9.278617710583153544e-01 9.278617710583153544e-01
3.509538950715421213e-01 7.225755166931637774e-01 8.338632750397456661e-01 8.497615262321144280e-01 8.525437201907790641e-01 8.533386327503974522e-01 8.533386327503974522e-01 8.533386327503974522e-01 8.533386327503974522e-01 8.533386327503974522e-01
1.754250386398763517e-01 4.629057187017001640e-01 5.718701700154559253e-01 6.089644513137557613e-01 6.182380216383307481e-01 6.190108191653787006e-01 6.197836166924265422e-01 6.197836166924265422e-01 6.197836166924265422e-01 6.205564142194744948e-01
2.325581395348837177e-02 6.046511627906976660e-02 9.069767441860465684e-02 9.767441860465116144e-02 1.000000000000000056e-01 1.000000000000000056e-01 1.000000000000000056e-01 1.000000000000000056e-01 1.000000000000000056e-01 1.000000000000000056e-01
1.564156945917285213e-01 5.387062566277837083e-01 8.117709437963944730e-01 9.110993283845881807e-01 9.323082361258395734e-01 9.384941675503711833e-01 9.416755037115588367e-01 9.434429126899964713e-01 9.445033580770589854e-01 9.457405443619653074e-01
1.159663865546218531e-01 3.991596638655462437e-01 6.235294117647058876e-01 7.596638655462184531e-01 8.201680672268907291e-01 8.336134453781512965e-01 8.386554621848739677e-01 8.403361344537815247e-01 8.411764705882353033e-01 8.420168067226890818e-01
8.612161768984578913e-02 3.183008437590922335e-01 5.917951702065754604e-01 7.721850450974687696e-01 8.620890311318010202e-01 8.862379982542915036e-01 8.946755891766074997e-01 8.984579575210940305e-01 9.007855688100087077e-01 9.022403258655804503e-01
1.804742839544194732e-01 5.207884200800738661e-01 7.933477055743763939e-01 9.032953495534339350e-01 9.257776408992915984e-01 9.300893132121959006e-01 9.322451493686479962e-01 9.325531259624268987e-01 9.334770557437634952e-01 9.350169387126577858e-01
2.402555910543131001e-01 6.528221512247071034e-01 8.809371671991480524e-01 9.297124600638977387e-01 9.335463258785942076e-01 9.358892438764643273e-01 9.371671991480298169e-01 9.380191693290734767e-01 9.382321618743344471e-01 9.384451544195953065e-01
3.411949685534590992e-01 7.044025157232703949e-01 8.113207547169811740e-01 8.333333333333333703e-01 8.459119496855346254e-01 8.490566037735849392e-01 8.522012578616352529e-01 8.616352201257861942e-01 8.647798742138365080e-01 8.694968553459119232e-01
2.764505119453924964e-01 6.774744027303754024e-01 8.412969283276450216e-01 8.758532423208190698e-01 8.843856655290102120e-01 8.954778156996586747e-01 8.988907849829351759e-01 9.040102389078498168e-01 9.069965870307167277e-01 9.091296928327644578e-01
9.302325581395348708e-02 2.558139534883721034e-01 3.953488372093023062e-01 4.883720930232557933e-01 5.116279069767442067e-01 5.348837209302325091e-01 5.348837209302325091e-01 5.348837209302325091e-01 5.348837209302325091e-01 5.348837209302325091e-01
1.069958847736625501e-01 2.633744855967078413e-01 3.662551440329218089e-01 4.320987654320987414e-01 4.444444444444444198e-01 4.485596707818930162e-01 4.485596707818930162e-01 4.526748971193415572e-01 4.567901234567900981e-01 4.567901234567900981e-01
0.000000000000000000e+00 0.000000000000000000e+00 1.052631578947368363e-01 2.105263157894736725e-01 2.105263157894736725e-01 2.105263157894736725e-01 2.631578947368420907e-01 2.631578947368420907e-01 2.631578947368420907e-01 2.631578947368420907e-01
4.284891533883662951e-01 7.427529276252640145e-01 8.011134574774428918e-01 8.039930888846227308e-01 8.055288923017853708e-01 8.062967940103666908e-01 8.076406220003840009e-01 8.105202534075638399e-01 8.120560568247264799e-01 8.130159339604530189e-01
1.075596144089294715e-01 3.115169964485032805e-01 4.368340943683409194e-01 4.906139015728056552e-01 5.063419583967528892e-01 5.124302384576356895e-01 5.134449518011161562e-01 5.164890918315575563e-01 5.185185185185184897e-01 5.215626585489598899e-01
4.033805390589310091e-01 6.987208771128369245e-01 7.693010507080858540e-01 7.827775239835541576e-01 7.857469164001826822e-01 7.878026496116948829e-01 7.900867976244860813e-01 7.921425308359981710e-01 7.930561900411147169e-01 7.944266788487893693e-01
2.659574468085106405e-02 9.751773049645390268e-02 1.985815602836879523e-01 2.830969267139479828e-01 3.486997635933806183e-01 3.735224586288415916e-01 3.806146572104018855e-01 3.847517730496453625e-01 3.859338061465720782e-01 3.882978723404255095e-01
6.916426512968300300e-02 2.530259365994236287e-01 3.786743515850143904e-01 4.536023054755043415e-01 4.743515850144092161e-01 4.870317002881844326e-01 4.933717579250720409e-01 4.962536023054754941e-01 4.974063400576368976e-01 5.008645533141210526e-01
1.901639344262295028e-01 4.163934426229508046e-01 5.672131147540984131e-01 6.327868852459016535e-01 6.524590163934426146e-01 6.557377049180327377e-01 6.688524590163934525e-01 6.688524590163934525e-01 6.721311475409835756e-01 6.819672131147540561e-01
2.173913043478260809e-02 8.695652173913043237e-02 1.739130434782608647e-01 2.065217391304347838e-01 2.500000000000000000e-01 2.500000000000000000e-01 2.500000000000000000e-01 2.500000000000000000e-01 2.608695652173912971e-01 2.608695652173912971e-01
1.595092024539877251e-01 4.151329243353783505e-01 5.705521472392638405e-01 6.421267893660531634e-01 6.564417177914110280e-01 6.564417177914110280e-01 6.584867075664622149e-01 6.646216768916155537e-01 6.707566462167688925e-01 6.748466257668711554e-01
9.146341463414633943e-02 2.621951219512195230e-01 4.939024390243902385e-01 6.402439024390244038e-01 7.012195121951219079e-01 7.621951219512195230e-01 7.743902439024390461e-01 7.865853658536585691e-01 7.926829268292683306e-01 8.048780487804878536e-01
9.195402298850574585e-02 2.528735632183908288e-01 3.908045977011494476e-01 6.206896551724138122e-01 6.551724137931034253e-01 6.896551724137931494e-01 6.896551724137931494e-01 6.896551724137931494e-01 7.011494252873563537e-01 7.126436781609195581e-01
2.228218966846569060e-01 5.705474171164225394e-01 7.494217424826522533e-01 8.041634541249036428e-01 8.249807247494217455e-01 8.342328450269853590e-01 8.442559753276792645e-01 8.496530454895914186e-01 8.558211256746337536e-01 8.581341557440246293e-01
1.488372093023255793e-01 4.387596899224806002e-01 6.527131782945736482e-01 7.069767441860465018e-01 7.302325581395349152e-01 7.472868217054263740e-01 7.627906976744186496e-01 7.689922480620154932e-01 7.767441860465116310e-01 7.813953488372092915e-01
1.511254019292604389e-01 3.794212218649517521e-01 5.562700964630225009e-01 6.350482315112540022e-01 6.993569131832797492e-01 7.266881028938906306e-01 7.411575562700964959e-01 7.572347266881028771e-01 7.620578778135048692e-01 7.717041800643086313e-01
4.411167512690355452e-01 8.081218274111675592e-01 8.888324873096447032e-01 9.055837563451776262e-01 9.157360406091370475e-01 9.238578680203045623e-01 9.309644670050761794e-01 9.350253807106598813e-01 9.385786802030456899e-01 9.431472081218273962e-01
7.653061224489796088e-02 2.500000000000000000e-01 3.826530612244897767e-01 4.285714285714285476e-01 4.795918367346938549e-01 5.051020408163264808e-01 5.408163265306122902e-01 5.408163265306122902e-01 5.459183673469387710e-01 5.459183673469387710e-01
4.310235219326128409e-01 7.577876668785760161e-01 8.366179275270184679e-01 8.474253019707564949e-01 8.486967577876668445e-01 8.506039415130324244e-01 8.512396694214876547e-01 8.531468531468531236e-01 8.531468531468531236e-01 8.544183089637634732e-01
6.491712707182320519e-02 2.582872928176795368e-01 4.889502762430938954e-01 6.187845303867403057e-01 6.533149171270717925e-01 6.781767955801104586e-01 6.892265193370166187e-01 6.988950276243094395e-01 7.071823204419889208e-01 7.168508287292817416e-01
2.413793103448275829e-02 9.655172413793103314e-02 2.999999999999999889e-01 4.931034482758620552e-01 5.448275862068965303e-01 5.793103448275862544e-01 5.896551724137930606e-01 5.931034482758620330e-01 6.068965517241379226e-01 6.103448275862068950e-01
1.035889070146818886e-01 3.809135399673735933e-01 6.321370309951059863e-01 7.634584013050570439e-01 8.238172920065253146e-01 8.393148450244698466e-01 8.458401305057096087e-01 8.507340946166395135e-01 8.515497553017944421e-01 8.523654159869494817e-01
6.534653465346534906e-02 2.871287128712871062e-01 5.148514851485148647e-01 6.237623762376237613e-01 6.554455445544554726e-01 6.811881188118812380e-01 6.990099009900989646e-01 7.326732673267326579e-01 7.445544554455445496e-01 7.465346534653465316e-01
1.791590493601462608e-01 5.045703839122486212e-01 7.550274223034735277e-01 8.500914076782449813e-01 8.738574040219377892e-01 8.884826325411334658e-01 8.994515539305301122e-01 9.049360146252285464e-01 9.122486288848262737e-01 9.177330895795247079e-01
1.542669584245076608e-01 4.814004376367614912e-01 7.735229759299780961e-01 8.522975929978118259e-01 8.741794310722100780e-01 8.960612691466083302e-01 8.982494529540481221e-01 9.004376367614879140e-01 9.026258205689278169e-01 9.070021881838074007e-01
5.506993006993007173e-02 2.342657342657342712e-01 4.195804195804195835e-01 6.442307692307692735e-01 7.622377622377621842e-01 8.164335664335664600e-01 8.286713286713286442e-01 8.321678321678321888e-01 8.409090909090909394e-01 8.461538461538461453e-01
1.655518394648829439e-01 5.117056856187290892e-01 7.775919732441471943e-01 8.712374581939799079e-01 9.080267558528427596e-01 9.297658862876254648e-01 9.297658862876254648e-01 9.314381270903010490e-01 9.314381270903010490e-01 9.314381270903010490e-01
7.268170426065162504e-02 2.756892230576440950e-01 4.786967418546365649e-01 6.641604010025062843e-01 7.318295739348370521e-01 7.819548872180450694e-01 8.295739348370927413e-01 8.446115288220551465e-01 8.496240601503759482e-01 8.496240601503759482e-01
2.147239263803681075e-01 3.251533742331288446e-01 3.987730061349692989e-01 4.723926380368098088e-01 4.846625766871165419e-01 5.337423312883435855e-01 5.460122699386502632e-01 5.521472392638037130e-01 5.582822085889570518e-01 5.766871165644171793e-01
1.269841269841269771e-01 2.698412698412698263e-01 3.095238095238095344e-01 3.809523809523809312e-01 4.365079365079365115e-01 4.761904761904761640e-01 5.238095238095238360e-01 5.317460317460317443e-01 5.714285714285713969e-01 5.793650793650794162e-01
0.000000000000000000e+00 0.000000000000000000e+00 0.000000000000000000e+00 0.000000000000000000e+00 0.000000000000000000e+00 0.000000000000000000e+00 0.000000000000000000e+00 0.000000000000000000e+00 0.000000000000000000e+00 5.263157894736841813e-02
0.000000000000000000e+00 0.000000000000000000e+00 0.000000000000000000e+00 5.882352941176470507e-02 5.882352941176470507e-02 5.882352941176470507e-02 5.882352941176470507e-02 5.882352941176470507e-02 5.882352941176470507e-02 5.882352941176470507e-02
0.000000000000000000e+00 2.000000000000000111e-01 2.000000000000000111e-01 2.000000000000000111e-01 2.000000000000000111e-01 2.000000000000000111e-01 2.000000000000000111e-01 2.000000000000000111e-01 2.000000000000000111e-01 2.000000000000000111e-01
2.298650413582934149e-01 5.959947757945145419e-01 7.866782760121897589e-01 8.532868959512407425e-01 8.689595124074880328e-01 8.737483674357857666e-01 8.759251197213756557e-01 8.785372224640836114e-01 8.811493252067914561e-01 8.820200261210274784e-01
7.657365347177157167e-02 2.855288773523685930e-01 4.990266060999350994e-01 6.619078520441271651e-01 7.410772225827384485e-01 7.819597663854639391e-01 7.994808565866320382e-01 8.105126541207008373e-01 8.124594419208306384e-01 8.189487345879299385e-01
7.391304347826087306e-02 2.863354037267080709e-01 5.459627329192546785e-01 6.863354037267080932e-01 7.490683229813664967e-01 7.664596273291925943e-01 7.782608695652173392e-01 7.850931677018633259e-01 7.875776397515528160e-01 7.906832298136645676e-01
1.293661060802069919e-02 7.761966364812418473e-02 1.888745148771021898e-01 3.686934023285899364e-01 4.864165588615782521e-01 5.536869340232859482e-01 5.834411384217335073e-01 6.119016817593790902e-01 6.248382923673997391e-01 6.313065976714100636e-01
1.838235294117647033e-03 1.654411764705882373e-02 6.985294117647058987e-02 2.058823529411764608e-01 3.253676470588235392e-01 4.136029411764705621e-01 4.540441176470588203e-01 4.852941176470588203e-01 5.073529411764705621e-01 5.183823529411765163e-01
3.768359853121174829e-01 7.562729498164014741e-01 8.802019583843329054e-01 9.023867809057527500e-01 9.117197062423501031e-01 9.170746634026927246e-01 9.202876376988984308e-01 9.215116279069767158e-01 9.230416156670746552e-01 9.239596083231333967e-01
2.912894161723384445e-01 6.025600999063378538e-01 7.302528879175772536e-01 7.636590696222291808e-01 7.733374960974086498e-01 7.795816422104276944e-01 7.811426787386824833e-01 7.827037152669372722e-01 7.845769591008429078e-01 7.867624102403996122e-01
1.179173047473200675e-01 3.246554364471669341e-01 4.624808575803981414e-01 5.022970903522204766e-01 5.252679938744256871e-01 5.306278713629403176e-01 5.352220520673812709e-01 5.405819295558959015e-01 5.413476263399693567e-01 5.413476263399693567e-01
2.687682807929801521e-01 6.402339941501462572e-01 8.014299642508937449e-01 8.319792005199869722e-01 8.397790055248618435e-01 8.440038999025024635e-01 8.469288267793305680e-01 8.495287617809554881e-01 8.508287292817680036e-01 8.514787130321741504e-01
1.572139303482587014e-01 3.333333333333333148e-01 4.268656716417910668e-01 4.517412935323383283e-01 4.636815920398009716e-01 4.656716417910447547e-01 4.676616915422885379e-01 4.686567164179104572e-01 4.696517412935323210e-01 4.706467661691542403e-01
2.474916387959866237e-01 5.936454849498328246e-01 7.474916387959865682e-01 8.043478260869565410e-01 8.344481605351170561e-01 8.461538461538461453e-01 8.595317725752508187e-01 8.645484949832775712e-01 8.645484949832775712e-01 8.645484949832775712e-01
3.920595533498759111e-01 6.799007444168734260e-01 7.741935483870967527e-01 8.101736972704715045e-01 8.263027295285360063e-01 8.362282878411910758e-01 8.436724565756823502e-01 8.498759305210917825e-01 8.523573200992555776e-01 8.548387096774193727e-01
5.521472392638036852e-02 1.533742331288343586e-01 3.006134969325153228e-01 3.987730061349692989e-01 4.478527607361963425e-01 4.785276073619632031e-01 4.969325153374233306e-01 5.153374233128834581e-01 5.398773006134969243e-01 5.460122699386502632e-01
1.499999999999999944e-01 4.282608695652174169e-01 5.913043478260869845e-01 6.934782608695652106e-01 7.369565217391303991e-01 7.521739130434782483e-01 7.717391304347825942e-01 7.804347826086956985e-01 7.869565217391304435e-01 7.934782608695651884e-01
1.136363636363636395e-02 4.545454545454545581e-02 9.090909090909091161e-02 1.363636363636363535e-01 1.818181818181818232e-01 2.386363636363636465e-01 2.613636363636363535e-01 2.840909090909091161e-01 2.954545454545454697e-01 2.954545454545454697e-01
3.833553500660502045e-01 7.350066050198150736e-01 8.383091149273448339e-01 8.536327608982826609e-01 8.597093791281373854e-01 8.631439894319683503e-01 8.652575957727872691e-01 8.671070013210039340e-01 8.700132100396301693e-01 8.726552179656539288e-01
3.564102564102564208e-01 6.512820512820512997e-01 7.294871794871794490e-01 7.397435897435897800e-01 7.410256410256410575e-01 7.435897435897436125e-01 7.448717948717948900e-01 7.448717948717948900e-01 7.448717948717948900e-01 7.448717948717948900e-01
2.103960396039603886e-01 6.039603960396039417e-01 7.400990099009900902e-01 7.500000000000000000e-01 7.500000000000000000e-01 7.500000000000000000e-01 7.524752475247524774e-01 7.524752475247524774e-01 7.524752475247524774e-01 7.524752475247524774e-01
2.996632996632996870e-01 5.858585858585858563e-01 6.430976430976430569e-01 6.430976430976430569e-01 6.430976430976430569e-01 6.430976430976430569e-01 6.430976430976430569e-01 6.430976430976430569e-01 6.430976430976430569e-01 6.430976430976430569e-01
1.845018450184501835e-01 3.468634686346863671e-01 3.671586715867158901e-01 3.726937269372693762e-01 3.782287822878228623e-01 3.837638376383764038e-01 3.874538745387454131e-01 3.874538745387454131e-01 3.892988929889298899e-01 3.966789667896679084e-01
4.007731958762886793e-01 7.627025036818850801e-01 8.641384388807069605e-01 8.788659793814432852e-01 8.823637702503681624e-01 8.840206185567009989e-01 8.842047128129602029e-01 8.847569955817378151e-01 8.851251840942562232e-01 8.853092783505154273e-01
1.173758865248226979e-01 3.886524822695035519e-01 6.148936170212766505e-01 7.232269503546099321e-01 7.664893617021276695e-01 7.890070921985815611e-01 8.019503546099290281e-01 8.085106382978722861e-01 8.136524822695035963e-01 8.179078014184396617e-01
1.026733824099186343e-01 3.277799302595892916e-01 4.788841534289035029e-01 5.629600929872142778e-01 5.893064703603254628e-01 6.071290197597830618e-01 6.206896551724138122e-01 6.292134831460673983e-01 6.365749709414955104e-01 6.388996512979465692e-01
1.097644637548593621e-01 3.658815458495311979e-01 5.915847244454607301e-01 7.136976903727417776e-01 7.683512462840155210e-01 8.015092613766293672e-01 8.204893665675737635e-01 8.296364052138119893e-01 8.348959524353990469e-01 8.371827120969586034e-01
6.157635467980295679e-02 2.364532019704433385e-01 4.248768472906404026e-01 5.447454844006568431e-01 6.034482758620689502e-01 6.375205254515599052e-01 6.580459770114942541e-01 6.703612479474548858e-01 6.761083743842364324e-01 6.859605911330048933e-01
2.393051594503500246e-01 6.227638060668914122e-01 8.182525278714026795e-01 8.695877625097225838e-01 8.807363235675395030e-01 8.874773139745916195e-01 8.905885403163079639e-01 8.918848846253565332e-01 8.975887995851697942e-01 8.991444127560279664e-01
6.760204081632653628e-02 2.142857142857142738e-01 4.234693877551020669e-01 5.790816326530612290e-01 6.479591836734693855e-01 6.798469387755101678e-01 7.015306122448979886e-01 7.155612244897958663e-01 7.257653061224489388e-01 7.308673469387755306e-01
1.434277414669571649e-01 4.535221496005809594e-01 7.374727668845315609e-01 8.503994190268699960e-01 8.729121278140885565e-01 8.776325344952795593e-01 8.794480755265069449e-01 8.823529411764705621e-01 8.834422657952070157e-01 8.845315904139433583e-01
7.584830339321357862e-02 3.007318695941450515e-01 5.309381237524950503e-01 6.546906187624750295e-01 6.932801064537591484e-01 7.099135063206919449e-01 7.205588822355289969e-01 7.232202262142382043e-01 7.258815701929474118e-01 7.265469061876247414e-01
3.911342894393741998e-02 1.720990873533246313e-01 3.207301173402868355e-01 4.511082138200782077e-01 5.149934810951760644e-01 5.410691003911343167e-01 5.488917861799217368e-01 5.528031290743155024e-01 5.554106910039113831e-01 5.567144719687092680e-01
1.974951830443159861e-01 4.778420038535645675e-01 6.213872832369942145e-01 6.763005780346821316e-01 6.907514450867051625e-01 7.023121387283236539e-01 7.071290944123314048e-01 7.080924855491329550e-01 7.100192678227360554e-01 7.100192678227360554e-01
6.309148264984226935e-03 3.154574132492113381e-02 8.517350157728706406e-02 1.419558359621451160e-01 1.955835962145110463e-01 2.176656151419558427e-01 2.176656151419558427e-01 2.176656151419558427e-01 2.176656151419558427e-01 2.239747634069400584e-01
3.690036900369003670e-01 6.923431734317343489e-01 8.191881918819188257e-01 8.404059040590405871e-01 8.450184501845018348e-01 8.519372693726937618e-01 8.542435424354243301e-01 8.551660516605166240e-01 8.556273062730627155e-01 8.570110701107011009e-01
1.497005988023952100e-02 9.580838323353293995e-02 1.976047904191616800e-01 3.023952095808383200e-01 3.323353293413173759e-01 3.443113772455089761e-01 3.443113772455089761e-01 3.443113772455089761e-01 3.443113772455089761e-01 3.443113772455089761e-01
4.076738609112710021e-01 8.321342925659472867e-01 9.592326139088729331e-01 9.760191846522782155e-01 9.784172661870503829e-01 9.784172661870503829e-01 9.784172661870503829e-01 9.784172661870503829e-01 9.784172661870503829e-01 9.784172661870503829e-01
4.181516784086199978e-01 7.198508081226688837e-01 7.886448404475756568e-01 7.998342312474098215e-01 8.043928719436386210e-01 8.072938251139659682e-01 8.118524658101947677e-01 8.135101533360961090e-01 8.164111065064235673e-01 8.184832159138002439e-01
2.898471615720524253e-01 5.753275109170306045e-01 6.855895196506550660e-01 7.036026200873362058e-01 7.085152838427947186e-01 7.156113537117904100e-01 7.188864628820961222e-01 7.221615720524017235e-01 7.276200873362445032e-01 7.298034934497816817e-01
1.428571428571428492e-01 3.666921313980137653e-01 4.675324675324675217e-01 5.003819709702063134e-01 5.087853323147440987e-01 5.171886936592818840e-01 5.217723453017570900e-01 5.248281130634071534e-01 5.278838808250573278e-01 5.332314744079450497e-01
6.356968215158924351e-02 1.772616136919315522e-01 2.359413202933985376e-01 2.616136919315403264e-01 2.713936430317848147e-01 2.811735941320293586e-01 2.811735941320293586e-01 2.836185819070904390e-01 2.860635696821515750e-01 2.897310513447432512e-01
8.714596949891068381e-03 2.614379084967320341e-02 2.832244008714596833e-02 3.703703703703703498e-02 4.139433551198257177e-02 4.139433551198257177e-02 4.139433551198257177e-02 4.357298474945534017e-02 4.575163398692810163e-02 4.793028322440087002e-02
2.969052224371373505e-01 6.779497098646034559e-01 8.549323017408123615e-01 8.984526112185686753e-01 9.090909090909090606e-01 9.177949709864603456e-01 9.216634429400386574e-01 9.235976789168278689e-01 9.284332688588007310e-01 9.284332688588007310e-01
9.407665505226481262e-02 3.083623693379791142e-01 5.278745644599303066e-01 7.020905923344947785e-01 7.909407665505227003e-01 8.083623693379791142e-01 8.188153310104530069e-01 8.240418118466898978e-01 8.292682926829267887e-01 8.310104529616724189e-01
5.464480874316939712e-02 2.021857923497267784e-01 3.224043715846994784e-01 3.770491803278688270e-01 3.879781420765027189e-01 4.043715846994535568e-01 4.153005464480874487e-01 4.153005464480874487e-01 4.153005464480874487e-01 4.153005464480874487e-01
2.702702702702702853e-02 1.081081081081081141e-01 1.891891891891891997e-01 1.891891891891891997e-01 2.162162162162162282e-01 2.162162162162162282e-01 2.162162162162162282e-01 2.162162162162162282e-01 2.432432432432432567e-01 2.432432432432432567e-01
0.000000000000000000e+00 0.000000000000000000e+00 0.000000000000000000e+00 0.000000000000000000e+00 0.000000000000000000e+00 0.000000000000000000e+00 0.000000000000000000e+00 0.000000000000000000e+00 0.000000000000000000e+00 0.000000000000000000e+00
2.052980132450331063e-01 5.172921265636497568e-01 7.049300956585724531e-01 7.498160412067697012e-01 7.593818984547461293e-01 7.711552612214863656e-01 7.799852832965415983e-01 7.902869757174393328e-01 7.939661515820456428e-01 7.969094922737306463e-01
7.048458149779736337e-02 2.261380323054331953e-01 4.185022026431717834e-01 5.462555066079295418e-01 5.770925110132159030e-01 5.917767988252570222e-01 5.961820851688692802e-01 6.079295154185021532e-01 6.167400881057268913e-01 6.270190895741556414e-01
1.861575178997613433e-01 5.409705648369133035e-01 7.454256165473349682e-01 7.923627684964200668e-01 8.011137629276053884e-01 8.074781225139220364e-01 8.154335719968178742e-01 8.186157517899761427e-01 8.233890214797136009e-01 8.257756563245823855e-01
1.535087719298245529e-02 8.114035087719298489e-02 1.973684210526315819e-01 3.355263157894736725e-01 3.837719298245614308e-01 4.122807017543859698e-01 4.276315789473684181e-01 4.429824561403508665e-01 4.671052631578947456e-01 4.978070175438596423e-01
4.598257502420135534e-01 7.589545014520813204e-01 8.276863504356244405e-01 8.334946757018393271e-01 8.334946757018393271e-01 8.344627299128750675e-01 8.354307841239109189e-01 8.354307841239109189e-01 8.354307841239109189e-01 8.354307841239109189e-01
7.199265381083562731e-01 9.109274563820017878e-01 9.320477502295684280e-01 9.366391184573003015e-01 9.384756657483930287e-01 9.439853076216712102e-01 9.439853076216712102e-01 9.439853076216712102e-01 9.458218549127640484e-01 9.458218549127640484e-01
5.517241379310344751e-01 7.643678160919540332e-01 7.672413793103448620e-01 7.729885057471264087e-01 7.816091954022988952e-01 7.844827586206896131e-01 7.873563218390804419e-01 7.873563218390804419e-01 7.931034482758620996e-01 7.931034482758620996e-01
4.835680751173708769e-01 7.230046948356807501e-01 7.605633802816901268e-01 7.605633802816901268e-01 7.652582159624413682e-01 7.652582159624413682e-01 7.652582159624413682e-01 7.699530516431924987e-01 7.793427230046948706e-01 7.793427230046948706e-01
4.695652173913043570e-01 8.217391304347826386e-01 8.608695652173913304e-01 8.608695652173913304e-01 8.608695652173913304e-01 8.652173913043478271e-01 8.695652173913043237e-01 8.695652173913043237e-01 8.739130434782608203e-01 8.739130434782608203e-01
5.306122448979592177e-01 9.013605442176870763e-01 9.421768707482993666e-01 9.421768707482993666e-01 9.455782312925170574e-01 9.489795918367347483e-01 9.489795918367347483e-01 9.489795918367347483e-01 9.489795918367347483e-01 9.489795918367347483e-01
5.621497197758206221e-01 8.620896717373899287e-01 9.181345076060848376e-01 9.227381905524419947e-01 9.244395516413130842e-01 9.279423538831065299e-01 9.295436349079263527e-01 9.305444355484387975e-01 9.312449959967974422e-01 9.322457966373098870e-01
4.383581235697940337e-01 7.873283752860411600e-01 8.748569794050343740e-01 8.830091533180778329e-01 8.865846681922197048e-01 8.883009153318077722e-01 8.897311212814644765e-01 8.904462242562929397e-01 8.908752860411899288e-01 8.918764302059496440e-01
3.481942714819427076e-01 7.457036114570361196e-01 8.844333748443337084e-01 9.083437110834371442e-01 9.155666251556662250e-01 9.178082191780821963e-01 9.190535491905355014e-01 9.205479452054794454e-01 9.210460772104607230e-01 9.210460772104607230e-01
4.245124006742114209e-01 7.690825908981459014e-01 8.805682639056103822e-01 9.005538165181796728e-01 9.036840837948471039e-01 9.058511919094630604e-01 9.068143510715145350e-01 9.077775102335661206e-01 9.084998796051046988e-01 9.092222489766433879e-01
3.370081733510739141e-01 6.715453335867705986e-01 8.078312107964265021e-01 8.340619654058163412e-01 8.372932902490021201e-01 8.409047709560919515e-01 8.420452385478045532e-01 8.431857061395171549e-01 8.452765633909903320e-01 8.469872647785592346e-01
4.074505238649592243e-02 2.136204889406286278e-01 4.784633294528521374e-01 6.990686845168800900e-01 7.881257275902211479e-01 8.178114086146681672e-01 8.311990686845168730e-01 8.387660069848661415e-01 8.445867287543655788e-01 8.457508731082654663e-01
3.846153846153846367e-03 8.461538461538462008e-02 2.269230769230769218e-01 3.499999999999999778e-01 4.807692307692307820e-01 5.230769230769231060e-01 5.769230769230768718e-01 5.846153846153846478e-01 5.884615384615384803e-01 5.999999999999999778e-01
8.015640273704789653e-02 2.649071358748777971e-01 5.180840664711632293e-01 6.842619745845551771e-01 7.575757575757575690e-01 7.741935483870967527e-01 7.781036168132942077e-01 7.820136852394916627e-01 7.849462365591397539e-01 7.878787878787878451e-01
2.564102564102564014e-02 8.333333333333332871e-02 1.987179487179487059e-01 2.948717948717948789e-01 3.397435897435897578e-01 3.846153846153846367e-01 4.230769230769230727e-01 4.487179487179487336e-01 4.551282051282051211e-01 4.551282051282051211e-01
3.284625158831003811e-01 6.918678526048284150e-01 8.163913595933925960e-01 8.367217280813215030e-01 8.437102922490470336e-01 8.506988564167725642e-01 8.519695044472681555e-01 8.532401524777636359e-01 8.570520965692502990e-01 8.595933926302413708e-01
9.045226130653266639e-02 3.427135678391959872e-01 5.527638190954773378e-01 6.824120603015075837e-01 7.497487437185930137e-01 7.839195979899497013e-01 8.030150753768844352e-01 8.110552763819095512e-01 8.150753768844221092e-01 8.231155778894472252e-01
2.801724137931034531e-02 1.099137931034482735e-01 2.607758620689655249e-01 3.814655172413793371e-01 4.525862068965517127e-01 5.043103448275861878e-01 5.560344827586206629e-01 5.883620689655172376e-01 6.012931034482759118e-01 6.099137931034482873e-01
2.352941176470588203e-02 9.411764705882352811e-02 1.882352941176470562e-01 3.294117647058823484e-01 3.529411764705882582e-01 3.647058823529411575e-01 3.764705882352941124e-01 3.764705882352941124e-01 3.882352941176470673e-01 4.117647058823529216e-01
2.690582959641255739e-02 1.390134529147982190e-01 3.751868460388639859e-01 5.844544095665171746e-01 6.786248131539611705e-01 7.144992526158445711e-01 7.339312406576981029e-01 7.428998505231688698e-01 7.473841554559043088e-01 7.518684603886397477e-01
7.788161993769469882e-02 2.793354101765316844e-01 4.797507788161993747e-01 6.251298026998961532e-01 6.863966770508826976e-01 7.268951194184839482e-01 7.487019730010384677e-01 7.590861889927310591e-01 7.653167185877466361e-01 7.715472481827622131e-01
1.641509433962264064e-01 5.716981132075471539e-01 7.358490566037735325e-01 7.981132075471698561e-01 8.075471698113207975e-01 8.113207547169811740e-01 8.169811320754717388e-01 8.207547169811321153e-01 8.245283018867924918e-01 8.283018867924528683e-01
1.991341991341991358e-01 5.952380952380952328e-01 7.380952380952381375e-01 7.813852813852814050e-01 7.922077922077922496e-01 8.095238095238095344e-01 8.160173160173159745e-01 8.203463203463203790e-01 8.246753246753246724e-01 8.268398268398268192e-01
1.365384615384615252e-01 4.730769230769230616e-01 7.249999999999999778e-01 8.692307692307692513e-01 8.961538461538461897e-01 9.096153846153846034e-01 9.192307692307691847e-01 9.230769230769231282e-01 9.307692307692307931e-01 9.307692307692307931e-01
1.583236321303841676e-01 4.295692665890570305e-01 6.775320139697322830e-01 7.694994179278230595e-01 7.997671711292200225e-01 8.067520372526193473e-01 8.137369033760186721e-01 8.265424912689173231e-01 8.346915017462165354e-01 8.370197904540163103e-01
1.058823529411764691e-01 1.882352941176470562e-01 3.294117647058823484e-01 4.235294117647058765e-01 4.823529411764705954e-01 5.176470588235294601e-01 5.294117647058823595e-01 5.411764705882352589e-01 5.411764705882352589e-01 5.411764705882352589e-01
4.193658370269348623e-02 2.141152403682236582e-01 4.728946471189908185e-01 6.781452437777020226e-01 7.541766109785202898e-01 7.909989771564950312e-01 8.128196385952949354e-01 8.196385952949198916e-01 8.247528128196386366e-01 8.291851346743948081e-01
6.074936340487450265e-02 2.622771917060749414e-01 4.728992360858493837e-01 6.402328119316115229e-01 7.093488541287741311e-01 7.537286285922153439e-01 7.784648963259367394e-01 7.897417242633685275e-01 8.017460894870862553e-01 8.104765369225173099e-01
1.585850556438791747e-01 4.725755166931637774e-01 6.732909379968203822e-01 7.682829888712241484e-01 7.980922098569157574e-01 8.131955484896661313e-01 8.171701112877582940e-01 8.227344992050874550e-01 8.271065182829888673e-01 8.314785373608902797e-01
5.196182396606574549e-02 2.221633085896076443e-01 4.554612937433722419e-01 6.283138918345705370e-01 6.892895015906680412e-01 7.205726405090138176e-01 7.301166489925768888e-01 7.343584305408271673e-01 7.380699893955461333e-01 7.428419936373277244e-01
6.445497630331753491e-02 2.199052132701421747e-01 4.426540284360189759e-01 6.052132701421800709e-01 6.549763033175355353e-01 6.800947867298577920e-01 6.909952606635071382e-01 6.957345971563980713e-01 6.999999999999999556e-01 7.023696682464455332e-01
2.718865598027127017e-01 5.443896424167694592e-01 6.368680641183723790e-01 6.516646115906288284e-01 6.544389642416769126e-01 6.556720098643650241e-01 6.569050554870530245e-01 6.581381011097410250e-01 6.587546239210850807e-01 6.593711467324291364e-01
2.597151822350953210e-01 5.440502051653390847e-01 6.811489258991069162e-01 7.219406227371469864e-01 7.301472363021964673e-01 7.344919140719285977e-01 7.359401399951726042e-01 7.371469949312092762e-01 7.393193338160752859e-01 7.407675597393192923e-01
3.531111111111110978e-01 6.295555555555555349e-01 7.186666666666666758e-01 7.324444444444444535e-01 7.351111111111111596e-01 7.368888888888889266e-01 7.375555555555555198e-01 7.391111111111111631e-01 7.402222222222222259e-01 7.415555555555555234e-01
9.274053490795415577e-02 2.823897186523098291e-01 4.390413337964571006e-01 5.376866967697117028e-01 5.814518930184091605e-01 6.036818339701285341e-01 6.123654046543939300e-01 6.147968044459881654e-01 6.175755470649531009e-01 6.203542896839180365e-01
1.034109366540335723e-01 2.425554953979426054e-01 3.345966432051976081e-01 3.936112615051434727e-01 4.401732539252842247e-01 4.943151055766107360e-01 5.397942609637249589e-01 5.609095831077423044e-01 5.674066053059014791e-01 5.695722793719545374e-01
3.419889502762430977e-01 7.171270718232044539e-01 8.497237569060773765e-01 8.696132596685083316e-01 8.773480662983424994e-01 8.806629834254143807e-01 8.828729281767956349e-01 8.850828729281767782e-01 8.872928176795580324e-01 8.895027624309391756e-01
2.629629629629629539e-01 6.730158730158730673e-01 8.285714285714286254e-01 8.582010582010581867e-01 8.666666666666666963e-01 8.714285714285714413e-01 8.719576719576719315e-01 8.735449735449735131e-01 8.751322751322750948e-01 8.761904761904761862e-01
1.746724890829694232e-01 4.923580786026200973e-01 6.692139737991266157e-01 7.270742358078602363e-01 7.500000000000000000e-01 7.554585152838427797e-01 7.587336244541484920e-01 7.631004366812227380e-01 7.631004366812227380e-01 7.663755458515283392e-01
2.686567164179104461e-01 6.503198294243069943e-01 8.187633262260127776e-01 8.550106609808102442e-01 8.670931058990760665e-01 8.734896943852167306e-01 8.756218905472636926e-01 8.777540867093105437e-01 8.791755508173418887e-01 8.791755508173418887e-01
1.891223733003708218e-01 4.734239802224969318e-01 6.378244746600741921e-01 6.847960444993819173e-01 7.045735475896167666e-01 7.132262051915945200e-01 7.181705809641533156e-01 7.243510506798516158e-01 7.243510506798516158e-01 7.255871446229913424e-01
1.640625000000000000e-01 4.609375000000000000e-01 6.367187500000000000e-01 7.070312500000000000e-01 7.148437500000000000e-01 7.460937500000000000e-01 7.578125000000000000e-01 7.578125000000000000e-01 7.578125000000000000e-01 7.617187500000000000e-01
1.300000000000000044e-01 3.750000000000000000e-01 5.749999999999999556e-01 6.949999999999999512e-01 7.299999999999999822e-01 7.399999999999999911e-01 7.550000000000000044e-01 7.600000000000000089e-01 7.650000000000000133e-01 7.650000000000000133e-01
1.420454545454545581e-01 3.920454545454545303e-01 5.511363636363636465e-01 6.250000000000000000e-01 6.590909090909090606e-01 6.761363636363636465e-01 6.875000000000000000e-01 6.931818181818182323e-01 6.988636363636363535e-01 6.988636363636363535e-01
9.448818897637795144e-02 2.755905511811023723e-01 4.015748031496063075e-01 5.826771653543306728e-01 6.220472440944881942e-01 6.299212598425196763e-01 6.456692913385826404e-01 6.535433070866141225e-01 6.535433070866141225e-01 6.614173228346457156e-01
1.584158415841584178e-01 4.950495049504950451e-01 7.227722772277227481e-01 8.019801980198020264e-01 8.564356435643564192e-01 8.613861386138613740e-01 8.613861386138613740e-01 8.712871287128712838e-01 8.762376237623762387e-01 8.811881188118811936e-01
4.735166425470332952e-01 7.806078147612156570e-01 8.587554269175108335e-01 8.729377713458755794e-01 8.790159189580318833e-01 8.848046309696092626e-01 8.894356005788711661e-01 8.958031837916063944e-01 9.007235890014472224e-01 9.044862518089724635e-01
5.762933857236410967e-02 2.436149312377210163e-01 4.774066797642436133e-01 6.745252128356253873e-01 7.897838899803536483e-01 8.310412573673869874e-01 8.572364112639161426e-01 8.690242305173543347e-01 8.762278978388997608e-01 8.860510805500981801e-01
3.542780748663101886e-02 1.838235294117647189e-01 4.251336898395721708e-01 6.517379679144384985e-01 7.553475935828877219e-01 8.088235294117647189e-01 8.262032085561497041e-01 8.409090909090909394e-01 8.516042780748662722e-01 8.589572192513369453e-01
2.870813397129186664e-02 1.874003189792663449e-01 4.513556618819776767e-01 6.363636363636363535e-01 7.161084529505582497e-01 7.735247208931419483e-01 8.070175438596490780e-01 8.229665071770334572e-01 8.325358851674641292e-01 8.381180223285485953e-01
2.148437500000000000e-02 1.562500000000000000e-01 3.847656250000000000e-01 5.527343750000000000e-01 6.757812500000000000e-01 7.304687500000000000e-01 7.656250000000000000e-01 7.871093750000000000e-01 8.027343750000000000e-01 8.085937500000000000e-01
5.287155963302752060e-01 7.422935779816514090e-01 7.811926605504586618e-01 7.864220183486239080e-01 7.879816513761468411e-01 7.893577981651376252e-01 7.908256880733944838e-01 7.922018348623852679e-01 7.934862385321100886e-01 7.940366972477064245e-01
3.396430502974580601e-01 6.043807463493779952e-01 6.764467279610599793e-01 6.887506760411032936e-01 6.917252568956192560e-01 6.936181719848566463e-01 6.956462952947539691e-01 6.964575446187127872e-01 6.971335857220118948e-01 6.986208761492698205e-01
1.148459383753501345e-01 2.837535014005602152e-01 3.798319327731092265e-01 4.159663865546218697e-01 4.288515406162464738e-01 4.347338935574229790e-01 4.369747899159663884e-01 4.375350140056022408e-01 4.394957983193277240e-01 4.408963585434173549e-01
5.451884376143432270e-02 1.503841931942919985e-01 2.264910354921331748e-01 2.791803878521770810e-01 3.015001829491401608e-01 3.102817416758141267e-01 3.128430296377607278e-01 3.139407244785949458e-01 3.143066227588730555e-01 3.154043175997072734e-01
1.764199655765920707e-02 7.530120481927711495e-02 1.364027538726333977e-01 1.850258175559380269e-01 2.091222030981067237e-01 2.177280550774526591e-01 2.194492254733218517e-01 2.237521514629948471e-01 2.250430292598967208e-01 2.263339070567986222e-01
1.120287253141831196e-01 4.136445242369838349e-01 6.596050269299820190e-01 7.464991023339317966e-01 7.622980251346499481e-01 7.698384201077199673e-01 7.712746858168760822e-01 7.719928186714541951e-01 7.737881508078994219e-01 7.752244165170556478e-01
3.082191780821917637e-02 1.164383561643835552e-01 2.191780821917808098e-01 2.482876712328767055e-01 2.636986301369863006e-01 2.636986301369863006e-01 2.654109589041095951e-01 2.688356164383561842e-01 2.705479452054794787e-01 2.722602739726027177e-01
1.716738197424892698e-02 4.291845493562231745e-02 9.012875536480687011e-02 1.158798283261802536e-01 1.373390557939914158e-01 1.630901287553647994e-01 1.759656652360515050e-01 1.802575107296137402e-01 1.802575107296137402e-01 1.888412017167382106e-01
1.845018450184501835e-02 4.428044280442804126e-02 9.963099630996309630e-02 1.328413284132841377e-01 1.402214022140221283e-01 1.586715867158671467e-01 1.697416974169741744e-01 1.697416974169741744e-01 1.734317343173431836e-01 1.734317343173431836e-01
2.578796561604584578e-02 8.882521489971346995e-02 1.575931232091690448e-01 2.091690544412607433e-01 2.349570200573065926e-01 2.492836676217765057e-01 2.607449856733524141e-01 2.664756446991404237e-01 2.693409742120344008e-01 2.693409742120344008e-01
1.340996168582375414e-01 5.568326947637292079e-01 7.318007662835248617e-01 7.560664112388250091e-01 7.611749680715197419e-01 7.662835249042145858e-01 7.713920817369093186e-01 7.726692209450830573e-01 7.752234993614304237e-01 7.752234993614304237e-01
1.901408450704225317e-01 5.862676056338028685e-01 7.024647887323943740e-01 7.306338028169013787e-01 7.359154929577464976e-01 7.411971830985915055e-01 7.429577464788732488e-01 7.447183098591548811e-01 7.464788732394366244e-01 7.464788732394366244e-01
1.336760925449871351e-01 3.676092544987146771e-01 5.706940874035989486e-01 6.092544987146529811e-01 6.195372750642673676e-01 6.246786632390745053e-01 6.349614395886888918e-01 6.375321336760925162e-01 6.401028277634961405e-01 6.401028277634961405e-01
5.357142857142856845e-02 1.964285714285714246e-01 3.839285714285714524e-01 5.357142857142856984e-01 6.250000000000000000e-01 6.339285714285713969e-01 6.428571428571429047e-01 6.428571428571429047e-01 6.607142857142856984e-01 6.607142857142856984e-01
1.794871794871794879e-01 3.897435897435897467e-01 4.974358974358974450e-01 5.128205128205127750e-01 5.128205128205127750e-01 5.128205128205127750e-01 5.179487179487179960e-01 5.179487179487179960e-01 5.179487179487179960e-01 5.230769230769231060e-01
5.021398002853066922e-01 7.774607703281026794e-01 8.459343794579172737e-01 8.559201141226818743e-01 8.701854493580598593e-01 8.758915834522110755e-01 8.758915834522110755e-01 8.787446504992867391e-01 8.801711840228245709e-01 8.844507845934379553e-01
3.183520599250936334e-01 6.629213483146066954e-01 8.277153558052434690e-01 8.464419475655430292e-01 8.501872659176029634e-01 8.539325842696628976e-01 8.539325842696628976e-01 8.614232209737827661e-01 8.689138576779026346e-01 8.726591760299625689e-01
4.140271493212669407e-01 7.737556561085973117e-01 9.004524886877828260e-01 9.162895927601809598e-01 9.230769230769231282e-01 9.321266968325792046e-01 9.321266968325792046e-01 9.366515837104072428e-01 9.366515837104072428e-01 9.366515837104072428e-01
2.269503546099290725e-01 5.851063829787234161e-01 7.482269503546099543e-01 7.801418439716312214e-01 7.978723404255319007e-01 8.085106382978722861e-01 8.085106382978722861e-01 8.156028368794325800e-01 8.156028368794325800e-01 8.297872340425531679e-01
5.263157894736841813e-02 3.333333333333333148e-01 3.684210526315789269e-01 4.736842105263157632e-01 5.087719298245614308e-01 5.087719298245614308e-01 5.087719298245614308e-01 5.087719298245614308e-01 5.263157894736841813e-01 5.438596491228070429e-01
1.517509727626459026e-01 4.319066147859922378e-01 5.525291828793774673e-01 6.186770428015564427e-01 6.536964980544747172e-01 7.159533073929961189e-01 7.431906614785992460e-01 7.548638132295719672e-01 7.704280155642023731e-01 7.821011673151750943e-01
0.000000000000000000e+00 0.000000000000000000e+00 2.222222222222222307e-02 8.888888888888889228e-02 1.555555555555555580e-01 1.555555555555555580e-01 1.555555555555555580e-01 1.555555555555555580e-01 1.555555555555555580e-01 1.555555555555555580e-01
0.000000000000000000e+00 2.083333333333333218e-02 6.250000000000000000e-02 8.333333333333332871e-02 8.333333333333332871e-02 8.333333333333332871e-02 8.333333333333332871e-02 8.333333333333332871e-02 8.333333333333332871e-02 1.041666666666666713e-01
0.000000000000000000e+00 4.166666666666666435e-02 4.166666666666666435e-02 4.166666666666666435e-02 4.166666666666666435e-02 4.166666666666666435e-02 4.166666666666666435e-02 4.166666666666666435e-02 4.166666666666666435e-02 4.166666666666666435e-02
0.000000000000000000e+00 0.000000000000000000e+00 0.000000000000000000e+00 0.000000000000000000e+00 0.000000000000000000e+00 0.000000000000000000e+00 0.000000000000000000e+00 0.000000000000000000e+00 0.000000000000000000e+00 0.000000000000000000e+00
4.306748466257668828e-01 7.184049079754600831e-01 8.104294478527607204e-01 8.312883435582821834e-01 8.368098159509202993e-01 8.417177914110429704e-01 8.429447852760736382e-01 8.441717791411043059e-01 8.466257668711656414e-01 8.466257668711656414e-01
1.900826446280991788e-01 4.018595041322314265e-01 5.433884297520661377e-01 6.095041322314049825e-01 6.270661157024793875e-01 6.487603305785123453e-01 6.601239669421488099e-01 6.663223140495867503e-01 6.694214876033057759e-01 6.694214876033057759e-01
9.714285714285714191e-02 2.800000000000000266e-01 3.695238095238095322e-01 4.342857142857142749e-01 4.685714285714285832e-01 4.952380952380952550e-01 5.009523809523809268e-01 5.180952380952380532e-01 5.219047619047618713e-01 5.238095238095238360e-01
3.883495145631067624e-02 1.067961165048543631e-01 1.812297734627831836e-01 2.330097087378640852e-01 2.750809061488673213e-01 3.009708737864077444e-01 3.171521035598705573e-01 3.236245954692556492e-01 3.333333333333333148e-01 3.398058252427184622e-01
0.000000000000000000e+00 0.000000000000000000e+00 2.857142857142857054e-02 4.761904761904761640e-02 7.619047619047619735e-02 9.523809523809523281e-02 1.047619047619047644e-01 1.142857142857142821e-01 1.142857142857142821e-01 1.238095238095238138e-01
3.479355488418932607e-01 7.323766364551863584e-01 8.363544813695871216e-01 8.431520644511580898e-01 8.464249748237663296e-01 8.499496475327290579e-01 8.507049345417925235e-01 8.517119838872104776e-01 8.532225579053374087e-01 8.542296072507552518e-01
1.724268894796809615e-01 5.176604633497911001e-01 6.919863273832130846e-01 7.409798708697303837e-01 7.474363843524496342e-01 7.535131029244208634e-01 7.561716672996582345e-01 7.607292062286364898e-01 7.618685909608811091e-01 7.630079756931257284e-01
1.189499589827727605e-01 3.634126333059884972e-01 5.315832649712879387e-01 6.127973748974568924e-01 6.316652994257587750e-01 6.341263330598851944e-01 6.382280557834290047e-01 6.406890894175554241e-01 6.431501230516817325e-01 6.447908121410992344e-01
2.332166719694559465e-01 6.188355074769328334e-01 7.865097041043589421e-01 8.192809417753738055e-01 8.240534521158129344e-01 8.278714603881641709e-01 8.304167992363983286e-01 8.313713013044861100e-01 8.335984727966910812e-01 8.348711422208081601e-01
1.464330413016270427e-01 4.430538172715894896e-01 6.282853566958698233e-01 6.883604505632040516e-01 7.015018773466833446e-01 7.065081351689611600e-01 7.102628285356695770e-01 7.108886107634543317e-01 7.140175219023779940e-01 7.158948685857321470e-01
2.264957264957264960e-01 5.840455840455840431e-01 7.920227920227920215e-01 8.675213675213675479e-01 8.789173789173788665e-01 8.817663817663817794e-01 8.846153846153845812e-01 8.874643874643874941e-01 8.888888888888888395e-01 8.888888888888888395e-01
9.133858267716535306e-02 3.543307086614173040e-01 5.622047244094487972e-01 7.023622047244094668e-01 7.653543307086614345e-01 8.078740157480315265e-01 8.094488188976377563e-01 8.157480314960630086e-01 8.188976377952755792e-01 8.204724409448819200e-01
3.995922528032619936e-01 7.431192660550458573e-01 8.593272171253822922e-01 8.776758409785933024e-01 8.817533129459734775e-01 8.827726809378185768e-01 8.858307849133537637e-01 8.858307849133537637e-01 8.868501529051987520e-01 8.878695208970438513e-01
1.866666666666666752e-01 5.085714285714285632e-01 6.914285714285713924e-01 7.676190476190476453e-01 8.038095238095238626e-01 8.361904761904761507e-01 8.419047619047619335e-01 8.476190476190476053e-01 8.495238095238095699e-01 8.571428571428570953e-01
1.257861635220125784e-01 3.438155136268343792e-01 5.220125786163521964e-01 6.331236897274633568e-01 7.253668763102725237e-01 8.092243186582809278e-01 8.343815513626834379e-01 8.427672955974843116e-01 8.448637316561844468e-01 8.448637316561844468e-01
2.208067940552017050e-01 5.477707006369426646e-01 6.932059447983014433e-01 7.292993630573247898e-01 7.409766454352441079e-01 7.484076433121018557e-01 7.537154989384289294e-01 7.579617834394904996e-01 7.600849256900212847e-01 7.653927813163482474e-01
1.409796893667861484e-01 3.369175627240143522e-01 4.611708482676224463e-01 5.448028673835125790e-01 5.722819593787336068e-01 5.854241338112305959e-01 5.961768219832735971e-01 5.997610513739546345e-01 6.093189964157705862e-01 6.129032258064516236e-01
1.291759465478841962e-01 4.008908685968819441e-01 6.258351893095768226e-01 7.483296213808463548e-01 7.683741648106904298e-01 7.750556792873051215e-01 7.795100222717149530e-01 7.817371937639198132e-01 7.817371937639198132e-01 7.817371937639198132e-01
3.524229074889868168e-02 1.585903083700440641e-01 3.215859030837004418e-01 4.140969162995594699e-01 4.449339207048458311e-01 4.537444933920704582e-01 4.625550660792951407e-01 4.713656387665198233e-01 4.713656387665198233e-01 4.713656387665198233e-01
9.615384615384615918e-03 2.884615384615384776e-02 3.846153846153846367e-02 4.807692307692307959e-02 4.807692307692307959e-02 5.769230769230769551e-02 5.769230769230769551e-02 5.769230769230769551e-02 6.730769230769230449e-02 6.730769230769230449e-02
2.690582959641255739e-02 1.237668161434977571e-01 2.618834080717488688e-01 4.080717488789237790e-01 5.228699551569506720e-01 5.982062780269058466e-01 6.278026905829596771e-01 6.349775784753363128e-01 6.412556053811658829e-01 6.448430493273542563e-01
2.796271637816245131e-02 8.788282290279626763e-02 1.597869507323568528e-01 2.543275632490013538e-01 3.062583222370173219e-01 3.288948069241012240e-01 3.555259653794939911e-01 3.754993342210385943e-01 3.954727030625831974e-01 3.994673768308921180e-01
1.677973767526006466e-01 5.350520126639529694e-01 7.675260063319764292e-01 8.484848484848485084e-01 8.597919493441881222e-01 8.638625056535503832e-01 8.656716417910447214e-01 8.679330619629127552e-01 8.697421981004070934e-01 8.701944821347806780e-01
6.364617044228694509e-02 2.437971952535059328e-01 4.778856526429342000e-01 6.682847896440129443e-01 7.362459546925566034e-01 7.475728155339805836e-01 7.513484358144552067e-01 7.556634304207119346e-01 7.572815533980582492e-01 7.583603020496224589e-01
4.807692307692307959e-03 1.923076923076923184e-02 8.173076923076923184e-02 1.282051282051281937e-01 1.698717948717948789e-01 2.131410256410256332e-01 2.355769230769230727e-01 2.403846153846153910e-01 2.403846153846153910e-01 2.451923076923076816e-01
3.603782976605276467e-01 7.391737182677948770e-01 8.631159780985564467e-01 8.949726231956197653e-01 9.044300647088103773e-01 9.094076655052264480e-01 9.123942259830761792e-01 9.153807864609257994e-01 9.183673469387755306e-01 9.218516674962667912e-01
2.785923753665688896e-01 6.187683284457478061e-01 7.947214076246333914e-01 8.533724340175953271e-01 8.768328445747800570e-01 8.914956011730205132e-01 8.914956011730205132e-01 8.973607038123166957e-01 9.002932551319647869e-01 9.061583577712609694e-01
3.473861720067453751e-01 6.919617762788082826e-01 8.263069139966273680e-01 8.746486790331646777e-01 8.864530635188307972e-01 8.937605396290050352e-01 8.960089938167510315e-01 8.993816750983698594e-01 9.033164699269252695e-01 9.078133783024170400e-01
3.556231003039513894e-01 7.294832826747720267e-01 8.647416413373860689e-01 9.148936170212765839e-01 9.255319148936169693e-01 9.331306990881459429e-01 9.392097264437689885e-01 9.407294832826748054e-01 9.422492401215805113e-01 9.422492401215805113e-01
3.503401360544217691e-01 6.666666666666666297e-01 8.129251700680272252e-01 8.707482993197278587e-01 8.945578231292516946e-01 8.979591836734693855e-01 9.115646258503401489e-01 9.115646258503401489e-01 9.149659863945578397e-01 9.149659863945578397e-01
4.525993883792048811e-01 8.042813455657492616e-01 8.837920489296635651e-01 8.990825688073394995e-01 9.051987767584097622e-01 9.113149847094801359e-01 9.143730886850153228e-01 9.204892966360855855e-01 9.204892966360855855e-01 9.235474006116207724e-01
2.612612612612612573e-01 5.923423423423422873e-01 7.860360360360360010e-01 8.581081081081081141e-01 8.761261261261261701e-01 8.806306306306306286e-01 8.828828828828828579e-01 8.851351351351350871e-01 8.873873873873874274e-01 8.873873873873874274e-01
1.635802469135802517e-01 4.629629629629629650e-01 6.635802469135801962e-01 7.253086419753086433e-01 7.777777777777777901e-01 7.932098765432098464e-01 7.993827160493827133e-01 8.024691358024691468e-01 8.055555555555555802e-01 8.055555555555555802e-01
3.065693430656934448e-01 6.861313868613139189e-01 8.029197080291970989e-01 8.467153284671532498e-01 8.467153284671532498e-01 8.540145985401459416e-01 8.540145985401459416e-01 8.613138686131386335e-01 8.613138686131386335e-01 8.613138686131386335e-01
1.061946902654867242e-01 2.123893805309734484e-01 3.362831858407079877e-01 3.982300884955752296e-01 4.336283185840708043e-01 4.336283185840708043e-01 4.336283185840708043e-01 4.513274336283185639e-01 4.513274336283185639e-01 4.601769911504424715e-01
1.658536585365853744e-01 4.601626016260162433e-01 6.723577235772357774e-01 7.674796747967479460e-01 8.008130081300812719e-01 8.081300813008129857e-01 8.195121951219511702e-01 8.243902439024389794e-01 8.268292682926828840e-01 8.268292682926828840e-01
9.556313993174062049e-02 3.651877133105801976e-01 5.415244596131968402e-01 6.325369738339021719e-01 6.837315130830489140e-01 6.905574516496018056e-01 6.962457337883959374e-01 6.973833902161546971e-01 6.985210466439135679e-01 7.007963594994311984e-01
1.544965411222136709e-01 5.245964642582628956e-01 7.890084550345888292e-01 8.774019984627209334e-01 8.912375096079938608e-01 8.943120676402767089e-01 8.966179861644888449e-01 9.004611837048424050e-01 9.043043812451959651e-01 9.073789392774788132e-01
1.085126286248830618e-01 3.236669784845649933e-01 5.219831618334892509e-01 6.763330215154349512e-01 7.165575304022451242e-01 7.333956969130027703e-01 7.380729653882133201e-01 7.418147801683816489e-01 7.464920486435920877e-01 7.502338634237605275e-01
7.782101167315175205e-03 3.501945525291828842e-02 1.011673151750972777e-01 1.945525291828793801e-01 2.607003891050583833e-01 2.957198443579766578e-01 3.618677042801556332e-01 3.968871595330739077e-01 4.280155642023346085e-01 4.280155642023346085e-01
4.582291145572786606e-01 7.898949474737368970e-01 8.609304652326162932e-01 8.714357178589294817e-01 8.809404702351175676e-01 8.839419709854927643e-01 8.864432216108053542e-01 8.899449724862431577e-01 8.904452226113056534e-01 8.919459729864932518e-01
2.101313320825516084e-01 4.559099437148217415e-01 6.228893058161351082e-01 6.810506566604127565e-01 6.998123827392119800e-01 7.073170731707316694e-01 7.091932457786116473e-01 7.110694183864915141e-01 7.166979362101313367e-01 7.166979362101313367e-01
0.000000000000000000e+00 7.547169811320754776e-03 1.509433962264150955e-02 3.018867924528301910e-02 3.396226415094339562e-02 4.150943396226414867e-02 4.905660377358490865e-02 5.660377358490566169e-02 6.415094339622641473e-02 6.792452830188679125e-02
8.016877637130802314e-02 1.793248945147679352e-01 3.080168776371308148e-01 3.628691983122362963e-01 3.924050632911392222e-01 4.050632911392405000e-01 4.135021097046413519e-01 4.240506329113923889e-01 4.282700421940928148e-01 4.345991561181434815e-01
1.954397394136807645e-02 3.257328990228013088e-02 8.469055374592833474e-02 9.120521172638436369e-02 9.446254071661237817e-02 1.042345276872964216e-01 1.107491856677524367e-01 1.107491856677524367e-01 1.205211726384364801e-01 1.205211726384364801e-01
1.957168352171326509e-01 5.511600237953598880e-01 7.668054729327781205e-01 8.572278405710885840e-01 8.786436644854253020e-01 8.872694824509220757e-01 8.908387864366448250e-01 8.914336704342653572e-01 8.941106484235573637e-01 8.953004164187983172e-01
5.427974947807933520e-02 2.205984690327070230e-01 4.258872651356993555e-01 5.762004175365343928e-01 6.576200417536534060e-01 7.091162143354210468e-01 7.223382045929018780e-01 7.299930410577591955e-01 7.362560890744607178e-01 7.425191370911621291e-01
1.430440470998691760e-01 4.348015699956389035e-01 6.537287396423898667e-01 7.531617967727867180e-01 7.928477976450065690e-01 8.116005233318795975e-01 8.194505015263846559e-01 8.225032708242476787e-01 8.251199302224160315e-01 8.277365896205843843e-01
3.082191780821917637e-02 1.472602739726027454e-01 3.059360730593607136e-01 4.771689497716894990e-01 5.627853881278538362e-01 6.267123287671232390e-01 6.655251141552511740e-01 6.815068493150684414e-01 6.906392694063926418e-01 7.009132420091324089e-01
1.369863013698630061e-02 5.821917808219177759e-02 1.369863013698630061e-01 1.986301369863013588e-01 2.671232876712328896e-01 2.979452054794520799e-01 3.561643835616438158e-01 3.938356164383561842e-01 4.075342465753424848e-01 4.246575342465753189e-01
2.804428044280442567e-01 5.830258302583025687e-01 7.195571955719557433e-01 7.712177121771217614e-01 7.933579335793358167e-01 8.007380073800738352e-01 8.154981549815497610e-01 8.154981549815497610e-01 8.154981549815497610e-01 8.154981549815497610e-01
1.128404669260700405e-01 3.579766536964980594e-01 5.408560311284046351e-01 6.303501945525291639e-01 6.692607003891050121e-01 7.042801556420233977e-01 7.120622568093385452e-01 7.237354085603112663e-01 7.276264591439688401e-01 7.354085603112840985e-01
1.020408163265306041e-02 1.020408163265306145e-01 2.040816326530612290e-01 3.367346938775510057e-01 4.081632653061224580e-01 4.591836734693877653e-01 5.204081632653061451e-01 5.408163265306122902e-01 5.612244897959183243e-01 5.816326530612244694e-01
9.854014598540146441e-02 2.992700729927007530e-01 4.562043795620437936e-01 5.328467153284671687e-01 5.729927007299270292e-01 6.094890510948904883e-01 6.204379562043795815e-01 6.240875912408758719e-01 6.313868613138685637e-01 6.313868613138685637e-01
3.550295857988165771e-02 1.242603550295857950e-01 2.189349112426035582e-01 3.431952662721893255e-01 3.964497041420118606e-01 4.497041420118343402e-01 4.911242603550295960e-01 5.147928994082839882e-01 5.325443786982249073e-01 5.443786982248520756e-01
