1.950321987120515188e-01 5.124195032198711752e-01 6.522539098436062055e-01 6.839926402943882211e-01 6.918123275068996936e-01 6.968721251149954110e-01 6.991720331186752624e-01 7.000919963201471807e-01 7.010119595216190991e-01 7.010119595216190991e-01
1.569464201043148377e-01 4.096728307254622892e-01 5.656709340919867657e-01 6.301564722617354342e-01 6.382171645329539622e-01 6.434329065908013234e-01 6.462778568041726013e-01 6.500711237553342681e-01 6.538643907064959349e-01 6.557610241820768238e-01
3.110047846889952075e-02 1.259968102073365237e-01 2.113237639553429137e-01 2.894736842105263275e-01 3.524720893141946032e-01 3.827751196172248793e-01 3.915470494417863101e-01 3.955342902711323494e-01 3.971291866028708317e-01 3.971291866028708317e-01
8.273181565796779158e-02 2.509716823986674061e-01 4.158800666296502135e-01 4.897279289283731352e-01 5.358134369794558260e-01 5.563575791227095557e-01 5.663520266518601298e-01 5.719044975013881649e-01 5.741254858411993789e-01 5.741254858411993789e-01
3.354134165366614434e-02 9.750390015600624016e-02 1.770670826833073419e-01 2.566302652106084436e-01 3.057722308892355523e-01 3.299531981279251180e-01 3.564742589703588371e-01 3.790951638065522822e-01 3.907956318252729933e-01 3.946957878315132673e-01
1.795580110497237702e-01 5.220994475138122093e-01 7.182320441988950810e-01 7.513812154696132284e-01 7.624309392265193885e-01 7.624309392265193885e-01 7.707182320441988699e-01 7.707182320441988699e-01 7.734806629834254377e-01 7.734806629834254377e-01
1.225165562913907297e-01 4.006622516556291314e-01 6.059602649006622377e-01 6.523178807947019875e-01 6.622516556291391243e-01 6.721854304635761501e-01 6.754966887417218624e-01 6.754966887417218624e-01 6.788079470198675747e-01 6.788079470198675747e-01
5.128205128205128027e-02 1.837606837606837740e-01 3.076923076923077094e-01 3.717948717948718063e-01 3.974358974358974117e-01 4.102564102564102422e-01 4.145299145299145560e-01 4.188034188034188143e-01 4.230769230769230727e-01 4.316239316239316448e-01
7.823129251700680631e-02 3.775510204081632404e-01 5.442176870748299811e-01 6.224489795918367596e-01 6.292517006802721413e-01 6.360544217687075230e-01 6.394557823129252139e-01 6.428571428571429047e-01 6.496598639455782864e-01 6.564625850340135571e-01
6.390977443609022202e-02 2.744360902255639223e-01 4.210526315789473450e-01 5.263157894736841813e-01 5.451127819548872155e-01 5.488721804511278446e-01 5.563909774436089917e-01 5.563909774436089917e-01 5.676691729323308788e-01 5.676691729323308788e-01
4.030405951803331943e-01 6.964256833252466805e-01 7.713084263302604215e-01 7.855409995147986102e-01 7.869966035904900625e-01 7.887756752385572945e-01 7.897460779556849664e-01 7.910399482451884179e-01 7.915251496037521983e-01 7.923338185346918694e-01
1.805445935280189373e-01 4.938831886345698696e-01 6.598263614838200120e-01 6.979084451460142446e-01 7.052091554853985311e-01 7.091554853985793105e-01 7.121152328334648951e-01 7.142857142857143016e-01 7.164561957379637080e-01 7.180347277032359532e-01
1.031676838128451068e-01 2.932287125835513208e-01 4.237140366172624240e-01 4.707933740191804772e-01 4.853240337111304759e-01 4.940424295263005083e-01 4.975297878523685102e-01 5.007265329845974611e-01 5.036326649229875274e-01 5.050857308921825606e-01
5.841686830279985837e-02 1.870031109574835926e-01 2.827514690632561556e-01 3.280331835464915247e-01 3.422053231939163331e-01 3.498098859315589282e-01 3.525751814725198718e-01 3.567231247839612873e-01 3.584514344970618493e-01 3.601797442101624669e-01
7.724902216427639856e-02 2.509778357235984414e-01 3.526727509778357361e-01 3.983050847457627053e-01 4.106910039113428890e-01 4.162320730117340384e-01 4.211212516297261899e-01 4.224250325945241302e-01 4.256844850065188979e-01 4.273142112125162817e-01
2.047865778435726536e-01 4.453491241056007910e-01 5.215889464594127833e-01 5.346656797433999575e-01 5.366395262768319796e-01 5.383666419935849712e-01 5.403404885270169933e-01 5.410806809770540848e-01 5.418208734270910654e-01 5.425610658771280459e-01
1.279187817258883308e-01 3.591370558375634459e-01 4.824873096446700704e-01 5.286802030456853041e-01 5.342639593908629081e-01 5.383248730964467210e-01 5.406091370558375742e-01 5.413705583756345252e-01 5.416243654822334719e-01 5.421319796954314763e-01
1.885048231511254058e-01 4.839228295819935632e-01 6.103295819935691258e-01 6.364549839228296202e-01 6.410771704180063812e-01 6.426848874598071193e-01 6.440916398713826263e-01 6.452974276527331243e-01 6.467041800643086313e-01 6.469051446945337513e-01
2.271894466837669560e-02 7.401978746793697050e-02 1.315500183217295782e-01 1.604983510443385719e-01 1.762550384756320920e-01 1.835837303041407131e-01 1.876145108098204450e-01 1.898131183583730286e-01 1.938438988640527605e-01 1.953096372297545014e-01
3.228217706143424182e-01 5.153001635131978508e-01 5.423966362999299573e-01 5.482363933660360233e-01 5.510394767577668773e-01 5.531417893015651011e-01 5.545433309974304725e-01 5.547769212800747196e-01 5.554776921280074609e-01 5.561784629759402021e-01
1.652107861754652518e-01 4.990505127231295024e-01 6.874287884542347182e-01 7.535131029244208634e-01 7.660463349791112320e-01 7.763007975693125839e-01 7.808583364982909503e-01 7.838966957842764538e-01 7.857956703380174490e-01 7.876946448917584442e-01
2.796052631578947387e-02 1.134868421052631637e-01 2.088815789473684181e-01 2.656250000000000000e-01 2.927631578947368363e-01 3.050986842105263275e-01 3.133223684210526550e-01 3.174342105263157632e-01 3.240131578947368363e-01 3.256578947368420907e-01
1.694144400227401981e-01 4.070494599204093067e-01 5.338260375213189635e-01 5.713473564525298753e-01 5.849914724275155908e-01 5.923820352472995987e-01 5.986355884025014173e-01 6.026151222285389686e-01 6.048891415577032360e-01 6.100056850483228654e-01
5.301645338208409164e-02 1.608775137111517484e-01 2.477148080438756894e-01 2.806215722120657952e-01 2.961608775137111738e-01 3.034734917733089565e-01 3.089579524680073352e-01 3.126142595978061989e-01 3.153564899451554160e-01 3.162705667276051180e-01
2.474526928675400278e-02 1.113537117903930090e-01 1.812227074235807922e-01 2.299854439592430855e-01 2.496360989810771369e-01 2.634643377001455455e-01 2.671033478893740654e-01 2.714701601164483113e-01 2.736535662299854343e-01 2.780203784570596803e-01
8.345808383233532801e-02 2.743263473053892398e-01 4.608907185628742242e-01 5.873877245508981604e-01 6.657934131736527039e-01 7.144461077844311836e-01 7.449476047904192155e-01 7.552395209580838875e-01 7.584206586826347518e-01 7.601047904191616800e-01
1.406200063918184792e-02 5.656759348034515883e-02 1.329498242249920192e-01 2.489613294982422620e-01 3.141578779162672030e-01 3.732821987855544643e-01 4.068392457654202432e-01 4.269734739533397327e-01 4.448705656759348037e-01 4.550974752317034078e-01
1.788726142920550322e-01 4.727030625832223665e-01 6.722888001183606743e-01 7.634265423879271761e-01 7.995265571830152407e-01 8.156532031365586466e-01 8.236425506731764878e-01 8.286728806036396389e-01 8.310400946885634355e-01 8.328155052522562274e-01
2.604166666666666782e-02 1.027960526315789408e-01 2.225877192982456121e-01 3.415570175438596423e-01 4.070723684210526550e-01 4.605263157894736725e-01 5.079495614035087758e-01 5.356359649122807154e-01 5.561951754385965341e-01 5.630482456140351033e-01
6.272401433691756484e-03 2.508960573476702594e-02 6.048387096774193727e-02 8.960573476702508866e-02 1.232078853046594952e-01 1.523297491039426466e-01 1.689068100358422919e-01 1.814516129032258118e-01 1.872759856630824282e-01 1.895161290322580627e-01
2.254443405051450022e-01 4.985968194574368351e-01 6.333021515434985593e-01 6.463985032740879877e-01 6.492048643592142065e-01 6.501403180542563165e-01 6.510757717492984264e-01 6.538821328344246453e-01 6.566884939195509752e-01 6.576239476145930851e-01
1.880434782608695621e-01 4.836956521739130266e-01 6.336956521739129933e-01 6.413043478260869179e-01 6.434782608695651662e-01 6.434782608695651662e-01 6.445652173913043459e-01 6.445652173913043459e-01 6.445652173913043459e-01 6.445652173913043459e-01
3.076923076923077094e-01 5.764482431149098307e-01 6.495726495726495964e-01 6.505223171889839007e-01 6.505223171889839007e-01 6.505223171889839007e-01 6.505223171889839007e-01 6.514719848053180939e-01 6.514719848053180939e-01 6.514719848053180939e-01
3.446191051995163290e-01 5.272067714631196722e-01 5.538089480048367097e-01 5.538089480048367097e-01 5.538089480048367097e-01 5.538089480048367097e-01 5.538089480048367097e-01 5.538089480048367097e-01 5.538089480048367097e-01 5.538089480048367097e-01
1.895522388059701357e-01 3.492537313432835799e-01 3.910447761194029703e-01 3.910447761194029703e-01 3.910447761194029703e-01 3.910447761194029703e-01 3.910447761194029703e-01 3.910447761194029703e-01 3.910447761194029703e-01 3.910447761194029703e-01
2.726946537495514855e-01 6.462145676354502655e-01 8.069608898457122370e-01 8.532472192321493010e-01 8.622174381054897863e-01 8.679583781844276702e-01 8.704700394689630638e-01 8.722640832436311387e-01 8.740581270182992135e-01 8.747757445281665323e-01
2.244279946164199069e-01 5.985868102288021131e-01 8.206594885598923472e-01 8.781965006729475220e-01 8.916554508748317787e-01 8.970390309555854591e-01 8.987213997308209912e-01 9.017496635262449711e-01 9.034320323014805032e-01 9.034320323014805032e-01
2.137376689806357311e-01 5.878699305809280684e-01 7.833394227256119668e-01 8.359517720131530716e-01 8.469126781147241489e-01 8.545853123858239142e-01 8.571428571428570953e-01 8.582389477530142363e-01 8.586043112897332463e-01 8.597004018998903874e-01
9.282422646477946071e-02 2.929558920342330564e-01 4.667544437129690360e-01 5.470704410796576322e-01 5.668202764976958408e-01 5.799868334430546835e-01 5.813034891375905566e-01 5.839368005266623030e-01 5.859117840684661127e-01 5.885450954575378590e-01
9.458077709611452388e-02 3.236196319018405099e-01 5.352760736196319202e-01 6.656441717791411472e-01 7.065439672801635540e-01 7.244376278118609402e-01 7.361963190184048766e-01 7.474437627811860718e-01 7.566462167689161911e-01 7.638036809815951234e-01
8.674698795180722788e-02 2.373493975903614439e-01 3.289156626506024028e-01 3.626506024096385339e-01 3.831325301204819289e-01 3.963855421686747205e-01 4.012048192771084376e-01 4.060240963855421548e-01 4.084337349397590411e-01 4.096385542168674565e-01
7.722007722007722189e-03 3.474903474903474898e-02 5.791505791505791728e-02 9.459459459459459985e-02 1.100386100386100408e-01 1.158301158301158346e-01 1.216216216216216284e-01 1.274131274131274083e-01 1.389961389961389959e-01 1.409266409266409226e-01
2.768199233716475138e-01 5.086206896551723755e-01 5.727969348659003312e-01 5.996168582375478451e-01 6.101532567049808842e-01 6.226053639846743648e-01 6.226053639846743648e-01 6.254789272030650826e-01 6.273946360153256352e-01 6.283524904214559115e-01
2.768166089965398008e-02 8.477508650519030575e-02 1.332179930795847622e-01 1.626297577854671217e-01 1.747404844290657566e-01 1.833910034602076189e-01 1.885813148788927363e-01 1.920415224913494812e-01 1.989619377162629710e-01 2.041522491349480883e-01
5.263157894736841813e-02 1.735419630156472270e-01 2.517780938833570348e-01 3.072546230440967308e-01 3.314366998577524814e-01 3.485064011379800930e-01 3.570412517780938710e-01 3.627311522048364267e-01 3.655761024182077046e-01 3.741109530583214826e-01
3.960957178841310045e-01 6.945843828715365653e-01 7.638539042821158587e-01 7.701511335012594106e-01 7.714105793450881654e-01 7.726700251889169202e-01 7.758186397984886407e-01 7.758186397984886407e-01 7.795969773299747940e-01 7.802267002518891159e-01
3.251582278481012778e-01 5.909810126582278889e-01 6.471518987341772222e-01 6.534810126582278889e-01 6.566455696202531112e-01 6.582278481012657778e-01 6.590189873417721111e-01 6.590189873417721111e-01 6.598101265822784445e-01 6.606012658227847778e-01
4.347826086956521618e-01 7.060624617268830283e-01 7.611757501530924674e-01 7.691365584813226741e-01 7.709736680955296961e-01 7.758726270667483105e-01 7.758726270667483105e-01 7.777097366809553325e-01 7.795468462951622435e-01 7.801592161665645841e-01
2.900188323917137212e-01 4.792843691148775953e-01 5.376647834274952409e-01 5.451977401129943779e-01 5.461393596986817700e-01 5.517890772128060117e-01 5.555555555555555802e-01 5.687382297551789589e-01 5.706214689265536322e-01 5.706214689265536322e-01
2.378109452736318352e-01 4.368159203980099270e-01 4.776119402985074536e-01 4.815920398009950198e-01 4.845771144278607223e-01 4.855721393034825861e-01 4.855721393034825861e-01 4.865671641791044499e-01 4.875621890547263693e-01 4.875621890547263693e-01
2.550898203592814606e-01 5.335329341317365248e-01 6.221556886227544991e-01 6.395209580838323582e-01 6.431137724550898271e-01 6.497005988023951684e-01 6.526946107784431517e-01 6.550898203592814273e-01 6.568862275449102173e-01 6.580838323353292996e-01
8.485273492286114771e-02 2.945301542776998516e-01 4.537166900420757099e-01 5.203366058906030434e-01 5.490883590462832808e-01 5.596072931276296902e-01 5.617110799438990165e-01 5.645161290322581182e-01 5.687237026647966598e-01 5.722300140252454259e-01
8.439133681852128976e-02 2.673637042569081412e-01 4.002987303958177590e-01 4.891710231516056551e-01 5.257654966392830698e-01 5.414488424197162475e-01 5.511575802837939131e-01 5.526512322628827079e-01 5.556385362210605194e-01 5.556385362210605194e-01
3.321976149914820930e-02 1.192504258943781897e-01 2.223168654173764969e-01 3.015332197614991605e-01 3.398637137989778401e-01 3.747870528109029098e-01 3.901192504258944038e-01 3.994889267461669280e-01 4.122657580919931730e-01 4.199318568994889200e-01
9.485094850948509043e-03 1.626016260162601798e-02 2.845528455284552713e-02 4.878048780487805047e-02 6.233062330623306141e-02 7.723577235772358107e-02 7.994579945799458465e-02 8.807588075880758149e-02 9.620596205962059222e-02 1.029810298102981081e-01
8.512467755803955483e-02 1.521926053310404259e-01 1.693895098882201300e-01 1.711092003439380893e-01 1.719690455717970690e-01 1.719690455717970690e-01 1.745485812553740357e-01 1.762682717110919950e-01 1.766981943250214848e-01 1.766981943250214848e-01
3.033509700176366744e-02 8.183421516754850467e-02 1.079365079365079416e-01 1.181657848324514926e-01 1.213403880070546698e-01 1.227513227513227501e-01 1.248677248677248636e-01 1.259259259259259134e-01 1.259259259259259134e-01 1.280423280423280408e-01
1.484354105375768895e-01 3.385932067397700029e-01 4.124097352233217495e-01 4.305964161540518642e-01 4.332709280556298337e-01 4.340732816261032578e-01 4.351430863867344345e-01 4.364803423375234193e-01 4.388874030489435807e-01 4.412944637603637421e-01
3.492967776393092194e-01 6.006765177140822587e-01 6.391312088303364725e-01 6.434039522876980888e-01 6.442941071746484116e-01 6.448282001068186275e-01 6.451842620615987345e-01 6.453622930389887324e-01 6.455403240163788414e-01 6.458963859711589484e-01
2.056258790436005512e-01 4.050632911392405000e-01 4.495077355836849531e-01 4.756680731364275605e-01 4.801687763713080037e-01 4.807313642756680938e-01 4.810126582278481111e-01 4.838255977496483951e-01 4.863572433192686617e-01 4.888888888888888729e-01
2.200232828870780089e-01 5.789123565607849908e-01 7.558622983535672191e-01 8.182271744553467618e-01 8.311990686845168730e-01 8.346915017462165354e-01 8.376850157991019286e-01 8.388491601530018160e-01 8.401796108431731636e-01 8.410111425245301309e-01
6.893819334389857112e-02 2.488114104595879617e-01 4.210248283148441684e-01 5.459587955625990752e-01 6.138404648705757527e-01 6.537242472266243665e-01 6.695721077654516185e-01 6.716851558372952669e-01 6.724775488642366073e-01 6.751188589540412233e-01
2.322756119673617392e-01 5.795104261106074350e-01 7.448776065276518921e-01 7.887579329102447634e-01 7.958295557570262968e-01 8.009066183136899220e-01 8.029011786038078302e-01 8.048957388939256274e-01 8.074342701722574400e-01 8.097914777878513215e-01
1.110748121528912086e-01 3.165632146357399423e-01 4.730480235217249252e-01 5.377327670695850603e-01 5.547206795164978388e-01 5.599477295001633603e-01 5.645213982358706639e-01 5.658281607317869888e-01 5.681149950996405851e-01 5.700751388435152389e-01
3.946053946053946354e-02 1.103896103896103847e-01 1.938061938061937939e-01 2.417582417582417598e-01 2.617382617382617571e-01 2.692307692307692180e-01 2.717282717282717419e-01 2.742257742257742104e-01 2.752247752247752310e-01 2.782217782217782376e-01
2.839331255313120028e-01 6.166052706149051099e-01 7.344856899971663466e-01 7.580051005950694254e-01 7.645225276282232585e-01 7.687730235194105699e-01 7.707565882686313596e-01 7.718900538396146205e-01 7.724567866251063064e-01 7.733068858033437243e-01
3.234277816171389208e-01 5.867311679336558727e-01 6.641326883206634113e-01 6.814098134070490920e-01 6.848652384243262281e-01 6.876295784381478704e-01 6.890117484450587471e-01 6.893572909467864385e-01 6.900483759502419323e-01 6.900483759502419323e-01
1.581062974542206401e-01 3.912460920053595359e-01 5.024564537740062731e-01 5.288075033497097177e-01 5.346136668155426763e-01 5.381866904868244372e-01 5.399732023224653732e-01 5.404198302813756349e-01 5.408664582402858967e-01 5.417597141581063092e-01
1.030982905982905928e-01 2.767094017094017255e-01 3.707264957264957417e-01 4.017094017094017255e-01 4.070512820512820484e-01 4.097222222222222099e-01 4.118589743589743390e-01 4.134615384615384359e-01 4.155982905982906206e-01 4.166666666666666852e-01
7.121119902617163711e-02 2.148508825319537519e-01 2.903225806451613100e-01 3.164942178940961526e-01 3.213633597078515147e-01 3.244065733414485675e-01 3.262325015216068214e-01 3.274497869750456758e-01 3.286670724284844747e-01 3.286670724284844747e-01
5.612582781456953995e-01 8.789735099337748769e-01 9.293046357615893927e-01 9.321192052980132869e-01 9.322847682119205226e-01 9.322847682119205226e-01 9.322847682119205226e-01 9.324503311258278693e-01 9.324503311258278693e-01 9.324503311258278693e-01
4.420289855072463969e-01 8.002350176263219872e-01 8.793576184880532720e-01 8.860164512338425391e-01 8.869956913435174117e-01 8.875832354093223797e-01 8.877790834312573320e-01 8.877790834312573320e-01 8.877790834312573320e-01 8.877790834312573320e-01
3.197259491864116732e-01 6.711390236939765996e-01 7.830431059092206603e-01 7.990294033685412245e-01 8.013131601484442257e-01 8.018840993434199760e-01 8.021695689409077401e-01 8.021695689409077401e-01 8.021695689409077401e-01 8.021695689409077401e-01
1.539772727272727404e-01 4.096590909090909172e-01 5.136363636363636687e-01 5.443181818181818121e-01 5.511363636363636465e-01 5.528409090909091050e-01 5.534090909090909616e-01 5.539772727272727071e-01 5.539772727272727071e-01 5.539772727272727071e-01
2.222222222222222307e-02 5.151515151515151381e-02 7.676767676767676241e-02 8.181818181818181768e-02 8.383838383838383701e-02 8.484848484848485362e-02 8.484848484848485362e-02 8.585858585858585634e-02 8.585858585858585634e-02 8.686868686868687295e-02
1.395932714034647248e-01 4.784082349987446858e-01 7.233241275420537741e-01 8.231232739141350896e-01 8.469746422294752719e-01 8.558875219683655944e-01 8.590258599045945687e-01 8.619131308059251317e-01 8.630429324629675936e-01 8.644238011549083556e-01
8.601116028477967523e-02 3.061381566288243206e-01 5.189532422551471624e-01 6.573022897825668842e-01 7.094477583221089345e-01 7.298441408504906525e-01 7.367712141620165189e-01 7.390802385991918078e-01 7.408120069270732744e-01 7.425437752549547410e-01
8.434123528463151331e-02 3.044670214481535186e-01 5.341074020319303006e-01 6.882760845024995522e-01 7.547169811320755262e-01 7.743912272214158454e-01 7.814868569585550206e-01 7.843896145782938145e-01 7.858409933881631559e-01 7.871311078858248544e-01
1.815225424981522506e-01 4.926829268292682862e-01 7.092387287509238636e-01 7.911308203991130883e-01 8.056171470805617574e-01 8.103473762010346970e-01 8.116777531411677460e-01 8.128603104212860364e-01 8.141906873614190854e-01 8.156688839615668929e-01
2.332159624413145671e-01 6.112676056338027797e-01 8.130281690140844786e-01 8.620892018779342525e-01 8.683098591549295309e-01 8.715962441314554221e-01 8.735915492957746498e-01 8.748826291079812023e-01 8.755868544600938774e-01 8.757042253521126751e-01
2.567767373090192318e-01 5.239034006899950802e-01 6.308526367668801926e-01 6.495810744208969645e-01 6.619024149827501535e-01 6.722523410547067702e-01 6.761951700344998040e-01 6.796451453918186392e-01 6.830951207491374744e-01 6.845736816165598482e-01
2.509197939661516052e-01 6.309786607799853231e-01 7.954378219278881446e-01 8.303899926416482558e-01 8.348050036791758721e-01 8.414275202354672967e-01 8.443708609271523002e-01 8.462104488594555107e-01 8.480500367917586102e-01 8.484179543782193189e-01
7.196029776674937872e-02 1.786600496277915562e-01 2.357320099255583168e-01 2.481389578163771814e-01 2.622001654259718539e-01 2.721257237386269789e-01 2.795698924731182533e-01 2.828784119106699801e-01 2.861869313482216515e-01 2.870140612076095832e-01
8.545034642032332817e-02 2.324865280985373428e-01 3.217859892224788076e-01 3.556581986143186880e-01 3.672055427251731952e-01 3.725943033102386281e-01 3.772132409545804199e-01 3.810623556581986260e-01 3.849114703618167765e-01 3.872209391839877002e-01
1.173959445037353264e-02 3.415154749199573320e-02 5.122732123799359633e-02 6.510138740661686185e-02 7.043756670224118888e-02 7.470651013874066160e-02 7.897545357524013432e-02 8.110992529348985680e-02 8.644610458911419770e-02 8.858057630736393406e-02
4.037533512064342966e-01 7.004468275245755438e-01 7.547810545129579607e-01 7.572832886505809213e-01 7.579982126899017514e-01 7.588918677390527057e-01 7.603217158176943657e-01 7.621090259159963853e-01 7.635388739946380454e-01 7.638963360142985159e-01
8.248772504091653190e-02 2.402618657937806990e-01 3.456628477905073771e-01 3.888707037643208131e-01 4.026186579378068786e-01 4.088379705400981834e-01 4.101472995090016394e-01 4.121112929623567678e-01 4.137479541734860877e-01 4.163666121112929441e-01
3.581512280023206318e-01 6.273448075807387392e-01 6.956101334364725997e-01 7.089537807000579894e-01 7.122413459678978986e-01 7.143685940823825131e-01 7.163024560046412637e-01 7.180429317346741502e-01 7.188164765035776060e-01 7.199767936569329008e-01
2.134387351778656294e-02 8.221343873517786283e-02 1.588932806324110658e-01 2.252964426877470394e-01 2.743083003952569432e-01 2.932806324110672214e-01 3.007905138339920792e-01 3.043478260869565410e-01 3.055335968379446765e-01 3.071146245059288571e-01
5.447470817120622644e-02 1.871241598868058076e-01 2.911213300318358788e-01 3.470109656880084881e-01 3.654050229925716042e-01 3.756632472585779703e-01 3.795542978422355995e-01 3.802617615847188048e-01 3.813229571984435573e-01 3.830916165546515706e-01
1.104895104895104868e-01 2.594405594405594373e-01 3.566433566433566682e-01 3.930069930069929884e-01 4.090909090909091161e-01 4.118881118881118630e-01 4.160839160839160944e-01 4.181818181818181546e-01 4.209790209790209570e-01 4.244755244755245016e-01
1.583949313621963936e-02 5.807814149947201909e-02 1.098204857444561727e-01 1.309398099260823678e-01 1.436114044350580710e-01 1.457233368532206974e-01 1.478352692713833239e-01 1.488912354804646232e-01 1.520591341077085490e-01 1.520591341077085490e-01
1.104140526976160608e-01 2.992471769134253390e-01 4.027603513174404237e-01 4.460476787954830713e-01 4.554579673776662507e-01 4.585947302383939772e-01 4.598494353826850789e-01 4.629861982434128054e-01 4.654956085319950088e-01 4.673776662484316335e-01
6.979695431472081324e-02 2.563451776649746106e-01 4.010152284263959199e-01 4.822335025380710682e-01 5.114213197969542657e-01 5.393401015228426187e-01 5.520304568527918399e-01 5.697969543147207716e-01 5.736040609137056379e-01 5.812182741116751483e-01
3.011093502377179196e-02 1.299524564183835162e-01 2.202852614896989025e-01 3.296354992076069856e-01 3.454833597464342376e-01 3.581616481774960170e-01 3.629160063391442259e-01 3.676703645007923793e-01 3.692551505546751156e-01 3.708399366085578519e-01
2.096096096096096151e-01 5.237237237237237775e-01 6.990990990990990639e-01 7.561561561561561673e-01 7.717717717717718084e-01 7.807807807807807254e-01 7.885885885885886015e-01 7.897897897897897534e-01 7.957957957957958461e-01 7.975975975975976295e-01
1.325396825396825407e-01 3.674603174603174871e-01 5.317460317460317443e-01 5.769841269841269327e-01 5.984126984126983961e-01 6.126984126984127421e-01 6.269841269841269771e-01 6.333333333333333037e-01 6.404761904761904212e-01 6.452380952380952772e-01
9.951690821256038710e-02 2.772946859903381855e-01 4.106280193236714893e-01 4.879227053140096637e-01 5.371980676328502735e-01 5.497584541062802144e-01 5.594202898550724168e-01 5.671497584541063119e-01 5.729468599033816778e-01 5.797101449275362528e-01
4.170699516058072875e-01 7.681478222613286055e-01 8.477782666080070362e-01 8.609766827980642745e-01 8.688957325120985065e-01 8.728552573691157335e-01 8.776946766388032950e-01 8.790145182578090743e-01 8.807743070831500765e-01 8.834139903211614131e-01
3.133159268929503610e-02 9.268929503916449597e-02 1.657963446475195779e-01 1.958224543080940017e-01 2.349869451697128020e-01 2.545691906005221883e-01 2.597911227154047209e-01 2.663185378590078312e-01 2.689295039164490975e-01 2.741514360313315746e-01
3.664397276732078712e-01 6.395674809771726421e-01 7.128554265118142164e-01 7.260712855426512125e-01 7.296756107328794538e-01 7.344813776531837757e-01 7.356828193832599672e-01 7.364837805366439838e-01 7.364837805366439838e-01 7.396876251501801613e-01
4.129464285714285615e-02 1.796875000000000000e-01 3.476562500000000000e-01 4.369419642857143016e-01 4.681919642857143016e-01 4.916294642857143016e-01 5.027901785714286031e-01 5.122767857142856984e-01 5.184151785714286031e-01 5.217633928571429047e-01
1.590909090909090745e-02 5.984848484848484529e-02 1.537878787878787790e-01 2.348484848484848619e-01 2.704545454545454475e-01 2.871212121212121104e-01 2.916666666666666852e-01 2.939393939393939448e-01 3.045454545454545636e-01 3.083333333333333481e-01
7.519135524538496373e-02 2.796037820801440810e-01 4.642053129221071495e-01 5.718144979738856160e-01 6.145880234128771047e-01 6.289959477712742109e-01 6.348491670418729971e-01 6.398018910400720127e-01 6.420531292210716057e-01 6.429536244934713762e-01
4.297114794352363543e-02 1.860036832412522989e-01 3.247391037446286099e-01 3.928790669122160795e-01 4.143646408839778972e-01 4.327808471454880346e-01 4.499693063228974999e-01 4.604051565377532129e-01 4.683855125844076372e-01 4.689993861264579733e-01
1.361058601134215451e-01 4.139886578449905596e-01 6.194076874606174732e-01 7.158160050409577702e-01 7.378701953371140654e-01 7.498424700693131495e-01 7.567737870195336836e-01 7.592942659105229586e-01 7.630749842470069266e-01 7.662255828607434927e-01
1.470251716247139573e-01 4.582379862700228790e-01 7.065217391304348116e-01 7.745995423340961139e-01 7.963386727688787081e-01 8.129290617848969891e-01 8.152173913043477826e-01 8.169336384439359611e-01 8.175057208237985762e-01 8.192219679633867546e-01
5.608755129958960250e-02 2.270861833105335126e-01 4.008207934336525113e-01 6.039671682626539528e-01 7.175102599179206120e-01 7.667578659370725136e-01 7.811217510259917951e-01 7.886456908344733341e-01 7.954856361149110766e-01 8.002735978112175408e-01
1.462140992167101916e-01 4.392950391644908636e-01 6.488250652741514024e-01 7.219321148825065260e-01 7.434725848563968897e-01 7.637075718015665649e-01 7.650130548302872535e-01 7.663185378590078312e-01 7.689295039164490975e-01 7.695822454308094418e-01
4.355716878402903641e-02 1.751361161524500887e-01 3.339382940108893139e-01 4.791288566243194214e-01 5.326678765880217270e-01 5.961887477313974060e-01 6.442831215970962200e-01 6.642468239564428556e-01 6.715063520871142888e-01 6.814882032667876066e-01
1.333333333333333315e-01 2.380952380952380820e-01 2.952380952380952439e-01 3.476190476190476053e-01 3.619047619047618958e-01 3.952380952380952217e-01 3.952380952380952217e-01 4.000000000000000222e-01 4.095238095238095122e-01 4.285714285714285476e-01
9.009009009009008584e-02 1.756756756756756854e-01 1.936936936936936859e-01 2.252252252252252285e-01 2.567567567567567433e-01 2.792792792792792578e-01 3.018018018018018278e-01 3.063063063063062863e-01 3.153153153153153143e-01 3.243243243243243423e-01
1.123595505617977497e-02 1.123595505617977497e-02 1.685393258426966245e-02 2.808988764044943742e-02 2.808988764044943742e-02 3.932584269662921239e-02 3.932584269662921239e-02 4.494382022471909988e-02 4.494382022471909988e-02 5.056179775280898736e-02
0.000000000000000000e+00 1.142857142857142856e-02 1.714285714285714371e-02 2.285714285714285712e-02 3.428571428571428742e-02 3.428571428571428742e-02 3.428571428571428742e-02 3.428571428571428742e-02 3.428571428571428742e-02 5.142857142857142766e-02
0.000000000000000000e+00 2.285714285714285712e-02 2.285714285714285712e-02 2.285714285714285712e-02 2.285714285714285712e-02 3.428571428571428742e-02 4.000000000000000083e-02 4.571428571428571425e-02 5.714285714285714107e-02 5.714285714285714107e-02
2.041302621127879247e-01 5.436854646544876379e-01 7.144559173947577779e-01 7.724384432088959862e-01 7.847498014297060731e-01 7.887212073073868179e-01 7.899126290706910414e-01 7.922954725972994883e-01 7.938840349483716752e-01 7.946783161239078241e-01
6.015037593984962072e-02 2.325814536340852223e-01 4.050125313283208239e-01 5.393483709273182436e-01 5.989974937343358619e-01 6.280701754385964453e-01 6.426065162907268480e-01 6.506265664160401085e-01 6.531328320802004539e-01 6.581453634085212556e-01
6.268509378084896611e-02 2.398815399802566584e-01 4.629812438302072786e-01 5.848963474827245657e-01 6.362290227048371660e-01 6.525172754195458502e-01 6.643632773938795699e-01 6.697926949654491313e-01 6.712734452122408602e-01 6.727541954590325890e-01
8.474576271186440649e-03 5.014124293785311021e-02 1.299435028248587531e-01 2.605932203389830781e-01 3.545197740112994156e-01 4.053672316384180907e-01 4.272598870056497078e-01 4.442090395480225995e-01 4.526836158192090176e-01 4.548022598870056221e-01
3.205128205128205017e-03 1.923076923076923184e-02 5.128205128205128027e-02 1.466346153846153910e-01 2.291666666666666574e-01 2.972756410256410242e-01 3.237179487179487336e-01 3.421474358974359031e-01 3.525641025641025883e-01 3.597756410256410242e-01
3.552501062774550133e-01 7.130508714751310206e-01 8.361910160124699232e-01 8.581550233810401052e-01 8.665155165084313937e-01 8.706249114354541740e-01 8.720419441689103435e-01 8.721836474422559604e-01 8.728921638089839341e-01 8.733172736290207849e-01
2.400506970849176080e-01 5.024081115335867764e-01 6.103929024081115040e-01 6.395437262357414054e-01 6.471482889733840560e-01 6.522179974651457490e-01 6.534854245880862278e-01 6.542458808618504262e-01 6.555133079847909050e-01 6.570342205323194129e-01
8.676789587852494490e-02 2.260303687635574765e-01 3.084598698481562096e-01 3.349240780911063031e-01 3.466377440347071515e-01 3.505422993492408046e-01 3.531453362255965178e-01 3.548806941431670303e-01 3.553145336225596584e-01 3.553145336225596584e-01
2.317910117334514020e-01 5.459375691830861133e-01 6.902811600619880306e-01 7.285809165375248808e-01 7.389860526898384130e-01 7.438565419526234068e-01 7.462917865840159592e-01 7.476201018375027152e-01 7.478414877130838967e-01 7.482842594642461487e-01
8.637236084452974694e-02 1.895393474088291619e-01 2.500000000000000000e-01 2.711132437619961366e-01 2.807101727447217088e-01 2.835892514395393360e-01 2.845489443378119154e-01 2.859884836852207290e-01 2.869481765834933085e-01 2.869481765834933085e-01
2.067114093959731558e-01 5.033557046979866278e-01 6.348993288590604189e-01 6.859060402684563629e-01 7.127516778523489416e-01 7.221476510067114107e-01 7.302013422818791621e-01 7.395973154362416313e-01 7.409395973154362380e-01 7.422818791946308448e-01
3.573844419391206118e-01 6.234498308906426534e-01 7.147688838782412235e-01 7.429537767756482225e-01 7.531003382187148043e-01 7.598647125140924885e-01 7.643742953776775373e-01 7.655016910935737995e-01 7.666290868094701727e-01 7.666290868094701727e-01
2.578796561604584578e-02 8.595988538681947899e-02 1.547277936962750677e-01 2.292263610315186384e-01 2.607449856733524141e-01 2.750716332378223550e-01 2.865329512893982633e-01 2.979942693409742271e-01 3.180515759312320667e-01 3.295128939828080306e-01
1.328790459965928372e-01 3.492333901192504197e-01 4.991482112436115837e-01 5.775127768313458310e-01 6.132879045996593170e-01 6.269165247018739784e-01 6.388415672913118071e-01 6.507666098807495247e-01 6.558773424190800228e-01 6.609880749574105208e-01
3.300330033003300370e-03 3.300330033003300023e-02 5.610561056105610456e-02 8.910891089108910479e-02 1.023102310231023132e-01 1.287128712871287162e-01 1.353135313531353134e-01 1.551155115511551053e-01 1.683168316831683275e-01 1.683168316831683275e-01
3.635057471264367956e-01 6.913314176245211051e-01 7.844827586206896131e-01 7.974137931034482873e-01 8.010057471264367956e-01 8.031609195402298340e-01 8.031609195402298340e-01 8.036398467432950277e-01 8.043582375478927071e-01 8.050766283524903866e-01
3.357617991764333398e-01 6.084890719037060469e-01 6.870446626544187696e-01 6.984478935698448243e-01 7.003484320557491483e-01 7.025657269559708595e-01 7.031992397846056342e-01 7.035159961989230215e-01 7.044662654418751835e-01 7.047830218561925708e-01
1.690140845070422504e-01 4.434607645875251469e-01 5.762575452716297564e-01 5.931589537223339592e-01 5.951710261569416183e-01 5.971830985915492773e-01 5.975855130784708535e-01 5.979879275653923187e-01 5.987927565392353602e-01 5.991951710261569364e-01
2.273374466065495869e-01 4.224015187470336885e-01 4.831514000949216903e-01 4.883720930232557933e-01 4.916943521594684396e-01 4.926435690555291957e-01 4.926435690555291957e-01 4.935927859515899518e-01 4.940673943996203299e-01 4.940673943996203299e-01
1.577398469688051919e-01 3.031194820482636665e-01 3.337257210123601991e-01 3.402001177163037071e-01 3.419658622719246588e-01 3.443201883460859092e-01 3.449087698646262634e-01 3.449087698646262634e-01 3.449087698646262634e-01 3.449087698646262634e-01
3.302495093916456570e-01 6.317633865993832476e-01 7.232968881412952245e-01 7.391365292963274491e-01 7.434819175777964695e-01 7.447434819175777765e-01 7.454443509952340952e-01 7.464255677039528525e-01 7.471264367816091712e-01 7.476871320437342705e-01
1.037210665104014023e-01 3.432464107823029464e-01 5.460005859947260065e-01 6.431292118370934840e-01 6.864928215646058929e-01 7.077351303838265162e-01 7.188690301787283854e-01 7.242894813946674226e-01 7.288309405215352976e-01 7.327864049223556941e-01
7.843590930124942628e-02 2.593706617306802409e-01 3.838500694123090917e-01 4.541878759833410384e-01 4.782508098102730143e-01 4.942156409069874967e-01 5.046274872744099804e-01 5.101804720037019791e-01 5.141138361869505014e-01 5.161962054604349870e-01
9.308032062816946894e-02 3.078684770161950190e-01 4.932111892687714438e-01 5.889088827089808964e-01 6.340585637166693544e-01 6.605594634385735242e-01 6.752821855062980383e-01 6.842794045476852105e-01 6.883690495664975817e-01 6.904956649762800103e-01
4.571826409839870042e-02 1.761429566024599602e-01 3.163146901833371882e-01 4.045022046878626321e-01 4.481318171269436101e-01 4.718032025992109357e-01 4.880482710605709151e-01 4.968670225110234373e-01 5.010443258296588542e-01 5.070782084010211355e-01
2.126260412099956199e-01 5.642262165716790401e-01 7.428759316089434961e-01 7.930732135028496499e-01 8.035949145111792591e-01 8.092941692240245288e-01 8.114861902674265215e-01 8.130206049978079275e-01 8.169662428759315587e-01 8.185006576063130757e-01
4.426481909160893263e-02 1.666666666666666574e-01 3.214010777521170148e-01 4.391839876828329547e-01 4.869130100076982104e-01 5.100076982294072803e-01 5.257890685142416753e-01 5.377213240954580309e-01 5.481139337952271040e-01 5.515781370284834617e-01
1.165953160412994266e-01 3.787459078317804151e-01 6.131956685973306564e-01 7.096449257114076925e-01 7.302946361118106688e-01 7.370939309997481814e-01 7.401158398388315574e-01 7.428859229413246057e-01 7.449005288340468933e-01 7.459078317804079816e-01
5.438066465256797405e-02 2.265861027190332333e-01 4.097432024169184173e-01 5.162386706948640658e-01 5.532477341389727687e-01 5.702416918429003001e-01 5.774169184290030010e-01 5.793051359516616650e-01 5.838368580060423474e-01 5.842145015105739692e-01
2.862882973380211082e-02 1.170266197890507259e-01 2.250125565042692122e-01 3.093922651933701529e-01 3.545956805625313790e-01 3.731793068809643454e-01 3.807132094424912072e-01 3.862380713209442318e-01 3.892516323455549876e-01 3.917629331993973119e-01
1.842553191489361697e-01 4.531914893617021156e-01 6.025531914893617058e-01 6.497872340425532300e-01 6.625531914893616481e-01 6.706382978723404165e-01 6.740425531914893131e-01 6.757446808510638725e-01 6.782978723404254895e-01 6.804255319148936332e-01
6.802721088435373896e-03 3.231292517006802839e-02 8.588435374149659685e-02 1.471088435374149628e-01 1.921768707482993110e-01 2.185374149659863874e-01 2.329931972789115735e-01 2.355442176870748416e-01 2.414965986394557729e-01 2.431972789115646183e-01
3.446945337620578864e-01 6.469453376205788198e-01 7.668810289389067503e-01 7.916398713826366951e-01 7.967845659163986793e-01 8.012861736334405682e-01 8.025723472668809810e-01 8.041800643086817191e-01 8.045016077170418223e-01 8.057877813504823461e-01
2.692003167062549315e-02 1.108471892319873309e-01 2.066508313539192343e-01 3.087885985748218265e-01 3.452098178939034256e-01 3.570863024544734809e-01 3.626286619160728475e-01 3.657957244655581919e-01 3.681710213776722140e-01 3.713380839271575584e-01
2.970725216234198496e-01 6.107784431137724956e-01 7.268795741849634062e-01 7.571523619427811269e-01 7.634730538922155363e-01 7.654690618762475252e-01 7.674650698602794030e-01 7.691284098469727271e-01 7.694610778443113919e-01 7.701264138389887215e-01
3.661446681580909912e-01 6.379567486950037392e-01 7.009694258016405666e-01 7.106636838180462323e-01 7.132736763609246466e-01 7.155108128262490652e-01 7.184936614466815863e-01 7.199850857568977913e-01 7.225950782997763167e-01 7.233407904548844192e-01
2.287694974003466331e-01 4.575389948006932661e-01 5.511265164644714165e-01 5.697573656845753565e-01 5.745233968804159819e-01 5.801559792027729534e-01 5.818890814558058677e-01 5.849220103986134678e-01 5.870883882149047217e-01 5.888214904679376360e-01
1.088948787061994605e-01 2.889487870619946164e-01 3.741239892183288451e-01 4.037735849056603987e-01 4.080862533692722338e-01 4.123989218328841244e-01 4.167115902964959595e-01 4.188679245283019048e-01 4.221024258760107672e-01 4.247978436657681711e-01
3.989181879648411033e-02 1.135902636916835684e-01 1.561866125760649204e-01 1.710615280594996734e-01 1.798512508451656500e-01 1.845841784989858125e-01 1.852603110209601056e-01 1.886409736308316543e-01 1.899932386747802682e-01 1.926977687626774960e-01
4.962779156327543420e-03 1.571546732837055330e-02 2.150537634408602322e-02 2.646815550041356491e-02 2.977667493796526052e-02 3.060380479735318529e-02 3.060380479735318529e-02 3.143093465674110659e-02 3.225806451612903136e-02 3.308519437551695613e-02
2.249340369393139916e-01 5.263852242744063714e-01 6.833773087071239871e-01 7.262532981530342990e-01 7.361477572559367299e-01 7.460422163588390498e-01 7.546174142480210900e-01 7.559366754617413697e-01 7.592348284960421800e-01 7.605540897097625708e-01
6.816220880069025212e-02 2.234685073339085504e-01 3.830888697152717848e-01 5.133735979292493035e-01 5.858498705780845750e-01 5.987920621225194528e-01 6.091458153580673329e-01 6.151855047454701797e-01 6.177739430543571775e-01 6.203623813632441752e-01
3.342618384401114390e-02 1.155988857938718695e-01 1.685236768802228502e-01 1.963788300835654643e-01 2.089136490250696476e-01 2.256267409470752161e-01 2.409470752089136469e-01 2.493036211699164451e-01 2.590529247910863253e-01 2.688022284122562611e-01
1.733102253032928848e-03 1.386481802426343078e-02 2.426343154246100517e-02 2.426343154246100517e-02 2.772963604852686156e-02 2.946273830155979323e-02 3.292894280762564962e-02 3.639514731369150602e-02 4.506065857885615394e-02 5.025996533795493854e-02
0.000000000000000000e+00 2.070393374741200977e-03 4.140786749482401954e-03 6.211180124223602064e-03 8.281573498964803909e-03 1.035196687370600402e-02 1.242236024844720413e-02 1.242236024844720413e-02 1.449275362318840597e-02 1.449275362318840597e-02
1.719771241830065356e-01 4.272875816993463860e-01 5.665849673202614234e-01 5.968137254901960675e-01 6.013071895424836333e-01 6.078431372549019107e-01 6.119281045751634451e-01 6.172385620915032955e-01 6.209150326797385766e-01 6.221405228758170036e-01
3.720333547145605879e-02 1.340602950609365018e-01 2.482360487491981904e-01 3.232841565105837311e-01 3.450930083386786196e-01 3.515073765234124625e-01 3.547145606157793285e-01 3.572803078896728546e-01 3.630532392559333021e-01 3.694676074406670896e-01
1.655629139072847811e-01 4.495033112582781376e-01 5.943708609271523002e-01 6.266556291390728006e-01 6.328642384105960250e-01 6.378311258278145379e-01 6.427980132450331618e-01 6.432119205298013620e-01 6.452814569536423628e-01 6.461092715231787631e-01
1.147776183644189443e-02 4.734576757532281410e-02 1.169296987087517919e-01 1.786226685796269698e-01 2.030129124820659881e-01 2.230989956958393250e-01 2.309899569583931112e-01 2.417503586800573978e-01 2.568149210903873936e-01 2.625538020086083391e-01
3.684499314128943936e-01 6.866941015089162992e-01 7.544581618655692434e-01 7.596707818930040768e-01 7.607681755829903691e-01 7.629629629629629539e-01 7.632373113854595825e-01 7.643347050754457639e-01 7.668038408779149773e-01 7.679012345679012697e-01
6.685529506871463745e-01 8.528698464025868953e-01 8.746968472109943882e-01 8.787388843977365083e-01 8.803556992724332897e-01 8.819725141471301821e-01 8.819725141471301821e-01 8.819725141471301821e-01 8.835893290218269636e-01 8.835893290218269636e-01
5.000000000000000000e-01 7.105263157894736725e-01 7.326315789473684115e-01 7.368421052631578538e-01 7.399999999999999911e-01 7.431578947368421284e-01 7.442105263157894335e-01 7.452631578947368496e-01 7.484210526315789869e-01 7.505263157894737081e-01
4.151898734177215111e-01 6.784810126582278000e-01 7.075949367088607556e-01 7.113924050632911555e-01 7.139240506329114222e-01 7.139240506329114222e-01 7.151898734177215555e-01 7.164556962025316889e-01 7.189873417721518445e-01 7.240506329113923778e-01
3.930778739184178083e-01 6.773794808405438905e-01 7.181705809641533156e-01 7.218788627935722735e-01 7.255871446229913424e-01 7.280593325092706847e-01 7.305315203955500269e-01 7.317676143386897536e-01 7.330037082818293692e-01 7.330037082818293692e-01
3.928955866523143325e-01 7.136706135629709014e-01 7.621097954790096995e-01 7.685683530678149022e-01 7.750269106566199939e-01 7.782561894510225953e-01 7.793326157158234624e-01 7.793326157158234624e-01 7.793326157158234624e-01 7.793326157158234624e-01
5.332049165290771997e-01 8.240689781691432625e-01 8.786461199779856956e-01 8.834158869932122737e-01 8.847917813245276264e-01 8.872683911208952834e-01 8.887360117409649485e-01 8.898367272060172528e-01 8.908457163823151337e-01 8.912126215373326055e-01
4.029422765241241766e-01 7.194863483356189748e-01 7.997755890786685251e-01 8.076299713252711454e-01 8.101234260067323723e-01 8.113701533474628746e-01 8.127415534222665050e-01 8.136142625607779566e-01 8.143622989652162802e-01 8.151103353696546039e-01
3.018580144204104365e-01 6.353300055463116935e-01 7.518025513033832485e-01 7.739877981142539998e-01 7.792567942318358032e-01 7.821686078757625893e-01 7.842484747642817222e-01 7.857737104825290864e-01 7.864669994453687973e-01 7.867443150305046817e-01
3.419123381687724228e-01 6.286070815785368415e-01 7.225081890500701931e-01 7.384183434721571793e-01 7.418499454063328669e-01 7.434097644673217653e-01 7.449695835283106637e-01 7.459054749649041138e-01 7.463734206832007834e-01 7.468413664014974529e-01
2.955774737511931427e-01 5.833598472796690526e-01 6.985364301622652983e-01 7.198536430162265631e-01 7.227171492204900183e-01 7.252624880687241760e-01 7.260579064587973086e-01 7.271714922048997387e-01 7.292395800190900612e-01 7.305122494432071401e-01
3.338119167264896187e-02 1.791098348887293634e-01 3.876525484565685464e-01 5.821966977745872684e-01 6.618808327351041187e-01 6.905958363244795173e-01 7.013639626704953889e-01 7.078248384781048452e-01 7.103374012921751524e-01 7.106963388370423074e-01
1.104613385315139640e-02 5.523066926575698199e-02 1.247563352826510652e-01 2.222222222222222099e-01 2.794022092267706148e-01 3.209876543209876365e-01 3.430799220272904293e-01 3.541260558804418257e-01 3.586744639376218124e-01 3.619233268356075173e-01
5.323193916349809596e-02 2.125475285171102569e-01 4.281368821292775850e-01 5.851711026615969979e-01 6.418250950570342228e-01 6.532319391634980876e-01 6.551330798479086948e-01 6.570342205323194129e-01 6.585551330798479208e-01 6.604562737642585279e-01
1.159047005795234980e-02 5.344494526722472910e-02 1.294269156471345716e-01 2.260141661300708316e-01 2.588538312942691433e-01 2.923374114616870689e-01 3.129426915647134377e-01 3.213135866065679469e-01 3.283966516419832837e-01 3.309723116548615729e-01
2.656650787834371474e-01 5.789666544521803182e-01 6.885305972883840608e-01 7.072187614510809794e-01 7.123488457310369615e-01 7.174789300109930545e-01 7.182117991938439250e-01 7.215097105166727864e-01 7.229754488823745273e-01 7.248076218395016479e-01
7.261247040252565010e-02 2.730860299921073486e-01 4.514601420678768795e-01 5.690607734806629736e-01 6.258879242304656865e-01 6.598263614838200120e-01 6.827150749802683993e-01 6.898184688239936690e-01 6.937647987371744485e-01 6.985003946329912949e-01
1.562500000000000000e-02 7.572115384615384082e-02 1.838942307692307820e-01 2.836538461538461453e-01 3.401442307692307820e-01 3.846153846153846367e-01 4.146634615384615641e-01 4.387019230769230727e-01 4.543269230769230727e-01 4.615384615384615641e-01
1.629629629629629484e-02 5.629629629629629567e-02 1.185185185185185230e-01 1.688888888888888939e-01 1.925925925925925930e-01 2.029629629629629561e-01 2.148148148148148195e-01 2.251851851851851827e-01 2.355555555555555458e-01 2.414814814814814914e-01
1.988636363636363605e-02 1.013257575757575690e-01 2.746212121212120993e-01 4.412878787878787845e-01 5.227272727272727071e-01 5.587121212121212155e-01 5.785984848484848619e-01 5.909090909090909394e-01 6.003787878787878451e-01 6.041666666666666297e-01
6.271777003484320379e-02 2.282229965156794549e-01 3.963414634146341653e-01 5.200348432055749148e-01 5.844947735191637905e-01 6.184668989547038587e-01 6.419860627177700341e-01 6.506968641114982965e-01 6.541811846689895571e-01 6.576655052264808177e-01
1.155778894472361817e-01 4.120603015075376963e-01 5.364321608040201195e-01 5.929648241206030290e-01 6.055276381909547867e-01 6.105527638190955120e-01 6.168341708542713908e-01 6.193467336683416979e-01 6.206030150753768515e-01 6.218592964824120051e-01
1.367187500000000000e-01 4.075520833333333148e-01 5.130208333333333703e-01 5.481770833333333703e-01 5.546875000000000000e-01 5.651041666666666297e-01 5.729166666666666297e-01 5.729166666666666297e-01 5.742187500000000000e-01 5.781250000000000000e-01
9.599156118143459260e-02 3.417721518987341667e-01 5.506329113924051111e-01 6.645569620253164445e-01 6.972573839662447037e-01 7.120253164556962222e-01 7.246835443037974445e-01 7.289029535864979259e-01 7.299578059071729630e-01 7.320675105485232592e-01
1.326829268292682995e-01 3.804878048780487854e-01 6.146341463414634054e-01 7.112195121951219168e-01 7.502439024390243905e-01 7.609756097560975707e-01 7.678048780487805036e-01 7.746341463414634365e-01 7.756097560975609984e-01 7.765853658536585602e-01
4.428904428904428814e-02 9.324009324009324695e-02 1.445221445221445133e-01 1.958041958041958075e-01 2.074592074592074564e-01 2.167832167832167700e-01 2.191142191142191054e-01 2.261072261072261114e-01 2.261072261072261114e-01 2.261072261072261114e-01
3.928346951602765258e-02 1.888749214330609771e-01 4.123192960402262686e-01 5.917661847894406524e-01 6.649905719673161464e-01 7.011313639220615457e-01 7.177875549968573132e-01 7.231301068510370689e-01 7.259585166561910441e-01 7.275298554368321291e-01
5.110371938312670281e-02 2.222558209857877221e-01 4.154823102509827559e-01 5.654671908073782838e-01 6.344118536437859390e-01 6.764439068642273956e-01 6.997278500151193903e-01 7.081947384336256812e-01 7.157544602358633101e-01 7.224070154218324991e-01
1.350950118764845664e-01 4.189429928741092435e-01 6.042161520190023616e-01 6.846793349168646126e-01 7.072446555819477121e-01 7.197149643705462729e-01 7.229809976247031367e-01 7.256532066508313283e-01 7.298099762470309226e-01 7.330760095011876754e-01
4.178470254957507291e-02 1.915722379603399528e-01 3.873937677053824191e-01 5.290368271954674073e-01 5.786118980169971948e-01 6.023371104815864463e-01 6.097733711048158867e-01 6.140226628895184557e-01 6.168555240793200944e-01 6.186260623229461464e-01
5.463270579549649175e-02 1.923218899963086148e-01 3.787375415282391855e-01 5.182724252491693884e-01 5.618309339239572209e-01 5.802879291251383798e-01 5.891472868217054737e-01 5.921004060538944680e-01 5.935769656699889651e-01 5.943152454780361582e-01
1.936601420405335283e-01 4.075870431318205367e-01 4.798198510306599940e-01 4.905595011259310523e-01 4.943703447081240210e-01 4.967954269877013496e-01 4.988740689416247820e-01 5.006062705698943738e-01 5.021652520353369065e-01 5.032045730122985949e-01
1.896472038206747923e-01 4.124171930365120864e-01 5.244184255122477101e-01 5.595439839778154623e-01 5.660144815898936477e-01 5.703281466646125120e-01 5.715606224002465208e-01 5.724849792019719441e-01 5.746418117393313763e-01 5.755661685410567996e-01
2.748394986242739257e-01 4.935799449709569187e-01 5.672577193518801852e-01 5.779578110669519875e-01 5.804035463161112407e-01 5.822378477529807084e-01 5.825435646591256011e-01 5.839192907367777297e-01 5.852950168144298582e-01 5.866707428920819867e-01
6.009889691898059882e-02 1.922784328642069274e-01 3.012552301255230214e-01 3.689615823507036985e-01 3.993914035755040115e-01 4.151768733358691676e-01 4.206922784328642195e-01 4.235450741726892177e-01 4.254469379992392719e-01 4.263978699125142713e-01
5.825242718446602130e-02 1.470518588681032357e-01 2.074354724129765515e-01 2.481648117452048274e-01 2.765806298839687538e-01 3.085484252900781432e-01 3.336490646459862597e-01 3.466729812929197352e-01 3.499881600757754896e-01 3.530665403741415909e-01
2.525867315885574893e-01 5.410833840535606010e-01 6.393791844187461937e-01 6.576384662203286213e-01 6.634205721241631659e-01 6.676810712111990176e-01 6.692026780279975995e-01 6.704199634814363984e-01 6.713329275715155253e-01 6.731588557516737792e-01
2.101796407185628768e-01 5.251497005988023936e-01 6.473053892215568927e-01 6.703592814371257536e-01 6.775449101796406914e-01 6.802395209580838209e-01 6.811377245508981604e-01 6.814371257485030142e-01 6.829341317365269504e-01 6.832335329341316932e-01
1.596638655462184753e-01 4.240196078431372473e-01 5.493697478991597105e-01 5.819327731092437395e-01 5.941876750700280096e-01 5.987394957983193100e-01 5.997899159663865332e-01 6.029411764705882026e-01 6.039915966386554258e-01 6.050420168067226490e-01
2.037990985189954973e-01 4.903412749517063740e-01 6.072118480360592097e-01 6.316806181584030400e-01 6.397295556986477560e-01 6.448808757244043344e-01 6.461687057308435067e-01 6.471345782356728860e-01 6.484224082421120583e-01 6.490663232453316445e-01
1.433990895295902956e-01 3.588770864946889128e-01 4.836874051593323398e-01 5.178300455235205213e-01 5.269347496206373549e-01 5.341426403641881260e-01 5.367981790591805913e-01 5.390743550834597997e-01 5.405918057663126053e-01 5.409711684370257512e-01
1.582491582491582505e-01 4.511784511784511786e-01 6.161616161616161325e-01 6.801346801346801474e-01 6.868686868686868507e-01 7.138047138047137752e-01 7.239057239057239412e-01 7.239057239057239412e-01 7.239057239057239412e-01 7.272727272727272929e-01
1.244813278008298774e-01 3.485477178423236344e-01 5.352697095435684504e-01 6.431535269709544034e-01 6.680497925311202900e-01 6.763485477178423633e-01 6.887966804979253066e-01 6.970954356846472688e-01 6.970954356846472688e-01 6.970954356846472688e-01
1.288888888888888862e-01 3.466666666666666785e-01 5.111111111111110716e-01 5.955555555555555047e-01 6.177777777777777590e-01 6.266666666666667052e-01 6.355555555555555403e-01 6.400000000000000133e-01 6.400000000000000133e-01 6.400000000000000133e-01
7.936507936507936067e-02 2.275132275132275006e-01 3.386243386243386055e-01 4.550264550264550012e-01 4.814814814814814548e-01 4.973544973544973269e-01 5.079365079365079083e-01 5.132275132275132545e-01 5.185185185185184897e-01 5.238095238095238360e-01
1.168831168831168804e-01 4.415584415584415390e-01 6.461038961038960693e-01 7.175324675324675772e-01 7.694805194805194315e-01 7.759740259740259827e-01 7.857142857142856984e-01 7.987012987012986898e-01 8.019480519480519654e-01 8.019480519480519654e-01
4.644945697577276267e-01 7.607908660540239065e-01 8.331940963519910426e-01 8.421052631578946901e-01 8.443330548593706020e-01 8.460038986354775359e-01 8.476747424115844698e-01 8.485101642996379923e-01 8.490671122250069702e-01 8.507379560011139041e-01
5.797101449275362389e-02 2.103307320698624971e-01 3.883314752879970522e-01 5.351170568561872676e-01 6.243032329988851270e-01 6.614641397250092814e-01 6.830174656261612798e-01 6.952805648457822674e-01 7.041991824600519756e-01 7.160906726124117716e-01
2.352437981180496157e-02 1.325919589392643150e-01 3.122326775021385670e-01 4.863130881094953062e-01 5.650128314798973372e-01 6.163387510692900362e-01 6.360136869118905301e-01 6.514114627887083175e-01 6.625320786997433986e-01 6.685201026518391432e-01
1.768766177739430553e-02 1.156169111302847302e-01 2.924935289042278064e-01 4.292493528904227640e-01 4.935289042277825611e-01 5.483175150992234403e-01 5.785159620362381183e-01 6.048317515099222996e-01 6.246764452113890975e-01 6.320103537532355542e-01
1.498708010335917350e-02 9.043927648578811707e-02 2.062015503875969102e-01 3.209302325581395166e-01 4.005167958656331018e-01 4.439276485788113957e-01 4.770025839793281541e-01 4.981912144702842493e-01 5.157622739018087321e-01 5.245478036175710290e-01
4.701243273334570483e-01 6.568936722954166196e-01 6.905733902393764723e-01 6.942846539246613213e-01 6.951196882538503985e-01 6.959547225830394757e-01 6.965114121358322308e-01 6.970681016886249859e-01 6.976247912414177410e-01 6.978103544256819557e-01
2.686386228633773632e-01 4.775124257485756085e-01 5.358225239422960140e-01 5.457631228027639558e-01 5.479452054794520244e-01 5.493999272639107367e-01 5.503697417868832487e-01 5.507334222329979267e-01 5.510971026791126048e-01 5.518244635713419610e-01
8.045977011494252762e-02 2.002786485545106354e-01 2.751654475792406629e-01 3.033786137234413260e-01 3.134796238244514366e-01 3.188784395680947514e-01 3.209683037269244199e-01 3.221873911529083978e-01 3.230581678857540884e-01 3.239289446185997789e-01
3.225126475548061034e-02 9.907251264755480291e-02 1.549325463743676246e-01 1.920320404721753693e-01 2.069983136593591955e-01 2.141652613827993157e-01 2.160623946037099619e-01 2.171163575042158456e-01 2.177487352445194035e-01 2.190134907251264640e-01
1.212903225806451560e-02 4.800000000000000100e-02 9.161290322580645240e-02 1.326451612903225830e-01 1.483870967741935387e-01 1.535483870967741804e-01 1.545806451612903309e-01 1.566451612903225765e-01 1.571612903225806379e-01 1.576774193548386993e-01
9.358417752050168792e-02 3.555233960443801022e-01 5.752532561505064868e-01 6.548480463096960635e-01 6.710082006753497197e-01 6.775205016883742992e-01 6.792088760250843960e-01 6.801736613603472925e-01 6.813796430294259965e-01 6.821032320308730856e-01
2.282878411910670147e-02 8.635235732009925724e-02 1.563275434243176221e-01 1.781637717121588027e-01 1.856079404466501326e-01 1.895781637717121604e-01 1.900744416873449139e-01 1.930521091811414347e-01 1.935483870967741882e-01 1.940446650124069417e-01
1.667535174570088444e-02 5.627931214174049235e-02 8.702449192287649293e-02 1.026576341844710749e-01 1.120375195414278213e-01 1.177696717040125074e-01 1.188118811881188064e-01 1.203751954142782687e-01 1.214174048983845816e-01 1.229807191245440301e-01
1.587301587301587213e-02 4.608294930875576206e-02 7.885304659498207358e-02 9.626216077828980699e-02 1.044546850998463866e-01 1.100870455709165446e-01 1.116231438812083920e-01 1.121351766513056791e-01 1.136712749615975404e-01 1.141833077316948275e-01
2.087576374745417351e-02 6.059063136456211557e-02 9.470468431771894569e-02 1.191446028513238331e-01 1.313645621181262768e-01 1.384928716904277046e-01 1.395112016293278967e-01 1.410386965376781987e-01 1.425661914460285007e-01 1.435845213849287205e-01
9.735413839891451926e-02 3.300542740841248546e-01 4.331750339213025769e-01 4.484396200814111388e-01 4.542062415196743697e-01 4.575983717774762538e-01 4.613297150610583541e-01 4.623473541383988916e-01 4.643826322930800776e-01 4.660786974219809919e-01
9.610907881609577486e-02 3.029597605586963893e-01 3.937479215164615964e-01 4.120385766544729100e-01 4.173594945128034639e-01 4.213501829065514070e-01 4.233455271034253231e-01 4.250083139341536143e-01 4.266711007648819609e-01 4.273362154971732663e-01
7.950150408250966638e-02 2.101418134937688142e-01 3.021057155135367656e-01 3.296089385474860189e-01 3.364847443059733600e-01 3.425010743446497696e-01 3.523850451224753155e-01 3.541039965620971230e-01 3.571121615814353278e-01 3.596905887408680669e-01
1.735928458705944186e-02 4.681746449237243757e-02 8.416622830089426355e-02 1.183587585481325616e-01 1.320357706470278725e-01 1.372961599158337709e-01 1.420305102577590628e-01 1.430825881115202480e-01 1.462388216728037760e-01 1.488690163072067252e-01
7.397865292602134879e-02 2.112624217887375810e-01 2.863452337136547787e-01 3.113728376886271687e-01 3.191019506808980277e-01 3.246227456753772445e-01 3.268310636731689423e-01 3.286713286713286442e-01 3.316157526683842227e-01 3.334560176665439801e-01
3.929471032745591730e-01 6.272040302267002376e-01 6.784214945424013044e-01 6.876574307304785805e-01 6.935348446683459178e-01 7.027707808564231939e-01 7.052896725440805925e-01 7.086481947942905313e-01 7.103274559193955007e-01 7.153652392947102978e-01
2.144873000940733798e-01 4.797742238946378079e-01 5.860771401693321003e-01 6.133584195672624473e-01 6.237064910630291115e-01 6.302916274694261300e-01 6.340545625587958867e-01 6.368767638758231486e-01 6.425211665098776725e-01 6.472248353715898128e-01
2.950971322849213485e-01 5.707678075855688871e-01 6.438482886216466694e-01 6.577243293246993749e-01 6.688251618871415838e-01 6.799259944495836816e-01 6.873265494912118578e-01 6.938020351526364982e-01 6.965772432932469949e-01 6.984273820536540667e-01
1.705069124423963245e-01 4.135944700460829626e-01 5.253456221198156140e-01 5.541474654377880338e-01 5.645161290322581182e-01 5.714285714285713969e-01 5.817972350230414813e-01 5.864055299539170374e-01 5.898617511520737322e-01 5.967741935483871218e-01
3.211991434689507458e-02 8.565310492505352757e-02 1.177730192719486091e-01 1.391862955032119875e-01 1.520342612419700312e-01 1.541755888650963580e-01 1.605995717344753659e-01 1.605995717344753659e-01 1.670235546038544017e-01 1.713062098501070551e-01
1.633237822349570267e-01 4.040114613180516012e-01 5.157593123209168740e-01 5.702005730659025495e-01 5.959885386819484543e-01 6.446991404011461757e-01 6.647564469914040153e-01 6.704871060171919694e-01 6.790830945558739007e-01 6.876790830945558319e-01
5.747126436781609116e-03 2.298850574712643646e-02 4.597701149425287293e-02 6.321839080459770721e-02 9.195402298850574585e-02 9.770114942528736190e-02 9.770114942528736190e-02 1.034482758620689641e-01 1.091954022988505801e-01 1.091954022988505801e-01
0.000000000000000000e+00 1.290322580645161289e-02 2.580645161290322578e-02 3.870967741935484041e-02 4.516129032258064252e-02 4.516129032258064252e-02 4.516129032258064252e-02 4.516129032258064252e-02 4.516129032258064252e-02 6.451612903225806273e-02
8.064516129032257841e-03 2.419354838709677352e-02 4.032258064516128920e-02 4.032258064516128920e-02 4.032258064516128920e-02 4.838709677419354704e-02 4.838709677419354704e-02 4.838709677419354704e-02 4.838709677419354704e-02 4.838709677419354704e-02
0.000000000000000000e+00 0.000000000000000000e+00 0.000000000000000000e+00 0.000000000000000000e+00 0.000000000000000000e+00 0.000000000000000000e+00 0.000000000000000000e+00 0.000000000000000000e+00 0.000000000000000000e+00 0.000000000000000000e+00
3.687974966472954974e-01 6.177916852928028169e-01 7.022798390701833204e-01 7.201609298167188644e-01 7.237371479660259510e-01 7.273133661153330376e-01 7.286544479213231673e-01 7.299955297273134081e-01 7.317836388019669513e-01 7.322306660706302539e-01
1.366863905325443884e-01 2.982248520710059081e-01 4.029585798816567865e-01 4.526627218934911046e-01 4.650887573964497257e-01 4.786982248520710304e-01 4.875739644970414344e-01 4.917159763313609377e-01 4.934911242603550185e-01 4.934911242603550185e-01
6.864274570982839552e-02 1.911076443057722341e-01 2.574102964118564763e-01 2.940717628705148412e-01 3.166926677067082863e-01 3.307332293291731506e-01 3.338533541341653921e-01 3.439937597503900379e-01 3.510140405616224424e-01 3.533541341653665957e-01
2.598566308243727488e-02 6.541218637992832208e-02 1.021505376344086086e-01 1.344086021505376261e-01 1.594982078853046659e-01 1.702508960573476671e-01 1.756272401433691677e-01 1.810035842293906683e-01 1.827956989247311870e-01 1.845878136200716779e-01
4.102564102564102561e-03 1.128205128205128291e-02 2.153846153846153758e-02 2.974358974358974270e-02 4.000000000000000083e-02 4.410256410256409992e-02 5.230769230769230504e-02 5.641025641025641107e-02 6.153846153846154188e-02 6.358974358974359142e-02
3.165354330708661235e-01 6.641169853768279507e-01 7.586051743532058467e-01 7.655793025871766577e-01 7.685039370078740051e-01 7.703037120359954582e-01 7.709786276715410169e-01 7.723284589426321345e-01 7.736782902137232520e-01 7.745781777277840341e-01
1.477339611536197805e-01 4.496762801648028218e-01 6.062389640965273330e-01 6.477339611536198083e-01 6.547969393761036150e-01 6.603884638022365916e-01 6.618599175985874217e-01 6.650971159505592034e-01 6.662742789876398009e-01 6.671571512654502767e-01
7.906413876563130050e-02 2.533279548204921405e-01 3.731343283582089776e-01 4.364663170633319988e-01 4.497781363453005055e-01 4.538120209762001034e-01 4.566357402178297664e-01 4.594594594594594850e-01 4.618797902379991882e-01 4.618797902379991882e-01
1.966067864271457133e-01 5.239520958083832003e-01 6.656686626746507462e-01 6.931137724550898715e-01 6.978542914171657063e-01 7.015968063872255467e-01 7.035928143712575356e-01 7.045908183632734190e-01 7.068363273453094342e-01 7.080838323353293440e-01
1.068645640074211561e-01 3.168831168831168776e-01 4.656771799628942610e-01 5.165120593692021922e-01 5.250463821892393801e-01 5.283858998144712604e-01 5.328385899814471749e-01 5.335807050092764570e-01 5.346938775510203801e-01 5.358070500927644142e-01
1.950920245398773123e-01 5.153374233128834581e-01 7.067484662576687393e-01 7.766871165644171349e-01 7.877300613496932558e-01 7.877300613496932558e-01 7.889570552147239235e-01 7.901840490797545913e-01 7.914110429447852590e-01 7.926380368098159268e-01
8.563535911602210282e-02 3.204419889502762575e-01 5.041436464088397962e-01 6.298342541436463549e-01 6.919889502762430755e-01 7.306629834254143585e-01 7.320441988950275869e-01 7.348066298342541547e-01 7.361878453038673831e-01 7.375690607734806115e-01
3.922542204568023605e-01 7.318768619662363584e-01 8.470705064548162966e-01 8.659384309831181792e-01 8.699106256206554644e-01 8.718967229394239959e-01 8.728897715988083172e-01 8.728897715988083172e-01 8.738828202581926385e-01 8.748758689175769598e-01
1.535150645624103194e-01 4.103299856527977130e-01 5.595408895265423510e-01 6.226685796269727513e-01 6.685796269727403152e-01 7.015781922525107239e-01 7.073170731707316694e-01 7.116212338593974618e-01 7.159253945480631431e-01 7.259684361549497700e-01
1.010558069381598811e-01 2.730015082956259165e-01 4.087481146304675628e-01 5.052790346907993779e-01 5.822021116138763608e-01 6.455505279034691180e-01 6.636500754147812708e-01 6.726998491704374583e-01 6.772247360482654965e-01 6.772247360482654965e-01
1.687635574837310082e-01 4.134490238611713830e-01 5.327548806941431181e-01 5.579175704989154383e-01 5.661605206073753171e-01 5.726681127982646835e-01 5.748373101952277686e-01 5.774403470715835374e-01 5.800433839479393061e-01 5.830802603036876475e-01
9.222737819025522699e-02 2.389791183294663612e-01 3.300464037122969874e-01 4.019721577726217965e-01 4.199535962877030126e-01 4.263341067285382757e-01 4.303944315545243371e-01 4.327146171693735388e-01 4.350348027842227405e-01 4.385150812064965153e-01
8.149171270718232052e-02 2.813075506445671947e-01 4.516574585635358963e-01 5.179558011049724131e-01 5.290055248618784622e-01 5.345303867403314868e-01 5.395948434622467316e-01 5.405156537753222912e-01 5.432780847145487479e-01 5.478821362799263239e-01
2.576950608446671592e-02 9.663564781675017257e-02 1.639226914817465963e-01 2.061560486757337274e-01 2.197566213314244843e-01 2.290622763063707990e-01 2.333571939871152412e-01 2.397995705082319184e-01 2.419470293486041534e-01 2.433786685755189583e-01
7.462686567164178962e-03 1.990049751243781057e-02 3.399668325041459160e-02 5.887230514096186001e-02 6.965174129353234045e-02 8.291873963515754287e-02 8.789386401326700071e-02 9.121061359867330132e-02 9.286898839137644468e-02 9.535655058043117360e-02
2.066340402392604844e-02 8.646003262642740217e-02 1.843393148450244712e-01 2.860250135943447347e-01 3.632408917890157518e-01 4.214246873300707130e-01 4.453507340946166182e-01 4.545948885263730310e-01 4.594888526373028803e-01 4.622077215878194756e-01
1.014198782961460432e-02 4.462474645030425902e-02 8.992562542258282499e-02 1.467207572684246231e-01 1.771467207572684222e-01 1.940500338066261099e-01 2.096010818120351560e-01 2.244759972954699090e-01 2.373225152129817550e-01 2.400270453008789828e-01
1.407432897453544385e-01 4.425326909841706957e-01 6.417756366139022450e-01 7.109428768066070603e-01 7.236751548520302668e-01 7.267721954576737975e-01 7.284927735719202158e-01 7.312456985547143296e-01 7.322780454232622471e-01 7.333103922918100537e-01
5.061289047054171736e-02 1.921708185053380702e-01 3.843416370106761404e-01 5.436931593515222927e-01 6.014234875444839368e-01 6.144721233689205420e-01 6.192170818505338126e-01 6.239620403321470832e-01 6.259391063661525756e-01 6.267299327797548614e-01
2.883922134102379076e-03 1.514059120403749015e-02 6.056236481614996059e-02 9.877433309300648334e-02 1.268925739005046793e-01 1.586157173756308492e-01 1.723143475126171498e-01 1.751982696467195288e-01 1.780821917808219079e-01 1.802451333813986922e-01
3.112532931878058129e-01 6.420775310500564936e-01 7.602559277380503966e-01 7.929996236356793293e-01 8.027850959729018188e-01 8.076778321415130080e-01 8.110651110274745834e-01 8.140760255927738109e-01 8.170869401580730385e-01 8.185923974407226522e-01
2.053017484489565725e-01 4.517766497461929154e-01 5.758601240834743118e-01 6.328257191201354104e-01 6.548223350253806752e-01 6.644106034968979557e-01 6.694867456288775553e-01 6.768189509306260510e-01 6.813310772701635099e-01 6.852791878172588280e-01
2.922240802675585281e-01 5.940635451505016373e-01 7.207357859531772215e-01 7.663043478260869179e-01 7.796822742474915913e-01 7.880434782608695121e-01 7.892976588628762835e-01 7.930602006688963757e-01 7.959866220735786202e-01 7.989130434782608647e-01
2.603266090297790547e-01 5.533141210374640240e-01 6.839577329490874602e-01 7.228626320845340514e-01 7.391930835734870087e-01 7.478386167146974239e-01 7.507204610951008217e-01 7.545629202689720927e-01 7.569644572526417203e-01 7.584053794428434747e-01
2.204635387224420651e-01 4.573205200678349125e-01 5.754663651780667077e-01 6.218202374222724371e-01 6.416054267947993717e-01 6.534765404183153770e-01 6.630864895421142435e-01 6.653476540418314933e-01 6.698699830412662148e-01 6.732617297908423115e-01
3.537859007832898084e-01 6.109660574412533185e-01 6.892950391644908636e-01 7.114882506527414607e-01 7.206266318537859483e-01 7.232375979112271036e-01 7.258485639686683699e-01 7.297650130548303249e-01 7.310704960835509025e-01 7.310704960835509025e-01
2.081686429512516479e-01 4.729907773386034520e-01 6.231884057971014412e-01 6.732542819499340858e-01 6.930171277997364543e-01 7.022397891963109151e-01 7.127799736495388228e-01 7.167325428194993853e-01 7.193675889328062789e-01 7.206851119894598368e-01
1.418918918918918859e-01 3.648648648648648574e-01 4.966216216216216006e-01 5.422297297297297147e-01 5.793918918918918859e-01 5.895270270270269730e-01 5.962837837837837718e-01 5.996621621621621712e-01 6.047297297297297147e-01 6.047297297297297147e-01
1.915285451197053512e-01 4.033149171270718480e-01 4.953959484346224795e-01 5.395948434622467316e-01 5.580110497237569245e-01 5.616942909760589409e-01 5.690607734806629736e-01 5.745856353591159982e-01 5.764272559852670064e-01 5.782688766114180146e-01
8.008658008658008087e-02 1.969696969696969613e-01 2.965367965367965430e-01 3.593073593073592975e-01 3.787878787878787845e-01 3.939393939393939226e-01 3.961038961038961248e-01 4.025974025974026205e-01 4.025974025974026205e-01 4.047619047619047672e-01
1.323283082077051920e-01 3.729759910664433020e-01 5.544388609715242833e-01 6.303740926856504778e-01 6.560580681183696417e-01 6.633165829145728498e-01 6.683417085427135751e-01 6.705750977107760580e-01 6.722501395868230034e-01 6.733668341708543004e-01
9.515340151178301731e-02 3.903957314361938824e-01 6.220542463317030313e-01 7.185415740329035295e-01 7.558915073365940485e-01 7.634504224099599723e-01 7.674522009782125398e-01 7.696754112939083736e-01 7.714539795464651073e-01 7.718986216096043185e-01
1.468946266573621651e-01 4.989532449406838821e-01 7.459874389392882055e-01 8.293789253314723942e-01 8.415910676901604548e-01 8.440334961618981557e-01 8.457780879274250374e-01 8.485694347522679815e-01 8.513607815771109255e-01 8.548499651081646888e-01
7.879564381806533624e-02 2.459961563100576676e-01 4.067905188981422171e-01 5.227418321588724881e-01 5.573350416399743823e-01 5.701473414477898904e-01 5.733504163997437120e-01 5.759128763613068358e-01 5.810377962844330835e-01 5.836002562459962073e-01
6.641366223908918426e-03 2.941176470588235253e-02 7.495256166982922075e-02 1.461100569259962123e-01 1.916508538899430736e-01 2.239089184060721049e-01 2.637571157495255947e-01 2.789373814041745669e-01 2.912713472485768396e-01 2.969639468690701833e-01
4.141370338248048788e-01 7.198612315698178499e-01 7.866435385949696046e-01 7.948829141370338247e-01 8.013876843018213902e-01 8.031222896790980448e-01 8.044232437120555357e-01 8.057241977450130266e-01 8.061578490893321902e-01 8.065915004336513539e-01
1.505728314238952426e-01 3.780687397708674125e-01 5.327332242225859549e-01 5.818330605564647762e-01 5.973813420621931769e-01 6.006546644844517058e-01 6.022913256955809702e-01 6.047463175122749224e-01 6.072013093289688745e-01 6.080196399345335623e-01
0.000000000000000000e+00 3.478260869565217520e-03 1.565217391304347949e-02 2.782608695652174016e-02 2.956521739130434784e-02 3.304347826086956319e-02 3.652173913043478548e-02 4.000000000000000083e-02 4.173913043478261198e-02 4.521739130434782733e-02
5.269186712485681573e-02 1.317296678121420428e-01 2.336769759450171846e-01 2.760595647193585522e-01 2.943871706758304785e-01 3.058419243986254532e-01 3.115693012600229128e-01 3.172966781214203724e-01 3.207331042382589037e-01 3.207331042382589037e-01
1.085645355850422232e-02 1.930036188178528220e-02 3.136308805790108400e-02 3.739445114595899011e-02 4.583835946924004479e-02 5.186972255729795089e-02 5.428226779252110640e-02 5.428226779252110640e-02 5.790108564535585006e-02 5.790108564535585006e-02
1.794158553546592594e-01 4.995363931386184730e-01 6.917014371812703066e-01 7.730644413537320903e-01 7.916087158089939457e-01 7.997218358831710283e-01 8.027352804821511478e-01 8.043579044969865199e-01 8.057487250811311563e-01 8.064441353732034745e-01
3.874184886843114878e-02 1.706942846183352458e-01 3.268124280782508384e-01 4.522439585730724798e-01 5.143843498273877879e-01 5.473724587648638451e-01 5.619485999232834983e-01 5.669351745301112189e-01 5.711545838128117003e-01 5.742232451093211010e-01
1.351582549187339555e-01 3.977758768177929727e-01 5.862560593099515049e-01 6.641003706871970724e-01 6.926147704590818188e-01 7.074422583404619269e-01 7.128599942971199921e-01 7.148560022811519810e-01 7.162817222697461794e-01 7.182777302537781683e-01
3.015521064301552104e-02 1.272727272727272596e-01 2.399113082039911193e-01 3.427937915742793606e-01 4.035476718403547824e-01 4.407982261640798205e-01 4.665188470066518600e-01 4.767184035476718651e-01 4.847006651884700479e-01 4.895787139689578571e-01
7.874015748031495954e-03 2.665051483949121627e-02 6.117504542701392850e-02 8.782556026650514824e-02 1.066020593579648651e-01 1.302241066020593530e-01 1.471835251362810515e-01 1.580860084797092724e-01 1.653543307086614289e-01 1.720169594185342321e-01
2.348178137651821817e-01 4.817813765182186181e-01 6.072874493927125084e-01 6.396761133603239280e-01 6.558704453441295268e-01 6.659919028340081093e-01 6.740890688259109087e-01 6.761133603238866918e-01 6.801619433198380360e-01 6.842105263157894912e-01
8.228980322003577597e-02 2.737030411449016265e-01 4.543828264758497104e-01 5.366726296958854725e-01 5.652951699463327762e-01 5.867620751341681151e-01 6.028622540250446749e-01 6.100178890876565285e-01 6.153846153846154188e-01 6.207513416815741980e-01
1.347708894878706272e-02 8.086253369272236591e-02 1.401617250673854453e-01 2.291105121293800506e-01 2.938005390835579655e-01 3.315363881401617308e-01 3.611859838274932843e-01 3.692722371967654960e-01 3.854447439353099747e-01 4.043126684636118573e-01
8.242950108459870528e-02 2.386117136659436089e-01 3.579175704989154272e-01 4.273318872017353720e-01 4.511930585683296968e-01 4.750542299349240771e-01 4.815618221258134435e-01 4.837310195227765841e-01 4.902386117136659505e-01 4.945770065075921762e-01
1.445783132530120522e-02 7.469879518072289337e-02 1.445783132530120418e-01 2.385542168674698871e-01 2.867469879518072529e-01 3.277108433734939874e-01 3.614457831325301185e-01 3.759036144578313254e-01 3.879518072289156461e-01 3.927710843373494187e-01
